,,,,,Totals,Totals,Totals,Totals,Totals,Totals,Totals,Totals,Totals,Totals,Totals,Totals,Totals,Totals,Totals,Totals,Shooting,Shooting,Shooting,Per Game,Per Game,Per Game,Per Game,Per Game,Per Game,-additional
Rk,Player,Debut,Age,Yrs,G,MP,FG,FGA,3P,3PA,FT,FTA,ORB,TRB,AST,STL,BLK,TOV,PF,PTS,FG%,3P%,FT%,MP,PTS,TRB,AST,STL,BLK,-9999
1,Jeff Adrien,Oct 27 '10 GSW vs. HOU,24,5,153,2148,264,557,0,2,181,288,221,659,100,50,79,91,259,709,.474,.000,.628,14.0,4.6,4.3,0.7,0.3,0.5,adrieje01
2,Solomon Alabi,Nov 13 '10 TOR @ MIA,22,2,26,181,16,51,0,0,7,10,22,61,5,4,11,8,16,39,.314,,.700,7.0,1.5,2.3,0.2,0.2,0.4,alabiso01
3,Cole Aldrich,Oct 31 '10 OKC vs. UTA,22,8,339,3389,435,825,0,0,180,244,334,1131,183,137,233,199,509,1050,.527,,.738,10.0,3.1,3.3,0.5,0.4,0.7,aldrico01
4,Al-Farouq Aminu,Oct 27 '10 LAC vs. POR,20,11,711,17698,1948,4641,543,1634,911,1221,982,4280,879,678,397,863,1302,5350,.420,.332,.746,24.9,7.5,6.0,1.2,1.0,0.6,aminual01
5,James Anderson,Oct 27 '10 SAS vs. IND,21,5,247,4320,525,1276,196,611,176,233,108,560,291,121,55,216,292,1422,.411,.321,.755,17.5,5.8,2.3,1.2,0.5,0.2,anderja01
6,Ömer Aşık,Oct 27 '10 CHI @ OKC,24,8,471,9216,947,1795,0,1,585,1062,1036,3362,280,167,339,542,928,2479,.528,.000,.551,19.6,5.3,7.1,0.6,0.4,0.7,asikom01
7,Luke Babbitt,Nov 1 '10 POR @ CHI,21,8,381,5332,650,1593,394,979,124,166,111,846,224,89,58,165,520,1818,.408,.402,.747,14.0,4.8,2.2,0.6,0.2,0.2,babbilu01
8,Eric Bledsoe,Oct 27 '10 LAC vs. POR,21,12,756,21021,3689,8169,854,2545,2116,2698,570,2937,3545,1028,344,1888,1493,10348,.452,.336,.784,27.8,13.7,3.9,4.7,1.4,0.5,bledser01
9,Trevor Booker,Oct 28 '10 WAS @ ORL,23,8,532,10872,1548,3003,75,246,508,799,1029,2932,566,355,277,540,1063,3679,.515,.305,.636,20.4,6.9,5.5,1.1,0.7,0.5,booketr01
10,Craig Brackins,Nov 24 '10 PHI @ TOR,23,2,17,121,13,49,3,14,1,2,7,19,9,1,1,4,9,30,.265,.214,.500,7.1,1.8,1.1,0.5,0.1,0.1,brackcr01
11,Avery Bradley,Nov 22 '10 BOS @ ATL,20,12,660,18151,2914,6715,859,2353,592,756,397,1863,1105,655,128,868,1427,7279,.434,.365,.783,27.5,11.0,2.8,1.7,1.0,0.2,bradlav01
12,Derrick Caracter,Oct 26 '10 LAL vs. HOU,22,1,41,215,32,66,0,0,17,23,19,43,7,4,10,19,47,81,.485,,.739,5.2,2.0,1.0,0.2,0.1,0.2,caracde01
13,Sherron Collins,Nov 3 '10 CHA @ NJN,23,1,20,66,7,25,2,10,1,1,0,5,8,2,0,4,2,17,.280,.200,1.000,3.3,0.9,0.3,0.4,0.1,0.0,collish01
14,Marcus Cousin,Mar 9 '11 UTA @ TOR,24,1,4,18,2,3,0,0,0,0,0,3,0,0,1,1,1,4,.667,,,4.5,1.0,0.8,0.0,0.0,0.3,cousima01
15,DeMarcus Cousins,Oct 27 '10 SAC @ MIN,20,11,654,19509,4562,9924,426,1288,3252,4411,1692,6664,1979,874,742,2149,2421,12802,.460,.331,.737,29.8,19.6,10.2,3.0,1.3,1.1,couside01
16,Jordan Crawford,Oct 27 '10 ATL @ MEM,22,6,281,6843,1286,3130,330,1041,530,642,153,703,883,196,23,529,437,3432,.411,.317,.826,24.4,12.2,2.5,3.1,0.7,0.1,crawfjo02
17,Ed Davis,Dec 1 '10 TOR vs. WAS,21,12,722,13756,1773,3128,0,4,745,1277,1590,4616,539,349,566,532,1749,4291,.567,.000,.583,19.1,5.9,6.4,0.7,0.5,0.8,davised01
18,Zabian Dowdell,Jan 11 '11 PHO @ DEN,26,1,24,292,51,125,3,10,16,17,5,20,51,20,2,29,30,121,.408,.300,.941,12.2,5.0,0.8,2.1,0.8,0.1,dowdeza01
19,Devin Ebanks,Oct 31 '10 LAL vs. GSW,21,3,63,711,82,213,8,36,52,72,51,122,24,18,12,35,56,224,.385,.222,.722,11.3,3.6,1.9,0.4,0.3,0.2,ebankde01
20,Semih Erden,Nov 2 '10 BOS @ DET,24,2,69,928,101,185,0,0,60,101,57,190,29,25,29,50,164,262,.546,,.594,13.4,3.8,2.8,0.4,0.4,0.4,erdense01
21,Jeremy Evans,Oct 27 '10 UTA @ DEN,23,7,250,2626,364,640,6,26,145,211,239,641,107,90,121,85,291,879,.569,.231,.687,10.5,3.5,2.6,0.4,0.4,0.5,evansje01
22,Patrick Ewing,Mar 30 '11 NOH vs. POR,26,1,7,19,0,5,0,2,3,4,1,2,2,0,1,1,1,3,.000,.000,.750,2.7,0.4,0.3,0.3,0.0,0.1,ewingpa02
23,Christian Eyenga,Jan 2 '11 CLE vs. DAL,21,2,51,1049,136,331,26,94,22,36,31,137,40,37,33,50,85,320,.411,.277,.611,20.6,6.3,2.7,0.8,0.7,0.6,eyengch01
24,Derrick Favors,Oct 27 '10 NJN vs. DET,19,12,790,19202,3420,6407,38,192,1476,2225,1933,5608,851,577,939,995,1976,8354,.534,.198,.663,24.3,10.6,7.1,1.1,0.7,1.2,favorde01
25,Landry Fields,Oct 27 '10 NYK @ TOR,22,5,255,6010,684,1446,120,361,243,365,248,1092,419,212,45,270,310,1731,.473,.332,.666,23.6,6.8,4.3,1.6,0.8,0.2,fieldla01
26,Gary Forbes,Oct 27 '10 DEN vs. UTA,25,2,111,1504,236,544,48,141,125,178,55,218,103,47,10,100,133,645,.434,.340,.702,13.5,5.8,2.0,0.9,0.4,0.1,forbega01
27,Paul George,Oct 27 '10 IND @ SAS,20,14,848,28539,6001,13684,2190,5726,3386,3977,718,5370,3124,1437,365,2276,2271,17578,.439,.382,.851,33.7,20.7,6.3,3.7,1.7,0.4,georgpa01
28,Blake Griffin,Oct 27 '10 LAC vs. POR,21,13,765,24384,5419,10988,538,1639,3137,4508,1487,6109,3055,627,359,1732,2058,14513,.493,.328,.696,31.9,19.0,8.0,4.0,0.8,0.5,griffbl01
29,Luke Harangody,Nov 2 '10 BOS @ DET,23,2,70,871,102,271,21,87,28,38,60,196,36,21,20,20,97,253,.376,.241,.737,12.4,3.6,2.8,0.5,0.3,0.3,haranlu01
30,Manny Harris,Oct 29 '10 CLE @ TOR,21,4,93,1594,199,524,53,150,124,168,57,253,129,48,14,101,104,575,.380,.353,.738,17.1,6.2,2.7,1.4,0.5,0.2,harrima01
31,Gordon Hayward,Oct 27 '10 UTA @ DEN,20,14,816,25309,4384,9647,1096,2974,2702,3281,622,3657,2905,796,320,1583,1403,12566,.454,.369,.824,31.0,15.4,4.5,3.6,1.0,0.4,haywago01
32,Lazar Hayward,Oct 29 '10 MIN vs. MIL,24,3,72,591,70,202,21,78,46,60,25,90,35,17,8,28,65,207,.347,.269,.767,8.2,2.9,1.3,0.5,0.2,0.1,haywala01
33,Xavier Henry,Oct 27 '10 MEM vs. ATL,19,5,185,2905,368,907,41,126,273,430,81,351,120,100,23,139,264,1050,.406,.325,.635,15.7,5.7,1.9,0.6,0.5,0.1,henryxa01
34,Damion James,Oct 27 '10 NJN vs. DET,23,4,39,623,61,147,0,6,28,42,25,131,26,23,20,38,56,150,.415,.000,.667,16.0,3.8,3.4,0.7,0.6,0.5,jamesda01
35,Eugene Jeter,Oct 27 '10 SAC @ MIN,27,1,62,858,106,259,6,30,37,41,9,70,162,29,2,51,54,255,.409,.200,.902,13.8,4.1,1.1,2.6,0.5,0.0,jetereu01
36,Armon Johnson,Oct 26 '10 POR vs. PHO,21,2,47,401,66,144,6,15,19,28,12,49,56,10,1,44,40,157,.458,.400,.679,8.5,3.3,1.0,1.2,0.2,0.0,johnsar02
37,Chris Johnson,Feb 1 '11 POR vs. SAS,25,3,71,597,77,137,0,0,51,73,47,132,13,16,46,38,103,205,.562,,.699,8.4,2.9,1.9,0.2,0.2,0.6,johnsch03
38,Wesley Johnson,Oct 27 '10 MIN vs. SAC,23,9,609,13472,1629,4028,614,1823,363,490,337,1924,645,468,402,525,1168,4235,.404,.337,.741,22.1,7.0,3.2,1.1,0.8,0.7,johnswe01
39,Dominique Jones,Oct 27 '10 DAL vs. CHA,22,3,80,741,83,227,2,21,78,107,33,114,144,29,10,76,64,246,.366,.095,.729,9.3,3.1,1.4,1.8,0.4,0.1,jonesdo02
40,Gani Lawal,Dec 31 '10 PHO vs. DET,22,1,1,2,0,0,0,0,0,0,0,0,0,0,0,0,1,0,,,,2.0,0.0,0.0,0.0,0.0,0.0,lawalga01
41,Jeremy Lin,Oct 29 '10 GSW vs. LAC,22,9,480,12218,1885,4349,449,1313,1348,1666,197,1338,2042,519,175,1085,1060,5567,.433,.342,.809,25.5,11.6,2.8,4.3,1.1,0.4,linje01
42,Greg Monroe,Oct 30 '10 DET @ CHI,20,10,646,17670,3371,6556,1,17,1659,2361,1799,5293,1376,680,373,1198,1435,8402,.514,.059,.703,27.4,13.0,8.2,2.1,1.1,0.6,monrogr01
43,Timofey Mozgov,Oct 27 '10 NYK @ TOR,24,8,454,8181,1230,2301,11,58,601,814,769,2225,250,139,383,527,998,3072,.535,.190,.738,18.0,6.8,4.9,0.6,0.3,0.8,mozgoti01
44,Hamady N'Diaye,Oct 28 '10 WAS @ ORL,24,3,33,157,7,15,0,0,6,13,7,25,3,2,9,6,33,20,.467,,.462,4.8,0.6,0.8,0.1,0.1,0.3,ndiayha01
45,Gary Neal,Oct 27 '10 SAS vs. IND,26,7,352,7507,1275,3021,460,1203,460,541,81,760,573,145,10,365,525,3470,.422,.382,.850,21.3,9.9,2.2,1.6,0.4,0.0,nealga01
46,Larry Owens,Jan 16 '11 SAS vs. DEN,28,2,19,218,19,43,8,18,7,13,3,28,12,9,6,7,28,53,.442,.444,.538,11.5,2.8,1.5,0.6,0.5,0.3,owensla01
47,Patrick Patterson,Dec 15 '10 HOU @ OKC,21,11,719,14923,1871,4185,630,1709,410,543,822,2799,736,368,296,450,1116,4782,.447,.369,.755,20.8,6.7,3.9,1.0,0.5,0.4,pattepa01
48,Nikola Peković,Oct 27 '10 MIN vs. SAC,25,6,271,6744,1314,2537,0,0,777,1023,803,1807,199,140,151,414,632,3405,.518,,.760,24.9,12.6,6.7,0.7,0.5,0.6,pekovni01
49,Dexter Pittman,Apr 1 '11 MIA @ MIN,22,4,50,347,49,109,0,0,18,33,38,89,9,8,8,22,83,116,.450,,.545,6.9,2.3,1.8,0.2,0.2,0.2,pittmde01
50,Quincy Pondexter,Nov 6 '10 NOH @ MIL,22,7,355,5530,571,1351,211,593,256,343,200,640,263,122,49,178,464,1609,.423,.356,.746,15.6,4.5,1.8,0.7,0.3,0.1,pondequ01
51,Andy Rautins,Nov 9 '10 NYK @ MIL,24,1,5,24,3,7,1,4,1,2,0,1,3,1,0,7,0,8,.429,.250,.500,4.8,1.6,0.2,0.6,0.2,0.0,rautian01
52,Samardo Samuels,Oct 29 '10 CLE @ TOR,22,3,109,1722,237,532,0,4,164,251,148,366,45,38,41,115,231,638,.445,.000,.653,15.8,5.9,3.4,0.4,0.3,0.4,samuesa01
53,Larry Sanders,Oct 27 '10 MIL @ NOH,22,6,238,4635,669,1395,0,5,182,329,475,1345,174,152,429,224,666,1520,.480,.000,.553,19.5,6.4,5.7,0.7,0.6,1.8,sandela01
54,Kevin Séraphin,Nov 16 '10 WAS vs. TOR,21,7,423,6430,1134,2318,0,7,248,347,502,1462,246,88,304,449,903,2516,.489,.000,.715,15.2,5.9,3.5,0.6,0.2,0.7,serapke01
55,Mustafa Shakur,Jan 22 '11 WAS vs. BOS,26,2,25,170,21,62,1,11,9,17,7,22,29,5,3,20,17,52,.339,.091,.529,6.8,2.1,0.9,1.2,0.2,0.1,shakumu01
56,Garret Siler,Nov 3 '10 PHO vs. SAS,24,1,21,101,17,31,0,0,11,22,16,28,3,1,4,10,20,45,.548,,.500,4.8,2.1,1.3,0.1,0.0,0.2,silerga01
57,Ish Smith,Oct 26 '10 HOU @ LAL,22,14,805,15494,2452,5714,307,945,501,741,279,1920,3044,543,197,988,1031,5712,.429,.325,.676,19.2,7.1,2.4,3.8,0.7,0.2,smithis01
58,Tiago Splitter,Nov 1 '10 SAS @ LAC,26,7,355,6812,1073,1932,2,14,668,958,576,1779,423,198,209,384,685,2816,.555,.143,.697,19.2,7.9,5.0,1.2,0.6,0.6,splitti01
59,Lance Stephenson,Feb 27 '11 IND vs. PHO,20,10,554,12680,1885,4240,373,1189,595,857,344,2251,1621,357,76,908,1086,4738,.445,.314,.694,22.9,8.6,4.1,2.9,0.6,0.1,stephla01
60,Pape Sy,Apr 8 '11 ATL @ IND,22,1,3,21,2,6,0,1,3,3,2,3,2,1,0,3,1,7,.333,.000,1.000,7.0,2.3,1.0,0.7,0.3,0.0,sypa01
61,Evan Turner,Oct 27 '10 PHI vs. MIA,22,10,705,18938,2748,6331,270,917,1058,1353,388,3278,2462,532,184,1267,1380,6824,.434,.294,.782,26.9,9.7,4.6,3.5,0.8,0.3,turneev01
62,Ekpe Udoh,Dec 10 '10 GSW vs. MIA,23,7,384,5694,519,1145,0,4,315,439,456,1100,260,177,429,222,714,1353,.453,.000,.718,14.8,3.5,2.9,0.7,0.5,1.1,udohek01
63,Ben Uzoh,Nov 15 '10 NJN @ LAC,22,2,60,808,96,243,3,9,44,75,49,128,130,30,11,44,60,239,.395,.333,.587,13.5,4.0,2.1,2.2,0.5,0.2,uzohbe01
64,Greivis Vásquez,Oct 30 '10 MEM vs. MIN,24,7,401,9520,1378,3297,412,1180,423,518,125,1021,1935,236,34,753,767,3591,.418,.349,.817,23.7,9.0,2.5,4.8,0.6,0.1,vasqugr01
65,John Wall,Oct 28 '10 WAS @ ORL,20,11,647,22588,4373,10171,651,2021,2691,3468,361,2704,5735,1045,439,2412,1394,12088,.430,.322,.776,34.9,18.7,4.2,8.9,1.6,0.7,walljo01
66,Willie Warren,Nov 1 '10 LAC vs. SAS,21,1,19,134,13,35,5,15,6,8,1,12,27,6,0,8,16,37,.371,.333,.750,7.1,1.9,0.6,1.4,0.3,0.0,warrewi01
67,Hassan Whiteside,Oct 27 '10 SAC @ MIN,21,10,511,12645,2687,4583,8,26,1068,1765,1608,5523,327,271,1143,756,1341,6450,.586,.308,.605,24.7,12.6,10.8,0.6,0.5,2.2,whiteha01