,,,,,Totals,Totals,Totals,Totals,Totals,Totals,Totals,Totals,Totals,Totals,Totals,Totals,Totals,Totals,Totals,Totals,Shooting,Shooting,Shooting,Per Game,Per Game,Per Game,Per Game,Per Game,Per Game,-additional
Rk,Player,Debut,Age,Yrs,G,MP,FG,FGA,3P,3PA,FT,FTA,ORB,TRB,AST,STL,BLK,TOV,PF,PTS,FG%,3P%,FT%,MP,PTS,TRB,AST,STL,BLK,-9999
1,Quincy Acy,Nov 7 '12 TOR @ DAL,22,7,337,5392,583,1314,183,523,293,386,309,1179,217,140,135,219,665,1642,.444,.350,.759,16.0,4.9,3.5,0.6,0.4,0.4,acyqu01
2,Josh Akognon,Apr 10 '13 DAL vs. PHO,26,1,3,9,2,4,1,2,0,0,0,1,1,0,0,0,3,5,.500,.500,,3.0,1.7,0.3,0.3,0.0,0.0,akognjo01
3,Harrison Barnes,Oct 31 '12 GSW @ PHO,20,12,889,28194,4426,9692,1248,3283,2424,2992,898,4357,1572,622,161,1057,1364,12524,.457,.380,.810,31.7,14.1,4.9,1.8,0.7,0.2,barneha02
4,Will Barton,Nov 2 '12 POR @ OKC,22,11,679,17116,2824,6561,893,2516,1084,1377,471,2792,1817,504,272,948,1050,7625,.430,.355,.787,25.2,11.2,4.1,2.7,0.7,0.4,bartowi01
5,Aron Baynes,Jan 25 '13 SAS @ DAL,26,9,522,8370,1243,2543,111,360,518,652,805,2396,421,118,255,445,1164,3115,.489,.308,.794,16.0,6.0,4.6,0.8,0.2,0.5,baynear01
6,Kent Bazemore,Nov 9 '12 GSW @ LAL,23,10,657,13546,1929,4668,694,1947,862,1190,237,2072,1154,658,309,905,1338,5414,.413,.356,.724,20.6,8.2,3.2,1.8,1.0,0.5,bazemke01
7,Bradley Beal,Oct 30 '12 WAS @ CLE,19,12,727,25124,5851,12687,1567,4211,2706,3295,629,2971,3115,799,293,1790,1622,15975,.461,.372,.821,34.6,22.0,4.1,4.3,1.1,0.4,bealbr01
8,Patrick Beverley,Jan 15 '13 HOU vs. LAC,24,12,650,17330,1898,4591,959,2582,672,886,676,2670,2202,698,334,784,1917,5427,.413,.371,.758,26.7,8.3,4.1,3.4,1.1,0.5,beverpa01
9,Victor Claver,Nov 3 '12 POR @ HOU,24,3,80,1072,100,251,34,116,24,41,43,178,56,30,16,58,103,258,.398,.293,.585,13.4,3.2,2.2,0.7,0.4,0.2,clavevi01
10,Chris Copeland,Nov 2 '12 NYK vs. MIA,28,4,171,2111,366,858,154,422,112,149,65,272,107,32,30,129,237,998,.427,.365,.752,12.3,5.8,1.6,0.6,0.2,0.2,copelch01
11,Jae Crowder,Oct 30 '12 DAL @ LAL,22,12,784,19667,2540,6068,1208,3473,1088,1402,537,3321,1256,774,266,663,1603,7376,.419,.348,.776,25.1,9.4,4.2,1.6,1.0,0.3,crowdja01
12,Jared Cunningham,Oct 31 '12 DAL @ UTA,21,4,84,605,60,173,19,62,58,86,6,56,39,21,2,32,72,197,.347,.306,.674,7.2,2.3,0.7,0.5,0.3,0.0,cunnija01
13,Anthony Davis,Oct 31 '12 NOH vs. SAS,19,12,719,24817,6478,12400,330,1110,4027,5067,1893,7589,1775,949,1672,1420,1704,17313,.522,.297,.795,34.5,24.1,10.6,2.5,1.3,2.3,davisan02
14,Nando De Colo,Nov 3 '12 SAS vs. UTA,25,2,119,1414,169,394,49,135,66,79,37,211,203,63,12,116,135,453,.429,.363,.835,11.9,3.8,1.8,1.7,0.5,0.1,decolna01
15,Andre Drummond,Oct 31 '12 DET vs. HOU,19,12,846,23173,4567,8421,15,120,1700,3544,3599,10507,1066,1082,1123,1553,2477,10849,.542,.125,.480,27.4,12.8,12.4,1.3,1.3,1.3,drumman01
16,Kim English,Oct 31 '12 DET vs. HOU,24,1,41,407,42,112,14,50,21,29,8,37,26,16,3,19,46,119,.375,.280,.724,9.9,2.9,0.9,0.6,0.4,0.1,engliki01
17,Festus Ezeli,Oct 31 '12 GSW @ PHO,23,3,170,2394,275,536,0,0,162,291,292,725,63,48,166,133,328,712,.513,,.557,14.1,4.2,4.3,0.4,0.3,1.0,ezelife01
18,Evan Fournier,Oct 31 '12 DEN @ PHI,20,12,683,19125,3397,7676,1341,3548,1337,1672,275,1842,1724,598,103,1071,1616,9472,.443,.378,.800,28.0,13.9,2.7,2.5,0.9,0.2,fournev01
19,Joel Freeland,Nov 2 '12 POR @ OKC,25,3,151,1821,209,455,0,2,59,81,190,518,65,32,56,74,255,477,.459,.000,.728,12.1,3.2,3.4,0.4,0.2,0.4,freeljo01
20,Diante Garrett,Nov 5 '12 PHO @ MIA,24,2,90,1197,117,314,39,111,15,22,16,112,151,51,5,91,80,288,.373,.351,.682,13.3,3.2,1.2,1.7,0.6,0.1,garredi02
21,Draymond Green,Oct 31 '12 GSW @ PHO,22,12,794,22757,2552,5659,648,2026,1151,1612,860,5529,4443,1056,803,1803,2257,6903,.451,.320,.714,28.7,8.7,7.0,5.6,1.3,1.0,greendr01
22,Ben Hansbrough,Nov 5 '12 IND @ SAS,25,1,28,200,15,45,6,23,21,27,2,18,21,7,2,18,23,57,.333,.261,.778,7.1,2.0,0.6,0.8,0.3,0.1,hansbbe01
23,Maurice Harkless,Nov 7 '12 ORL @ MIN,19,10,621,14019,1686,3554,378,1182,509,816,658,2198,572,583,399,521,1265,4259,.474,.320,.624,22.6,6.9,3.5,0.9,0.9,0.6,harklma01
24,John Henson,Nov 7 '12 MIL vs. MEM,22,8,445,8752,1438,2661,20,80,487,857,802,2368,496,211,642,496,998,3383,.540,.250,.568,19.7,7.6,5.3,1.1,0.5,1.4,hensojo01
25,Justin Holiday,Apr 3 '13 PHI @ CHA,23,11,660,15404,1878,4706,1060,2912,544,666,232,1802,939,602,277,539,1070,5360,.399,.364,.817,23.3,8.1,2.7,1.4,0.9,0.4,holidju01
26,Bernard James,Oct 31 '12 DAL @ UTA,27,3,92,761,76,153,0,3,51,75,85,212,13,17,61,34,105,203,.497,.000,.680,8.3,2.2,2.3,0.1,0.2,0.7,jamesbe01
27,John Jenkins,Nov 11 '12 ATL @ LAC,21,6,171,2183,311,705,117,319,116,137,36,250,138,31,14,95,95,855,.441,.367,.847,12.8,5.0,1.5,0.8,0.2,0.1,jenkijo01
28,Chris Johnson,Jan 23 '13 MEM vs. LAL,22,4,147,2274,230,587,104,339,86,103,71,295,93,89,31,80,212,650,.392,.307,.835,15.5,4.4,2.0,0.6,0.6,0.2,johnsch04
29,Orlando Johnson,Nov 5 '12 IND @ SAS,23,3,103,1112,117,327,47,151,48,66,33,180,69,20,14,48,86,329,.358,.311,.727,10.8,3.2,1.7,0.7,0.2,0.1,johnsor01
30,Darius Johnson-Odom,Nov 9 '12 LAL vs. GSW,23,2,7,21,0,11,0,4,0,2,1,6,2,1,0,2,3,0,.000,.000,.000,3.0,0.0,0.9,0.3,0.1,0.0,johnsda03
31,DeQuan Jones,Nov 4 '12 ORL vs. PHO,22,1,63,803,95,218,9,35,34,51,17,105,16,19,22,30,55,233,.436,.257,.667,12.7,3.7,1.7,0.3,0.3,0.3,jonesde01
32,Kevin Jones,Dec 7 '12 CLE @ MIN,23,1,32,334,43,107,0,0,9,15,38,78,10,9,5,8,25,95,.402,,.600,10.4,3.0,2.4,0.3,0.3,0.2,joneske01
33,Perry Jones,Nov 2 '12 OKC vs. POR,21,3,143,1675,195,464,36,123,62,94,46,252,54,36,33,60,135,488,.420,.293,.660,11.7,3.4,1.8,0.4,0.3,0.2,jonespe01
34,Terrence Jones,Nov 10 '12 HOU vs. DET,21,6,234,5562,985,1968,93,313,368,593,395,1334,238,146,270,219,392,2431,.501,.297,.621,23.8,10.4,5.7,1.0,0.6,1.2,joneste01
35,Kris Joseph,Nov 2 '12 BOS vs. MIL,24,1,10,54,2,14,0,3,5,8,1,7,1,3,0,2,3,9,.143,.000,.625,5.4,0.9,0.7,0.1,0.3,0.0,josepkr01
36,Michael Kidd-Gilchrist,Nov 2 '12 CHA vs. IND,19,8,446,10978,1462,3085,28,103,798,1116,703,2420,515,296,304,400,956,3750,.474,.272,.715,24.6,8.4,5.4,1.2,0.7,0.7,kiddgmi01
37,Viacheslav Kravtsov,Dec 21 '12 DET vs. WAS,25,2,45,283,41,61,0,0,15,45,33,62,10,5,10,20,39,97,.672,,.333,6.3,2.2,1.4,0.2,0.1,0.2,kravtvi01
38,Doron Lamb,Nov 2 '12 MIL @ BOS,21,2,100,1272,123,323,50,127,49,70,16,95,75,24,1,53,106,345,.381,.394,.700,12.7,3.5,1.0,0.8,0.2,0.0,lambdo01
39,Jeremy Lamb,Nov 2 '12 OKC vs. POR,20,10,573,11896,2127,4841,601,1755,950,1109,303,2073,904,417,218,466,924,5805,.439,.342,.857,20.8,10.1,3.6,1.6,0.7,0.4,lambje01
40,Meyers Leonard,Oct 31 '12 POR vs. LAL,20,10,456,7272,972,2016,334,856,267,329,333,1771,396,85,127,315,981,2545,.482,.390,.812,15.9,5.6,3.9,0.9,0.2,0.3,leoname01
41,Damian Lillard,Oct 31 '12 POR vs. LAL,22,12,826,29932,6701,15292,2555,6894,4817,5367,499,3502,5533,792,250,2335,1580,20774,.438,.371,.898,36.2,25.2,4.2,6.7,1.0,0.3,lillada01
42,Scott Machado,Nov 28 '12 HOU @ OKC,22,2,10,40,7,12,1,2,3,3,0,1,9,3,0,8,2,18,.583,.500,1.000,4.0,1.8,0.1,0.9,0.3,0.0,machasc01
43,Kendall Marshall,Nov 4 '12 PHO @ ORL,21,4,160,3083,315,789,128,346,44,72,23,253,779,107,10,285,180,802,.399,.370,.611,19.3,5.0,1.6,4.9,0.7,0.1,marshke01
44,Fab Melo,Feb 1 '13 BOS vs. ORL,22,1,6,36,3,6,0,0,1,4,0,3,0,2,2,1,7,7,.500,,.250,6.0,1.2,0.5,0.0,0.3,0.3,melofa01
45,Khris Middleton,Nov 10 '12 DET @ HOU,21,12,727,22622,4453,9704,1340,3457,2023,2300,455,3490,2840,855,141,1522,1838,12269,.459,.388,.880,31.1,16.9,4.8,3.9,1.2,0.2,middlkh01
46,Darius Miller,Oct 31 '12 NOH vs. SAS,22,6,271,5358,545,1300,344,898,163,194,51,447,367,123,66,171,523,1597,.419,.383,.840,19.8,5.9,1.6,1.4,0.5,0.2,milleda01
47,Quincy Miller,Dec 16 '12 DEN @ SAC,20,3,69,934,107,306,33,113,48,68,41,169,37,30,37,54,82,295,.350,.292,.706,13.5,4.3,2.4,0.5,0.4,0.5,millequ01
48,Donatas Motiejūnas,Nov 10 '12 HOU vs. DET,22,6,251,4566,731,1558,121,404,249,417,298,952,269,118,82,287,538,1832,.469,.300,.597,18.2,7.3,3.8,1.1,0.5,0.3,motiedo01
49,Arnett Moultrie,Nov 5 '12 PHI vs. NYK,22,2,59,729,94,172,0,0,22,33,87,180,12,25,14,26,65,210,.547,,.667,12.4,3.6,3.1,0.2,0.4,0.2,moultar01
50,Kevin Murphy,Oct 31 '12 UTA vs. DAL,22,1,17,52,7,28,1,5,0,0,0,4,2,1,0,3,4,15,.250,.200,,3.1,0.9,0.2,0.1,0.1,0.0,murphke01
51,Andrew Nicholson,Nov 2 '12 ORL vs. DEN,23,5,285,4080,708,1517,87,271,197,255,188,857,126,74,95,212,458,1700,.467,.321,.773,14.3,6.0,3.0,0.4,0.3,0.3,nichoan01
52,Kyle O'Quinn,Nov 2 '12 ORL vs. DEN,22,8,472,6714,1085,2099,31,142,367,496,628,2166,643,189,453,458,960,2568,.517,.218,.740,14.2,5.4,4.6,1.4,0.4,1.0,oquinky01
53,Tim Ohlbrecht,Mar 3 '13 HOU vs. DAL,24,1,3,12,1,3,0,0,1,1,0,1,1,1,0,4,1,3,.333,,1.000,4.0,1.0,0.3,0.3,0.3,0.0,ohlbrti01
54,Miles Plumlee,Nov 5 '12 IND @ SAS,24,7,346,5658,748,1381,0,0,201,370,547,1562,178,153,256,308,540,1697,.542,,.543,16.4,4.9,4.5,0.5,0.4,0.7,plumlmi01
55,Pablo Prigioni,Nov 2 '12 NYK vs. MIA,35,4,270,4566,334,786,203,535,75,86,145,505,765,268,6,257,429,946,.425,.379,.872,16.9,3.5,1.9,2.8,1.0,0.0,prigipa01
56,Austin Rivers,Oct 31 '12 NOH vs. SAS,20,11,707,16858,2214,5289,789,2260,779,1193,222,1442,1513,494,112,732,1479,5996,.419,.349,.653,23.8,8.5,2.0,2.1,0.7,0.2,riverau01
57,Brian Roberts,Oct 31 '12 NOH vs. SAS,27,5,314,5207,753,1831,217,610,336,370,58,422,721,132,19,272,368,2059,.411,.356,.908,16.6,6.6,1.3,2.3,0.4,0.1,roberbr01
58,Thomas Robinson,Oct 31 '12 SAC @ CHI,21,5,313,4204,640,1361,0,6,248,491,542,1507,190,161,111,319,546,1528,.470,.000,.505,13.4,4.9,4.8,0.6,0.5,0.4,robinth01
59,Terrence Ross,Oct 31 '12 TOR vs. IND,21,11,733,17956,2940,7032,1329,3673,838,1001,256,2061,936,587,231,700,1230,8047,.418,.362,.837,24.5,11.0,2.8,1.3,0.8,0.3,rosste01
60,Robert Sacre,Oct 31 '12 LAL @ POR,23,4,189,2745,318,729,0,1,151,225,212,593,126,56,110,102,336,787,.436,.000,.671,14.5,4.2,3.1,0.7,0.3,0.6,sacrero01
61,Mike Scott,Nov 11 '12 ATL @ LAC,24,9,555,9182,1434,3168,494,1365,374,494,378,1727,499,182,74,357,822,3736,.453,.362,.757,16.5,6.7,3.1,0.9,0.3,0.1,scottmi01
62,Tornike Shengelia,Nov 7 '12 BRK @ MIA,21,2,45,247,23,51,1,8,12,24,13,39,17,6,2,23,29,59,.451,.125,.500,5.5,1.3,0.9,0.4,0.1,0.0,shengto01
63,Alexey Shved,Nov 2 '12 MIN vs. SAC,24,3,182,3271,445,1207,162,529,297,390,85,355,460,110,49,243,201,1349,.369,.306,.762,18.0,7.4,2.0,2.5,0.6,0.3,shvedal01
64,Henry Sims,Mar 4 '13 NOH vs. ORL,22,4,135,2542,403,856,4,23,221,288,248,670,140,76,64,153,289,1031,.471,.174,.767,18.8,7.6,5.0,1.0,0.6,0.5,simshe01
65,Kyle Singler,Oct 31 '12 DET vs. HOU,24,6,356,7794,843,2015,299,826,341,434,317,1026,272,203,110,278,734,2326,.418,.362,.786,21.9,6.5,2.9,0.8,0.6,0.3,singlky01
66,Jared Sullinger,Oct 30 '12 BOS @ MIA,20,5,269,6532,1172,2685,141,518,408,564,684,2006,477,180,161,332,784,2893,.436,.272,.723,24.3,10.8,7.5,1.8,0.7,0.6,sullija01
67,Jeff Taylor,Nov 3 '12 CHA @ DAL,23,3,132,2566,299,731,82,257,127,191,80,263,107,72,21,92,234,807,.409,.319,.665,19.4,6.1,2.0,0.8,0.5,0.2,tayloje03
68,Tyshawn Taylor,Nov 5 '12 BRK vs. MIN,22,2,61,491,63,178,9,25,39,57,5,33,57,25,1,56,54,174,.354,.360,.684,8.0,2.9,0.5,0.9,0.4,0.0,tayloty01
69,Marquis Teague,Nov 2 '12 CHI @ CLE,19,3,91,909,85,248,10,45,37,56,5,90,134,23,12,77,98,217,.343,.222,.661,10.0,2.4,1.0,1.5,0.3,0.1,teaguma01
70,Mirza Teletović,Nov 5 '12 BRK vs. MIN,27,6,324,5765,927,2285,541,1460,241,319,189,1042,273,104,82,255,552,2636,.406,.371,.755,17.8,8.1,3.2,0.8,0.3,0.3,teletmi01
71,Jonas Valančiūnas,Oct 31 '12 TOR vs. IND,20,12,835,21648,4478,7971,226,635,2075,2629,2338,7954,1100,335,815,1384,2399,11257,.562,.356,.789,25.9,13.5,9.5,1.3,0.4,1.0,valanjo01
72,Jarvis Varnado,Dec 25 '12 BOS @ BRK,24,2,37,397,39,67,0,0,29,56,21,72,16,11,31,16,72,107,.582,,.518,10.7,2.9,1.9,0.4,0.3,0.8,varnaja01
73,Dion Waiters,Oct 30 '12 CLE vs. WAS,21,8,419,11835,2106,5110,575,1660,718,1034,166,1108,1163,391,113,761,813,5505,.412,.346,.694,28.2,13.1,2.6,2.8,0.9,0.3,waitedi01
74,Maalik Wayns,Oct 31 '12 PHI vs. DEN,21,2,29,211,27,90,7,31,17,19,1,9,29,8,0,15,30,78,.300,.226,.895,7.3,2.7,0.3,1.0,0.3,0.0,waynsma01
75,Chris Wright,Mar 15 '13 DAL vs. CLE,23,1,3,4,1,2,0,0,0,0,0,0,0,0,0,1,0,2,.500,,,1.3,0.7,0.0,0.0,0.0,0.0,wrighch02
76,Tony Wroten,Nov 7 '12 MEM @ MIL,19,4,145,3076,575,1393,84,363,370,572,106,363,437,137,28,375,268,1604,.413,.231,.647,21.2,11.1,2.5,3.0,0.9,0.2,wroteto01
77,Luke Zeller,Nov 4 '12 PHO @ ORL,25,1,16,58,9,26,1,5,0,0,1,10,3,0,0,0,5,19,.346,.200,,3.6,1.2,0.6,0.2,0.0,0.0,zellelu01
78,Tyler Zeller,Oct 30 '12 CLE vs. WAS,23,8,414,7254,1161,2284,10,35,541,708,637,1820,367,104,241,348,897,2873,.508,.286,.764,17.5,6.9,4.4,0.9,0.3,0.6,zellety01