,,,,,Totals,Totals,Totals,Totals,Totals,Totals,Totals,Totals,Totals,Totals,Totals,Totals,Totals,Totals,Totals,Totals,Shooting,Shooting,Shooting,Per Game,Per Game,Per Game,Per Game,Per Game,Per Game,-additional
Rk,Player,Debut,Age,Yrs,G,MP,FG,FGA,3P,3PA,FT,FTA,ORB,TRB,AST,STL,BLK,TOV,PF,PTS,FG%,3P%,FT%,MP,PTS,TRB,AST,STL,BLK,-9999
1,Steven Adams,Oct 30 '13 OKC @ UTA,20,10,706,18944,2713,4619,1,15,1091,2036,2599,5788,1079,624,675,1029,1748,6518,.587,.067,.536,26.8,9.2,8.2,1.5,0.9,1.0,adamsst01
2,Giannis Antetokounmpo,Oct 30 '13 MIL @ NYK,19,11,778,25438,6574,12077,525,1824,4426,6296,1407,7556,3751,891,967,2330,2338,18099,.544,.288,.703,32.7,23.3,9.7,4.8,1.1,1.2,antetgi01
3,Pero Antić,Oct 30 '13 ATL @ DAL,31,2,113,1962,231,590,108,344,138,189,115,398,107,37,26,104,258,708,.392,.314,.730,17.4,6.3,3.5,0.9,0.3,0.2,anticpe01
4,Chris Babb,Mar 1 '14 BOS vs. IND,23,1,14,132,8,30,6,27,0,0,4,17,3,6,0,3,13,22,.267,.222,,9.4,1.6,1.2,0.2,0.4,0.0,babbch01
5,Anthony Bennett,Oct 30 '13 CLE vs. BRK,20,4,151,1905,251,641,36,138,120,179,132,472,77,58,27,99,206,658,.392,.261,.670,12.6,4.4,3.1,0.5,0.4,0.2,bennean01
6,Vander Blue,Jan 22 '14 BOS @ WAS,21,3,10,134,12,39,2,13,4,12,2,13,12,4,0,11,7,30,.308,.154,.333,13.4,3.0,1.3,1.2,0.4,0.0,blueva01
7,Lorenzo Brown,Nov 20 '13 PHI vs. TOR,23,5,103,1185,123,338,18,106,29,41,28,151,183,61,15,74,101,293,.364,.170,.707,11.5,2.8,1.5,1.8,0.6,0.1,brownlo01
8,Reggie Bullock,Oct 29 '13 LAC @ LAL,22,11,537,12361,1428,3365,868,2258,278,336,185,1413,642,310,78,297,769,4002,.424,.384,.827,23.0,7.5,2.6,1.2,0.6,0.1,bullore01
9,Trey Burke,Nov 20 '13 UTA @ NOP,21,9,498,10401,1847,4500,564,1637,534,659,164,878,1522,274,52,555,641,4792,.410,.345,.810,20.9,9.6,1.8,3.1,0.6,0.1,burketr01
10,Dwight Buycks,Nov 1 '13 TOR @ ATL,24,3,49,696,115,286,27,73,53,60,18,76,83,30,2,61,53,310,.402,.370,.883,14.2,6.3,1.6,1.7,0.6,0.0,buyckdw01
11,Nick Calathes,Oct 30 '13 MEM @ SAS,24,2,129,2011,246,558,30,104,68,117,42,243,353,129,13,162,217,590,.441,.288,.581,15.6,4.6,1.9,2.7,1.0,0.1,calatni01
12,Kentavious Caldwell-Pope,Oct 30 '13 DET vs. WAS,20,11,814,24098,3310,7782,1378,3758,1293,1576,483,2485,1463,932,213,838,1504,9291,.425,.367,.820,29.6,11.4,3.1,1.8,1.1,0.3,caldwke01
13,Isaiah Canaan,Dec 25 '13 HOU @ SAS,22,6,235,4799,616,1661,366,1042,315,377,63,438,454,145,23,259,364,1913,.371,.351,.836,20.4,8.1,1.9,1.9,0.6,0.1,canaais01
14,Michael Carter-Williams,Oct 30 '13 PHI vs. MIA,22,9,395,9942,1498,3730,183,716,861,1221,379,1718,1708,498,215,916,964,4040,.402,.256,.705,25.2,10.2,4.3,4.3,1.3,0.5,cartemi01
15,Dionte Christmas,Nov 1 '13 PHO vs. UTA,27,1,31,198,22,62,9,31,18,24,13,38,8,2,3,6,19,71,.355,.290,.750,6.4,2.3,1.2,0.3,0.1,0.1,chrisdi01
16,Ian Clark,Nov 1 '13 UTA @ PHO,22,6,330,4507,718,1635,240,705,164,204,65,440,385,128,44,236,394,1840,.439,.340,.804,13.7,5.6,1.3,1.2,0.4,0.1,clarkia01
17,Robert Covington,Jan 18 '14 HOU vs. MIL,23,11,614,17334,2235,5469,1263,3493,904,1114,552,3385,884,938,578,861,1738,6637,.409,.362,.811,28.2,10.8,5.5,1.4,1.5,0.9,covinro01
18,Allen Crabbe,Nov 1 '13 POR @ DEN,21,7,381,9125,1226,2888,617,1596,384,462,109,1073,434,223,104,285,764,3453,.425,.387,.831,24.0,9.1,2.8,1.1,0.6,0.3,crabbal01
19,Seth Curry,Jan 5 '14 MEM @ DET,23,10,482,11317,1843,3916,862,2001,484,560,150,1011,975,332,66,497,758,5032,.471,.431,.864,23.5,10.4,2.1,2.0,0.7,0.1,curryse01
20,Troy Daniels,Mar 5 '14 HOU @ ORL,22,7,339,5045,767,1914,555,1404,143,179,74,446,185,100,21,187,429,2232,.401,.395,.799,14.9,6.6,1.3,0.5,0.3,0.1,danietr01
21,Gigi Datome,Oct 30 '13 DET vs. WAS,26,2,55,447,77,186,25,79,9,11,17,75,20,8,8,20,35,188,.414,.316,.818,8.1,3.4,1.4,0.4,0.1,0.1,datomlu01
22,Brandon Davies,Nov 2 '13 PHI vs. CHI,22,2,78,998,109,265,10,44,58,90,76,192,58,42,15,64,151,286,.411,.227,.644,12.8,3.7,2.5,0.7,0.5,0.2,daviebr01
23,Dewayne Dedmon,Nov 18 '13 GSW @ UTA,24,10,515,8896,1287,2445,187,557,494,676,784,2970,358,258,409,497,1290,3255,.526,.336,.731,17.3,6.3,5.8,0.7,0.5,0.8,dedmode01
24,Matthew Dellavedova,Nov 2 '13 CLE @ IND,23,9,479,9286,894,2323,409,1127,313,375,168,811,1690,213,21,562,865,2510,.385,.363,.835,19.4,5.2,1.7,3.5,0.4,0.0,dellama01
25,Gorgui Dieng,Nov 1 '13 MIN vs. OKC,24,10,628,12625,1736,3500,196,552,923,1167,1048,3534,837,468,549,687,1339,4591,.496,.355,.791,20.1,7.3,5.6,1.3,0.7,0.9,dienggo01
26,Shane Edwards,Mar 16 '14 CLE @ LAC,26,1,2,12,1,3,0,0,0,0,1,2,0,0,0,1,1,2,.333,,,6.0,1.0,1.0,0.0,0.0,0.0,edwarsh01
27,Vítor Luiz Faverani,Oct 30 '13 BOS @ TOR,25,1,37,488,64,147,12,40,24,37,42,128,16,14,27,41,74,164,.435,.300,.649,13.2,4.4,3.5,0.4,0.4,0.7,favervi01
28,Carrick Felix,Nov 22 '13 CLE @ NOP,23,1,7,38,7,14,2,5,3,4,1,6,4,0,0,4,4,19,.500,.400,.750,5.4,2.7,0.9,0.6,0.0,0.0,felixca01
29,Jamaal Franklin,Nov 6 '13 MEM vs. NOP,22,2,24,174,17,41,6,13,2,2,5,25,9,4,3,14,27,42,.415,.462,1.000,7.3,1.8,1.0,0.4,0.2,0.1,frankja01
30,Rudy Gobert,Oct 30 '13 UTA vs. OKC,21,11,741,22476,3471,5309,0,17,2417,3780,2471,8702,967,503,1580,1222,1974,9359,.654,.000,.639,30.3,12.6,11.7,1.3,0.7,2.1,goberru01
31,Archie Goodwin,Oct 30 '13 PHO vs. POR,19,4,165,2396,367,856,45,191,261,373,86,331,206,69,38,206,192,1040,.429,.236,.700,14.5,6.3,2.0,1.2,0.4,0.2,goodwar01
32,Jorge Gutiérrez,Mar 9 '14 BRK vs. SAC,25,3,47,482,53,106,3,17,28,36,8,54,69,19,1,32,65,137,.500,.176,.778,10.3,2.9,1.1,1.5,0.4,0.0,gutiejo01
33,Justin Hamilton,Mar 8 '14 CHA @ MEM,23,3,113,1961,268,577,68,220,83,104,132,403,91,61,73,73,169,687,.464,.309,.798,17.4,6.1,3.6,0.8,0.5,0.6,hamilju01
34,Tim Hardaway Jr.,Oct 30 '13 NYK vs. MIL,21,11,715,19675,3519,8400,1639,4539,1445,1777,235,2107,1321,444,100,739,1196,10122,.419,.361,.813,27.5,14.2,2.9,1.8,0.6,0.1,hardati02
35,Elias Harris,Oct 30 '13 LAL @ GSW,24,1,2,11,0,1,0,0,0,0,1,1,1,1,0,0,0,0,.000,,,5.5,0.0,0.5,0.5,0.5,0.0,harriel01
36,Solomon Hill,Oct 29 '13 IND vs. ORL,22,9,448,9652,843,2175,362,1093,405,508,289,1399,662,307,99,377,765,2453,.388,.331,.797,21.5,5.5,3.1,1.5,0.7,0.2,hillso01
37,Scotty Hopson,Apr 2 '14 CLE @ ORL,24,3,4,33,2,9,0,3,2,4,0,1,3,1,0,3,1,6,.222,.000,.500,8.3,1.5,0.3,0.8,0.3,0.0,hopsosc01
38,Robbie Hummel,Nov 1 '13 MIN vs. OKC,24,2,98,1397,146,349,48,140,39,45,66,266,50,32,11,28,143,379,.418,.343,.867,14.3,3.9,2.7,0.5,0.3,0.1,hummero01
39,Sergey Karasev,Nov 2 '13 CLE @ IND,20,3,95,1110,96,243,31,110,64,76,30,140,87,32,4,57,94,287,.395,.282,.842,11.7,3.0,1.5,0.9,0.3,0.0,karasse01
40,Ryan Kelly,Nov 5 '13 LAL @ DAL,22,4,163,3125,324,857,102,323,231,290,77,504,215,79,84,106,309,981,.378,.316,.797,19.2,6.0,3.1,1.3,0.5,0.5,kellyry01
41,Ognjen Kuzmić,Oct 30 '13 GSW vs. LAL,23,2,37,164,13,25,0,0,9,15,17,38,8,5,5,15,30,35,.520,,.600,4.4,0.9,1.0,0.2,0.1,0.1,kuzmiog01
42,Shane Larkin,Nov 18 '13 DAL vs. PHI,21,4,256,4880,545,1290,117,348,192,247,83,490,737,243,24,301,375,1399,.422,.336,.777,19.1,5.5,1.9,2.9,0.9,0.1,larkish01
43,Ricky Ledo,Nov 1 '13 DAL @ HOU,21,2,28,277,38,113,13,35,20,26,16,38,21,7,1,28,23,109,.336,.371,.769,9.9,3.9,1.4,0.8,0.3,0.0,ledori01
44,Alex Len,Oct 30 '13 PHO vs. POR,20,11,622,11157,1729,3399,110,339,915,1346,1134,3478,524,236,576,707,1521,4483,.509,.324,.680,17.9,7.2,5.6,0.8,0.4,0.9,lenal01
45,Ray McCallum,Dec 6 '13 SAC vs. LAL,22,3,154,2808,374,916,71,212,101,142,78,306,368,79,27,148,190,920,.408,.335,.711,18.2,6.0,2.0,2.4,0.5,0.2,mccalra01
46,CJ McCollum,Jan 8 '14 POR vs. ORL,22,11,710,22694,5250,11581,1731,4353,1525,1897,453,2563,2674,644,295,1279,1501,13756,.453,.398,.804,32.0,19.4,3.6,3.8,0.9,0.4,mccolcj01
47,Ben McLemore,Oct 30 '13 SAC vs. DEN,20,9,556,12534,1768,4270,868,2392,611,783,222,1269,563,353,106,608,1175,5015,.414,.363,.780,22.5,9.0,2.3,1.0,0.6,0.2,mclembe01
48,Gal Mekel,Oct 30 '13 DAL vs. ATL,25,2,35,335,33,106,5,23,8,12,5,28,76,6,1,33,32,79,.311,.217,.667,9.6,2.3,0.8,2.2,0.2,0.0,mekelga01
49,Tony Mitchell,Oct 30 '13 DET vs. WAS,21,1,21,79,5,12,1,1,11,19,15,26,2,6,3,4,9,22,.417,1.000,.579,3.8,1.0,1.2,0.1,0.3,0.1,mitchto02
50,Tony Mitchell,Mar 5 '14 MIL vs. SAC,24,1,3,10,3,5,0,1,0,0,1,1,1,1,0,0,0,6,.600,.000,,3.3,2.0,0.3,0.3,0.3,0.0,mitchto03
51,Shabazz Muhammad,Nov 1 '13 MIN vs. OKC,21,5,278,4772,940,1988,123,386,501,667,294,770,151,81,24,183,283,2504,.473,.319,.751,17.2,9.0,2.8,0.5,0.3,0.1,muhamsh01
52,Erik Murphy,Nov 6 '13 CHI @ IND,23,1,24,62,3,13,0,3,0,0,2,8,2,0,4,2,7,6,.231,.000,,2.6,0.3,0.3,0.1,0.0,0.2,murpher01
53,Toure' Murry,Nov 8 '13 NYK @ CHA,24,2,56,391,58,134,5,12,25,41,14,45,50,20,1,38,48,146,.433,.417,.610,7.0,2.6,0.8,0.9,0.4,0.0,murryto01
54,Mike Muscala,Mar 2 '14 ATL @ PHO,22,11,533,8159,1138,2521,519,1382,399,480,421,1681,460,173,247,298,772,3194,.451,.376,.831,15.3,6.0,3.2,0.9,0.3,0.5,muscami01
55,Nemanja Nedović,Oct 30 '13 GSW vs. LAL,22,1,24,142,8,39,3,18,7,8,3,15,13,0,1,13,13,26,.205,.167,.875,5.9,1.1,0.6,0.5,0.0,0.0,nedovne01
56,James Nunnally,Jan 16 '14 ATL vs. BRK,23,3,37,315,32,93,20,62,11,15,3,33,18,7,2,10,22,95,.344,.323,.733,8.5,2.6,0.9,0.5,0.2,0.1,nunnaja01
57,Victor Oladipo,Oct 29 '13 ORL @ IND,21,10,504,16247,3118,7152,814,2349,1453,1843,289,2245,1970,805,230,1266,1202,8503,.436,.347,.788,32.2,16.9,4.5,3.9,1.6,0.5,oladivi01
58,Kelly Olynyk,Oct 30 '13 BOS @ TOR,22,11,737,16555,2676,5553,868,2350,1265,1586,881,3799,1745,575,338,1151,2084,7485,.482,.369,.798,22.5,10.2,5.2,2.4,0.8,0.5,olynyke01
59,Arinze Onuaku,Oct 30 '13 NOP vs. IND,26,3,19,126,15,23,0,0,4,10,11,35,9,1,4,5,12,34,.652,,.400,6.6,1.8,1.8,0.5,0.1,0.2,onuakar01
60,Mason Plumlee,Nov 3 '13 BRK @ ORL,23,11,767,17280,2569,4309,2,41,1371,2402,1628,5231,1889,559,648,1124,2104,6511,.596,.049,.571,22.5,8.5,6.8,2.5,0.7,0.8,plumlma01
61,Otto Porter Jr.,Dec 6 '13 WAS vs. MIL,20,11,527,13400,2088,4376,684,1724,559,701,602,2599,783,586,221,399,919,5419,.477,.397,.797,25.4,10.3,4.9,1.5,1.1,0.4,porteot01
62,Phil Pressey,Oct 30 '13 BOS @ TOR,22,3,148,2015,172,505,48,189,75,119,36,216,433,116,15,161,179,467,.341,.254,.630,13.6,3.2,1.5,2.9,0.8,0.1,pressph01
63,Miroslav Raduljica,Nov 12 '13 MIL @ MIA,26,2,53,488,71,134,0,0,47,57,56,113,23,8,13,30,92,189,.530,,.825,9.2,3.6,2.1,0.4,0.2,0.2,radulmi01
64,Glen Rice Jr.,Nov 12 '13 WAS @ DAL,23,2,16,152,14,52,6,24,9,13,6,24,9,6,1,11,18,43,.269,.250,.692,9.5,2.7,1.5,0.6,0.4,0.1,ricegl02
65,Andre Roberson,Nov 1 '13 OKC @ MIN,22,7,307,6801,573,1211,112,443,124,265,362,1230,265,268,199,185,658,1382,.473,.253,.468,22.2,4.5,4.0,0.9,0.9,0.6,roberan03
66,Dennis Schröder,Oct 30 '13 ATL @ DAL,20,11,748,20270,3851,8871,895,2628,1861,2229,312,2163,3569,615,102,1694,1535,10458,.434,.341,.835,27.1,14.0,2.9,4.8,0.8,0.1,schrode01
67,Peyton Siva,Oct 30 '13 DET vs. WAS,23,1,24,224,18,57,7,25,11,15,2,14,34,9,1,18,27,54,.316,.280,.733,9.3,2.3,0.6,1.4,0.4,0.0,sivape01
68,Chris Smith,Dec 25 '13 NYK vs. OKC,26,1,2,2,0,0,0,0,0,0,0,0,0,0,0,0,0,0,,,,1.0,0.0,0.0,0.0,0.0,0.0,smithch05
69,Tony Snell,Oct 29 '13 CHI @ MIA,22,9,601,13093,1335,3097,728,1848,274,324,172,1371,669,266,138,329,846,3672,.431,.394,.846,21.8,6.1,2.3,1.1,0.4,0.2,snellto01
70,James Southerland,Nov 29 '13 CHA vs. MIL,23,1,4,30,5,15,3,6,1,2,0,8,0,1,2,1,3,14,.333,.500,.500,7.5,3.5,2.0,0.0,0.3,0.5,southja01
71,D.J. Stephens,Mar 29 '14 MIL vs. MIA,23,2,4,22,4,9,0,0,1,1,1,5,0,1,0,1,0,9,.444,,1.000,5.5,2.3,1.3,0.0,0.3,0.0,stephdj01
72,Adonis Thomas,Mar 1 '14 ORL @ MIA,20,1,6,37,6,14,1,5,1,1,0,3,3,0,0,1,6,14,.429,.200,1.000,6.2,2.3,0.5,0.5,0.0,0.0,thomaad01
73,Hollis Thompson,Nov 1 '13 PHI @ WAS,22,4,265,6424,742,1795,363,941,203,287,199,829,292,166,68,213,541,2050,.413,.386,.707,24.2,7.7,3.1,1.1,0.6,0.3,thompho01
74,Casper Ware,Mar 24 '14 PHI @ SAS,24,1,9,116,18,42,7,21,5,6,0,9,10,8,0,5,11,48,.429,.333,.833,12.9,5.3,1.0,1.1,0.9,0.0,wareca01
75,Royce White,Mar 21 '14 SAC vs. SAS,22,1,3,9,0,1,0,0,0,0,0,0,0,0,0,0,2,0,.000,,,3.0,0.0,0.0,0.0,0.0,0.0,whitero03
76,Jeff Withey,Nov 1 '13 NOP @ ORL,23,5,206,2072,249,474,2,14,166,232,181,518,64,56,156,76,229,666,.525,.143,.716,10.1,3.2,2.5,0.3,0.3,0.8,witheje01
77,Nate Wolters,Oct 30 '13 MIL @ NYK,22,3,84,1575,191,452,18,69,61,96,42,185,209,43,17,70,86,461,.423,.261,.635,18.8,5.5,2.2,2.5,0.5,0.2,woltena01
78,Cody Zeller,Oct 30 '13 CHA @ HOU,21,11,547,11487,1646,3166,33,150,1043,1435,1060,3114,736,331,329,551,1355,4368,.520,.220,.727,21.0,8.0,5.7,1.3,0.6,0.6,zelleco01