,,,,,,,% of FGA by Distance,% of FGA by Distance,% of FGA by Distance,% of FGA by Distance,% of FGA by Distance,% of FGA by Distance,,FG% by Distance,FG% by Distance,FG% by Distance,FG% by Distance,FG% by Distance,FG% by Distance,,% of FG Ast'd,% of FG Ast'd,,Dunks,Dunks,,Layups,Layups,,Corner,Corner
Rk,Team,G,MP,FG%,Dist.,,2P,0-3,3-10,10-16,16-3P,3P,,2P,0-3,3-10,10-16,16-3P,3P,,2P,3P,,%FGA,Md.,,%FGA,Md.,,%3PA,3P%
1,Atlanta Hawks,66,15940,.495,13.6,,.600,.293,.167,.098,.043,.400,,.568,.691,.461,.449,.417,.384,,.533,.846,,.072,381,,.286,1008,,.278,.417
2,Boston Celtics,66,15965,.449,14.6,,.598,.201,.229,.101,.067,.402,,.518,.664,.439,.473,.416,.348,,.506,.806,,.049,262,,.277,883,,.193,.329
3,Brooklyn Nets,66,15915,.472,14.0,,.606,.245,.207,.094,.060,.394,,.531,.704,.404,.435,.413,.380,,.521,.808,,.055,278,,.268,875,,.206,.425
4,Chicago Bulls,67,16355,.472,14.9,,.544,.269,.148,.069,.058,.456,,.562,.680,.457,.408,.460,.366,,.578,.875,,.059,317,,.259,862,,.269,.419
5,Charlotte Hornets,67,16130,.492,13.9,,.594,.279,.189,.075,.051,.406,,.572,.726,.446,.440,.391,.375,,.554,.872,,.063,325,,.286,1016,,.244,.401
6,Cleveland Cavaliers,66,15965,.456,13.8,,.619,.267,.187,.106,.058,.381,,.515,.651,.410,.429,.391,.361,,.508,.850,,.057,278,,.268,840,,.273,.396
7,Dallas Mavericks,67,16080,.481,14.0,,.603,.240,.206,.096,.061,.397,,.555,.747,.432,.459,.370,.369,,.545,.841,,.053,295,,.262,947,,.286,.383
8,Denver Nuggets,67,16105,.465,13.3,,.645,.257,.223,.108,.057,.355,,.522,.687,.421,.411,.389,.362,,.544,.849,,.051,267,,.296,952,,.225,.377
9,Detroit Pistons,66,15915,.490,13.4,,.642,.227,.269,.086,.059,.358,,.556,.713,.474,.442,.490,.372,,.533,.827,,.054,290,,.294,1010,,.209,.400
10,Golden State Warriors,65,15750,.469,14.6,,.594,.160,.280,.095,.060,.406,,.546,.715,.521,.423,.410,.357,,.526,.851,,.048,261,,.271,942,,.235,.383
11,Houston Rockets,66,15965,.461,14.3,,.597,.216,.222,.100,.060,.403,,.538,.669,.474,.472,.410,.347,,.510,.821,,.053,271,,.259,830,,.239,.376
12,Indiana Pacers,67,16105,.501,12.6,,.673,.269,.249,.101,.054,.327,,.564,.695,.487,.486,.412,.372,,.471,.794,,.063,336,,.323,1137,,.221,.415
13,Los Angeles Clippers,66,15865,.469,14.1,,.604,.223,.233,.088,.060,.396,,.538,.698,.453,.453,.401,.362,,.539,.855,,.055,295,,.281,923,,.257,.376
14,Los Angeles Lakers,67,16205,.475,14.5,,.595,.208,.223,.097,.068,.405,,.541,.727,.451,.426,.428,.377,,.535,.847,,.057,328,,.248,879,,.222,.406
15,Memphis Grizzlies,67,16155,.472,13.8,,.596,.280,.181,.084,.051,.404,,.535,.663,.413,.448,.409,.378,,.541,.834,,.070,362,,.272,846,,.210,.414
16,Miami Heat,66,15865,.470,14.8,,.573,.198,.232,.090,.054,.427,,.552,.709,.495,.459,.380,.360,,.558,.868,,.054,279,,.250,853,,.266,.400
17,Milwaukee Bucks,67,16155,.472,14.3,,.621,.224,.202,.134,.062,.379,,.540,.708,.433,.483,.404,.360,,.531,.804,,.058,306,,.259,874,,.208,.368
18,Minnesota Timberwolves,66,15965,.447,13.8,,.628,.229,.211,.124,.064,.372,,.505,.683,.393,.438,.362,.350,,.529,.856,,.056,281,,.262,787,,.241,.384
19,New Orleans Pelicans,66,15865,.460,14.7,,.558,.242,.180,.084,.052,.442,,.550,.705,.445,.410,.421,.346,,.571,.847,,.061,322,,.261,871,,.254,.381
20,New York Knicks,66,15840,.469,13.7,,.599,.282,.173,.088,.056,.401,,.536,.656,.437,.430,.407,.368,,.533,.846,,.058,283,,.285,891,,.278,.402
21,Oklahoma City Thunder,66,15940,.454,14.2,,.588,.243,.198,.092,.054,.412,,.518,.641,.444,.426,.389,.364,,.552,.885,,.054,273,,.277,865,,.309,.376
22,Orlando Magic,67,16180,.474,14.0,,.615,.233,.213,.104,.065,.385,,.547,.693,.473,.470,.392,.358,,.512,.811,,.057,281,,.277,886,,.246,.374
23,Philadelphia 76ers,66,15890,.473,13.8,,.611,.271,.197,.086,.057,.389,,.549,.716,.413,.435,.403,.353,,.554,.853,,.069,365,,.280,907,,.233,.379
24,Phoenix Suns,67,16180,.463,14.1,,.598,.254,.192,.094,.059,.402,,.530,.683,.432,.419,.372,.363,,.526,.818,,.055,296,,.283,982,,.243,.371
25,Portland Trail Blazers,66,16040,.492,13.7,,.619,.272,.192,.094,.061,.381,,.579,.739,.474,.447,.395,.351,,.552,.864,,.074,386,,.279,990,,.235,.413
26,Sacramento Kings,65,15750,.487,14.0,,.616,.214,.244,.102,.056,.384,,.545,.689,.504,.429,.386,.395,,.564,.850,,.058,297,,.280,919,,.258,.417
27,San Antonio Spurs,67,16130,.492,13.5,,.626,.275,.193,.098,.061,.374,,.559,.696,.465,.439,.428,.380,,.534,.842,,.077,415,,.277,973,,.229,.392
28,Toronto Raptors,67,16205,.487,13.8,,.610,.263,.200,.087,.059,.390,,.557,.700,.473,.415,.416,.377,,.546,.853,,.064,353,,.280,1003,,.243,.407
29,Utah Jazz,66,15965,.485,14.1,,.597,.214,.245,.089,.049,.403,,.545,.691,.478,.456,.409,.397,,.568,.865,,.068,354,,.266,880,,.212,.454
30,Washington Wizards,66,15865,.500,13.3,,.639,.254,.238,.094,.053,.361,,.575,.746,.465,.459,.453,.367,,.555,.855,,.076,421,,.297,1083,,.236,.416
,League Average,66,16008,.475,14.0,,.607,.243,.211,.095,.058,.393,,.545,.696,.454,.443,.408,.367,,.537,.844,,.060,315,,.276,924,,.242,.395