,,,,Voting,Voting,Voting,Voting,,Per Game,Per Game,Per Game,Per Game,Per Game,Per Game,Shooting,Shooting,Shooting,Advanced,Advanced,Advanced,Advanced,Advanced,-additional
Rank,Player,Age,Tm,First,Pts Won,Pts Max,Share,G,MP,PTS,TRB,AST,STL,BLK,FG%,3P%,FT%,WS,WS/48,DWS,DBPM,DRtg,-9999
1,Rudy Gobert,25,UTA,89.0,466.0,505,0.923,56,32.4,13.5,10.7,1.4,0.8,2.3,.622,,.682,8.1,.214,3.9,2.5,99,goberru01
2,Joel Embiid,23,PHI,2.0,163.0,505,0.323,63,30.3,22.9,11.0,3.2,0.6,1.8,.483,.308,.769,6.2,.155,3.8,1.3,100,embiijo01
3,Anthony Davis,24,NOP,5.0,139.0,505,0.275,75,36.4,28.1,11.1,2.3,1.5,2.6,.534,.340,.828,13.7,.241,4.9,1.4,102,davisan02
4,Paul George,27,OKC,2.0,38.0,505,0.075,79,36.6,21.9,5.7,3.3,2.0,0.5,.430,.401,.822,8.9,.147,3.9,0.6,106,georgpa01
5,Al Horford,31,BOS,1.0,37.0,505,0.073,72,31.6,12.9,7.4,4.7,0.6,1.1,.489,.429,.783,7.8,.165,3.8,2.0,103,horfoal01
6,Draymond Green,27,GSW,1.0,20.0,505,0.040,70,32.7,11.0,7.6,7.3,1.4,1.3,.454,.301,.775,6.1,.127,3.4,1.9,105,greendr01
7,Jrue Holiday,27,NOP,1.0,11.0,505,0.022,81,36.1,19.0,4.5,6.0,1.5,0.8,.494,.337,.786,7.1,.116,2.9,0.3,109,holidjr01
8,Robert Covington,27,PHI,0.0,8.0,505,0.016,80,31.7,12.6,5.4,2.0,1.7,0.9,.413,.369,.853,6.1,.116,4.5,1.7,103,covinro01
9,Kevin Durant,29,GSW,0.0,7.0,505,0.014,68,34.2,26.4,6.8,5.4,0.7,1.8,.516,.419,.889,10.4,.215,2.9,0.6,107,duranke01
10,Jaylen Brown,21,BOS,0.0,5.0,505,0.010,70,30.7,14.5,4.9,1.6,1.0,0.4,.465,.395,.644,4.5,.100,3.2,0.3,105,brownja02
11,Klay Thompson,27,GSW,0.0,4.0,505,0.008,73,34.3,20.0,3.8,2.5,0.8,0.5,.488,.440,.837,4.9,.094,1.8,-2.1,111,thompkl01
12T,Steven Adams,24,OKC,0.0,3.0,505,0.006,76,32.7,13.9,9.0,1.2,1.2,1.0,.629,.000,.559,9.7,.187,3.0,-0.6,107,adamsst01
12T,Jimmy Butler,28,MIN,0.0,3.0,505,0.006,59,36.7,22.2,5.3,4.9,2.0,0.4,.474,.350,.854,8.9,.198,1.8,0.7,110,butleji01
14,Clint Capela,23,HOU,0.0,2.0,505,0.004,74,27.5,13.9,10.8,0.9,0.8,1.9,.652,.000,.560,10.2,.242,4.1,1.0,101,capelca01
15T,Andre Drummond,24,DET,0.0,1.0,505,0.002,78,33.7,15.0,16.0,3.0,1.5,1.6,.529,.000,.605,10.3,.189,5.7,1.7,99,drumman01
15T,Jusuf Nurkić,23,POR,0.0,1.0,505,0.002,79,26.4,14.3,9.0,1.8,0.8,1.4,.505,.000,.630,4.7,.108,3.9,1.1,101,nurkiju01
15T,Victor Oladipo,25,IND,0.0,1.0,505,0.002,75,34.0,23.1,5.2,4.3,2.4,0.8,.477,.371,.799,8.2,.155,4.0,1.7,104,oladivi01