,,,,Voting,Voting,Voting,Voting,,Per Game,Per Game,Per Game,Per Game,Per Game,Per Game,Shooting,Shooting,Shooting,Advanced,Advanced,Advanced,Advanced,Advanced,-additional
Rank,Player,Age,Tm,First,Pts Won,Pts Max,Share,G,MP,PTS,TRB,AST,STL,BLK,FG%,3P%,FT%,WS,WS/48,DWS,DBPM,DRtg,-9999
1,Jaren Jackson Jr.,23,MEM,56.0,391.0,500,0.782,63,28.4,18.6,6.8,1.0,1.0,3.0,.506,.355,.788,6.6,.177,3.8,2.0,105,jacksja02
2,Brook Lopez,34,MIL,31.0,309.0,500,0.618,78,30.4,15.9,6.7,1.3,0.5,2.5,.531,.374,.784,8.0,.161,3.9,1.3,109,lopezbr01
3,Evan Mobley,21,CLE,8.0,101.0,500,0.202,79,34.4,16.2,9.0,2.8,0.8,1.5,.554,.216,.674,8.5,.151,4.8,1.6,108,mobleev01
4,Draymond Green,32,GSW,3.0,34.0,500,0.068,73,31.5,8.5,7.2,6.8,1.0,0.8,.527,.305,.713,4.7,.098,3.1,2.6,112,greendr01
5,Bam Adebayo,25,MIA,1.0,18.0,500,0.036,75,34.6,20.4,9.2,3.2,1.2,0.8,.540,.083,.806,7.4,.137,3.8,0.8,111,adebaba01
6,Giannis Antetokounmpo,28,MIL,0.0,14.0,500,0.028,63,32.1,31.1,11.8,5.7,0.8,0.8,.553,.275,.645,8.6,.204,3.7,2.7,108,antetgi01
7T,OG Anunoby,25,TOR,0.0,8.0,500,0.016,67,35.6,16.8,5.0,2.0,1.9,0.7,.476,.387,.838,4.7,.094,2.9,0.7,113,anunoog01
7T,Jrue Holiday,32,MIL,0.0,8.0,500,0.016,67,32.6,19.3,5.1,7.4,1.2,0.4,.479,.384,.859,6.7,.148,2.8,0.1,112,holidjr01
9T,Nic Claxton,23,BRK,0.0,7.0,500,0.014,76,29.9,12.6,9.2,1.9,0.9,2.5,.705,.000,.541,9.2,.195,4.0,2.2,108,claxtni01
9T,Joel Embiid,28,PHI,0.0,7.0,500,0.014,66,34.6,33.1,10.2,4.2,1.0,1.7,.548,.330,.857,12.3,.259,3.9,2.3,109,embiijo01
11,Alex Caruso,28,CHI,0.0,2.0,500,0.004,67,23.5,5.6,2.9,2.9,1.5,0.7,.455,.364,.808,3.6,.109,2.6,3.3,109,carusal01
12,Jimmy Butler,33,MIA,0.0,1.0,500,0.002,64,33.4,22.9,5.9,5.3,1.8,0.3,.539,.350,.850,12.3,.277,2.9,2.0,112,butleji01