Rk,Player,Pos,Age,Tm,G,GS,MP,FG,FGA,FG%,3P,3PA,3P%,2P,2PA,2P%,eFG%,FT,FTA,FT%,ORB,DRB,TRB,AST,STL,BLK,TOV,PF,PTS,Player-additional
1,Malik Allen,PF,25,MIA,10,0,13.8,2.2,4.9,.449,0.0,0.0,,2.2,4.9,.449,.449,0.6,0.9,.667,1.2,1.8,3.0,0.4,0.2,0.9,0.4,2.1,5.0,allenma01
2,Rafer Alston,PG,27,MIA,13,0,22.7,2.2,7.0,.319,0.9,4.0,.231,1.3,3.0,.436,.385,1.6,1.9,.840,0.3,1.9,2.2,1.7,0.4,0.1,0.8,1.7,7.0,alstora01
3,Chris Andersen,PF,25,DEN,5,0,6.8,0.6,1.8,.333,0.0,0.0,,0.6,1.8,.333,.333,0.0,0.0,,1.2,1.6,2.8,0.4,0.2,0.4,0.4,0.6,1.2,anderch01
4,Kenny Anderson,PG,33,IND,4,0,4.8,0.5,1.8,.286,0.0,0.0,,0.5,1.8,.286,.286,0.0,0.0,,0.0,0.3,0.3,0.3,0.3,0.0,1.3,0.8,1.0,anderke01
5,Shandon Anderson,SG,30,NYK,4,4,29.3,1.8,6.8,.259,0.5,1.8,.286,1.3,5.0,.250,.296,0.3,0.5,.500,1.3,1.0,2.3,2.8,1.0,0.3,2.0,4.8,4.3,andersh01
6,Carmelo Anthony,SF,19,DEN,4,4,35.8,5.3,16.0,.328,0.5,2.8,.182,4.8,13.3,.358,.344,4.0,5.0,.800,1.8,6.5,8.3,2.8,1.3,0.0,4.3,2.8,15.0,anthoca01
7,Brandon Armstrong,SG,23,NJN,8,0,4.0,0.4,1.5,.250,0.0,0.1,.000,0.4,1.4,.273,.250,0.0,0.0,,0.1,0.1,0.3,0.4,0.1,0.0,0.0,0.5,0.8,armstbr01
8,Darrell Armstrong,PG,35,NOH,7,0,21.4,1.1,4.9,.235,0.7,3.6,.200,0.4,1.3,.333,.309,0.4,0.4,1.000,0.9,1.3,2.1,2.3,0.9,0.0,1.9,1.4,3.4,armstda01
9,Chucky Atkins,PG,29,BOS,4,4,33.3,4.3,9.8,.436,0.8,2.5,.300,3.5,7.3,.483,.474,4.3,4.8,.895,0.8,2.8,3.5,3.8,0.8,0.0,2.5,0.5,13.5,atkinch01
10,Stacey Augmon,SF,35,NOH,7,0,24.0,2.6,6.9,.375,0.0,0.1,.000,2.6,6.7,.383,.375,2.3,2.6,.889,0.6,2.1,2.7,1.0,0.9,0.1,1.9,1.9,7.4,augmost01
11,Vin Baker,PF,32,NYK,4,0,14.3,2.0,3.5,.571,0.0,0.0,,2.0,3.5,.571,.571,1.5,2.3,.667,1.5,1.5,3.0,0.3,0.8,0.5,0.5,2.0,5.5,bakervi01
12,Marcus Banks,PG,22,BOS,4,0,15.0,1.8,4.0,.438,0.5,1.3,.400,1.3,2.8,.455,.500,1.0,1.0,1.000,0.3,1.5,1.8,1.8,0.5,0.3,0.8,2.3,5.0,banksma01
13,Dana Barros,SG,36,BOS,1,0,1.0,0.0,1.0,.000,0.0,0.0,,0.0,1.0,.000,.000,0.0,0.0,,0.0,0.0,0.0,0.0,0.0,0.0,0.0,0.0,0.0,barroda01
14,Jon Barry,SG,34,DEN,5,1,20.0,1.6,4.8,.333,0.6,1.8,.333,1.0,3.0,.333,.396,0.4,0.6,.667,0.8,2.8,3.6,2.0,0.6,0.0,0.8,0.8,4.2,barryjo01
15,Shane Battier,SF,25,MEM,4,0,17.3,1.5,3.8,.400,0.8,1.8,.429,0.8,2.0,.375,.500,1.0,1.5,.667,1.5,1.5,3.0,0.3,0.0,0.3,1.0,4.3,4.8,battish01
16,Jonathan Bender,SF,23,IND,16,0,12.5,1.8,4.3,.406,0.6,1.6,.360,1.2,2.8,.432,.471,0.8,1.0,.750,0.6,1.1,1.8,0.4,0.1,0.9,0.8,1.2,4.8,bendejo01
17,Mike Bibby,PG,25,SAC,12,12,41.4,7.0,16.3,.429,2.0,4.6,.436,5.0,11.8,.426,.490,4.0,4.6,.873,0.8,3.4,4.2,7.0,1.9,0.4,2.9,3.3,20.0,bibbymi01
18,Chauncey Billups,PG,27,DET,23,23,38.3,4.8,12.4,.385,1.6,4.7,.346,3.2,7.8,.408,.449,5.3,5.9,.890,0.6,2.4,3.0,5.9,1.3,0.1,2.6,2.5,16.4,billuch01
19,Mark Blount,C,28,BOS,4,4,36.3,4.3,8.8,.486,0.0,0.0,,4.3,8.8,.486,.486,3.5,4.8,.737,2.5,6.8,9.3,1.0,1.5,2.0,2.3,4.3,12.0,blounma01
20,Bruce Bowen,SF,32,SAS,10,10,29.8,2.3,6.3,.365,1.1,2.9,.379,1.2,3.4,.353,.452,0.3,1.3,.231,0.6,2.3,2.9,1.0,0.4,0.3,0.4,2.4,6.0,bowenbr01
21,Ryan Bowen,PF,28,DEN,4,0,1.5,0.3,0.3,1.000,0.0,0.0,,0.3,0.3,1.000,1.000,0.0,0.0,,0.0,0.0,0.0,0.0,0.0,0.0,0.0,0.0,0.5,bowenry01
22,Earl Boykins,SG,27,DEN,5,0,24.2,5.6,12.6,.444,1.0,2.8,.357,4.6,9.8,.469,.484,1.2,1.4,.857,1.2,1.2,2.4,3.8,1.0,0.2,1.2,1.2,13.4,boykiea01
23,Shawn Bradley,C,31,DAL,2,0,1.5,0.0,0.0,,0.0,0.0,,0.0,0.0,,,0.0,0.0,,0.0,0.0,0.0,0.0,0.0,0.0,0.0,0.5,0.0,bradlsh01
24,Devin Brown,SG,25,SAS,9,0,14.4,2.0,4.1,.486,0.7,1.1,.600,1.3,3.0,.444,.568,1.1,1.9,.588,0.4,1.6,2.0,1.0,0.3,0.1,0.8,2.0,5.8,brownde02
25,P.J. Brown,PF,34,NOH,7,7,36.6,3.7,10.1,.366,0.0,0.0,,3.7,10.1,.366,.366,1.4,1.6,.909,4.1,5.6,9.7,2.1,0.4,1.6,1.9,2.3,8.9,brownpj01
26,Kobe Bryant*,SG,25,LAL,22,22,44.2,8.6,20.9,.413,1.1,4.4,.247,7.5,16.5,.457,.439,6.1,7.5,.813,0.8,3.9,4.7,5.5,1.9,0.3,2.8,2.7,24.5,bryanko01
27,Rodney Buford,SF,26,SAC,5,0,6.4,1.0,2.4,.417,0.2,0.6,.333,0.8,1.8,.444,.458,0.2,0.4,.500,0.0,1.0,1.0,0.6,0.4,0.0,0.0,0.4,2.4,buforro01
28,Caron Butler,SF,23,MIA,13,13,39.3,4.5,11.8,.386,0.2,0.8,.182,4.4,10.9,.401,.392,3.6,4.4,.825,1.4,7.1,8.5,2.4,2.2,0.5,1.8,3.5,12.8,butleca01
29,Rasual Butler,SF,24,MIA,10,0,5.8,0.9,2.2,.409,0.3,0.9,.333,0.6,1.3,.462,.477,0.0,0.0,,0.0,1.1,1.1,0.2,0.1,0.0,0.1,1.2,2.1,butlera01
30,Marcus Camby,C,29,DEN,5,5,38.8,5.4,11.0,.491,0.2,0.4,.500,5.2,10.6,.491,.500,1.6,2.8,.571,2.8,8.6,11.4,2.4,0.8,1.4,1.2,4.2,12.6,cambyma01
31,Elden Campbell,C,35,DET,14,0,8.9,0.7,2.5,.286,0.0,0.0,,0.7,2.5,.286,.286,0.7,1.3,.556,0.7,1.1,1.8,0.7,0.4,0.6,0.6,2.0,2.1,campbel01
32,Maurice Carter,SG,27,NOH,1,0,2.0,0.0,1.0,.000,0.0,0.0,,0.0,1.0,.000,.000,0.0,0.0,,0.0,0.0,0.0,0.0,0.0,0.0,0.0,0.0,0.0,cartema01
33,Sam Cassell,PG,34,MIN,16,15,31.1,5.9,12.6,.465,1.6,3.8,.417,4.3,8.9,.486,.527,3.3,3.8,.852,0.2,2.3,2.5,4.4,0.8,0.2,2.7,3.3,16.6,cassesa01
34,Kelvin Cato,PF,29,HOU,5,5,29.6,2.6,4.4,.591,0.0,0.0,,2.6,4.4,.591,.591,0.6,1.4,.429,2.8,4.0,6.8,0.4,1.0,0.8,1.0,3.6,5.8,catoke01
35,Doug Christie,SG,33,SAC,12,12,38.4,4.7,11.8,.397,1.1,2.8,.394,3.6,9.0,.398,.443,3.4,4.0,.854,1.4,4.8,6.2,3.9,1.8,0.4,1.8,2.9,13.8,chrisdo01
36,Jason Collins,C,25,NJN,11,11,24.2,1.3,3.5,.368,0.0,0.0,,1.3,3.5,.368,.368,1.1,1.5,.750,1.6,2.4,4.0,1.5,0.3,0.9,1.4,4.5,3.6,collija04
37,Brian Cook,C,23,LAL,13,0,3.5,0.4,1.2,.333,0.0,0.0,,0.4,1.2,.333,.333,0.2,0.2,1.000,0.2,0.7,0.9,0.1,0.1,0.0,0.2,0.5,0.9,cookbr01
38,Austin Croshere,PF,28,IND,13,2,16.5,1.5,4.2,.345,0.6,1.8,.333,0.8,2.4,.355,.418,1.3,1.6,.810,1.0,2.1,3.1,0.9,0.3,0.2,0.5,1.3,4.8,croshau01
39,Marquis Daniels,SG,23,DAL,5,5,36.8,6.4,15.0,.427,0.2,1.4,.143,6.2,13.6,.456,.433,2.8,4.4,.636,2.0,4.2,6.2,3.0,2.0,0.6,3.0,2.8,15.8,daniema01
40,Baron Davis,PG,24,NOH,7,7,37.1,6.1,16.3,.377,2.3,7.0,.327,3.9,9.3,.415,.447,3.6,4.7,.758,0.9,3.3,4.1,7.0,1.6,0.7,2.7,3.0,18.1,davisba01
41,Ricky Davis,SF,24,BOS,4,0,30.8,4.0,10.0,.400,1.0,2.5,.400,3.0,7.5,.400,.450,2.8,4.0,.688,0.8,2.3,3.0,3.5,0.5,0.0,3.0,1.8,11.8,davisri01
42,Tony Delk,SG,30,DAL,1,0,5.0,0.0,0.0,,0.0,0.0,,0.0,0.0,,,0.0,0.0,,0.0,1.0,1.0,2.0,1.0,0.0,0.0,0.0,0.0,delkto01
43,Vlade Divac*,C,35,SAC,12,12,19.6,2.6,5.9,.437,0.0,0.0,,2.6,5.9,.437,.437,1.4,1.9,.739,1.8,3.1,4.9,1.8,0.3,0.4,1.2,2.6,6.6,divacvl01
44,Michael Doleac,C,26,DEN,5,0,9.8,1.0,2.0,.500,0.0,0.0,,1.0,2.0,.500,.500,0.0,0.0,,0.4,1.0,1.4,0.6,0.0,0.0,0.2,1.6,2.0,doleami01
45,Tim Duncan*,PF,27,SAS,10,10,40.5,8.3,15.9,.522,0.0,0.1,.000,8.3,15.8,.525,.522,5.5,8.7,.632,3.3,8.0,11.3,3.2,0.8,2.0,4.2,3.4,22.1,duncati01
46,Francisco Elson,C,27,DEN,4,0,15.0,1.8,3.0,.583,0.0,0.0,,1.8,3.0,.583,.583,0.3,0.5,.500,0.3,2.0,2.3,0.5,0.5,0.3,0.8,3.5,3.8,elsonfr01
47,Michael Finley,SG,30,DAL,5,5,39.2,5.2,13.6,.382,1.4,5.2,.269,3.8,8.4,.452,.434,1.2,2.0,.600,1.2,2.0,3.2,2.6,0.8,0.6,1.8,1.6,13.0,finlemi01
48,Derek Fisher,SG,29,LAL,22,0,23.0,2.7,6.7,.405,1.0,2.5,.418,1.7,4.2,.398,.483,1.0,1.6,.657,0.5,2.1,2.5,2.2,0.8,0.0,0.9,2.1,7.5,fishede01
49,Jeff Foster,C,27,IND,16,13,19.2,1.6,2.7,.581,0.0,0.1,.000,1.6,2.6,.595,.581,0.5,0.6,.800,2.8,3.8,6.6,0.8,0.8,0.3,0.8,2.3,3.6,fosteje01
50,Rick Fox,SF,34,LAL,16,3,9.1,0.5,1.3,.400,0.1,0.4,.143,0.4,0.8,.538,.425,0.1,0.1,.500,0.4,1.1,1.4,1.1,0.2,0.1,0.6,1.3,1.1,foxri01
51,Steve Francis,PG,26,HOU,5,5,44.4,6.0,14.0,.429,1.4,3.4,.412,4.6,10.6,.434,.479,5.8,8.0,.725,1.2,7.2,8.4,7.6,1.4,0.2,4.2,3.6,19.2,francst01
52,Dan Gadzuric,C,25,MIL,1,0,9.0,2.0,4.0,.500,0.0,0.0,,2.0,4.0,.500,.500,0.0,1.0,.000,0.0,1.0,1.0,2.0,1.0,0.0,0.0,1.0,4.0,gadzuda01
53,Kevin Garnett*,PF,27,MIN,18,18,43.5,9.3,20.7,.452,0.3,0.9,.313,9.1,19.8,.458,.458,5.4,6.9,.776,2.2,12.4,14.6,5.1,1.3,2.3,4.2,3.2,24.3,garneke01
54,Pau Gasol*,PF,23,MEM,4,4,33.5,7.0,12.3,.571,0.0,0.0,,7.0,12.3,.571,.571,4.5,5.0,.900,1.0,4.0,5.0,2.5,1.0,1.5,1.3,2.5,18.5,gasolpa01
55,Devean George,SF,26,LAL,22,19,21.4,2.0,4.5,.430,1.0,2.7,.373,1.0,1.9,.512,.540,0.6,0.9,.650,0.5,1.8,2.3,0.5,1.0,0.4,0.5,2.0,5.5,georgde01
56,Manu Ginóbili*,SG,26,SAS,10,0,28.0,4.2,9.4,.447,1.0,3.5,.286,3.2,5.9,.542,.500,3.6,4.4,.818,1.5,3.8,5.3,3.1,1.7,0.1,2.1,3.0,13.0,ginobma01
57,Brian Grant,C,31,MIA,13,13,30.7,3.2,7.5,.429,0.0,0.1,.000,3.2,7.5,.433,.429,0.6,1.1,.571,3.5,5.2,8.6,0.8,0.5,0.6,1.4,4.0,7.1,grantbr01
58,Marcus Haislip,PF,23,MIL,1,0,3.0,1.0,1.0,1.000,0.0,0.0,,1.0,1.0,1.000,1.000,0.0,0.0,,1.0,0.0,1.0,0.0,0.0,0.0,0.0,0.0,2.0,haislma01
59,Darvin Ham,SF,30,DET,22,0,4.9,0.4,0.7,.500,0.0,0.0,.000,0.4,0.7,.533,.500,0.0,0.0,,0.4,0.3,0.6,0.0,0.1,0.2,0.4,0.9,0.7,hamda01
60,Richard Hamilton,SG,25,DET,23,23,40.2,7.9,17.6,.447,0.7,1.7,.385,7.2,15.9,.454,.465,5.1,6.0,.848,1.4,3.2,4.6,4.2,1.2,0.0,3.1,3.1,21.5,hamilri01
61,Anfernee Hardaway,SG,32,NYK,4,3,42.0,5.8,15.8,.365,1.3,3.5,.357,4.5,12.3,.367,.405,3.8,4.5,.833,1.0,3.5,4.5,5.8,1.5,0.3,2.5,2.0,16.5,hardaan01
62,Al Harrington,PF,23,IND,16,2,26.7,3.8,8.8,.429,0.1,0.3,.400,3.6,8.4,.430,.436,1.9,3.4,.545,2.1,4.3,6.4,0.8,1.4,0.6,1.8,3.5,9.5,harrial01
63,Lucious Harris,PG,33,NJN,11,0,16.5,1.7,4.5,.388,0.3,1.1,.250,1.5,3.4,.432,.418,1.3,1.6,.778,0.9,1.1,2.0,0.9,0.6,0.1,0.5,1.5,5.0,harrilu01
64,Jason Hart,PG,25,SAS,7,0,8.9,1.6,2.9,.550,0.0,0.0,,1.6,2.9,.550,.550,0.0,0.0,,0.0,0.4,0.4,0.1,0.7,0.0,0.1,0.7,3.1,hartja01
65,Udonis Haslem,PF,23,MIA,13,0,15.3,1.0,2.5,.394,0.0,0.0,,1.0,2.5,.394,.394,1.6,2.4,.677,1.4,2.0,3.4,0.2,0.4,0.2,0.2,1.7,3.6,hasleud01
66,Trenton Hassell,SG,24,MIN,18,18,26.2,3.4,6.6,.521,0.1,0.1,.500,3.4,6.5,.521,.525,0.7,0.9,.813,1.2,1.3,2.4,1.5,0.6,0.4,0.9,2.3,7.7,hassetr01
67,Nenê,PF,21,DEN,5,5,26.4,3.2,7.2,.444,0.0,0.0,,3.2,7.2,.444,.444,1.4,2.6,.538,2.4,2.6,5.0,3.0,1.0,0.6,1.8,4.4,7.8,hilarne01
68,Fred Hoiberg,SG,31,MIN,18,0,24.3,2.2,4.8,.453,1.2,2.7,.458,0.9,2.1,.447,.581,0.8,0.9,.938,0.5,3.2,3.7,1.3,0.9,0.0,0.4,1.6,6.4,hoibefr01
69,Robert Horry,PF,33,SAS,10,0,21.1,2.0,4.3,.465,0.8,2.2,.364,1.2,2.1,.571,.558,1.3,1.4,.929,2.5,3.8,6.3,0.9,0.8,0.2,1.0,3.1,6.1,horryro01
70,Josh Howard,SF,23,DAL,5,0,17.2,1.6,7.2,.222,0.2,1.0,.200,1.4,6.2,.226,.236,2.0,2.2,.909,3.4,3.0,6.4,0.8,1.2,1.2,1.4,2.4,5.4,howarjo01
71,Ryan Humphrey,PF,24,MEM,3,0,1.7,0.3,0.3,1.000,0.0,0.0,,0.3,0.3,1.000,1.000,0.0,0.0,,0.3,0.3,0.7,0.0,0.0,0.0,0.0,0.0,0.7,humphry01
72,Brandon Hunter,PF,23,BOS,3,0,3.3,0.3,0.3,1.000,0.0,0.0,,0.3,0.3,1.000,1.000,0.0,0.0,,0.7,0.3,1.0,0.3,0.0,0.3,0.3,0.7,0.7,huntebr01
73,Lindsey Hunter,SG,33,DET,23,0,11.9,0.8,2.8,.292,0.3,1.3,.233,0.5,1.5,.343,.346,0.5,0.5,.917,0.2,1.2,1.4,0.9,0.8,0.2,0.6,1.8,2.4,hunteli01
74,Jim Jackson,SF,33,HOU,5,5,44.2,5.8,14.6,.397,1.6,5.8,.276,4.2,8.8,.477,.452,1.6,2.4,.667,0.6,9.8,10.4,2.0,1.0,0.2,1.8,1.8,14.8,jacksji01
75,Mark Jackson,PG,38,HOU,5,0,7.6,0.2,1.2,.167,0.0,0.6,.000,0.2,0.6,.333,.167,0.0,0.0,,0.0,0.6,0.6,1.0,0.4,0.0,0.4,0.2,0.4,jacksma01
76,Mike James,PG,28,DET,22,0,8.9,1.0,2.4,.396,0.3,0.6,.429,0.7,1.8,.385,.453,0.4,0.7,.563,0.3,0.9,1.2,1.1,0.2,0.0,0.7,1.0,2.6,jamesmi01
77,Antawn Jamison,SF,27,DAL,5,0,21.8,5.2,11.4,.456,0.4,1.6,.250,4.8,9.8,.490,.474,2.2,3.0,.733,3.0,2.0,5.0,0.4,1.0,0.4,1.0,3.0,13.0,jamisan01
78,Richard Jefferson,SF,23,NJN,11,11,41.8,6.0,14.4,.418,0.8,3.0,.273,5.2,11.4,.456,.446,7.0,9.8,.713,1.3,5.0,6.3,3.8,1.3,0.7,3.9,3.2,19.8,jefferi01
79,Anthony Johnson,PG,29,IND,16,0,20.8,1.6,4.3,.362,0.4,1.3,.300,1.2,3.1,.388,.406,1.1,1.4,.773,0.4,1.7,2.1,2.1,0.8,0.3,0.7,2.1,4.6,johnsan02
80,DerMarr Johnson,SF,23,NYK,3,0,5.7,0.0,1.7,.000,0.0,1.0,.000,0.0,0.7,.000,.000,0.0,0.0,,0.0,0.7,0.7,0.7,0.0,0.3,0.0,0.7,0.0,johnsde03
81,Ervin Johnson,C,36,MIN,18,16,19.8,1.1,2.1,.500,0.0,0.0,,1.1,2.1,.500,.500,0.6,0.9,.625,1.5,3.2,4.7,0.7,0.6,0.6,0.3,3.1,2.7,johnser02
82,Damon Jones,PG,27,MIL,5,5,28.8,3.6,6.8,.529,2.0,4.2,.476,1.6,2.6,.615,.676,0.8,1.2,.667,0.4,3.6,4.0,7.4,1.0,0.0,1.8,2.8,10.0,jonesda01
83,Eddie Jones,SG,32,MIA,13,13,36.8,4.3,11.8,.366,1.5,5.2,.299,2.8,6.6,.419,.431,3.1,3.8,.800,0.2,3.4,3.6,2.2,1.4,0.8,1.5,2.8,13.2,jonesed02
84,Fred Jones,SG,24,IND,14,0,18.8,1.8,3.6,.490,0.8,1.6,.500,1.0,2.1,.483,.598,0.4,0.5,.714,0.2,2.1,2.4,1.1,0.5,0.5,0.6,2.2,4.7,jonesfr01
85,Jumaine Jones,SG,24,BOS,2,0,14.0,1.0,3.0,.333,0.0,1.0,.000,1.0,2.0,.500,.333,0.0,0.0,,0.5,2.0,2.5,1.0,0.0,0.0,0.0,2.0,2.0,jonesju01
86,Jason Kidd*,PG,30,NJN,11,11,43.1,3.9,11.7,.333,0.9,4.4,.208,3.0,7.4,.407,.372,3.9,4.8,.811,1.5,5.2,6.6,9.0,2.3,0.5,3.9,1.4,12.6,kiddja01
87,Kerry Kittles,SG,29,NJN,11,11,37.7,5.5,12.2,.448,1.5,4.7,.327,3.9,7.5,.524,.511,1.9,3.1,.618,0.9,3.4,4.3,2.1,2.0,0.9,1.0,2.5,14.4,kittlke01
88,Brevin Knight,PG,28,MIL,5,0,20.2,1.2,4.6,.261,0.0,0.0,,1.2,4.6,.261,.261,1.8,2.2,.818,0.6,1.6,2.2,3.4,2.8,0.2,1.4,2.4,4.2,knighbr01
89,Toni Kukoč*,PF,35,MIL,5,0,21.0,3.4,6.8,.500,0.8,2.4,.333,2.6,4.4,.591,.559,0.8,1.6,.500,0.8,2.0,2.8,0.8,0.6,0.4,1.2,2.2,8.4,kukocto01
90,Voshon Lenard,SG,30,DEN,5,5,32.2,6.4,15.0,.427,2.2,4.8,.458,4.2,10.2,.412,.500,2.0,2.8,.714,0.8,1.8,2.6,2.4,0.8,0.0,1.8,2.6,17.0,lenarvo01
91,George Lynch,SF,33,NOH,7,7,21.0,3.6,8.1,.439,0.4,1.7,.250,3.1,6.4,.489,.465,0.7,1.1,.625,1.9,3.4,5.3,1.7,0.4,0.4,1.0,2.1,8.3,lynchge01
92,Mark Madsen,C,28,MIN,17,0,13.1,1.0,1.9,.531,0.0,0.0,,1.0,1.9,.531,.531,0.8,1.7,.448,1.6,1.8,3.4,0.1,0.3,0.2,0.4,2.5,2.8,madsema01
93,Jamaal Magloire,C,25,NOH,7,7,34.1,4.0,9.6,.418,0.0,0.1,.000,4.0,9.4,.424,.418,3.0,4.0,.750,2.3,6.9,9.1,0.7,0.4,1.0,1.6,3.1,11.0,magloja01
94,Karl Malone*,PF,40,LAL,21,21,38.0,4.7,10.4,.450,0.0,0.0,.000,4.7,10.3,.452,.450,2.2,3.5,.630,1.8,7.0,8.8,3.4,1.1,0.1,2.2,3.1,11.5,malonka01
95,Stephon Marbury,PG,26,NYK,4,4,43.5,7.8,20.8,.373,1.5,5.0,.300,6.3,15.8,.397,.410,4.3,6.3,.680,1.3,3.0,4.3,6.5,1.8,0.0,3.5,2.3,21.3,marbust01
96,Darrick Martin,PG,32,MIN,16,3,11.4,0.9,3.2,.275,0.4,1.3,.300,0.5,1.9,.258,.333,1.0,1.3,.800,0.3,0.6,0.9,1.4,0.3,0.0,0.5,1.1,3.1,martida01
97,Kenyon Martin,PF,26,NJN,11,11,37.2,7.4,13.8,.533,0.0,0.4,.000,7.4,13.5,.547,.533,4.4,5.8,.750,2.3,8.7,11.0,1.1,1.2,1.3,2.9,4.5,19.1,martike01
98,Desmond Mason,SF,26,MIL,5,5,39.6,5.0,14.8,.338,0.0,0.4,.000,5.0,14.4,.347,.338,4.4,5.2,.846,0.8,4.0,4.8,2.4,0.8,0.4,2.4,3.2,14.4,masonde01
99,Walter McCarty,PF,29,BOS,4,4,31.8,2.8,5.8,.478,1.5,3.8,.400,1.3,2.0,.625,.609,0.0,0.0,,0.8,4.5,5.3,2.0,0.5,0.5,1.0,1.8,7.0,mccarwa01
100,Stanislav Medvedenko,PF,24,LAL,21,1,11.3,1.6,3.6,.440,0.0,0.0,,1.6,3.6,.440,.440,0.8,1.0,.810,1.1,1.4,2.5,0.5,0.2,0.2,0.2,2.4,4.0,medvest01
101,Chris Mihm,C,24,BOS,4,0,16.3,1.8,5.5,.318,0.0,0.0,,1.8,5.5,.318,.318,1.5,2.5,.600,2.0,2.5,4.5,0.0,1.0,1.0,0.8,3.0,5.0,mihmch01
102,Darko Miličić,C,18,DET,8,0,1.8,0.0,0.5,.000,0.0,0.0,,0.0,0.5,.000,.000,0.1,0.5,.250,0.1,0.3,0.4,0.1,0.1,0.0,0.4,0.1,0.1,milicda01
103,Andre Miller,PG,27,DEN,5,5,34.8,6.8,14.4,.472,0.0,0.4,.000,6.8,14.0,.486,.472,1.8,2.2,.818,3.0,1.6,4.6,3.2,1.6,0.0,2.0,3.2,15.4,millean02
104,Brad Miller,PF,27,SAC,12,0,30.5,4.0,7.6,.527,0.1,0.6,.143,3.9,7.0,.560,.533,2.4,4.0,.604,2.5,6.2,8.7,3.2,0.8,0.9,1.7,3.8,10.5,millebr01
105,Mike Miller,SF,23,MEM,4,4,24.5,3.0,8.5,.353,1.3,3.3,.385,1.8,5.3,.333,.426,0.3,0.8,.333,0.0,3.0,3.0,0.8,1.3,0.0,1.3,1.0,7.5,millemi01
106,Oliver Miller,C,33,MIN,8,0,3.9,0.1,0.5,.250,0.0,0.0,,0.1,0.5,.250,.250,0.1,0.3,.500,0.0,0.6,0.6,0.1,0.0,0.4,0.4,1.6,0.4,milleol01
107,Reggie Miller*,SG,38,IND,16,16,28.4,2.8,7.0,.402,1.5,4.0,.375,1.3,3.0,.438,.509,2.9,3.2,.922,0.2,2.1,2.3,2.8,1.1,0.2,1.8,1.4,10.1,millere01
108,Yao Ming*,C,23,HOU,5,5,37.0,6.2,13.6,.456,0.0,0.0,,6.2,13.6,.456,.456,2.6,3.4,.765,2.2,5.2,7.4,1.8,0.4,1.4,2.6,4.0,15.0,mingya01
109,Cuttino Mobley,SG,28,HOU,5,5,42.0,5.8,15.0,.387,1.2,4.2,.286,4.6,10.8,.426,.427,1.6,2.0,.800,1.0,3.8,4.8,2.8,0.6,0.6,3.6,2.8,14.4,moblecu01
110,Nazr Mohammed,C,26,NYK,4,4,24.3,3.8,7.5,.500,0.0,0.0,,3.8,7.5,.500,.500,2.8,4.0,.688,2.5,3.3,5.8,0.3,1.5,0.8,1.8,4.5,10.3,mohamna01
111,Dikembe Mutombo*,C,37,NYK,3,0,12.7,0.7,2.0,.333,0.0,0.0,,0.7,2.0,.333,.333,1.0,1.0,1.000,1.3,2.0,3.3,0.0,0.3,1.3,1.0,2.0,2.3,mutomdi01
112,Boštjan Nachbar,SF,23,HOU,5,0,8.2,0.8,1.8,.444,0.2,0.6,.333,0.6,1.2,.500,.500,1.0,1.0,1.000,0.2,1.0,1.2,0.4,0.2,0.0,0.4,1.8,2.8,nachbbo01
113,Eduardo Nájera,SF,27,DAL,5,0,11.4,1.0,2.2,.455,0.0,0.0,,1.0,2.2,.455,.455,0.4,0.4,1.000,2.0,1.4,3.4,0.6,0.6,0.4,0.4,2.4,2.4,najered01
114,Steve Nash*,PG,29,DAL,5,5,39.4,5.4,14.0,.386,1.2,3.2,.375,4.2,10.8,.389,.429,1.6,1.8,.889,1.2,4.0,5.2,9.0,0.8,0.0,2.4,2.8,13.6,nashst01
115,Rasho Nesterović,C,27,SAS,10,10,26.1,2.9,6.7,.433,0.0,0.1,.000,2.9,6.6,.439,.433,0.1,0.6,.167,2.1,3.4,5.5,1.0,0.3,1.1,0.8,3.8,5.9,nestera01
116,Dirk Nowitzki*,C,25,DAL,5,5,42.4,9.0,20.0,.450,1.4,3.0,.467,7.6,17.0,.447,.485,7.2,8.4,.857,2.6,9.2,11.8,1.4,1.4,2.6,1.2,3.2,26.6,nowitdi01
117,Jermaine O'Neal,PF,25,IND,16,16,37.8,7.2,17.0,.423,0.0,0.3,.000,7.2,16.8,.429,.423,4.8,6.9,.700,1.8,7.3,9.1,1.2,0.5,2.3,1.8,3.3,19.2,onealje01
118,Shaquille O'Neal*,C,31,LAL,22,22,41.7,8.3,14.0,.593,0.0,0.0,,8.3,14.0,.593,.593,5.0,11.5,.429,4.1,9.1,13.2,2.5,0.3,2.8,2.5,4.1,21.5,onealsh01
119,Lamar Odom,PF,24,MIA,13,13,39.4,6.2,14.0,.445,0.6,2.0,.308,5.6,12.0,.468,.467,3.8,5.5,.681,2.5,5.8,8.3,2.8,1.2,0.8,3.2,4.5,16.8,odomla01
120,Mehmet Okur,PF,24,DET,22,0,11.5,1.4,3.0,.470,0.1,0.2,.400,1.3,2.8,.475,.485,0.8,1.2,.692,0.7,2.0,2.8,0.4,0.2,0.4,0.7,0.9,3.7,okurme01
121,Michael Olowokandi,C,28,MIN,15,2,14.9,0.8,2.5,.324,0.0,0.1,.000,0.8,2.4,.333,.324,0.5,0.5,.875,1.1,2.4,3.5,0.1,0.1,0.7,1.1,3.3,2.1,olowomi01
122,Bo Outlaw,PF,32,MEM,4,0,15.3,0.0,1.8,.000,0.0,0.0,,0.0,1.8,.000,.000,0.5,1.0,.500,0.3,0.8,1.0,1.5,0.5,0.5,0.8,2.3,0.5,outlabo01
123,Scott Padgett,PF,27,HOU,4,0,3.5,0.5,1.3,.400,0.3,0.8,.333,0.3,0.5,.500,.500,0.0,0.0,,0.3,0.5,0.8,0.0,0.3,0.3,0.3,0.3,1.3,padgesc01
124,Tony Parker*,PG,21,SAS,10,10,38.6,7.2,16.8,.429,1.7,4.3,.395,5.5,12.5,.440,.479,2.3,3.5,.657,0.5,1.6,2.1,7.0,1.3,0.1,3.1,1.5,18.4,parketo01
125,Gary Payton*,PG,35,LAL,22,22,35.1,3.1,8.5,.366,0.6,2.5,.250,2.5,5.9,.415,.403,1.0,1.3,.750,0.9,2.4,3.3,5.3,1.0,0.2,1.3,2.7,7.8,paytoga01
126,Anthony Peeler,SG,34,SAC,11,0,21.5,1.7,5.7,.302,0.6,2.4,.269,1.1,3.4,.324,.357,0.5,0.5,.833,0.6,2.5,3.2,1.4,1.3,0.2,1.3,1.7,4.5,peelean01
127,Eric Piatkowski,SF,33,HOU,1,0,4.0,0.0,1.0,.000,0.0,0.0,,0.0,1.0,.000,.000,0.0,0.0,,0.0,1.0,1.0,0.0,0.0,0.0,0.0,1.0,0.0,piatker01
128,Paul Pierce*,SG,26,BOS,4,4,40.5,6.5,19.0,.342,1.3,4.3,.294,5.3,14.8,.356,.375,6.5,7.8,.839,1.5,7.3,8.8,2.5,1.3,1.0,6.3,3.0,20.8,piercpa01
129,Zoran Planinić,SG,21,NJN,6,0,2.5,0.0,0.3,.000,0.0,0.2,.000,0.0,0.2,.000,.000,0.2,0.3,.500,0.0,0.2,0.2,0.3,0.0,0.0,0.3,0.3,0.2,planizo01
130,Scot Pollard,C,28,IND,3,0,4.3,0.0,0.7,.000,0.0,0.0,,0.0,0.7,.000,.000,0.7,1.3,.500,0.3,1.0,1.3,0.0,0.3,0.0,0.0,0.7,0.7,pollasc01
131,James Posey,SG,27,MEM,4,4,32.5,3.8,9.3,.405,0.3,1.5,.167,3.5,7.8,.452,.419,4.8,5.3,.905,2.0,3.5,5.5,1.0,2.3,0.5,1.5,3.3,12.5,poseyja01
132,Tayshaun Prince,SF,23,DET,23,23,34.6,3.8,9.2,.410,0.6,2.1,.265,3.2,7.1,.454,.441,1.8,2.4,.745,1.8,4.2,6.0,2.3,1.1,1.3,0.8,2.7,9.9,princta01
133,Michael Redd,SG,24,MIL,5,5,38.4,6.8,16.6,.410,1.2,4.0,.300,5.6,12.6,.444,.446,3.2,4.2,.762,1.2,3.8,5.0,2.6,0.0,0.0,3.8,3.2,18.0,reddmi01
134,Rodney Rogers,PF,32,NJN,11,0,20.7,2.1,6.5,.319,0.5,2.0,.227,1.6,4.5,.360,.354,1.5,1.8,.800,0.8,4.2,5.0,1.1,0.5,0.3,1.5,2.8,6.1,rogerro01
135,Malik Rose,PF,29,SAS,7,0,8.3,0.6,2.3,.250,0.0,0.3,.000,0.6,2.0,.286,.250,0.3,0.6,.500,1.7,0.7,2.4,0.9,0.6,0.3,1.1,0.9,1.4,rosema01
136,Kareem Rush,SG,23,LAL,22,0,14.3,1.4,3.5,.385,0.9,2.3,.400,0.5,1.3,.357,.513,0.1,0.1,.667,0.0,0.7,0.7,0.8,0.5,0.1,0.6,1.5,3.7,rushka01
137,Bryon Russell,SF,33,LAL,6,0,2.7,0.0,0.5,.000,0.0,0.3,.000,0.0,0.2,.000,.000,0.0,0.0,,0.2,0.0,0.2,0.3,0.2,0.0,0.0,0.3,0.0,russebr01
138,Daniel Santiago,C,27,MIL,1,0,1.0,0.0,0.0,,0.0,0.0,,0.0,0.0,,,0.0,0.0,,0.0,0.0,0.0,0.0,0.0,0.0,0.0,1.0,0.0,santida01
139,Brian Scalabrine,PF,25,NJN,9,0,8.1,1.2,1.9,.647,0.6,0.7,.833,0.7,1.2,.545,.794,0.3,0.7,.500,0.8,0.6,1.3,0.1,0.3,0.0,0.4,1.7,3.3,scalabr01
140,Brian Skinner,C,27,MIL,5,3,18.8,2.2,4.2,.524,0.0,0.0,,2.2,4.2,.524,.524,1.0,2.4,.417,1.6,2.8,4.4,0.0,0.2,0.6,1.4,1.6,5.4,skinnbr01
141,Tamar Slay,SG,23,NJN,6,0,2.0,0.2,0.8,.200,0.0,0.2,.000,0.2,0.7,.250,.200,0.3,0.3,1.000,0.0,0.3,0.3,0.0,0.2,0.0,0.0,0.0,0.7,slayta01
142,Jabari Smith,C,26,SAC,4,0,2.5,0.3,0.5,.500,0.0,0.0,,0.3,0.5,.500,.500,0.8,1.0,.750,0.3,0.5,0.8,0.0,0.0,0.3,0.0,0.5,1.3,smithja01
143,Joe Smith,PF,28,MIL,5,5,35.0,5.4,11.0,.491,0.0,0.2,.000,5.4,10.8,.500,.491,2.4,2.6,.923,4.6,5.4,10.0,0.4,0.8,2.0,1.2,3.0,13.2,smithjo02
144,Steve Smith,SG,34,NOH,5,0,9.2,2.4,5.2,.462,1.2,2.2,.545,1.2,3.0,.400,.577,0.4,0.6,.667,0.4,1.2,1.6,0.2,0.0,0.0,0.6,1.0,6.4,smithst01
145,Darius Songaila,PF,25,SAC,7,0,12.1,1.4,2.3,.625,0.0,0.0,,1.4,2.3,.625,.625,0.9,0.9,1.000,0.9,1.0,1.9,0.3,0.0,0.1,0.7,2.0,3.7,songada01
146,Latrell Sprewell,SF,33,MIN,18,18,42.8,7.2,17.2,.421,2.1,5.3,.385,5.2,11.8,.437,.481,3.3,4.3,.779,0.6,3.8,4.4,4.0,1.6,0.7,2.6,1.9,19.8,sprewla01
147,Michael Stewart,C,28,BOS,1,0,2.0,0.0,0.0,,0.0,0.0,,0.0,0.0,,,0.0,0.0,,0.0,0.0,0.0,0.0,0.0,0.0,0.0,2.0,0.0,stewami01
148,Peja Stojaković,SF,26,SAC,12,12,43.1,6.3,16.5,.384,1.9,6.1,.315,4.4,10.4,.424,.442,2.9,3.3,.897,1.3,5.8,7.0,1.5,1.8,0.3,1.2,2.2,17.5,stojape01
149,Erick Strickland,PG,30,MIL,3,0,13.7,1.7,4.0,.417,0.0,1.7,.000,1.7,2.3,.714,.417,1.3,1.3,1.000,0.0,1.7,1.7,3.0,0.7,0.0,1.0,1.0,4.7,stricer01
150,Mike Sweetney,PF,21,NYK,4,0,14.3,1.5,2.8,.545,0.0,0.0,,1.5,2.8,.545,.545,1.0,1.5,.667,1.0,1.5,2.5,0.0,0.0,0.3,0.0,1.8,4.0,sweetmi01
151,Stromile Swift,PF,24,MEM,4,0,18.5,2.3,6.5,.346,0.0,0.0,,2.3,6.5,.346,.346,1.5,2.0,.750,1.5,3.3,4.8,0.8,0.8,1.5,0.8,1.5,6.0,swiftst01
152,Wally Szczerbiak,SF,26,MIN,12,0,24.8,3.9,9.3,.420,0.8,2.4,.345,3.1,6.9,.446,.464,3.2,3.4,.927,0.8,2.5,3.3,1.7,0.5,0.2,2.0,2.6,11.8,szczewa02
153,Maurice Taylor,PF,27,HOU,5,0,23.0,3.6,7.6,.474,0.0,0.0,,3.6,7.6,.474,.474,2.6,3.4,.765,1.0,2.2,3.2,1.0,0.0,0.2,1.4,4.0,9.8,tayloma01
154,Kurt Thomas,PF,31,NYK,4,4,34.8,5.3,12.3,.429,0.0,0.0,,5.3,12.3,.429,.429,2.3,3.0,.750,2.3,9.3,11.5,1.5,1.8,0.8,2.5,4.3,12.8,thomaku01
155,Tim Thomas,SF,26,NYK,1,1,22.0,4.0,10.0,.400,0.0,1.0,.000,4.0,9.0,.444,.400,4.0,5.0,.800,1.0,4.0,5.0,3.0,0.0,0.0,2.0,5.0,12.0,thomati01
156,Jamaal Tinsley,PG,25,IND,16,16,26.4,3.1,7.7,.398,1.0,3.4,.296,2.1,4.3,.478,.463,0.9,1.0,.938,0.4,2.5,2.9,5.0,1.8,0.2,1.9,3.5,8.1,tinslja01
157,Robert Traylor,C,26,NOH,4,0,10.0,1.0,2.3,.444,0.0,0.0,,1.0,2.3,.444,.444,0.5,0.8,.667,0.3,2.3,2.5,0.3,0.8,0.3,0.5,2.0,2.5,traylro01
158,Gary Trent,C,29,MIN,13,0,5.5,0.6,1.9,.320,0.0,0.2,.000,0.6,1.8,.348,.320,0.4,0.6,.625,0.5,0.5,0.9,0.2,0.0,0.0,0.2,0.8,1.6,trentga01
159,Jake Tsakalidis,C,24,MEM,1,0,3.0,0.0,0.0,,0.0,0.0,,0.0,0.0,,,2.0,2.0,1.000,0.0,0.0,0.0,0.0,0.0,0.0,3.0,0.0,2.0,tsakaja01
160,Hedo Türkoğlu,SF,24,SAS,10,10,27.1,2.6,8.1,.321,1.4,4.2,.333,1.2,3.9,.308,.407,1.1,1.8,.611,0.5,4.0,4.5,1.5,0.9,0.1,1.6,2.0,7.7,turkohe01
161,Keith Van Horn,SF,28,MIL,5,2,27.4,3.2,9.6,.333,0.8,2.2,.364,2.4,7.4,.324,.375,0.8,1.2,.667,1.0,3.6,4.6,1.4,1.4,0.6,2.0,3.0,8.0,vanhoke01
162,Dwyane Wade*,PG,22,MIA,13,13,39.2,6.6,14.5,.455,0.2,0.6,.375,6.4,13.9,.459,.463,4.5,5.8,.787,1.2,2.8,4.0,5.6,1.3,0.3,4.2,3.5,18.0,wadedw01
163,Antoine Walker,PF,27,DAL,5,5,28.0,4.4,12.2,.361,0.2,2.0,.100,4.2,10.2,.412,.369,0.8,1.4,.571,4.6,5.4,10.0,2.4,1.2,0.6,1.8,2.6,9.8,walkean02
164,Samaki Walker,PF,27,MIA,4,0,2.8,0.0,0.5,.000,0.0,0.0,,0.0,0.5,.000,.000,0.0,0.0,,0.0,0.3,0.3,0.0,0.0,0.0,0.0,0.5,0.0,walkesa01
165,Ben Wallace*,C,29,DET,23,23,40.2,4.0,8.9,.454,0.0,0.1,.000,4.0,8.8,.460,.454,2.2,5.1,.427,4.1,10.1,14.3,1.9,1.9,2.4,1.6,2.5,10.3,wallabe01
166,Gerald Wallace,SF,21,SAC,3,0,6.7,1.0,2.0,.500,0.0,0.0,,1.0,2.0,.500,.500,0.3,0.7,.500,0.0,0.7,0.7,0.3,0.3,0.3,1.0,1.3,2.3,wallage01
167,Rasheed Wallace,PF,29,DET,23,23,34.9,5.1,12.4,.413,0.7,3.0,.243,4.4,9.4,.468,.442,2.0,2.6,.767,2.0,5.7,7.8,1.6,0.6,2.0,1.9,3.4,13.0,wallara01
168,Luke Walton,PF,23,LAL,17,0,7.9,0.6,1.7,.345,0.3,0.8,.385,0.3,0.9,.313,.431,0.4,0.6,.700,0.3,1.0,1.3,1.5,0.4,0.1,0.8,1.4,1.9,waltolu01
169,Charlie Ward,PG,33,SAS,5,0,2.6,0.8,1.2,.667,0.6,0.6,1.000,0.2,0.6,.333,.917,0.0,0.0,,0.0,0.0,0.0,0.2,0.4,0.0,0.4,0.4,2.2,wardch01
170,Earl Watson,PG,24,MEM,4,0,15.5,2.0,3.8,.533,0.0,0.8,.000,2.0,3.0,.667,.533,0.8,0.8,1.000,1.0,1.3,2.3,1.8,1.3,0.0,1.5,2.0,4.8,watsoea01
171,Clarence Weatherspoon,PF,33,HOU,2,0,11.0,1.0,2.5,.400,0.0,0.0,,1.0,2.5,.400,.400,1.5,3.0,.500,1.0,1.0,2.0,0.0,0.0,0.0,0.0,1.5,3.5,weathcl01
172,Chris Webber*,PF,30,SAC,12,12,37.2,7.5,16.6,.452,0.1,0.3,.250,7.4,16.3,.456,.455,3.3,5.4,.615,2.0,6.3,8.3,3.7,1.3,0.8,3.2,2.8,18.4,webbech01
173,Bonzi Wells,SG,27,MEM,4,0,23.5,4.8,9.3,.514,0.0,0.3,.000,4.8,9.0,.528,.514,2.3,3.5,.643,0.5,2.5,3.0,1.0,1.0,0.3,2.3,2.0,11.8,wellsbo01
174,Jiří Welsch,SG,24,BOS,4,4,26.0,2.8,5.8,.478,0.3,1.0,.250,2.5,4.8,.526,.500,2.3,2.3,1.000,0.0,3.0,3.0,2.3,0.5,0.0,2.0,1.8,8.0,welscji01
175,David Wesley,SG,33,NOH,7,7,34.7,3.4,10.6,.324,1.6,4.3,.367,1.9,6.3,.295,.399,2.1,3.0,.714,0.1,2.1,2.3,2.4,0.7,0.0,2.3,3.0,10.6,wesleda01
176,David West,PF,23,NOH,7,0,15.9,2.1,4.0,.536,0.0,0.0,,2.1,4.0,.536,.536,1.6,1.9,.846,1.1,3.1,4.3,1.1,0.3,0.6,1.0,1.4,5.9,westda01
177,Rodney White,SF,23,DEN,4,0,6.5,1.0,3.8,.267,0.0,0.8,.000,1.0,3.0,.333,.267,0.0,0.0,,0.3,1.0,1.3,0.0,0.5,0.0,0.5,0.8,2.0,whitero02
178,Mike Wilks,PG,24,HOU,2,0,2.5,0.0,0.0,,0.0,0.0,,0.0,0.0,,,0.0,0.0,,0.0,0.0,0.0,0.5,0.0,0.0,0.5,0.0,0.0,wilksmi01
179,Aaron Williams,C,32,NJN,11,0,13.5,1.6,3.0,.545,0.0,0.0,,1.6,3.0,.545,.545,0.5,0.9,.600,0.6,1.4,2.0,0.4,0.0,0.6,1.4,3.7,3.8,williaa01
180,Frank Williams,PG,23,NYK,4,0,18.5,1.5,5.5,.273,1.0,3.3,.308,0.5,2.3,.222,.364,0.8,1.3,.600,0.3,0.3,0.5,1.3,0.8,0.0,1.0,3.3,4.8,willifr02
181,Jason Williams,PG,28,MEM,4,4,32.5,3.8,11.5,.326,1.5,5.3,.286,2.3,6.3,.360,.391,1.8,1.8,1.000,0.3,2.0,2.3,4.5,0.5,0.0,1.8,2.5,10.8,willija02
182,Scott Williams,C,35,DAL,3,0,3.7,0.0,1.3,.000,0.0,0.0,,0.0,1.3,.000,.000,0.0,0.0,,0.7,0.7,1.3,0.0,0.0,0.3,0.0,1.0,0.0,willisc01
183,Shammond Williams,PG,28,NOH,3,0,6.0,0.7,1.7,.400,0.0,0.3,.000,0.7,1.3,.500,.400,1.0,1.3,.750,0.0,0.0,0.0,1.3,0.3,0.0,1.3,1.7,2.3,willish01
184,Corliss Williamson,PF,30,DET,22,0,14.9,2.0,5.5,.364,0.0,0.0,.000,2.0,5.5,.367,.364,1.7,2.1,.809,0.9,1.3,2.2,0.7,0.3,0.1,1.1,2.7,5.7,willico02
185,Kevin Willis,C,41,SAS,7,0,3.6,0.4,1.1,.375,0.0,0.1,.000,0.4,1.0,.429,.375,0.0,0.1,.000,0.0,0.9,0.9,0.0,0.1,0.0,0.0,0.7,0.9,willike02
186,Loren Woods,C,25,MIA,1,0,2.0,0.0,0.0,,0.0,0.0,,0.0,0.0,,,0.0,0.0,,0.0,0.0,0.0,0.0,0.0,0.0,0.0,0.0,0.0,woodslo01
187,Metta World Peace,SF,24,IND,15,15,38.9,6.5,17.3,.378,1.3,4.4,.288,5.3,12.9,.409,.415,4.1,5.7,.718,1.6,4.9,6.5,3.2,1.4,1.1,2.5,3.0,18.4,artesro01
188,Lorenzen Wright,C,28,MEM,4,4,25.0,2.5,5.8,.435,0.0,0.0,,2.5,5.8,.435,.435,0.5,1.5,.333,1.3,3.0,4.3,0.5,1.0,0.5,1.3,3.8,5.5,wrighlo02
189,Wang Zhizhi,C,26,MIA,3,0,2.3,0.0,0.0,,0.0,0.0,,0.0,0.0,,,0.0,0.0,,0.0,0.0,0.0,0.3,0.0,0.0,0.3,0.3,0.0,zhizhwa01