Rk,Player,Pos,Age,Tm,G,GS,MP,FG,FGA,FG%,3P,3PA,3P%,2P,2PA,2P%,eFG%,FT,FTA,FT%,ORB,DRB,TRB,AST,STL,BLK,TOV,PF,PTS,Player-additional
1,Ray Allen*,SG,29,SEA,11,11,39.6,9.3,19.5,.474,2.8,7.5,.378,6.5,12.1,.534,.547,5.1,5.7,.889,1.1,3.2,4.3,3.9,1.3,0.4,3.1,2.0,26.5,allenra02
2,Tony Allen,SG,23,BOS,7,3,12.9,1.1,2.6,.444,0.0,0.0,,1.1,2.6,.444,.444,0.4,1.0,.429,0.6,1.1,1.7,0.3,0.4,0.3,0.7,2.4,2.7,allento01
3,Shandon Anderson,SF,31,MIA,8,0,12.1,0.4,1.5,.250,0.0,0.1,.000,0.4,1.4,.273,.250,0.3,0.3,1.000,0.4,2.0,2.4,1.0,0.6,0.0,0.8,1.3,1.0,andersh01
4,Carmelo Anthony,SF,20,DEN,5,5,36.0,7.0,16.6,.422,0.0,0.2,.000,7.0,16.4,.427,.422,5.2,6.4,.813,2.8,2.6,5.4,2.0,0.6,0.2,2.6,4.0,19.2,anthoca01
5,Gilbert Arenas,PG,23,WAS,10,10,45.0,7.3,19.4,.376,1.8,7.7,.234,5.5,11.7,.470,.423,7.2,9.4,.766,0.8,4.4,5.2,6.2,2.1,0.6,3.9,3.4,23.6,arenagi01
6,Darrell Armstrong,PG,36,DAL,9,0,7.3,0.9,1.8,.500,0.2,0.9,.250,0.7,0.9,.750,.563,0.0,0.0,,0.3,0.1,0.4,1.0,0.3,0.2,0.2,1.0,2.0,armstda01
7,Carlos Arroyo,PG,25,DET,19,0,7.9,0.8,2.4,.356,0.0,0.1,.000,0.8,2.3,.364,.356,0.4,0.6,.667,0.1,0.5,0.5,2.1,0.2,0.1,0.5,1.0,2.1,arroyca01
8,Marcus Banks,PG,23,BOS,7,0,15.1,1.9,4.1,.448,0.4,0.9,.500,1.4,3.3,.435,.500,0.4,0.9,.500,0.1,1.4,1.6,1.0,0.6,0.0,0.9,2.3,4.6,banksma01
9,Leandro Barbosa,PG,22,PHO,12,0,9.7,1.0,2.9,.343,0.3,0.8,.400,0.7,2.1,.320,.400,0.2,0.3,.500,0.4,1.0,1.4,1.0,0.3,0.0,0.4,0.7,2.5,barbole01
10,Brent Barry,SG,33,SAS,23,8,24.1,2.1,4.6,.457,1.2,2.9,.424,0.9,1.7,.513,.590,0.7,0.9,.810,0.6,1.9,2.4,1.9,0.7,0.2,1.2,1.9,6.1,barrybr01
11,Jon Barry,SG,35,HOU,7,0,26.1,3.0,6.9,.438,1.6,3.3,.478,1.4,3.6,.400,.552,1.0,1.1,.875,0.1,4.0,4.1,1.3,0.7,0.0,0.9,1.9,8.6,barryjo01
12,Shane Battier,SG,26,MEM,4,4,29.8,3.3,7.8,.419,0.3,1.8,.143,3.0,6.0,.500,.435,0.5,1.3,.400,2.5,4.3,6.8,1.5,0.5,1.0,1.0,3.5,7.3,battish01
13,Travis Best,PG,32,NJN,4,0,20.5,2.3,5.5,.409,0.3,2.3,.111,2.0,3.3,.615,.432,2.0,2.3,.889,0.5,1.0,1.5,2.3,0.3,0.0,0.8,2.3,6.8,besttr01
14,Mike Bibby,PG,26,SAC,5,5,40.0,7.2,18.4,.391,1.0,4.6,.217,6.2,13.8,.449,.418,4.2,5.4,.778,1.0,3.4,4.4,6.6,1.4,0.4,2.6,2.2,19.6,bibbymi01
15,Chauncey Billups,PG,28,DET,25,25,39.4,5.8,13.6,.428,1.8,5.0,.349,4.0,8.5,.474,.493,5.3,6.0,.893,0.9,3.4,4.3,6.5,1.0,0.2,2.0,2.8,18.7,billuch01
16,Steve Blake,PG,24,WAS,4,0,4.3,0.3,1.0,.250,0.0,0.3,.000,0.3,0.8,.333,.250,0.0,0.0,,0.0,0.8,0.8,0.5,0.0,0.0,0.3,0.8,0.5,blakest01
17,Mark Blount,C,29,BOS,4,0,10.8,1.0,3.5,.286,0.0,0.0,,1.0,3.5,.286,.286,0.0,0.5,.000,0.8,0.8,1.5,0.3,0.0,0.0,1.3,1.5,2.0,blounma01
18,Bruce Bowen,SF,33,SAS,23,23,35.4,2.0,5.6,.359,1.3,2.9,.433,0.7,2.7,.279,.473,0.5,0.7,.647,0.4,2.5,2.9,1.6,0.5,0.6,0.7,3.3,5.7,bowenbr01
19,Ryan Bowen,SF,29,HOU,7,3,17.9,1.1,3.6,.320,0.0,0.0,,1.1,3.6,.320,.320,0.3,0.4,.667,1.0,1.0,2.0,0.9,0.9,0.0,0.9,3.3,2.6,bowenry01
20,Earl Boykins,PG,28,DEN,5,1,30.4,5.4,13.6,.397,0.0,1.4,.000,5.4,12.2,.443,.397,3.4,3.8,.895,0.4,0.6,1.0,3.8,0.8,0.2,1.8,2.6,14.2,boykiea01
21,Shawn Bradley,C,32,DAL,7,0,3.9,0.6,0.9,.667,0.0,0.0,,0.6,0.9,.667,.667,0.1,0.3,.500,0.6,0.3,0.9,0.0,0.0,0.3,0.0,1.0,1.3,bradlsh01
22,Devin Brown,SG,26,SAS,12,0,5.0,0.6,1.7,.350,0.3,0.6,.429,0.3,1.1,.308,.425,0.3,0.6,.571,0.1,0.5,0.6,0.3,0.1,0.0,0.1,0.3,1.8,brownde02
23,Kwame Brown,PF,22,WAS,3,0,20.0,1.7,4.3,.385,0.0,0.0,,1.7,4.3,.385,.385,1.7,3.0,.556,1.3,3.7,5.0,1.0,0.0,0.7,0.7,1.7,5.0,brownkw01
24,Greg Buckner,SG,28,DEN,5,2,20.0,0.8,3.6,.222,0.4,1.8,.222,0.4,1.8,.222,.278,0.0,0.0,,0.2,3.0,3.2,1.0,0.4,0.2,0.6,2.8,2.0,buckngr01
25,Rodney Buford,SF,27,NJN,3,0,1.3,0.0,0.0,,0.0,0.0,,0.0,0.0,,,0.0,0.0,,0.0,0.0,0.0,0.0,0.0,0.0,0.0,0.0,0.0,buforro01
26,Antonio Burks,PG,24,MEM,1,0,3.0,0.0,0.0,,0.0,0.0,,0.0,0.0,,,0.0,0.0,,0.0,0.0,0.0,1.0,0.0,0.0,0.0,0.0,0.0,burksan01
27,Rasual Butler,SF,25,MIA,12,1,15.2,1.8,4.9,.373,0.9,2.5,.367,0.9,2.4,.379,.466,0.1,0.3,.333,0.1,1.4,1.5,0.6,0.1,0.1,0.2,1.8,4.7,butlera01
28,Marcus Camby,C,30,DEN,5,5,36.8,3.4,8.2,.415,0.0,0.0,,3.4,8.2,.415,.415,3.4,5.4,.630,0.8,10.4,11.2,1.8,0.6,3.2,2.2,3.6,10.2,cambyma01
29,Elden Campbell,C,36,DET,10,0,5.7,0.4,1.3,.308,0.0,0.0,,0.4,1.3,.308,.308,0.4,0.8,.500,0.3,1.5,1.8,0.5,0.2,0.0,0.4,1.3,1.2,campbel01
30,Brian Cardinal,PF,27,MEM,4,0,19.5,2.3,5.8,.391,0.0,1.0,.000,2.3,4.8,.474,.391,2.0,2.8,.727,0.5,2.5,3.0,0.5,0.8,0.0,0.3,2.8,6.5,cardibr01
31,Vince Carter,SF,28,NJN,4,4,44.8,8.8,24.0,.365,1.5,4.8,.316,7.3,19.3,.377,.396,7.8,9.0,.861,2.3,6.3,8.5,5.8,2.3,0.0,3.8,4.3,26.8,cartevi01
32,Tyson Chandler,C,22,CHI,6,0,28.7,3.2,6.7,.475,0.0,0.0,,3.2,6.7,.475,.475,5.3,7.7,.696,4.8,4.8,9.7,1.3,0.2,2.2,1.3,4.5,11.7,chandty01
33,Jason Collins,C,26,NJN,4,4,32.0,1.0,4.3,.235,0.0,0.0,,1.0,4.3,.235,.235,0.8,2.0,.375,2.3,4.3,6.5,0.3,0.5,0.0,1.3,4.8,2.8,collija04
34,Nick Collison,C,24,SEA,11,0,19.8,3.4,5.5,.607,0.1,0.1,1.000,3.3,5.5,.600,.615,1.5,2.5,.630,2.0,3.0,5.0,0.5,0.3,0.5,0.5,3.6,8.4,collini01
35,Austin Croshere,PF,29,IND,10,0,8.8,0.4,1.0,.400,0.2,0.4,.500,0.2,0.6,.333,.500,1.5,1.8,.833,0.7,1.0,1.7,0.0,0.4,0.1,0.6,1.0,2.5,croshau01
36,Samuel Dalembert,C,23,PHI,5,5,38.4,5.2,9.4,.553,0.0,0.0,,5.2,9.4,.553,.553,1.2,3.0,.400,3.6,9.2,12.8,0.4,0.4,1.4,1.8,3.8,11.6,dalemsa01
37,Erick Dampier,C,29,DAL,13,13,23.7,3.1,5.2,.597,0.0,0.1,.000,3.1,5.1,.606,.597,0.8,2.2,.393,3.9,3.5,7.5,0.5,0.5,1.4,0.9,4.2,7.0,dampier01
38,Antonio Daniels,PG,29,SEA,11,3,30.1,4.0,8.5,.468,0.4,1.3,.286,3.6,7.3,.500,.489,5.5,6.4,.857,0.4,2.5,2.8,4.5,1.0,0.0,1.0,1.2,13.8,daniean01
39,Marquis Daniels,SG,24,DAL,11,0,15.0,2.4,5.5,.433,0.1,0.5,.167,2.3,4.9,.463,.442,1.7,2.5,.704,1.4,1.7,3.1,1.3,0.5,0.3,1.2,1.4,6.5,daniema01
40,Antonio Davis,PF,36,CHI,6,6,29.2,3.3,7.7,.435,0.0,0.0,,3.3,7.7,.435,.435,2.8,3.8,.739,2.8,4.0,6.8,1.8,0.7,0.7,1.5,4.2,9.5,davisan01
41,Dale Davis,C,35,IND,13,13,23.9,2.0,4.5,.448,0.0,0.0,,2.0,4.5,.448,.448,1.3,1.9,.680,2.8,3.4,6.2,0.4,0.7,0.5,0.7,2.7,5.3,davisda01
42,Josh Davis,PF,24,PHI,2,0,2.0,0.0,0.5,.000,0.0,0.5,.000,0.0,0.0,,.000,0.0,0.0,,0.0,0.5,0.5,0.0,0.0,0.0,0.0,0.5,0.0,davisjo02
43,Ricky Davis,SG,25,BOS,7,2,34.3,4.6,10.6,.432,0.4,1.3,.333,4.1,9.3,.446,.453,2.9,3.7,.769,0.7,2.9,3.6,2.0,1.3,0.3,3.0,3.3,12.4,davisri01
44,Juan Dixon,SG,26,WAS,10,0,21.9,4.1,10.1,.406,1.1,3.4,.324,3.0,6.7,.448,.460,2.1,2.5,.840,0.3,2.3,2.6,1.3,0.7,0.0,1.2,1.9,11.4,dixonju01
45,Michael Doleac,C,27,MIA,9,0,7.2,0.8,1.8,.438,0.0,0.0,,0.8,1.8,.438,.438,0.2,0.2,1.000,0.2,1.3,1.6,0.0,0.1,0.1,0.3,1.4,1.8,doleami01
46,Keyon Dooling,PG,24,MIA,15,0,17.6,2.9,5.8,.494,0.5,1.3,.368,2.4,4.5,.529,.534,1.1,1.4,.810,0.1,1.0,1.1,1.7,0.4,0.1,0.9,2.3,7.3,doolike01
47,Chris Duhon,PG,22,CHI,6,5,26.5,1.8,6.2,.297,1.0,3.7,.273,0.8,2.5,.333,.378,1.5,1.8,.818,1.0,3.3,4.3,3.5,0.3,0.0,2.0,1.0,6.2,duhonch01
48,Tim Duncan*,PF,28,SAS,23,23,37.8,8.6,18.5,.464,0.0,0.2,.200,8.5,18.3,.467,.465,6.4,8.9,.717,3.8,8.7,12.4,2.7,0.3,2.3,2.7,2.9,23.6,duncati01
49,Ronald Dupree,SF,24,DET,14,0,2.7,0.1,0.5,.286,0.0,0.0,,0.1,0.5,.286,.286,0.0,0.0,,0.1,0.3,0.4,0.0,0.0,0.0,0.1,0.4,0.3,duprero01
50,Francisco Elson,C,28,DEN,1,0,6.0,0.0,1.0,.000,0.0,0.0,,0.0,1.0,.000,.000,0.0,0.0,,0.0,3.0,3.0,0.0,0.0,0.0,0.0,0.0,0.0,elsonfr01
51,Maurice Evans,SG,26,SAC,3,0,18.7,2.0,3.3,.600,0.7,1.3,.500,1.3,2.0,.667,.700,1.3,1.7,.800,0.7,1.7,2.3,1.0,0.7,0.0,0.0,2.0,6.0,evansma01
52,Reggie Evans,PF,24,SEA,11,11,18.9,1.4,3.4,.405,0.0,0.0,,1.4,3.4,.405,.405,1.0,1.9,.524,2.5,4.9,7.4,0.5,0.5,0.3,1.0,2.9,3.7,evansre01
53,Michael Finley,SG,31,DAL,13,13,37.8,5.0,11.8,.425,1.8,4.7,.393,3.2,7.1,.446,.503,1.2,1.4,.889,1.0,3.3,4.3,2.2,1.3,0.0,1.0,2.5,13.1,finlemi01
54,Danny Fortson,C,28,SEA,11,0,9.5,1.1,1.9,.571,0.0,0.0,,1.1,1.9,.571,.571,1.1,1.4,.800,0.5,1.9,2.4,0.0,0.3,0.1,1.2,3.8,3.3,fortsda01
55,Jeff Foster,C,28,IND,13,0,18.8,2.4,4.0,.596,0.0,0.0,,2.4,4.0,.596,.596,1.2,1.6,.714,3.5,3.8,7.4,0.4,0.5,0.9,0.6,2.1,5.9,fosteje01
56,Lawrence Funderburke,PF,34,CHI,5,0,5.6,0.2,0.4,.500,0.0,0.0,,0.2,0.4,.500,.500,0.2,0.4,.500,0.0,0.6,0.6,0.2,0.0,0.0,0.0,1.6,0.6,fundela01
57,Pau Gasol*,PF,24,MEM,4,4,33.3,9.8,20.0,.488,0.3,0.3,1.000,9.5,19.8,.481,.494,1.5,3.0,.500,3.8,3.8,7.5,2.5,0.5,1.8,1.8,3.0,21.3,gasolpa01
58,Eddie Gill,PG,26,IND,7,0,6.4,0.7,2.3,.313,0.1,0.9,.167,0.6,1.4,.400,.344,1.9,2.1,.867,0.0,0.6,0.6,0.7,0.1,0.0,0.4,0.0,3.4,gilled01
59,Manu Ginóbili*,SG,27,SAS,23,15,33.6,6.3,12.4,.507,1.8,4.2,.438,4.5,8.3,.542,.580,6.4,8.0,.795,0.8,5.0,5.8,4.2,1.2,0.3,2.9,3.0,20.8,ginobma01
60,Ben Gordon,SG,21,CHI,6,1,25.5,5.0,12.3,.405,1.2,3.7,.318,3.8,8.7,.442,.453,3.3,4.2,.800,1.0,1.7,2.7,2.5,0.8,0.3,2.2,3.0,14.5,gordobe01
61,Willie Green,SG,23,PHI,5,0,12.6,1.6,3.6,.444,0.4,1.8,.222,1.2,1.8,.667,.500,1.8,2.0,.900,0.6,1.2,1.8,0.6,0.2,0.0,0.4,1.0,5.4,greenwi01
62,Adrian Griffin,SF,30,CHI,5,0,17.2,3.0,5.8,.517,0.0,0.0,,3.0,5.8,.517,.517,0.8,1.0,.800,1.0,3.0,4.0,1.8,1.0,0.0,0.6,2.8,6.8,griffad01
63,Darvin Ham,SF,31,DET,14,0,1.7,0.1,0.2,.333,0.0,0.0,,0.1,0.2,.333,.333,0.1,0.1,1.000,0.2,0.0,0.2,0.0,0.0,0.0,0.0,0.1,0.3,hamda01
64,Richard Hamilton,SG,26,DET,25,25,43.2,7.9,17.5,.453,0.4,1.4,.294,7.5,16.1,.467,.465,3.8,4.8,.798,1.2,3.1,4.3,4.3,0.8,0.1,3.1,3.2,20.0,hamilri01
65,Othella Harrington,PF,31,CHI,6,6,17.2,3.5,7.0,.500,0.0,0.0,,3.5,7.0,.500,.500,1.0,1.8,.545,1.0,1.5,2.5,0.5,0.2,0.0,1.3,3.2,8.0,harriot01
66,Devin Harris,PG,21,DAL,9,0,8.9,0.8,1.8,.438,0.2,0.7,.333,0.6,1.1,.500,.500,0.7,1.0,.667,0.0,1.2,1.2,1.2,0.4,0.1,1.1,0.6,2.4,harride01
67,Udonis Haslem,PF,24,MIA,15,15,36.2,3.5,7.1,.491,0.0,0.0,,3.5,7.1,.491,.491,2.3,3.1,.739,2.5,7.5,10.0,1.0,0.5,0.4,1.2,3.2,9.2,hasleud01
68,Brendan Haywood,C,25,WAS,10,10,29.6,3.9,7.2,.542,0.0,0.0,,3.9,7.2,.542,.542,2.8,4.4,.636,3.5,4.1,7.6,1.0,1.4,2.0,1.0,4.0,10.6,haywobr01
69,Alan Henderson,PF,32,DAL,9,0,10.2,0.9,1.6,.571,0.0,0.0,,0.9,1.6,.571,.571,0.2,0.2,1.000,1.2,0.7,1.9,0.0,0.2,0.2,0.2,1.7,2.0,hendeal01
70,Nenê,C,22,DEN,5,0,20.2,1.8,4.2,.429,0.0,0.0,,1.8,4.2,.429,.429,3.0,4.6,.652,1.8,3.2,5.0,0.4,0.4,0.4,1.0,3.2,6.6,hilarne01
71,Kirk Hinrich,PG,24,CHI,6,6,35.5,7.5,16.7,.450,2.8,5.5,.515,4.7,11.2,.418,.535,3.3,4.8,.690,0.7,3.0,3.7,5.8,2.0,0.7,2.3,3.0,21.2,hinriki01
72,Robert Horry,PF,34,SAS,23,0,26.9,3.2,7.1,.448,1.7,3.7,.447,1.5,3.4,.449,.564,1.3,1.8,.732,2.0,3.4,5.4,2.0,0.9,0.9,0.9,2.3,9.3,horryro01
73,Eddie House,PG,26,SAC,3,0,7.7,1.0,2.7,.375,0.3,0.3,1.000,0.7,2.3,.286,.438,0.7,0.7,1.000,0.3,0.3,0.7,1.3,0.0,0.0,0.3,0.7,3.0,houseed01
74,Josh Howard,SF,24,DAL,13,13,32.9,6.0,11.9,.503,0.3,1.2,.250,5.7,10.7,.532,.516,3.2,4.2,.745,2.5,4.8,7.4,1.8,0.8,0.5,2.2,4.6,15.5,howarjo01
75,Larry Hughes,SG,26,WAS,10,10,40.1,6.8,18.1,.376,0.7,3.3,.212,6.1,14.8,.412,.395,6.4,7.7,.831,1.7,5.4,7.1,3.7,2.0,0.7,2.5,3.5,20.7,hughela01
76,Lindsey Hunter,SG,34,DET,25,0,15.0,1.4,4.5,.319,0.3,1.4,.222,1.1,3.1,.364,.354,0.6,0.9,.727,0.4,1.2,1.6,1.6,0.9,0.3,0.6,1.8,3.8,hunteli01
77,Steven Hunter,C,23,PHO,15,0,14.2,1.6,2.9,.558,0.0,0.0,,1.6,2.9,.558,.558,0.8,1.3,.600,1.1,1.4,2.5,0.2,0.1,1.2,0.5,1.7,4.0,huntest01
78,Andre Iguodala,SG,21,PHI,5,5,38.4,4.0,8.6,.465,0.6,1.8,.333,3.4,6.8,.500,.500,1.2,2.4,.500,1.6,3.0,4.6,3.0,2.8,1.0,1.0,2.4,9.8,iguodan01
79,Allen Iverson*,PG,29,PHI,5,5,47.6,11.8,25.2,.468,2.4,5.8,.414,9.4,19.4,.485,.516,5.2,5.8,.897,0.0,2.2,2.2,10.0,2.0,0.4,4.2,2.4,31.2,iversal01
80,Bobby Jackson,SG,31,SAC,5,0,15.8,2.0,7.4,.270,0.6,3.6,.167,1.4,3.8,.368,.311,0.6,0.6,1.000,0.4,0.8,1.2,1.8,0.2,0.2,0.6,1.0,5.2,jacksbo01
81,Jim Jackson,SF,34,PHO,15,6,31.6,4.2,8.6,.488,2.1,4.1,.516,2.1,4.5,.463,.612,0.5,0.5,.875,0.9,3.2,4.1,1.5,0.7,0.5,0.7,2.8,11.0,jacksji01
82,Marc Jackson,C,30,PHI,5,0,13.0,1.0,4.0,.250,0.0,0.0,,1.0,4.0,.250,.250,1.4,2.2,.636,0.6,1.0,1.6,0.0,0.4,0.4,1.2,1.8,3.4,jacksma02
83,Stephen Jackson,SF,26,IND,13,13,36.3,5.4,13.7,.393,1.5,4.8,.317,3.8,8.8,.435,.449,3.8,4.6,.817,0.5,3.3,3.8,2.2,1.9,0.5,2.6,3.0,16.1,jacksst02
84,Jerome James,C,29,SEA,11,11,26.8,5.2,10.1,.514,0.0,0.0,,5.2,10.1,.514,.514,2.1,2.7,.767,3.0,3.8,6.8,0.5,0.5,1.8,1.3,4.4,12.5,jamesje01
85,Mike James,PG,29,HOU,7,0,24.4,4.1,8.9,.468,0.0,1.3,.000,4.1,7.6,.547,.468,3.3,3.4,.958,0.3,1.6,1.9,2.3,0.9,0.3,1.4,2.4,11.6,jamesmi01
86,Antawn Jamison,PF,28,WAS,10,10,38.0,7.3,16.2,.451,1.7,3.4,.500,5.6,12.8,.438,.503,2.2,3.2,.688,1.6,4.7,6.3,1.2,0.7,0.4,1.6,2.4,18.5,jamisan01
87,Al Jefferson,PF,20,BOS,7,0,19.4,2.4,5.9,.415,0.0,0.0,,2.4,5.9,.415,.415,1.3,1.7,.750,2.4,4.0,6.4,0.3,0.6,1.1,0.6,2.3,6.1,jeffeal01
88,Richard Jefferson,SF,24,NJN,4,1,35.0,5.0,12.5,.400,0.5,2.5,.200,4.5,10.0,.450,.420,5.3,7.8,.677,2.0,3.5,5.5,2.3,0.8,0.0,2.0,3.5,15.8,jefferi01
89,Jared Jeffries,SF,23,WAS,10,10,24.7,2.4,4.9,.490,0.3,0.6,.500,2.1,4.3,.488,.520,1.3,1.7,.765,1.9,2.2,4.1,1.8,0.9,0.9,1.3,3.4,6.4,jeffrja01
90,Anthony Johnson,PG,30,IND,13,4,24.3,2.1,5.9,.351,0.6,1.8,.348,1.5,4.2,.352,.403,2.2,2.8,.806,0.3,2.6,2.9,5.1,1.0,0.4,1.9,2.2,7.0,johnsan02
91,DerMarr Johnson,SG,24,DEN,4,2,19.5,2.8,5.0,.550,1.0,2.8,.364,1.8,2.3,.778,.650,0.8,0.8,1.000,0.8,1.3,2.0,0.8,0.5,0.5,0.0,2.3,7.3,johnsde03
92,Joe Johnson,SF,23,PHO,9,9,39.4,7.0,13.9,.504,2.2,4.0,.556,4.8,9.9,.483,.584,2.6,3.7,.697,0.8,3.6,4.3,3.3,1.1,0.4,1.1,2.0,18.8,johnsjo02
93,Dahntay Jones,SG,24,MEM,3,0,23.7,2.7,7.0,.381,1.0,1.7,.600,1.7,5.3,.313,.452,1.0,1.3,.750,0.7,2.3,3.0,0.3,0.3,0.0,0.7,2.7,7.3,jonesda02
94,Damon Jones,PG,28,MIA,15,15,33.2,4.1,8.6,.481,2.6,6.1,.429,1.5,2.5,.605,.632,1.2,2.0,.600,0.2,2.5,2.7,4.0,0.5,0.0,1.1,1.6,12.1,jonesda01
95,Eddie Jones,SF,33,MIA,15,15,40.1,4.7,10.4,.455,2.1,5.3,.400,2.6,5.1,.513,.558,2.1,2.8,.738,0.7,5.1,5.8,2.6,1.2,0.6,1.5,3.8,13.7,jonesed02
96,Fred Jones,SG,25,IND,13,0,18.0,1.2,4.2,.296,0.7,1.8,.391,0.5,2.4,.226,.380,0.9,1.0,.923,0.1,1.7,1.8,1.0,0.6,0.2,1.2,1.0,4.1,jonesfr01
97,James Jones,SF,24,IND,13,0,16.5,1.5,3.5,.413,0.8,1.9,.400,0.7,1.6,.429,.522,0.3,0.7,.444,0.4,1.7,2.1,0.8,0.5,0.5,0.3,1.4,4.0,jonesja02
98,Jason Kidd*,PG,31,NJN,4,4,45.5,6.5,16.8,.388,2.8,7.5,.367,3.8,9.3,.405,.470,1.5,2.8,.545,2.5,6.5,9.0,7.3,2.5,0.0,2.3,4.0,17.3,kiddja01
99,Kyle Korver,SF,23,PHI,5,5,29.4,1.6,5.6,.286,1.4,4.8,.292,0.2,0.8,.250,.411,0.4,0.4,1.000,0.6,2.0,2.6,1.6,0.8,0.2,1.6,3.6,5.0,korveky01
100,Nenad Krstić,PF,21,NJN,4,4,38.5,6.8,12.0,.563,0.0,0.0,,6.8,12.0,.563,.563,4.8,6.0,.792,2.5,5.0,7.5,1.8,0.3,0.5,1.5,5.0,18.3,krstine01
101,Christian Laettner,PF,35,MIA,13,0,10.5,0.9,1.8,.500,0.0,0.1,.000,0.9,1.8,.522,.500,0.4,0.5,.833,0.2,1.7,1.9,0.5,0.3,0.0,0.5,1.3,2.2,laettch01
102,Raef LaFrentz,PF,28,BOS,7,7,26.4,2.3,5.9,.390,1.1,2.3,.500,1.1,3.6,.320,.488,1.1,1.4,.800,0.9,4.0,4.9,1.1,0.9,1.7,1.0,3.9,6.9,lafrera01
103,Rashard Lewis,SF,25,SEA,8,8,39.0,5.4,13.3,.406,0.6,3.1,.200,4.8,10.1,.469,.429,5.5,6.3,.880,1.4,4.0,5.4,1.6,0.4,0.4,2.0,3.1,16.9,lewisra02
104,Shawn Marion,PF,26,PHO,15,15,42.3,7.2,14.9,.484,1.2,2.9,.419,6.0,12.0,.500,.525,2.0,2.6,.769,3.1,8.7,11.8,1.5,1.4,1.7,1.4,3.1,17.6,mariosh01
105,Kenyon Martin,PF,27,DEN,5,5,32.8,5.4,11.6,.466,0.0,0.2,.000,5.4,11.4,.474,.466,1.6,2.6,.615,1.4,4.2,5.6,1.2,1.0,1.0,1.4,4.4,12.4,martike01
106,Tony Massenburg,PF,37,SAS,9,0,3.1,0.1,0.7,.167,0.0,0.0,,0.1,0.7,.167,.167,0.1,0.2,.500,0.4,0.8,1.2,0.0,0.0,0.0,0.0,0.2,0.3,masseto01
107,Walter McCarty,PF,30,PHO,8,0,6.9,0.3,1.1,.222,0.3,0.8,.333,0.0,0.4,.000,.333,0.0,0.3,.000,0.0,0.8,0.8,0.4,0.3,0.3,0.1,1.6,0.8,mccarwa01
108,Antonio McDyess,PF,30,DET,25,0,19.8,3.5,7.2,.486,0.0,0.0,,3.5,7.2,.486,.486,1.0,1.4,.694,1.8,4.0,5.9,0.8,0.6,0.9,1.0,3.1,8.0,mcdyean01
109,Tracy McGrady*,SF,25,HOU,7,7,43.0,11.1,24.4,.456,2.4,6.6,.370,8.7,17.9,.488,.506,6.0,7.3,.824,1.7,5.7,7.4,6.7,1.6,1.4,3.7,2.9,30.7,mcgratr01
110,Aaron McKie,SG,32,PHI,5,0,17.0,0.6,1.4,.429,0.2,0.6,.333,0.4,0.8,.500,.500,0.0,0.0,,0.2,2.2,2.4,1.0,0.8,0.0,0.2,1.8,1.4,mckieaa01
111,Darko Miličić,C,19,DET,9,0,2.3,0.2,0.8,.286,0.0,0.0,,0.2,0.8,.286,.286,0.1,0.1,1.000,0.1,0.3,0.4,0.1,0.0,0.1,0.1,0.3,0.6,milicda01
112,Andre Miller,PG,28,DEN,5,5,36.8,5.6,13.2,.424,0.4,0.8,.500,5.2,12.4,.419,.439,4.6,6.4,.719,1.8,3.4,5.2,5.2,2.0,0.2,2.4,4.4,16.2,millean02
113,Brad Miller,C,28,SAC,5,4,27.8,4.6,8.0,.575,0.0,0.4,.000,4.6,7.6,.605,.575,2.0,2.8,.714,1.6,2.2,3.8,3.2,0.2,0.6,1.8,4.2,11.2,millebr01
114,Mike Miller,SF,24,MEM,4,4,27.5,4.5,9.3,.486,2.0,4.3,.471,2.5,5.0,.500,.595,1.0,1.0,1.000,0.0,2.5,2.5,2.8,0.0,0.8,1.3,1.8,12.0,millemi01
115,Reggie Miller*,SG,39,IND,13,13,33.1,4.8,11.0,.434,1.6,5.1,.318,3.2,5.9,.532,.507,3.7,3.9,.941,0.3,2.8,3.1,1.5,0.8,0.1,1.6,2.2,14.8,millere01
116,Yao Ming*,C,24,HOU,7,7,31.4,7.9,12.0,.655,0.0,0.0,,7.9,12.0,.655,.655,5.7,7.9,.727,3.3,4.4,7.7,0.7,0.3,2.7,2.7,4.4,21.4,mingya01
117,Cuttino Mobley,SG,29,SAC,5,5,31.8,6.2,14.0,.443,1.4,5.0,.280,4.8,9.0,.533,.493,1.0,1.4,.714,0.8,2.0,2.8,1.8,1.2,0.4,1.2,2.6,14.8,moblecu01
118,Nazr Mohammed,C,27,SAS,23,23,23.0,2.9,5.4,.528,0.0,0.0,1.000,2.8,5.4,.524,.532,1.3,2.0,.638,3.3,3.4,6.7,0.3,0.6,1.0,1.0,2.8,7.1,mohamna01
119,Alonzo Mourning*,C,34,MIA,15,2,16.9,2.1,2.9,.705,0.0,0.0,,2.1,2.9,.705,.705,1.9,3.5,.558,1.4,3.4,4.8,0.3,0.3,2.2,1.5,3.3,6.1,mournal01
120,Ronald Murray,SG,25,SEA,4,0,15.5,1.0,4.8,.211,0.0,0.5,.000,1.0,4.3,.235,.211,1.0,1.8,.571,0.5,1.0,1.5,1.3,0.0,0.5,0.5,2.0,3.0,murraro01
121,Dikembe Mutombo*,C,38,HOU,7,0,14.4,0.9,1.6,.545,0.0,0.0,,0.9,1.6,.545,.545,1.4,1.9,.769,1.6,3.4,5.0,0.3,0.3,1.0,1.0,2.1,3.1,mutomdi01
122,Eduardo Nájera,PF,28,DEN,2,0,6.5,0.0,1.0,.000,0.0,0.0,,0.0,1.0,.000,.000,0.0,0.0,,0.5,0.5,1.0,0.5,0.0,0.0,0.5,0.5,0.0,najered01
123,Steve Nash*,PG,30,PHO,15,15,40.7,9.3,17.9,.520,1.4,3.6,.389,7.9,14.3,.553,.559,3.8,4.1,.919,0.6,4.2,4.8,11.3,0.9,0.2,4.7,2.4,23.9,nashst01
124,Rasho Nesterović,C,28,SAS,15,0,7.6,0.3,0.8,.417,0.0,0.0,,0.3,0.8,.417,.417,0.0,0.1,.000,0.7,1.0,1.7,0.1,0.1,0.3,0.3,1.1,0.7,nestera01
125,Andrés Nocioni,SF,25,CHI,6,6,33.7,4.5,11.2,.403,1.0,2.8,.353,3.5,8.3,.420,.448,2.8,3.8,.739,1.3,6.8,8.2,2.3,0.2,1.0,1.8,3.3,12.8,nocioan01
126,Moochie Norris,PG,31,HOU,2,0,3.5,0.0,0.5,.000,0.0,0.0,,0.0,0.5,.000,.000,0.0,0.0,,0.0,0.0,0.0,0.0,0.0,0.0,0.0,0.0,0.0,norrimo01
127,Dirk Nowitzki*,PF,26,DAL,13,13,42.4,7.9,19.7,.402,0.8,2.3,.333,7.2,17.4,.412,.422,7.1,8.5,.829,1.9,8.2,10.1,3.3,1.4,1.6,2.5,3.2,23.7,nowitdi01
128,Jermaine O'Neal,PF,26,IND,13,13,36.6,5.9,16.2,.365,0.0,0.2,.000,5.9,16.0,.370,.365,4.2,5.5,.750,1.6,6.4,8.0,2.2,0.5,2.6,2.8,3.7,16.0,onealje01
129,Shaquille O'Neal*,C,32,MIA,13,13,33.2,7.8,13.9,.558,0.0,0.0,,7.8,13.9,.558,.558,3.8,8.2,.472,1.5,6.4,7.8,1.9,0.4,1.5,3.2,4.0,19.4,onealsh01
130,Greg Ostertag,C,31,SAC,2,0,13.0,1.5,1.5,1.000,0.0,0.0,,1.5,1.5,1.000,1.000,0.0,0.0,,2.0,2.5,4.5,0.0,0.5,1.0,1.0,2.0,3.0,ostergr01
131,Bo Outlaw,PF,33,PHO,1,0,2.0,0.0,1.0,.000,0.0,0.0,,0.0,1.0,.000,.000,0.0,0.0,,0.0,0.0,0.0,1.0,1.0,0.0,0.0,0.0,0.0,outlabo01
132,Scott Padgett,PF,28,HOU,7,4,15.6,1.3,3.4,.375,0.7,1.7,.417,0.6,1.7,.333,.479,0.3,0.3,1.000,1.3,1.4,2.7,0.6,0.4,0.3,0.4,2.6,3.6,padgesc01
133,Jannero Pargo,PG,25,CHI,5,0,15.2,3.6,10.2,.353,2.6,6.4,.406,1.0,3.8,.263,.480,0.6,1.0,.600,0.2,0.8,1.0,2.0,0.6,0.0,1.6,2.8,10.4,pargoja01
134,Tony Parker*,PG,22,SAS,23,23,37.3,7.2,15.9,.454,0.4,2.1,.188,6.8,13.8,.494,.466,2.4,3.8,.632,0.6,2.3,2.9,4.3,0.7,0.1,3.1,3.0,17.2,parketo01
135,Gary Payton*,PG,36,BOS,7,7,34.1,4.7,10.6,.446,0.1,2.0,.071,4.6,8.6,.533,.453,0.7,0.9,.833,1.1,3.0,4.1,4.6,0.9,0.1,1.6,1.4,10.3,paytoga01
136,Anthony Peeler,SG,35,WAS,7,0,6.1,0.1,1.3,.111,0.0,0.4,.000,0.1,0.9,.167,.111,0.3,0.3,1.000,0.0,1.0,1.0,0.4,0.1,0.0,0.4,0.6,0.6,peelean01
137,Kendrick Perkins,C,20,BOS,6,0,4.7,0.7,0.8,.800,0.0,0.0,,0.7,0.8,.800,.800,0.2,0.5,.333,0.5,0.5,1.0,0.0,0.0,0.5,0.5,1.2,1.5,perkike01
138,Wesley Person,SF,33,DEN,4,0,13.5,1.5,3.5,.429,0.8,2.0,.375,0.8,1.5,.500,.536,0.0,0.0,,0.3,0.0,0.3,0.3,0.3,0.0,0.3,0.0,3.8,persowe01
139,Eric Piatkowski,SG,34,CHI,5,0,13.2,1.2,3.8,.316,1.0,2.6,.385,0.2,1.2,.167,.447,1.2,1.4,.857,0.2,1.6,1.8,0.6,0.8,0.2,0.2,0.6,4.6,piatker01
140,Paul Pierce*,SF,27,BOS,7,7,39.6,6.7,13.3,.505,1.0,3.9,.259,5.7,9.4,.606,.543,8.4,9.7,.868,1.0,6.7,7.7,4.6,1.9,1.4,2.7,2.6,22.9,piercpa01
141,Zoran Planinić,PG,22,NJN,3,0,1.0,0.0,0.0,,0.0,0.0,,0.0,0.0,,,0.0,0.0,,0.0,0.0,0.0,0.0,0.0,0.0,0.0,0.0,0.0,planizo01
142,Scot Pollard,C,29,IND,9,0,7.4,0.7,1.7,.400,0.0,0.0,,0.7,1.7,.400,.400,0.1,0.2,.500,0.4,0.8,1.2,0.1,0.1,0.0,0.4,1.0,1.4,pollasc01
143,James Posey,SF,28,MEM,4,0,25.0,2.8,6.3,.440,1.8,3.8,.467,1.0,2.5,.400,.580,2.5,3.3,.769,0.3,3.0,3.3,1.0,0.5,0.3,1.3,3.5,9.8,poseyja01
144,Vitaly Potapenko,C,29,SEA,5,0,7.4,1.0,2.0,.500,0.0,0.0,,1.0,2.0,.500,.500,0.0,0.0,,0.6,0.8,1.4,0.0,0.0,0.0,0.0,1.6,2.0,potapvi01
145,Tayshaun Prince,SF,24,DET,25,25,40.9,5.3,12.3,.433,0.9,2.4,.367,4.4,9.9,.449,.469,1.9,2.4,.800,2.2,4.1,6.3,3.3,1.0,0.4,1.5,2.0,13.4,princta01
146,Laron Profit,SF,27,WAS,3,0,1.7,0.0,0.7,.000,0.0,0.0,,0.0,0.7,.000,.000,0.0,0.0,,0.0,0.3,0.3,0.3,0.0,0.0,0.0,0.0,0.0,profila01
147,Vladimir Radmanović,PF,24,SEA,6,0,20.3,2.2,5.8,.371,0.8,3.5,.238,1.3,2.3,.571,.443,0.2,0.3,.500,0.2,2.8,3.0,0.5,0.7,0.5,1.0,1.5,5.3,radmavl01
148,Justin Reed,SF,23,BOS,6,0,3.7,0.3,1.0,.333,0.0,0.3,.000,0.3,0.7,.500,.333,0.5,0.7,.750,0.0,0.2,0.2,0.0,0.0,0.0,0.3,0.3,1.2,reedju01
149,Jared Reiner,C,22,CHI,3,0,2.3,0.0,0.3,.000,0.0,0.0,,0.0,0.3,.000,.000,0.0,0.0,,0.7,0.3,1.0,0.0,0.0,0.0,0.3,1.0,0.0,reineja01
150,Quentin Richardson,SG,24,PHO,15,15,37.6,4.1,10.3,.403,2.1,5.5,.390,2.0,4.8,.417,.506,1.5,2.4,.639,1.6,3.5,5.1,1.7,1.3,0.2,1.0,3.5,11.9,richaqu01
151,Luke Ridnour,PG,23,SEA,11,11,34.4,3.8,9.7,.393,0.4,1.5,.235,3.5,8.2,.422,.411,1.7,1.8,.950,0.9,2.4,3.3,4.3,1.2,0.7,1.6,2.1,9.7,ridnolu01
152,Clifford Robinson,PF,38,NJN,4,0,17.8,2.8,6.8,.407,1.0,3.5,.286,1.8,3.3,.538,.481,0.5,0.5,1.000,0.5,2.0,2.5,1.3,0.8,0.3,0.0,5.0,7.0,robincl02
153,Glenn Robinson,SF,32,SAS,13,0,8.7,1.2,3.5,.356,0.2,0.8,.300,1.0,2.7,.371,.389,1.2,1.3,.882,0.2,1.5,1.6,0.1,0.2,0.5,0.5,1.5,3.8,robingl01
154,Rodney Rogers,PF,33,PHI,4,0,12.3,1.5,3.3,.462,0.8,2.0,.375,0.8,1.3,.600,.577,1.3,1.8,.714,0.0,1.0,1.0,0.3,0.0,0.5,0.3,1.0,5.0,rogerro01
155,Michael Ruffin,C,28,WAS,9,0,17.3,0.8,1.1,.700,0.0,0.0,,0.8,1.1,.700,.700,1.0,1.8,.563,1.7,2.4,4.1,1.0,0.3,0.3,0.4,3.7,2.6,ruffimi01
156,Bryon Russell,SF,34,DEN,3,0,3.0,0.0,0.3,.000,0.0,0.3,.000,0.0,0.0,,.000,1.0,1.0,1.000,0.0,0.0,0.0,0.0,0.0,0.0,0.0,0.0,1.0,russebr01
157,John Salmons,SG,25,PHI,2,0,2.0,0.0,0.0,,0.0,0.0,,0.0,0.0,,,0.0,0.0,,0.0,0.0,0.0,0.5,0.0,0.0,0.0,0.0,0.0,salmojo01
158,Brian Scalabrine,PF,26,NJN,4,3,15.3,0.5,2.8,.182,0.3,1.0,.250,0.3,1.8,.143,.227,1.0,1.0,1.000,0.5,1.3,1.8,0.5,0.3,0.5,1.0,1.5,2.3,scalabr01
159,Brian Skinner,C,28,SAC,4,1,11.8,1.0,2.0,.500,0.0,0.0,,1.0,2.0,.500,.500,0.0,0.0,,1.5,1.3,2.8,0.5,0.5,1.0,1.3,1.3,2.0,skinnbr01
160,Jabari Smith,PF,27,NJN,3,0,1.3,0.0,0.0,,0.0,0.0,,0.0,0.0,,,0.0,0.0,,0.0,0.0,0.0,0.0,0.0,0.0,0.0,0.7,0.0,smithja01
161,Steve Smith,SG,35,MIA,3,0,2.7,0.0,0.7,.000,0.0,0.0,,0.0,0.7,.000,.000,0.0,0.0,,0.0,0.0,0.0,0.0,0.0,0.0,0.0,0.0,0.0,smithst01
162,Darius Songaila,PF,26,SAC,5,0,15.0,1.6,3.8,.421,0.0,0.0,,1.6,3.8,.421,.421,0.8,1.0,.800,1.2,1.6,2.8,0.6,0.4,0.2,0.4,2.8,4.0,songada01
163,Jerry Stackhouse,SG,30,DAL,13,0,31.0,5.2,13.5,.386,1.2,3.1,.400,4.0,10.5,.382,.432,4.4,5.1,.864,1.5,2.5,4.1,2.3,0.6,0.2,1.6,1.7,16.1,stackje01
164,Peja Stojaković,SF,27,SAC,5,5,40.6,7.8,16.6,.470,2.2,6.0,.367,5.6,10.6,.528,.536,4.2,4.4,.955,1.2,4.0,5.2,1.4,0.8,0.2,0.4,3.0,22.0,stojape01
165,Amar'e Stoudemire,C,22,PHO,15,15,40.1,10.2,18.9,.539,0.0,0.2,.000,10.2,18.7,.544,.539,9.5,12.2,.781,4.0,6.7,10.7,1.2,0.7,2.0,3.1,3.9,29.9,stoudam01
166,Bob Sura,PG,31,HOU,7,7,26.0,2.9,6.6,.435,1.0,1.9,.538,1.9,4.7,.394,.511,1.1,1.7,.667,0.9,3.0,3.9,2.0,1.0,0.0,1.6,2.1,7.9,surabo01
167,Stromile Swift,PF,25,MEM,3,0,16.0,4.0,6.7,.600,0.0,0.0,,4.0,6.7,.600,.600,1.3,2.3,.571,2.3,2.3,4.7,0.3,0.3,0.0,0.7,1.0,9.3,swiftst01
168,Jason Terry,PG,27,DAL,13,13,38.5,6.2,12.3,.506,2.1,4.2,.491,4.2,8.1,.514,.591,2.9,3.3,.884,0.7,3.5,4.2,4.6,1.3,0.5,2.3,2.2,17.5,terryja01
169,Billy Thomas,SF,29,NJN,2,0,1.0,0.0,0.5,.000,0.0,0.0,,0.0,0.5,.000,.000,0.0,0.0,,0.0,0.0,0.0,0.0,0.0,0.0,0.0,0.0,0.0,thomabi01
170,Etan Thomas,C,26,WAS,8,0,15.8,2.4,3.6,.655,0.0,0.0,,2.4,3.6,.655,.655,1.3,2.8,.455,1.5,3.0,4.5,0.3,0.0,0.9,1.1,2.9,6.0,thomaet01
171,Kenny Thomas,PF,27,SAC,5,5,30.6,4.6,9.0,.511,0.0,0.0,,4.6,9.0,.511,.511,2.8,4.0,.700,3.4,5.4,8.8,2.4,0.8,0.4,1.6,4.4,12.0,thomake01
172,Jamaal Tinsley,PG,26,IND,9,9,27.4,3.6,9.9,.360,0.2,2.0,.111,3.3,7.9,.423,.371,1.3,2.3,.571,0.7,2.7,3.3,5.7,1.6,0.3,3.0,3.4,8.7,tinslja01
173,Beno Udrih,PG,22,SAS,21,0,11.5,1.3,3.7,.359,0.5,1.8,.270,0.9,2.0,.439,.423,0.6,0.7,.857,0.2,0.6,0.8,1.0,0.4,0.0,1.0,1.0,3.7,udrihbe01
174,Keith Van Horn,PF,29,DAL,3,0,11.0,2.3,5.0,.467,0.0,1.3,.000,2.3,3.7,.636,.467,2.7,3.0,.889,1.0,1.0,2.0,0.3,0.3,0.0,0.3,2.0,7.3,vanhoke01
175,Dwyane Wade*,SG,23,MIA,14,14,40.8,9.7,20.1,.484,0.1,0.7,.100,9.6,19.4,.498,.486,7.9,9.9,.799,1.6,4.1,5.7,6.6,1.6,1.1,4.4,3.1,27.4,wadedw01
176,Antoine Walker,PF,28,BOS,6,6,37.3,7.2,17.3,.413,1.2,3.2,.368,6.0,14.2,.424,.447,1.2,1.8,.636,2.7,4.7,7.3,2.3,1.2,1.0,3.0,3.2,16.7,walkean02
177,Ben Wallace*,C,30,DET,25,25,39.2,4.1,8.5,.481,0.0,0.2,.000,4.1,8.3,.490,.481,1.9,4.1,.461,3.8,7.5,11.3,1.0,1.7,2.4,1.2,2.6,10.0,wallabe01
178,Rasheed Wallace,PF,30,DET,25,25,33.0,5.4,12.4,.439,1.2,3.4,.337,4.3,9.0,.478,.485,1.6,2.2,.741,1.6,5.4,6.9,1.3,1.0,1.8,1.5,3.8,13.6,wallara01
179,Earl Watson,PG,25,MEM,4,0,18.5,2.0,6.0,.333,0.3,2.3,.111,1.8,3.8,.467,.354,0.5,0.5,1.000,0.8,1.8,2.5,3.8,0.8,0.3,0.5,2.8,4.8,watsoea01
180,Clarence Weatherspoon,PF,34,HOU,1,0,1.0,0.0,0.0,,0.0,0.0,,0.0,0.0,,,0.0,0.0,,0.0,0.0,0.0,0.0,0.0,0.0,0.0,1.0,0.0,weathcl01
181,Chris Webber*,PF,31,PHI,5,5,37.2,7.8,19.0,.411,1.0,2.8,.357,6.8,16.2,.420,.437,2.4,3.2,.750,2.4,3.4,5.8,2.8,1.2,0.2,2.2,4.0,19.0,webbech01
182,Bonzi Wells,SG,28,MEM,2,0,12.5,2.0,4.5,.444,0.0,0.0,,2.0,4.5,.444,.444,3.0,3.0,1.000,0.0,2.0,2.0,1.5,1.0,0.5,0.5,0.5,7.0,wellsbo01
183,David Wesley,SG,34,HOU,7,7,40.0,2.7,7.7,.352,1.4,3.0,.476,1.3,4.7,.273,.444,1.3,1.9,.692,0.6,2.4,3.0,3.3,1.3,0.1,1.3,2.9,8.1,wesleda01
184,Delonte West,SG,21,BOS,7,3,16.4,1.6,3.0,.524,0.7,1.6,.455,0.9,1.4,.600,.643,0.3,0.6,.500,0.3,1.0,1.3,0.6,1.0,0.1,0.3,2.4,4.1,westde01
185,Damien Wilkins,SF,25,SEA,7,0,19.4,2.3,5.1,.444,0.4,1.6,.273,1.9,3.6,.520,.486,0.6,1.3,.444,1.3,1.3,2.6,0.4,1.4,0.1,1.1,2.4,5.6,wilkida02
186,Jason Williams,PG,29,MEM,4,4,28.5,7.0,13.3,.528,2.5,5.3,.476,4.5,8.0,.563,.623,0.5,0.5,1.000,0.3,2.0,2.3,5.3,1.5,0.0,2.0,1.8,17.0,willija02
187,Corliss Williamson,PF,31,SAC,5,0,8.0,1.2,3.2,.375,0.0,0.2,.000,1.2,3.0,.400,.375,2.8,3.6,.778,0.8,0.4,1.2,0.6,0.2,0.4,0.8,2.2,5.2,willico02
188,Lorenzen Wright,C,29,MEM,4,4,21.3,4.0,7.0,.571,0.0,0.0,,4.0,7.0,.571,.571,0.3,0.5,.500,1.5,3.5,5.0,2.3,0.3,0.3,0.5,2.5,8.3,wrighlo02