Rk,Player,Pos,Age,Tm,G,GS,MP,FG,FGA,FG%,3P,3PA,3P%,2P,2PA,2P%,eFG%,FT,FTA,FT%,ORB,DRB,TRB,AST,STL,BLK,TOV,PF,PTS,Player-additional
1,Shareef Abdur-Rahim,PF,29,SAC,6,0,21.5,3.8,7.2,.535,0.0,0.5,.000,3.8,6.7,.575,.535,1.5,2.5,.600,1.3,3.5,4.8,1.2,0.3,0.0,2.2,4.5,9.2,abdursh01
2,Malik Allen,PF,27,CHI,6,6,19.3,2.3,5.0,.467,0.0,0.0,,2.3,5.0,.467,.467,0.0,0.2,.000,0.8,2.2,3.0,1.2,0.3,1.0,1.7,2.7,4.7,allenma01
3,Derek Anderson,SG,31,MIA,8,0,8.3,0.8,2.5,.300,0.6,1.8,.357,0.1,0.8,.167,.425,0.9,1.0,.875,0.0,1.1,1.1,0.6,0.3,0.0,0.4,1.6,3.0,anderde01
4,Shandon Anderson,SF,32,MIA,13,0,6.9,0.3,1.0,.308,0.1,0.2,.333,0.2,0.8,.300,.346,0.3,0.5,.667,0.2,0.7,0.9,0.3,0.0,0.1,0.5,0.6,1.0,andersh01
5,Carmelo Anthony,SF,21,DEN,5,5,38.6,6.6,19.8,.333,0.0,0.8,.000,6.6,19.0,.347,.333,7.8,10.4,.750,2.4,4.2,6.6,2.8,0.8,0.2,3.0,4.0,21.0,anthoca01
6,Gilbert Arenas,PG,24,WAS,6,6,47.3,10.8,23.3,.464,3.3,7.7,.435,7.5,15.7,.479,.536,9.0,11.7,.771,1.2,4.3,5.5,5.3,2.2,0.7,3.3,3.5,34.0,arenagi01
7,Darrell Armstrong,PG,37,DAL,11,0,4.3,0.3,1.4,.200,0.0,0.6,.000,0.3,0.7,.375,.200,0.2,0.2,1.000,0.1,0.5,0.6,0.2,0.3,0.1,0.1,0.8,0.7,armstda01
8,Chucky Atkins,PG,31,MEM,4,4,25.8,3.8,9.3,.405,1.0,2.8,.364,2.8,6.5,.423,.459,1.3,2.0,.625,0.0,0.8,0.8,3.0,0.5,0.0,1.0,3.8,9.8,atkinch01
9,Leandro Barbosa,SG,23,PHO,20,3,31.6,5.2,11.0,.470,1.4,3.5,.391,3.8,7.5,.507,.532,2.5,2.9,.862,0.3,1.4,1.6,2.7,0.8,0.2,1.5,3.3,14.2,barbole01
10,Brent Barry,SG,34,SAS,13,2,23.2,2.6,4.7,.557,1.3,2.6,.500,1.3,2.1,.630,.697,1.2,1.6,.762,0.2,2.2,2.5,1.7,0.7,0.2,0.7,2.2,7.8,barrybr01
11,Shane Battier,SF,27,MEM,4,4,32.3,2.5,5.0,.500,0.5,1.8,.286,2.0,3.3,.615,.550,0.5,1.5,.333,1.8,4.0,5.8,0.5,1.0,0.5,2.0,4.0,6.0,battish01
12,Charlie Bell,SG,26,MIL,5,0,21.6,3.4,8.6,.395,1.0,2.2,.455,2.4,6.4,.375,.453,1.4,1.4,1.000,0.4,0.2,0.6,1.4,0.6,0.4,0.8,3.0,9.2,bellch01
13,Raja Bell,SG,29,PHO,17,17,39.6,4.6,9.7,.479,2.4,5.1,.465,2.3,4.6,.494,.600,2.0,2.4,.829,0.5,2.4,2.8,2.2,0.6,0.2,0.6,4.1,13.6,bellra01
14,Mike Bibby,PG,27,SAC,6,6,42.5,5.3,15.3,.348,1.5,4.3,.346,3.8,11.0,.348,.397,4.5,5.0,.900,1.0,2.8,3.8,5.2,1.5,0.0,3.0,2.8,16.7,bibbymi01
15,Chauncey Billups,PG,29,DET,18,18,39.2,5.2,12.7,.406,1.8,5.2,.340,3.4,7.5,.452,.476,5.8,6.4,.905,0.4,3.0,3.4,6.5,1.2,0.1,2.4,2.4,17.9,billuch01
16,Andrew Bogut,PF,21,MIL,5,5,34.4,4.0,9.2,.435,0.0,0.0,,4.0,9.2,.435,.435,0.6,1.6,.375,1.8,4.4,6.2,3.4,0.6,0.0,1.6,4.2,8.6,bogutan01
17,Bruce Bowen,SF,34,SAS,13,13,34.0,2.5,4.7,.525,1.2,2.3,.500,1.3,2.4,.548,.648,0.1,0.2,.500,0.5,1.7,2.2,1.2,0.8,0.6,0.7,3.2,6.2,bowenbr01
18,Earl Boykins,PG,29,DEN,5,0,28.0,3.8,11.8,.322,0.8,3.8,.211,3.0,8.0,.375,.356,2.6,3.4,.765,0.6,0.8,1.4,4.0,0.8,0.0,0.6,1.2,11.0,boykiea01
19,Elton Brand,PF,26,LAC,12,12,43.1,10.3,18.8,.551,0.0,0.1,.000,10.3,18.7,.554,.551,4.8,6.3,.750,4.3,6.0,10.3,4.0,0.9,2.6,2.4,2.8,25.4,brandel01
20,Kwame Brown,C,23,LAL,7,7,32.1,4.9,9.3,.523,0.0,0.0,,4.9,9.3,.523,.523,3.1,4.4,.710,2.4,4.1,6.6,1.0,0.3,0.9,1.7,3.0,12.9,brownkw01
21,Kobe Bryant*,SG,27,LAL,7,7,44.9,10.3,20.7,.497,2.0,5.0,.400,8.3,15.7,.527,.545,5.3,6.9,.771,0.6,5.7,6.3,5.1,1.1,0.4,4.7,3.6,27.9,bryanko01
22,Greg Buckner,SG,29,DEN,5,4,27.4,4.6,11.0,.418,2.0,6.4,.313,2.6,4.6,.565,.509,1.4,1.6,.875,0.6,2.2,2.8,1.2,0.6,0.2,0.2,2.4,12.6,buckngr01
23,Pat Burke,C,32,PHO,3,0,2.3,0.7,1.3,.500,0.3,0.7,.500,0.3,0.7,.500,.625,0.0,0.3,.000,0.3,0.7,1.0,0.0,0.0,0.3,0.0,0.0,1.7,burkepa01
24,Antonio Burks,PG,25,MEM,2,0,6.5,0.5,0.5,1.000,0.0,0.0,,0.5,0.5,1.000,1.000,0.5,1.0,.500,0.0,0.5,0.5,1.0,0.5,0.0,0.0,1.0,1.5,burksan01
25,Caron Butler,SF,25,WAS,6,6,43.7,7.0,16.8,.416,0.5,2.3,.214,6.5,14.5,.448,.431,4.0,4.8,.828,2.7,7.8,10.5,2.7,2.0,0.7,2.3,5.2,18.5,butleca01
26,Andrew Bynum,C,18,LAL,1,0,2.0,0.0,1.0,.000,0.0,0.0,,0.0,1.0,.000,.000,0.0,0.0,,0.0,0.0,0.0,0.0,0.0,0.0,0.0,0.0,0.0,bynuman01
27,Marcus Camby,C,31,DEN,5,5,35.0,5.2,12.4,.419,0.0,0.0,,5.2,12.4,.419,.419,1.0,1.8,.556,2.6,8.4,11.0,2.2,0.8,2.8,0.8,2.8,11.4,cambyma01
28,Brian Cardinal,PF,28,MEM,3,0,7.3,0.3,0.7,.500,0.3,0.7,.500,0.0,0.0,,.750,0.0,0.0,,0.3,1.0,1.3,0.3,0.3,0.0,0.0,0.7,1.0,cardibr01
29,Vince Carter,SG,29,NJN,11,11,40.9,10.3,22.2,.463,1.3,5.3,.241,9.0,16.9,.532,.492,7.8,9.8,.796,1.5,5.5,7.0,5.3,1.8,0.5,2.4,3.1,29.6,cartevi01
30,Sam Cassell,PG,36,LAC,12,12,33.7,6.1,13.9,.437,1.3,3.6,.349,4.8,10.3,.468,.482,4.6,5.7,.809,0.8,3.3,4.0,5.8,0.7,0.2,2.3,2.9,18.0,cassesa01
31,Kelvin Cato,C,31,DET,4,0,3.8,0.8,1.3,.600,0.0,0.0,,0.8,1.3,.600,.600,0.0,0.0,,0.8,1.0,1.8,0.0,0.0,0.0,0.0,0.5,1.5,catoke01
32,Tyson Chandler,C,23,CHI,6,0,17.3,0.7,1.0,.667,0.0,0.0,,0.7,1.0,.667,.667,0.5,1.7,.300,1.3,3.2,4.5,0.5,0.3,0.3,1.0,4.8,1.8,chandty01
33,Jason Collins,C,27,NJN,11,11,27.5,0.8,2.3,.360,0.0,0.0,,0.8,2.3,.360,.360,1.2,2.0,.591,1.8,3.2,5.0,0.3,0.5,0.2,0.8,5.0,2.8,collija04
34,Brian Cook,PF,25,LAL,7,0,11.1,2.6,6.6,.391,0.6,1.6,.364,2.0,5.0,.400,.435,0.6,0.6,1.000,1.6,1.6,3.1,1.1,0.1,0.0,0.4,2.1,6.3,cookbr01
35,Austin Croshere,PF,30,IND,6,2,29.2,2.0,6.3,.316,1.5,3.8,.391,0.5,2.5,.200,.434,2.7,3.0,.889,0.8,2.8,3.7,1.2,0.8,0.0,1.0,1.8,8.2,croshau01
36,Erick Dampier,C,30,DAL,19,2,23.9,1.8,3.3,.540,0.0,0.1,.000,1.8,3.3,.548,.540,1.4,2.3,.614,2.9,3.8,6.7,0.3,0.6,1.3,0.6,3.9,5.0,dampier01
37,Antonio Daniels,SG,30,WAS,6,0,36.0,4.7,8.7,.538,0.5,1.8,.273,4.2,6.8,.610,.567,3.3,3.7,.909,0.3,2.5,2.8,3.3,0.5,0.2,1.7,0.7,13.2,daniean01
38,Marquis Daniels,SG,25,DAL,20,0,11.1,1.3,2.8,.446,0.1,0.3,.400,1.2,2.6,.451,.464,0.8,1.1,.762,0.5,0.6,1.1,1.3,0.3,0.1,0.6,1.3,3.4,daniema01
39,Dale Davis,C,36,DET,8,0,4.5,0.0,0.8,.000,0.0,0.0,,0.0,0.8,.000,.000,0.3,0.5,.500,0.1,1.0,1.1,0.1,0.0,0.0,0.4,1.4,0.3,davisda01
40,Carlos Delfino,SG,23,DET,8,0,4.0,0.1,0.8,.167,0.1,0.3,.500,0.0,0.5,.000,.250,0.3,0.3,1.000,0.0,0.5,0.5,0.3,0.1,0.0,0.8,0.5,0.6,delfica01
41,Tony Delk,PG,32,DET,16,0,8.6,1.2,2.9,.404,0.2,0.9,.200,1.0,2.0,.500,.436,0.4,0.6,.700,0.3,0.9,1.1,0.5,0.4,0.0,0.3,0.9,3.0,delkto01
42,Luol Deng,SF,20,CHI,6,0,30.0,4.0,9.3,.429,0.2,0.8,.200,3.8,8.5,.451,.438,2.0,3.5,.571,1.3,3.5,4.8,0.5,0.8,0.7,0.8,2.2,10.2,denglu01
43,Boris Diaw,PF,23,PHO,20,20,39.8,7.6,14.5,.526,0.2,0.4,.429,7.5,14.1,.528,.531,3.4,4.4,.761,2.0,4.7,6.7,5.2,0.9,1.1,2.8,3.2,18.7,diawbo01
44,DeSagana Diop,C,24,DAL,22,18,18.5,1.1,1.8,.615,0.0,0.0,,1.1,1.8,.615,.615,0.5,0.8,.611,1.8,3.1,5.0,0.1,0.6,1.3,0.5,3.7,2.7,diopde01
45,Michael Doleac,C,28,MIA,8,0,9.0,0.9,1.6,.538,0.0,0.0,,0.9,1.6,.538,.538,0.3,0.3,1.000,0.8,2.0,2.8,0.0,0.1,0.0,0.4,1.5,2.0,doleami01
46,Chris Duhon,PG,23,CHI,6,0,21.8,1.5,4.2,.360,1.2,2.7,.438,0.3,1.5,.222,.500,0.8,1.0,.833,0.2,2.5,2.7,2.2,0.3,0.0,0.8,2.2,5.0,duhonch01
47,Tim Duncan*,PF,29,SAS,13,13,37.9,9.3,16.2,.573,0.0,0.2,.000,9.3,16.1,.579,.573,7.2,10.1,.718,2.5,8.0,10.5,3.3,0.8,1.9,2.6,3.8,25.8,duncati01
48,Francisco Elson,C,29,DEN,5,2,15.0,0.6,1.0,.600,0.0,0.0,,0.6,1.0,.600,.600,0.0,0.0,,1.0,1.2,2.2,0.4,0.8,0.0,0.6,2.6,1.2,elsonfr01
49,Maurice Evans,SG,27,DET,16,0,6.3,1.0,1.9,.533,0.4,0.7,.636,0.6,1.2,.474,.650,0.9,1.0,.875,0.4,0.5,0.9,0.2,0.1,0.1,0.1,0.6,3.3,evansma01
50,Reggie Evans,PF,25,DEN,5,0,13.8,0.6,1.4,.429,0.0,0.4,.000,0.6,1.0,.600,.429,2.6,3.6,.722,1.6,3.0,4.6,0.0,0.4,0.2,1.2,2.2,3.8,evansre01
51,Daniel Ewing,SG,22,LAC,6,0,0.8,0.2,0.2,1.000,0.0,0.0,,0.2,0.2,1.000,1.000,0.0,0.0,,0.0,0.0,0.0,0.0,0.0,0.0,0.0,0.0,0.3,ewingda01
52,Michael Finley,SG,32,SAS,13,4,31.6,3.8,8.1,.476,1.4,3.6,.383,2.5,4.5,.552,.562,1.4,1.5,.900,0.1,3.7,3.8,1.4,0.6,0.2,0.7,1.5,10.5,finlemi01
53,T.J. Ford,PG,22,MIL,5,5,32.4,5.0,10.2,.490,0.4,1.0,.400,4.6,9.2,.500,.510,2.2,2.4,.917,0.6,3.4,4.0,6.4,0.6,0.0,3.2,4.0,12.6,fordtj01
54,Jeff Foster,C,29,IND,4,4,20.0,1.0,2.8,.364,0.0,0.0,,1.0,2.8,.364,.364,0.8,1.0,.750,2.8,3.3,6.0,0.8,1.0,0.3,0.0,2.3,2.8,fosteje01
55,Dan Gadzuric,C,27,MIL,4,0,4.0,2.0,2.3,.889,0.0,0.0,,2.0,2.3,.889,.889,0.3,0.5,.500,0.5,0.5,1.0,0.0,0.0,0.3,0.0,0.8,4.3,gadzuda01
56,Francisco García,SF,24,SAC,6,0,6.8,0.8,1.8,.455,0.2,0.7,.250,0.7,1.2,.571,.500,0.3,0.3,1.000,0.0,0.3,0.3,0.2,0.3,0.3,0.0,0.8,2.2,garcifr01
57,Pau Gasol*,PF,25,MEM,4,4,39.5,7.3,16.8,.433,0.0,0.3,.000,7.3,16.5,.439,.433,5.8,7.5,.767,1.0,5.8,6.8,3.0,0.5,1.3,2.8,2.8,20.3,gasolpa01
58,Devean George,SF,28,LAL,7,0,17.3,1.9,4.9,.382,1.3,3.0,.429,0.6,1.9,.308,.515,0.3,0.7,.400,0.3,2.0,2.3,0.6,0.6,0.1,0.0,1.9,5.3,georgde01
59,Eddie Gill,PG,27,IND,2,0,0.5,0.0,0.0,,0.0,0.0,,0.0,0.0,,,0.0,0.0,,0.0,0.0,0.0,0.0,0.0,0.0,0.5,0.0,0.0,gilled01
60,Manu Ginóbili*,SG,28,SAS,13,11,32.8,5.8,12.1,.484,1.1,3.2,.333,4.8,8.8,.539,.529,5.6,6.7,.839,0.7,3.8,4.5,3.0,1.5,0.5,2.5,3.3,18.4,ginobma01
61,Drew Gooden,PF,24,CLE,13,13,21.7,3.5,6.5,.529,0.0,0.0,,3.5,6.5,.529,.529,1.3,1.4,.944,2.4,5.2,7.5,0.6,0.2,0.2,1.4,3.1,8.2,goodedr01
62,Ben Gordon,SG,22,CHI,6,6,40.8,7.2,17.7,.406,2.5,6.8,.366,4.7,10.8,.431,.476,4.2,6.2,.676,0.8,2.5,3.3,3.0,1.0,0.0,2.8,2.0,21.0,gordobe01
63,Danny Granger,SF,22,IND,6,3,27.0,3.0,5.7,.529,1.5,2.7,.563,1.5,3.0,.500,.662,0.7,0.7,1.000,1.2,4.0,5.2,1.7,0.7,1.2,1.2,3.3,8.2,grangda01
64,Brian Grant,C,33,PHO,5,0,2.4,0.2,0.6,.333,0.0,0.0,,0.2,0.6,.333,.333,0.0,0.4,.000,0.4,0.0,0.4,0.0,0.0,0.0,0.0,1.4,0.4,grantbr01
65,Adrian Griffin,SG,31,DAL,20,8,17.5,1.6,3.0,.542,0.0,0.0,,1.6,3.0,.542,.542,0.4,0.4,.875,1.4,2.2,3.6,1.2,0.8,0.1,0.6,2.1,3.6,griffad01
66,Richard Hamilton,SG,27,DET,18,18,38.3,7.1,17.2,.413,0.8,2.2,.350,6.3,15.0,.422,.435,5.4,6.3,.851,0.9,2.0,2.9,2.7,0.9,0.3,2.2,3.3,20.4,hamilri01
67,Othella Harrington,C,32,CHI,3,0,5.0,0.0,1.0,.000,0.0,0.0,,0.0,1.0,.000,.000,0.0,0.0,,0.0,0.7,0.7,0.0,0.3,0.0,0.0,0.7,0.0,harriot01
68,Devin Harris,PG,22,DAL,23,15,24.3,3.6,7.4,.480,0.0,0.3,.000,3.6,7.1,.503,.480,2.3,3.2,.703,0.7,1.0,1.7,2.2,0.8,0.1,1.8,3.0,9.4,harride01
69,David Harrison,C,23,IND,6,0,5.2,0.5,1.5,.333,0.0,0.0,,0.5,1.5,.333,.333,1.2,2.0,.583,0.2,0.7,0.8,0.0,0.2,0.2,0.7,1.8,2.2,harrida01
70,Jason Hart,PG,27,SAC,5,0,10.4,0.8,2.6,.308,0.0,0.0,,0.8,2.6,.308,.308,0.4,0.4,1.000,0.2,0.2,0.4,0.6,0.6,0.0,0.8,1.6,2.0,hartja01
71,Udonis Haslem,PF,25,MIA,22,22,29.5,3.4,6.8,.493,0.0,0.0,.000,3.4,6.8,.497,.493,1.9,2.7,.683,2.2,5.1,7.4,0.8,0.6,0.3,1.4,3.6,8.6,hasleud01
72,Brendan Haywood,C,26,WAS,6,6,25.8,2.5,3.7,.682,0.0,0.0,,2.5,3.7,.682,.682,2.2,4.2,.520,1.2,2.0,3.2,0.8,0.3,1.8,1.2,3.7,7.2,haywobr01
73,Alan Henderson,C,33,CLE,2,0,4.5,0.0,1.0,.000,0.0,0.0,,0.0,1.0,.000,.000,0.0,0.0,,0.5,0.5,1.0,0.0,0.0,0.0,0.0,0.5,0.0,hendeal01
74,Kirk Hinrich,PG,25,CHI,6,6,39.0,6.5,15.7,.415,1.5,4.3,.346,5.0,11.3,.441,.463,6.0,7.0,.857,0.0,3.3,3.3,7.7,1.3,0.3,4.0,3.7,20.5,hinriki01
75,Robert Horry,PF,35,SAS,13,5,17.2,1.2,2.8,.405,0.5,1.3,.353,0.7,1.5,.450,.486,1.5,2.0,.731,1.5,2.2,3.7,0.8,0.4,0.7,0.8,2.4,4.2,horryro01
76,Eddie House,PG,27,PHO,14,0,9.3,1.4,3.7,.365,0.2,1.0,.214,1.1,2.7,.421,.394,0.2,0.3,.750,0.0,0.6,0.6,0.4,0.1,0.1,0.4,0.7,3.1,houseed01
77,Josh Howard,SF,25,DAL,23,23,35.8,6.1,13.4,.453,1.0,2.8,.369,5.0,10.6,.475,.492,3.5,4.3,.808,1.8,5.7,7.4,1.4,1.0,0.6,2.3,3.7,16.7,howarjo01
78,Larry Hughes,SG,27,CLE,9,8,37.3,4.0,12.6,.319,0.6,2.0,.278,3.4,10.6,.326,.341,2.6,3.4,.742,1.0,2.0,3.0,4.0,2.2,0.1,1.8,3.8,11.1,hughela01
79,Lindsey Hunter,PG,35,DET,18,0,12.1,1.4,4.3,.333,0.8,2.4,.318,0.7,1.9,.353,.423,0.6,0.6,1.000,0.4,0.6,1.1,1.6,0.8,0.1,0.8,2.3,4.2,hunteli01
80,Zydrunas Ilgauskas,C,30,CLE,13,13,27.2,4.2,9.2,.454,0.0,0.0,,4.2,9.2,.454,.454,2.1,2.8,.750,2.5,3.8,6.3,0.8,0.4,2.1,1.8,3.5,10.4,ilgauzy01
81,D.J. Mbenga,C,25,DAL,7,0,3.6,0.1,0.4,.333,0.0,0.0,,0.1,0.4,.333,.333,0.3,0.3,1.000,0.1,1.0,1.1,0.0,0.0,0.1,0.4,1.3,0.6,mbengdj01
82,Bobby Jackson,PG,32,MEM,4,0,25.0,3.0,7.3,.414,1.0,2.8,.364,2.0,4.5,.444,.483,1.3,1.8,.714,0.0,2.0,2.0,1.3,0.3,0.0,3.5,1.8,8.3,jacksbo01
83,Jermaine Jackson,PG,29,MIL,2,0,2.0,0.0,1.0,.000,0.0,0.0,,0.0,1.0,.000,.000,0.0,0.0,,0.0,0.0,0.0,1.0,0.0,0.0,0.0,0.5,0.0,jacksje01
84,Jim Jackson,SF,35,LAL,3,0,7.0,0.7,2.0,.333,0.0,0.3,.000,0.7,1.7,.400,.333,0.0,0.0,,0.7,0.3,1.0,0.7,0.3,0.3,0.7,1.3,1.3,jacksji01
85,Stephen Jackson,SG,27,IND,6,6,37.8,5.0,13.7,.366,1.0,4.3,.231,4.0,9.3,.429,.402,2.3,3.0,.778,0.8,3.7,4.5,3.3,0.7,0.2,2.5,3.8,13.3,jacksst02
86,LeBron James,SF,21,CLE,13,13,46.5,11.2,23.6,.476,1.6,4.8,.333,9.6,18.8,.512,.510,6.7,9.1,.737,1.7,6.4,8.1,5.8,1.4,0.7,5.0,3.4,30.8,jamesle01
87,Antawn Jamison,SF,29,WAS,6,6,42.2,7.0,16.5,.424,1.7,5.3,.313,5.3,11.2,.478,.475,3.5,4.5,.778,1.5,5.7,7.2,3.0,1.0,0.3,1.8,3.8,19.2,jamisan01
88,Šarūnas Jasikevičius,PG,29,IND,6,0,11.0,1.2,3.2,.368,0.3,1.5,.222,0.8,1.7,.500,.421,0.2,0.3,.500,0.2,0.8,1.0,1.0,0.0,0.2,0.8,1.2,2.8,jasiksa01
89,Richard Jefferson,SF,25,NJN,11,11,39.7,8.2,15.0,.545,1.1,2.6,.414,7.1,12.4,.574,.582,4.7,5.7,.825,0.6,3.5,4.1,4.1,0.9,0.4,2.7,2.9,22.2,jefferi01
90,Jared Jeffries,PF,24,WAS,6,6,35.8,2.8,7.2,.395,0.2,1.2,.143,2.7,6.0,.444,.407,2.2,2.8,.765,3.3,2.8,6.2,1.5,0.2,1.2,1.8,3.2,8.0,jeffrja01
91,Anthony Johnson,PG,31,IND,6,6,40.3,7.5,14.5,.517,1.3,3.3,.400,6.2,11.2,.552,.563,3.7,5.5,.667,1.3,3.7,5.0,5.2,1.0,0.0,2.3,2.8,20.0,johnsan02
92,DerMarr Johnson,SG,25,DEN,3,0,11.3,1.0,4.3,.231,0.3,3.3,.100,0.7,1.0,.667,.269,0.0,0.0,,0.7,2.7,3.3,0.7,0.0,0.3,0.3,0.3,2.3,johnsde03
93,Ervin Johnson,C,38,MIL,3,0,3.7,0.0,0.3,.000,0.0,0.0,,0.0,0.3,.000,.000,0.7,0.7,1.000,0.0,1.3,1.3,0.0,0.3,0.0,0.3,0.3,0.7,johnser02
94,Dahntay Jones,SF,25,MEM,4,0,11.5,1.3,1.8,.714,0.0,0.0,,1.3,1.8,.714,.714,1.8,2.5,.700,0.3,1.5,1.8,0.0,0.3,0.0,0.5,1.8,4.3,jonesda02
95,Damon Jones,PG,29,CLE,13,0,13.9,0.6,2.0,.308,0.4,1.4,.278,0.2,0.6,.375,.404,0.2,0.3,.750,0.2,1.1,1.2,0.9,0.2,0.0,0.2,1.3,1.8,jonesda01
96,Eddie Jones,SG,34,MEM,4,3,29.8,3.5,7.3,.483,0.8,1.8,.429,2.8,5.5,.500,.534,2.5,3.8,.667,0.8,2.0,2.8,2.5,0.8,0.3,0.3,2.5,10.3,jonesed02
97,Fred Jones,SG,26,IND,6,1,27.8,2.5,6.0,.417,1.0,2.7,.375,1.5,3.3,.450,.500,1.8,2.0,.917,0.3,3.0,3.3,2.5,1.0,0.2,1.3,2.2,7.8,jonesfr01
98,James Jones,SF,25,PHO,20,6,17.7,1.4,4.1,.341,0.4,1.3,.308,1.0,2.8,.357,.390,1.1,1.3,.846,0.8,2.8,3.6,0.3,0.3,0.9,0.5,1.3,4.3,jonesja02
99,Chris Kaman,C,23,LAC,11,10,29.5,4.6,7.8,.593,0.0,0.0,,4.6,7.8,.593,.593,1.5,1.9,.762,1.9,6.1,8.0,0.9,0.5,0.8,3.0,3.5,10.7,kamanch01
100,Jason Kapono,SF,24,MIA,1,0,2.0,0.0,0.0,,0.0,0.0,,0.0,0.0,,,0.0,0.0,,0.0,0.0,0.0,0.0,0.0,0.0,0.0,0.0,0.0,kaponja01
101,Jason Kidd*,PG,32,NJN,11,11,40.9,4.5,12.0,.371,1.4,4.5,.300,3.1,7.5,.415,.428,1.7,2.1,.826,2.0,5.6,7.6,9.6,1.5,0.2,2.2,2.8,12.0,kiddja01
102,Linas Kleiza,PF,21,DEN,3,0,4.7,1.0,2.7,.375,0.0,0.3,.000,1.0,2.3,.429,.375,0.0,0.0,,0.3,1.0,1.3,0.7,0.0,0.0,0.0,1.0,2.0,kleizli01
103,Nenad Krstić,PF,22,NJN,11,11,33.3,5.9,11.7,.504,0.0,0.0,,5.9,11.7,.504,.504,2.9,4.1,.711,2.3,4.5,6.8,0.7,0.5,0.9,2.0,4.2,14.7,krstine01
104,Toni Kukoč*,PF,37,MIL,3,0,17.7,2.7,4.7,.571,1.7,2.7,.625,1.0,2.0,.500,.750,0.3,0.7,.500,0.0,1.7,1.7,3.0,0.3,0.0,1.0,2.7,7.3,kukocto01
105,Shaun Livingston,PG,20,LAC,12,0,27.7,3.0,6.3,.474,0.1,0.1,1.000,2.9,6.3,.467,.480,1.4,1.8,.810,1.3,3.3,4.7,4.8,0.6,0.5,1.9,2.6,7.5,livinsh01
106,Corey Maggette,SF,26,LAC,12,2,24.3,4.8,10.2,.467,0.7,2.0,.333,4.1,8.2,.500,.500,5.1,5.6,.910,0.6,6.7,7.3,1.4,0.6,0.4,2.2,3.3,15.3,maggeco01
107,Jamaal Magloire,C,27,MIL,5,5,27.0,3.6,7.6,.474,0.0,0.0,,3.6,7.6,.474,.474,1.8,3.0,.600,2.2,5.8,8.0,1.0,0.4,1.2,1.2,2.8,9.0,magloja01
108,Shawn Marion,PF,27,PHO,20,20,42.5,8.2,16.7,.489,1.1,3.5,.314,7.1,13.2,.536,.523,3.0,3.4,.881,2.9,8.8,11.7,1.6,1.9,1.2,1.1,3.3,20.4,mariosh01
109,Donyell Marshall,PF,32,CLE,13,0,26.5,3.5,8.0,.433,1.4,3.5,.391,2.1,4.5,.466,.519,1.2,1.3,.882,1.8,3.8,5.6,0.6,0.5,0.7,1.0,1.8,9.5,marshdo01
110,Kenyon Martin,PF,28,DEN,2,0,17.5,2.0,6.5,.308,0.0,0.0,,2.0,6.5,.308,.308,0.5,1.0,.500,3.0,1.5,4.5,0.5,2.0,1.0,1.5,2.5,4.5,martike01
111,Kevin Martin,SG,22,SAC,6,1,32.8,3.7,9.0,.407,1.0,3.2,.316,2.7,5.8,.457,.463,4.8,4.8,1.000,1.7,3.3,5.0,0.5,0.5,0.3,0.3,1.8,13.2,martike02
112,Walter McCarty,SF,31,LAC,8,0,1.3,0.1,0.5,.250,0.0,0.1,.000,0.1,0.4,.333,.250,0.0,0.0,,0.0,0.1,0.1,0.0,0.0,0.0,0.0,0.3,0.3,mccarwa01
113,Antonio McDyess,PF,31,DET,18,0,20.6,3.2,5.7,.559,0.0,0.1,.000,3.2,5.6,.564,.559,1.3,2.3,.548,2.2,3.9,6.1,0.6,0.4,0.7,0.8,3.0,7.6,mcdyean01
114,Aaron McKie,PG,33,LAL,1,0,8.0,0.0,0.0,,0.0,0.0,,0.0,0.0,,,0.0,0.0,,0.0,0.0,0.0,0.0,0.0,0.0,0.0,0.0,0.0,mckieaa01
115,Andre Miller,PG,29,DEN,5,5,36.4,6.8,15.4,.442,0.0,0.0,,6.8,15.4,.442,.442,2.8,3.4,.824,1.6,2.8,4.4,7.2,1.0,0.2,3.2,2.4,16.4,millean02
116,Brad Miller,C,29,SAC,6,6,27.7,3.5,8.7,.404,0.2,1.2,.143,3.3,7.5,.444,.413,2.0,2.2,.923,0.5,2.5,3.0,2.5,1.2,0.8,1.2,3.3,9.2,millebr01
117,Mike Miller,SG,25,MEM,4,1,26.8,3.0,7.5,.400,0.3,2.0,.125,2.8,5.5,.500,.417,2.3,2.3,1.000,0.3,3.5,3.8,1.8,0.5,0.5,2.0,2.8,8.5,millemi01
118,Cuttino Mobley,SG,30,LAC,12,12,39.4,5.1,11.9,.427,0.9,2.5,.367,4.2,9.4,.442,.465,2.2,2.4,.897,0.8,3.9,4.8,2.0,0.7,0.3,1.9,2.3,13.3,moblecu01
119,Nazr Mohammed,C,28,SAS,8,3,11.8,1.4,1.9,.733,0.1,0.1,1.000,1.3,1.8,.714,.767,1.6,2.3,.722,1.9,2.0,3.9,0.1,0.4,0.8,1.0,2.1,4.5,mohamna01
120,Alonzo Mourning*,C,35,MIA,21,0,10.8,1.2,1.8,.703,0.0,0.0,,1.2,1.8,.703,.703,1.3,2.0,.667,0.8,2.1,2.9,0.1,0.2,1.1,0.8,2.3,3.8,mournal01
121,Lamond Murray,SF,32,NJN,11,0,17.9,1.9,4.9,.389,1.1,3.1,.353,0.8,1.8,.450,.500,0.8,1.0,.818,0.8,2.6,3.5,0.2,0.3,0.0,0.3,2.3,5.7,murrala01
122,Ronald Murray,SG,26,CLE,13,5,30.7,2.8,8.6,.330,0.4,1.8,.208,2.5,6.8,.364,.353,2.0,2.5,.813,0.8,2.4,3.2,1.6,0.7,0.2,0.7,2.1,8.1,murraro01
123,Boštjan Nachbar,SF,25,NJN,1,0,1.0,0.0,0.0,,0.0,0.0,,0.0,0.0,,,0.0,0.0,,0.0,0.0,0.0,0.0,0.0,0.0,0.0,0.0,0.0,nachbbo01
124,Eduardo Nájera,PF,29,DEN,4,3,22.3,0.8,3.5,.214,0.0,0.0,,0.8,3.5,.214,.214,0.5,1.0,.500,1.0,2.8,3.8,0.5,0.8,0.0,1.0,3.3,2.0,najered01
125,Steve Nash*,PG,31,PHO,20,20,39.9,7.3,14.6,.502,1.6,4.4,.368,5.7,10.2,.559,.557,4.2,4.6,.912,0.5,3.2,3.7,10.2,0.4,0.3,3.4,1.9,20.4,nashst01
126,Rasho Nesterović,C,29,SAS,9,1,12.7,1.2,2.1,.579,0.1,0.1,1.000,1.1,2.0,.556,.605,0.2,0.2,1.000,0.8,2.6,3.3,0.1,0.2,0.6,0.2,1.9,2.8,nestera01
127,Ira Newble,SG,31,CLE,5,0,2.2,0.6,0.6,1.000,0.2,0.2,1.000,0.4,0.4,1.000,1.167,0.0,0.0,,0.2,0.2,0.4,0.0,0.2,0.0,0.2,0.2,1.4,newblir01
128,Andrés Nocioni,PF,26,CHI,6,6,38.3,7.8,14.0,.560,1.7,3.5,.476,6.2,10.5,.587,.619,5.0,5.8,.857,0.8,8.0,8.8,1.5,0.8,0.3,2.3,3.5,22.3,nocioan01
129,Dirk Nowitzki*,PF,27,DAL,23,23,42.7,8.5,18.2,.468,1.0,2.9,.343,7.5,15.3,.491,.495,8.9,10.0,.895,2.0,9.6,11.7,2.9,1.1,0.6,2.1,2.8,27.0,nowitdi01
130,Jermaine O'Neal,PF,27,IND,6,6,36.0,7.3,14.0,.524,0.0,0.3,.000,7.3,13.7,.537,.524,6.3,8.8,.717,1.5,6.0,7.5,1.7,0.5,2.3,4.3,4.7,21.0,onealje01
131,Shaquille O'Neal*,C,33,MIA,23,23,33.0,7.7,12.7,.612,0.0,0.0,,7.7,12.7,.612,.612,3.0,7.9,.374,3.3,6.5,9.8,1.7,0.5,1.5,3.7,3.7,18.4,onealsh01
132,Fabricio Oberto,C,30,SAS,7,0,4.9,0.4,1.3,.333,0.0,0.0,,0.4,1.3,.333,.333,0.1,0.6,.250,0.4,0.4,0.9,0.1,0.1,0.4,0.3,1.0,1.0,obertfa01
133,Lamar Odom,PF,26,LAL,7,7,44.9,7.0,14.1,.495,0.9,4.3,.200,6.1,9.9,.623,.525,4.3,6.4,.667,2.1,8.9,11.0,4.9,0.4,1.1,3.3,3.3,19.1,odomla01
134,Scott Padgett,PF,29,NJN,3,0,3.0,0.3,0.7,.500,0.0,0.3,.000,0.3,0.3,1.000,.500,0.3,0.7,.500,0.7,0.3,1.0,0.0,0.3,0.0,0.0,1.0,1.0,padgesc01
135,Jannero Pargo,PG,26,CHI,5,0,3.8,1.0,2.4,.417,0.6,1.0,.600,0.4,1.4,.286,.542,0.8,1.0,.800,0.2,1.0,1.2,0.6,0.0,0.0,0.6,0.0,3.4,pargoja01
136,Smush Parker,PG,24,LAL,7,7,36.9,3.4,10.3,.333,0.6,3.7,.154,2.9,6.6,.435,.361,1.4,1.4,1.000,1.3,1.7,3.0,1.6,2.1,0.1,1.7,3.4,8.9,parkesm01
137,Tony Parker*,PG,23,SAS,13,13,36.5,8.0,17.4,.460,0.2,0.7,.222,7.8,16.7,.470,.465,4.9,6.1,.810,0.6,3.0,3.6,3.8,1.0,0.1,3.1,2.4,21.1,parketo01
138,Ruben Patterson,SG,30,DEN,4,1,14.5,2.3,4.3,.529,0.0,0.0,,2.3,4.3,.529,.529,0.5,1.3,.400,1.3,0.3,1.5,0.8,0.3,0.0,0.8,1.5,5.0,patteru01
139,Sasha Pavlović,SG,22,CLE,3,0,1.3,0.0,0.7,.000,0.0,0.3,.000,0.0,0.3,.000,.000,0.0,0.0,,0.0,0.3,0.3,0.0,0.0,0.0,0.0,0.0,0.0,pavloal01
140,Gary Payton*,PG,37,MIA,23,0,24.3,2.1,5.0,.422,0.7,2.5,.293,1.4,2.5,.552,.496,0.8,1.1,.720,0.3,1.5,1.7,1.6,1.0,0.1,0.8,2.4,5.8,paytoga01
141,Eric Piatkowski,SG,35,CHI,6,0,4.7,0.5,1.0,.500,0.3,0.8,.400,0.2,0.2,1.000,.667,0.3,0.3,1.000,0.2,0.7,0.8,0.2,0.0,0.2,0.0,0.2,1.7,piatker01
142,Zoran Planinić,PG,23,NJN,3,0,2.0,0.0,0.3,.000,0.0,0.0,,0.0,0.3,.000,.000,0.0,0.7,.000,0.0,0.3,0.3,0.7,0.3,0.0,0.3,0.3,0.0,planizo01
143,Scot Pollard,C,30,IND,4,0,3.8,0.0,0.3,.000,0.0,0.0,,0.0,0.3,.000,.000,0.0,0.0,,0.3,1.0,1.3,0.0,0.3,0.0,0.3,1.3,0.0,pollasc01
144,James Posey,SF,29,MIA,22,1,27.6,2.2,5.2,.430,1.6,3.8,.422,0.6,1.4,.452,.583,1.2,1.7,.730,0.7,5.0,5.7,0.9,0.8,0.1,0.5,3.2,7.3,poseyja01
145,Vitaly Potapenko,C,30,SAC,4,0,2.3,0.5,1.0,.500,0.0,0.0,,0.5,1.0,.500,.500,0.0,0.0,,0.3,0.0,0.3,0.0,0.3,0.0,0.0,0.5,1.0,potapvi01
146,Josh Powell,PF,23,DAL,6,0,4.2,0.0,0.7,.000,0.0,0.0,,0.0,0.7,.000,.000,0.0,0.0,,0.3,0.0,0.3,0.2,0.0,0.0,0.2,0.8,0.0,poweljo01
147,Ronnie Price,PG,22,SAC,4,0,2.3,0.0,0.8,.000,0.0,0.0,,0.0,0.8,.000,.000,0.0,0.0,,0.0,0.0,0.0,0.3,0.0,0.0,0.0,0.3,0.0,pricero01
148,Tayshaun Prince,SF,25,DET,18,18,41.4,5.9,12.8,.459,1.2,2.6,.457,4.7,10.3,.459,.504,3.5,4.2,.829,2.4,3.3,5.7,3.0,0.7,0.8,1.7,1.3,16.4,princta01
149,Vladimir Radmanović,PF,25,LAC,12,2,20.5,2.6,5.5,.470,1.6,3.4,.463,1.0,2.1,.480,.614,1.3,1.9,.696,0.8,3.3,4.0,1.1,0.6,0.5,0.7,2.9,8.1,radmavl01
150,Željko Rebrača,C,33,LAC,3,0,7.3,0.3,1.0,.333,0.0,0.0,,0.3,1.0,.333,.333,0.0,0.0,,0.3,1.0,1.3,0.0,0.0,0.3,0.7,2.0,0.7,rebraze01
151,Michael Redd,SG,26,MIL,5,5,37.0,8.8,16.8,.524,1.4,3.0,.467,7.4,13.8,.536,.565,8.2,9.2,.891,3.2,2.2,5.4,1.6,0.8,0.0,2.0,2.2,27.2,reddmi01
152,Clifford Robinson,PF,39,NJN,8,0,24.8,1.6,4.9,.333,0.8,2.4,.316,0.9,2.5,.350,.410,0.5,0.6,.800,0.3,3.0,3.3,0.6,1.1,0.4,1.3,3.5,4.5,robincl02
153,Quinton Ross,SF,24,LAC,12,10,24.5,3.3,6.1,.534,0.0,0.0,,3.3,6.1,.534,.534,1.2,1.3,.875,0.7,2.0,2.7,0.8,0.6,0.7,0.8,3.0,7.7,rossqu01
154,Michael Ruffin,C,29,WAS,6,0,11.7,0.2,0.3,.500,0.0,0.0,,0.2,0.3,.500,.500,0.0,0.3,.000,1.0,1.7,2.7,0.7,0.2,0.3,0.3,1.7,0.3,ruffimi01
155,Luke Schenscher,C,23,CHI,3,0,5.7,0.7,0.7,1.000,0.0,0.0,,0.7,0.7,1.000,1.000,1.0,1.3,.750,1.0,1.3,2.3,0.0,0.0,0.0,0.3,0.7,2.3,schenlu01
156,Wayne Simien,PF,22,MIA,2,0,3.5,0.0,1.5,.000,0.0,0.0,,0.0,1.5,.000,.000,0.0,0.0,,0.5,0.0,0.5,0.0,0.0,0.0,0.5,0.5,0.0,simiewa01
157,Bobby Simmons,SF,25,MIL,5,5,31.8,2.8,8.4,.333,1.0,2.4,.417,1.8,6.0,.300,.393,0.0,0.0,,0.8,2.8,3.6,2.0,1.8,0.2,1.2,2.2,6.6,simmobo01
158,James Singleton,SF,24,LAC,7,0,1.7,0.1,0.4,.333,0.0,0.3,.000,0.1,0.1,1.000,.333,0.0,0.0,,0.0,0.4,0.4,0.3,0.0,0.0,0.0,0.4,0.3,singlja01
159,Joe Smith,PF,30,MIL,5,0,21.2,3.2,6.6,.485,0.0,0.0,,3.2,6.6,.485,.485,1.2,1.8,.667,1.2,4.2,5.4,0.6,0.4,0.4,0.2,3.2,7.6,smithjo02
160,Eric Snow,PG,32,CLE,13,13,31.4,2.5,5.8,.421,0.0,0.1,.000,2.5,5.8,.427,.421,1.7,2.2,.759,0.8,2.5,3.3,2.8,0.8,0.2,1.6,2.8,6.6,snower01
161,Jerry Stackhouse,SG,31,DAL,22,1,32.3,5.0,12.5,.402,1.0,3.0,.338,4.0,9.6,.422,.442,2.6,3.4,.784,0.9,1.9,2.8,2.5,0.5,0.3,1.7,2.0,13.7,stackje01
162,Peja Stojaković,SF,28,IND,2,2,25.5,4.0,9.0,.444,0.0,1.5,.000,4.0,7.5,.533,.444,3.0,3.5,.857,0.0,4.5,4.5,2.0,0.5,0.5,0.5,2.0,11.0,stojape01
163,Mike Sweetney,C,23,CHI,6,6,20.0,2.3,5.7,.412,0.0,0.0,,2.3,5.7,.412,.412,2.5,3.2,.789,2.7,2.8,5.5,1.2,0.5,1.0,1.2,4.0,7.2,sweetmi01
164,Donell Taylor,SG,23,WAS,1,0,3.0,0.0,1.0,.000,0.0,1.0,.000,0.0,0.0,,.000,0.0,0.0,,0.0,0.0,0.0,1.0,1.0,0.0,0.0,0.0,0.0,taylodo01
165,Jason Terry,PG,28,DAL,22,22,38.4,7.4,16.8,.442,1.4,4.6,.307,6.0,12.2,.493,.484,2.7,3.2,.831,0.5,2.4,2.9,3.8,1.2,0.0,2.0,2.5,18.9,terryja01
166,Billy Thomas,SG,30,WAS,3,0,4.7,0.0,2.3,.000,0.0,1.3,.000,0.0,1.0,.000,.000,0.7,1.3,.500,0.0,0.3,0.3,0.0,0.0,0.0,0.0,1.0,0.7,thomabi01
167,Etan Thomas,C,27,WAS,3,0,6.0,0.7,1.7,.400,0.0,0.0,,0.7,1.7,.400,.400,0.7,1.3,.500,0.7,1.3,2.0,0.0,0.7,0.7,0.0,1.0,2.0,thomaet01
168,John Thomas,C,30,NJN,8,0,7.0,0.4,0.8,.500,0.0,0.0,,0.4,0.8,.500,.500,0.1,0.3,.500,0.5,0.8,1.3,0.3,0.4,0.1,0.6,1.9,0.9,thomajo02
169,Kenny Thomas,PF,28,SAC,6,6,24.7,2.2,4.0,.542,0.0,0.0,,2.2,4.0,.542,.542,1.5,2.2,.692,2.0,2.5,4.5,1.3,0.8,0.0,1.5,3.7,5.8,thomake01
170,Kurt Thomas,C,33,PHO,1,0,6.0,0.0,0.0,,0.0,0.0,,0.0,0.0,,,1.0,2.0,.500,0.0,1.0,1.0,0.0,0.0,0.0,0.0,2.0,1.0,thomaku01
171,Tim Thomas,PF,28,PHO,20,14,31.8,5.4,11.0,.491,2.4,5.4,.444,3.0,5.6,.536,.600,1.9,2.5,.776,0.8,5.5,6.3,1.3,0.9,0.4,1.1,4.5,15.1,thomati01
172,Jamaal Tinsley,PG,27,IND,1,0,7.0,1.0,3.0,.333,0.0,2.0,.000,1.0,1.0,1.000,.333,0.0,0.0,,0.0,0.0,0.0,1.0,1.0,0.0,1.0,1.0,2.0,tinslja01
173,Jake Tsakalidis,C,26,MEM,4,3,14.8,1.5,2.5,.600,0.0,0.0,,1.5,2.5,.600,.600,0.3,0.5,.500,1.0,1.8,2.8,0.5,0.3,0.3,1.8,3.3,3.3,tsakaja01
174,Nikoloz Tskitishvili,SF,22,PHO,4,0,2.0,0.0,0.8,.000,0.0,0.3,.000,0.0,0.5,.000,.000,0.3,0.5,.500,0.0,0.3,0.3,0.5,0.0,0.0,0.3,0.3,0.3,tskitni01
175,Ronny Turiaf,C,23,LAL,3,0,8.3,1.0,1.7,.600,0.0,0.0,,1.0,1.7,.600,.600,1.7,2.0,.833,1.3,1.0,2.3,0.0,0.0,0.3,0.7,1.7,3.7,turiaro01
176,Beno Udrih,PG,23,SAS,7,0,6.7,1.4,4.3,.333,0.1,0.9,.167,1.3,3.4,.375,.350,0.6,0.7,.800,0.1,0.4,0.6,1.1,0.0,0.0,0.4,1.1,3.6,udrihbe01
177,Nick Van Exel,PG,34,SAS,12,0,11.1,0.6,2.7,.219,0.3,0.8,.300,0.3,1.8,.182,.266,0.8,0.8,1.000,0.1,0.9,1.0,1.4,0.3,0.2,0.4,1.2,2.2,vanexni01
178,Keith Van Horn,SF,30,DAL,14,3,12.3,1.4,4.2,.339,0.6,2.0,.286,0.9,2.2,.387,.407,0.2,0.2,1.000,0.6,1.7,2.3,0.1,0.0,0.3,0.4,1.7,3.6,vanhoke01
179,Anderson Varejão,C,23,CLE,13,0,18.3,2.4,3.8,.620,0.0,0.0,,2.4,3.8,.620,.620,2.0,2.8,.703,1.4,3.1,4.5,0.2,0.7,0.2,0.5,3.8,6.8,varejan01
180,Jacque Vaughn,SG,30,NJN,11,0,14.5,1.1,3.0,.364,0.0,0.1,.000,1.1,2.9,.375,.364,0.4,0.6,.571,0.3,0.7,1.0,1.1,0.2,0.0,0.4,2.1,2.5,vaughja01
181,Sasha Vujačić,PG,21,LAL,7,0,18.4,1.6,3.7,.423,1.3,2.1,.600,0.3,1.6,.182,.596,1.6,1.6,1.000,0.4,2.0,2.4,0.9,0.6,0.0,0.4,2.0,6.0,vujacsa01
182,Dwyane Wade*,SG,24,MIA,23,23,41.7,9.5,19.2,.497,0.6,1.6,.378,8.9,17.6,.507,.512,8.8,10.9,.808,1.2,4.7,5.9,5.7,2.2,1.1,3.9,3.1,28.4,wadedw01
183,Antoine Walker,PF,29,MIA,23,23,37.5,5.0,12.3,.403,2.1,6.4,.324,2.9,5.9,.489,.488,1.3,2.3,.574,0.7,4.9,5.6,2.4,1.0,0.3,2.0,3.0,13.3,walkean02
184,Ben Wallace*,C,31,DET,18,18,35.7,1.8,3.9,.465,0.0,0.1,.000,1.8,3.9,.471,.465,1.0,3.7,.273,3.3,7.2,10.5,1.7,1.3,1.2,0.8,2.3,4.7,wallabe01
185,Rasheed Wallace,PF,31,DET,18,18,34.9,5.3,12.4,.430,1.8,4.4,.405,3.6,8.0,.444,.502,1.6,3.1,.527,0.9,5.4,6.3,1.8,0.6,0.8,1.4,3.6,14.1,wallara01
186,Luke Walton,SF,25,LAL,7,7,33.6,5.4,11.9,.458,0.6,1.6,.364,4.9,10.3,.472,.482,0.7,0.7,1.000,1.4,5.0,6.4,1.7,1.0,0.1,1.6,2.3,12.1,waltolu01
187,Hakim Warrick,PF,23,MEM,3,1,14.3,1.3,5.3,.250,0.0,0.3,.000,1.3,5.0,.267,.250,4.0,4.7,.857,0.3,2.0,2.3,0.0,0.3,0.0,1.3,2.3,6.7,warriha01
188,Bonzi Wells,SG,29,SAC,6,6,41.5,8.8,14.5,.609,0.8,1.3,.625,8.0,13.2,.608,.638,4.7,7.2,.651,4.2,7.8,12.0,1.3,0.8,0.3,3.0,4.2,23.2,wellsbo01
189,Jiří Welsch,SF,26,MIL,4,0,3.8,0.5,1.0,.500,0.0,0.0,,0.5,1.0,.500,.500,0.8,1.0,.750,0.0,0.8,0.8,0.5,0.3,0.0,0.0,0.3,1.8,welscji01
190,Jason Williams,PG,30,MIA,23,23,29.8,3.3,8.0,.405,1.1,4.1,.274,2.1,3.9,.544,.476,1.7,2.0,.844,0.1,1.9,2.0,3.9,0.7,0.0,1.6,1.8,9.3,willija02
191,Mo Williams,PG,23,MIL,5,0,15.0,3.4,6.8,.500,0.4,2.2,.182,3.0,4.6,.652,.529,0.0,0.0,,0.0,0.6,0.6,2.0,0.2,0.0,1.2,2.4,7.2,willima01
192,Corliss Williamson,SF,32,SAC,3,0,3.7,0.7,1.7,.400,0.0,0.0,,0.7,1.7,.400,.400,1.0,1.0,1.000,0.0,0.3,0.3,0.0,0.0,0.0,0.0,1.0,2.3,willico02
193,Metta World Peace,SF,26,SAC,5,5,39.6,6.2,16.2,.383,1.8,5.4,.333,4.4,10.8,.407,.438,3.2,4.6,.696,1.6,3.4,5.0,3.0,1.6,0.8,1.0,3.0,17.4,artesro01
194,Antoine Wright,SG,21,NJN,5,0,2.0,0.2,0.8,.250,0.0,0.0,,0.2,0.8,.250,.250,0.4,0.6,.667,0.0,0.0,0.0,0.0,0.0,0.0,0.0,0.0,0.8,wrighan01
195,Lorenzen Wright,C,30,MEM,4,0,21.5,2.8,4.5,.611,0.0,0.0,,2.8,4.5,.611,.611,1.8,2.5,.700,2.8,2.3,5.0,0.8,0.0,1.0,1.3,2.3,7.3,wrighlo02