Rk,Player,Pos,Age,Tm,G,GS,MP,FG,FGA,FG%,3P,3PA,3P%,2P,2PA,2P%,eFG%,FT,FTA,FT%,ORB,DRB,TRB,AST,STL,BLK,TOV,PF,PTS,Player-additional
1,Hassan Adams,SG,22,NJN,6,0,1.5,0.2,0.3,.500,0.0,0.0,,0.2,0.3,.500,.500,0.0,0.0,,0.0,0.2,0.2,0.0,0.0,0.0,0.0,0.5,0.3,adamsha01
2,Maurice Ager,SG,22,DAL,3,0,8.0,1.7,3.0,.556,0.7,1.0,.667,1.0,2.0,.500,.667,1.0,2.0,.500,0.3,0.7,1.0,0.0,0.0,0.0,0.0,1.0,5.0,agerma01
3,Malik Allen,PF,28,CHI,5,0,6.8,0.4,2.4,.167,0.0,0.0,,0.4,2.4,.167,.167,0.0,0.0,,0.8,0.6,1.4,0.2,0.2,0.2,0.6,1.4,0.8,allenma01
4,Rafer Alston,PG,30,HOU,7,7,44.1,3.6,10.6,.338,2.3,7.1,.320,1.3,3.4,.375,.446,1.4,1.9,.769,0.9,6.0,6.9,5.0,1.9,0.4,2.4,3.3,10.9,alstora01
5,Carmelo Anthony,SF,22,DEN,5,5,42.0,9.4,19.6,.480,1.8,3.6,.500,7.6,16.0,.475,.526,6.2,7.8,.795,3.6,5.0,8.6,1.2,1.0,0.0,3.8,2.4,26.8,anthoca01
6,Rafael Araújo,C,26,UTA,5,0,5.6,0.6,1.6,.375,0.0,0.0,,0.6,1.6,.375,.375,1.0,2.4,.417,0.6,1.6,2.2,0.2,0.2,0.0,0.0,1.6,2.2,araujra01
7,Trevor Ariza,SG,21,ORL,4,0,11.8,1.3,4.0,.313,0.0,0.0,,1.3,4.0,.313,.313,0.3,1.0,.250,1.3,1.0,2.3,1.3,0.3,0.0,1.0,2.3,2.8,arizatr01
8,Carlos Arroyo,PG,27,ORL,3,0,13.3,1.7,4.7,.357,0.0,0.7,.000,1.7,4.0,.417,.357,0.7,0.7,1.000,0.7,1.0,1.7,2.0,0.3,0.0,0.3,1.3,4.0,arroyca01
9,Kelenna Azubuike,SG,23,GSW,6,0,2.5,0.2,0.5,.333,0.0,0.2,.000,0.2,0.3,.500,.333,0.3,0.3,1.000,0.2,0.5,0.7,0.0,0.2,0.0,0.0,0.2,0.7,azubuke01
10,Marcus Banks,PG,25,PHO,2,0,3.5,0.0,1.0,.000,0.0,0.5,.000,0.0,0.5,.000,.000,1.0,1.0,1.000,0.0,0.0,0.0,0.5,0.0,0.0,0.0,0.0,1.0,banksma01
11,Leandro Barbosa,SG,24,PHO,11,1,31.7,5.8,14.4,.405,1.6,5.4,.305,4.2,9.0,.465,.462,2.5,3.5,.718,0.6,2.8,3.5,2.2,1.1,0.2,2.0,2.7,15.8,barbole01
12,J.J. Barea,PG,22,DAL,2,0,2.0,0.0,0.0,,0.0,0.0,,0.0,0.0,,,0.0,1.0,.000,0.0,0.0,0.0,0.0,0.0,0.0,0.0,0.0,0.0,bareajo01
13,Andrea Bargnani,PF,21,TOR,6,3,30.2,3.7,7.7,.478,1.2,2.8,.412,2.5,4.8,.517,.554,2.5,3.2,.789,0.5,3.5,4.0,1.0,0.8,0.5,1.2,2.7,11.0,bargnan01
14,Matt Barnes,PF,26,GSW,11,3,30.0,4.1,9.1,.450,1.7,4.1,.422,2.4,5.0,.473,.545,1.2,1.6,.722,2.4,3.4,5.7,2.4,1.5,0.4,1.8,4.0,11.1,barnema02
15,Brent Barry,SG,35,SAS,19,0,11.8,1.1,3.2,.350,0.8,2.6,.306,0.3,0.6,.545,.475,0.1,0.1,1.000,0.2,1.1,1.3,1.1,0.2,0.1,0.6,0.9,3.1,barrybr01
16,Tony Battie,PF,30,ORL,4,4,21.8,1.8,4.5,.389,0.0,0.0,,1.8,4.5,.389,.389,0.3,1.0,.250,0.8,3.3,4.0,0.3,0.0,0.0,0.0,3.0,3.8,battito01
17,Shane Battier,SF,28,HOU,7,7,38.9,3.3,7.3,.451,2.7,6.1,.442,0.6,1.1,.500,.637,1.0,1.1,.875,0.4,2.1,2.6,2.1,1.7,1.0,1.1,2.9,10.3,battish01
18,Raja Bell,SG,30,PHO,11,11,39.8,3.6,7.9,.460,1.8,4.1,.444,1.8,3.8,.476,.575,1.1,1.3,.857,0.5,2.5,3.0,1.8,0.9,0.2,1.4,3.6,10.2,bellra01
19,Andris Biedriņš,C,20,GSW,11,8,24.3,2.5,3.4,.730,0.0,0.0,,2.5,3.4,.730,.730,1.5,2.7,.533,1.7,4.5,6.3,0.5,0.7,1.5,0.8,2.6,6.4,biedran01
20,Chauncey Billups,PG,30,DET,16,16,40.6,5.3,12.1,.435,2.2,5.6,.389,3.1,6.4,.476,.526,5.9,7.1,.832,0.4,2.9,3.3,5.7,1.2,0.1,2.9,2.4,18.6,billuch01
21,Steve Blake,PG,26,DEN,5,5,36.0,2.8,6.2,.452,1.6,3.2,.500,1.2,3.0,.400,.581,0.0,0.0,,0.2,2.2,2.4,4.6,0.6,0.0,2.0,1.6,7.2,blakest01
22,Andray Blatche,PF,20,WAS,2,0,12.5,2.0,3.0,.667,0.0,0.0,,2.0,3.0,.667,.667,0.5,0.5,1.000,1.5,2.0,3.5,0.0,0.0,0.0,0.5,1.0,4.5,blatcan01
23,Matt Bonner,PF,26,SAS,9,0,2.8,0.2,0.8,.286,0.1,0.4,.250,0.1,0.3,.333,.357,0.2,0.2,1.000,0.2,0.1,0.3,0.0,0.2,0.0,0.3,0.7,0.8,bonnema01
24,Josh Boone,PF,22,NJN,12,0,9.8,1.0,2.0,.500,0.0,0.0,,1.0,2.0,.500,.500,1.0,2.0,.500,0.6,1.0,1.6,0.3,0.1,0.3,0.3,1.3,3.0,boonejo01
25,Calvin Booth,C,30,WAS,1,0,18.0,2.0,3.0,.667,0.0,0.0,,2.0,3.0,.667,.667,0.0,0.0,,2.0,2.0,4.0,1.0,1.0,0.0,1.0,3.0,4.0,boothca01
26,Carlos Boozer,PF,25,UTA,17,17,38.5,9.5,17.8,.536,0.0,0.0,,9.5,17.8,.536,.536,4.5,6.1,.738,3.2,9.0,12.2,2.9,1.0,0.3,3.0,3.1,23.5,boozeca01
27,Chris Bosh*,C,22,TOR,6,6,37.0,6.0,15.2,.396,0.2,0.8,.200,5.8,14.3,.407,.401,5.3,6.3,.842,1.2,7.8,9.0,2.5,0.8,1.8,2.0,3.2,17.5,boshch01
28,Bruce Bowen,SF,35,SAS,20,20,34.5,2.4,6.0,.395,1.7,3.7,.446,0.7,2.3,.311,.534,0.2,0.3,.500,0.6,3.5,4.1,1.3,1.4,0.2,0.7,2.7,6.5,bowenbr01
29,Ronnie Brewer,SG,21,UTA,8,0,5.1,0.8,1.3,.600,0.0,0.0,,0.8,1.3,.600,.600,0.9,1.6,.538,0.3,0.5,0.8,0.3,0.1,0.0,0.3,0.4,2.4,brewero02
30,Dee Brown,PG,22,UTA,8,0,6.5,0.8,2.1,.353,0.0,0.8,.000,0.8,1.4,.545,.353,0.1,0.5,.250,0.1,0.3,0.4,1.1,0.0,0.0,0.5,0.1,1.6,brownde03
31,Kwame Brown,C,24,LAL,5,5,26.6,3.8,7.2,.528,0.0,0.0,,3.8,7.2,.528,.528,1.0,1.8,.556,2.6,3.0,5.6,0.2,0.2,0.8,1.8,3.2,8.6,brownkw01
32,P.J. Brown,PF,37,CHI,10,10,22.8,3.3,6.7,.493,0.0,0.0,,3.3,6.7,.493,.493,1.7,2.3,.739,1.7,3.0,4.7,1.2,0.8,0.2,0.8,2.9,8.3,brownpj01
33,Shannon Brown,SG,21,CLE,1,0,0.0,0.0,0.0,,0.0,0.0,,0.0,0.0,,,0.0,0.0,,0.0,0.0,0.0,0.0,0.0,0.0,0.0,0.0,0.0,brownsh01
34,Kobe Bryant*,SG,28,LAL,5,5,43.0,12.0,26.0,.462,2.0,5.6,.357,10.0,20.4,.490,.500,6.8,7.4,.919,0.2,5.0,5.2,4.4,1.0,0.4,4.4,2.0,32.8,bryanko01
35,Greg Buckner,SG,30,DAL,6,0,7.3,0.0,1.2,.000,0.0,0.7,.000,0.0,0.5,.000,.000,0.2,0.3,.500,0.3,0.7,1.0,0.3,0.3,0.2,0.3,1.2,0.2,buckngr01
36,Pat Burke,C,33,PHO,3,0,2.3,0.3,0.7,.500,0.0,0.0,,0.3,0.7,.500,.500,0.0,0.0,,0.0,0.3,0.3,0.0,0.0,0.3,0.0,1.0,0.7,burkepa01
37,Andrew Bynum,C,19,LAL,5,0,11.0,1.6,3.0,.533,0.0,0.0,,1.6,3.0,.533,.533,0.8,2.0,.400,1.6,3.0,4.6,0.0,0.0,0.4,0.4,1.4,4.0,bynuman01
38,José Calderón,PG,25,TOR,6,1,24.3,5.8,11.5,.507,0.5,2.0,.250,5.3,9.5,.561,.529,0.8,1.0,.833,0.3,1.3,1.7,5.3,0.8,0.0,2.5,2.0,13.0,caldejo01
39,Marcus Camby,C,32,DEN,5,5,36.8,3.4,9.0,.378,0.0,0.0,,3.4,9.0,.378,.378,0.8,1.2,.667,2.4,12.4,14.8,2.0,0.8,3.2,2.0,2.8,7.6,cambyma01
40,Anthony Carter,PG,31,DEN,1,0,14.0,4.0,4.0,1.000,0.0,0.0,,4.0,4.0,1.000,1.000,0.0,1.0,.000,0.0,1.0,1.0,2.0,0.0,0.0,1.0,2.0,8.0,cartean01
41,Vince Carter,SG,30,NJN,12,12,40.6,7.8,19.6,.396,1.8,4.5,.389,6.0,15.1,.398,.440,5.1,7.3,.693,1.4,5.4,6.8,5.3,0.9,0.6,3.2,2.9,22.3,cartevi01
42,Jarron Collins,C,28,UTA,13,0,8.5,0.2,0.7,.333,0.0,0.0,,0.2,0.7,.333,.333,0.7,1.3,.529,0.6,0.9,1.5,0.4,0.3,0.0,0.1,1.6,1.2,collija03
43,Jason Collins,PF,28,NJN,12,12,27.4,1.0,1.8,.571,0.0,0.0,,1.0,1.8,.571,.571,0.3,0.9,.364,1.3,2.0,3.3,0.2,0.6,0.3,1.3,3.8,2.3,collija04
44,Brian Cook,PF,26,LAL,5,0,10.2,1.2,3.6,.333,0.6,1.4,.429,0.6,2.2,.273,.417,0.6,0.6,1.000,0.4,0.8,1.2,0.0,0.0,0.2,0.4,2.6,3.6,cookbr01
45,Austin Croshere,PF,31,DAL,3,0,11.3,1.3,4.0,.333,1.0,1.3,.750,0.3,2.7,.125,.458,1.3,1.3,1.000,1.0,1.0,2.0,0.0,0.0,0.0,0.7,1.7,5.0,croshau01
46,Erick Dampier,C,31,DAL,5,2,7.6,0.4,0.6,.667,0.0,0.0,,0.4,0.6,.667,.667,0.2,0.4,.500,1.8,1.6,3.4,0.2,0.0,0.0,0.8,1.8,1.0,dampier01
47,Antonio Daniels,SG,31,WAS,4,4,44.0,4.3,9.5,.447,0.3,1.3,.200,4.0,8.3,.485,.461,4.5,5.3,.857,0.5,4.0,4.5,11.8,1.3,0.3,1.8,1.0,13.3,daniean01
48,Baron Davis,PG,27,GSW,11,11,40.5,8.9,17.4,.513,2.3,6.1,.373,6.6,11.3,.589,.579,5.2,6.7,.770,1.0,3.5,4.5,6.5,2.9,0.6,2.9,4.2,25.3,davisba01
49,Dale Davis,C,37,DET,8,0,6.4,0.4,1.0,.375,0.0,0.0,,0.4,1.0,.375,.375,0.3,0.5,.500,0.6,0.9,1.5,0.1,0.3,0.3,0.3,1.8,1.0,davisda01
50,Carlos Delfino,SG,24,DET,16,0,8.4,0.9,2.3,.405,0.2,1.0,.188,0.8,1.3,.571,.446,0.3,0.4,.667,0.4,0.9,1.3,0.5,0.3,0.1,0.4,0.8,2.3,delfica01
51,Luol Deng,SF,21,CHI,10,10,41.0,8.8,16.8,.524,0.0,0.1,.000,8.8,16.7,.527,.524,4.6,5.7,.807,3.0,5.7,8.7,2.4,1.0,0.7,2.3,2.2,22.2,denglu01
52,Boris Diaw,PF,24,PHO,10,0,23.5,2.8,5.9,.475,0.0,0.6,.000,2.8,5.3,.528,.475,1.0,1.5,.667,1.3,1.9,3.2,3.0,0.7,0.2,1.7,1.8,6.6,diawbo01
53,Yakhouba Diawara,SG,24,DEN,1,0,1.0,0.0,0.0,,0.0,0.0,,0.0,0.0,,,0.0,0.0,,0.0,0.0,0.0,0.0,0.0,0.0,0.0,0.0,0.0,diawaya01
54,DeSagana Diop,C,25,DAL,6,3,23.3,1.5,2.5,.600,0.0,0.0,,1.5,2.5,.600,.600,0.5,1.2,.429,2.7,4.2,6.8,0.3,0.5,1.7,0.7,3.5,3.5,diopde01
55,Juan Dixon,SG,28,TOR,6,0,10.5,1.3,3.5,.381,0.3,1.3,.250,1.0,2.2,.462,.429,0.0,0.0,,0.0,0.7,0.7,0.5,1.2,0.0,1.7,1.0,3.0,dixonju01
56,Michael Doleac,C,29,MIA,1,0,1.0,0.0,0.0,,0.0,0.0,,0.0,0.0,,,0.0,0.0,,0.0,0.0,0.0,0.0,0.0,0.0,0.0,0.0,0.0,doleami01
57,Keyon Dooling,SG,26,ORL,4,0,16.3,3.0,6.3,.480,0.3,0.8,.333,2.8,5.5,.500,.500,1.0,1.5,.667,0.3,1.5,1.8,1.3,0.5,0.3,0.5,1.8,7.3,doolike01
58,Chris Duhon,PG,24,CHI,9,0,19.1,1.0,3.4,.290,0.7,2.1,.316,0.3,1.3,.250,.387,0.9,1.1,.800,0.3,1.4,1.8,2.3,0.3,0.1,0.8,1.3,3.6,duhonch01
59,Tim Duncan*,C,30,SAS,20,20,36.8,8.7,16.7,.521,0.0,0.0,,8.7,16.7,.521,.521,4.8,7.5,.644,3.7,7.8,11.5,3.3,0.7,3.1,3.0,3.0,22.2,duncati01
60,Monta Ellis,SG,21,GSW,11,6,21.6,2.9,7.5,.390,0.1,0.8,.111,2.8,6.6,.425,.396,2.1,2.5,.821,0.7,1.5,2.3,0.9,0.9,0.2,1.8,2.1,8.0,ellismo01
61,Francisco Elson,C,30,SAS,20,8,11.5,1.3,2.2,.591,0.0,0.1,.000,1.3,2.2,.605,.591,0.7,1.0,.700,1.1,2.0,3.1,0.1,0.4,0.3,1.0,2.1,3.3,elsonfr01
62,Maurice Evans,SG,28,LAL,5,0,16.4,2.0,5.2,.385,1.0,2.6,.385,1.0,2.6,.385,.481,0.0,0.0,,0.6,1.0,1.6,0.6,0.4,0.0,0.0,0.8,5.0,evansma01
63,Jordan Farmar,PG,20,LAL,5,5,22.8,2.4,5.6,.429,0.4,2.0,.200,2.0,3.6,.556,.464,1.2,1.4,.857,0.2,2.6,2.8,1.6,1.2,0.2,1.0,1.8,6.4,farmajo01
64,Michael Finley,SF,33,SAS,20,20,26.9,3.7,8.9,.410,2.2,5.3,.419,1.5,3.7,.397,.534,1.8,2.0,.897,0.4,2.5,2.9,1.1,0.6,0.2,0.7,1.4,11.3,finlemi01
65,Derek Fisher,SG,32,UTA,16,14,27.8,3.1,7.6,.405,0.8,2.0,.375,2.3,5.6,.416,.455,2.6,2.8,.933,0.3,1.3,1.6,2.6,1.0,0.1,1.2,3.2,9.5,fishede01
66,T.J. Ford,PG,23,TOR,6,5,22.7,6.2,12.7,.487,0.8,1.7,.500,5.3,11.0,.485,.520,2.8,3.5,.810,0.8,0.8,1.7,4.0,1.2,0.3,2.3,1.2,16.0,fordtj01
67,Adonal Foyle,C,31,GSW,3,0,2.0,0.3,0.3,1.000,0.0,0.0,,0.3,0.3,1.000,1.000,0.0,0.0,,0.0,0.7,0.7,0.0,0.0,0.0,0.0,0.0,0.7,foylead01
68,Devean George,SF,29,DAL,6,1,18.2,0.8,4.2,.200,0.5,2.0,.250,0.3,2.2,.154,.260,1.3,1.7,.800,0.7,2.3,3.0,0.7,1.0,0.3,1.2,2.0,3.5,georgde01
69,Daniel Gibson,PG,20,CLE,20,2,20.1,2.5,5.8,.431,1.4,3.3,.409,1.2,2.5,.460,.547,1.9,2.2,.884,0.5,1.2,1.6,1.1,0.6,0.2,0.5,1.7,8.3,gibsoda01
70,Manu Ginóbili*,SG,29,SAS,20,0,30.1,5.0,12.4,.401,1.9,5.0,.384,3.1,7.4,.412,.478,4.9,5.8,.836,0.8,4.7,5.5,3.7,1.7,0.2,2.1,3.1,16.7,ginobma01
71,Gordan Giriček,SG,29,UTA,17,3,18.1,2.2,5.4,.418,0.8,1.5,.538,1.4,3.8,.369,.495,0.8,0.9,.875,0.2,1.4,1.6,1.0,0.2,0.1,1.3,2.2,6.1,giricgo01
72,Drew Gooden,PF,25,CLE,20,20,30.3,5.0,10.1,.493,0.0,0.1,.000,5.0,10.0,.497,.493,1.5,2.0,.769,2.5,5.6,8.0,1.0,0.5,0.5,1.4,3.1,11.4,goodedr01
73,Ben Gordon,SG,23,CHI,10,10,39.5,6.1,14.7,.415,2.4,5.5,.436,3.7,9.2,.402,.497,5.8,6.3,.921,0.9,2.9,3.8,3.8,0.9,0.1,3.4,3.4,20.4,gordobe01
74,Joey Graham,SF,24,TOR,6,3,18.2,1.0,3.5,.286,0.0,0.2,.000,1.0,3.3,.300,.286,0.7,0.8,.800,0.2,3.2,3.3,0.3,0.7,0.0,1.0,2.0,2.7,grahajo01
75,Adrian Griffin,SF,32,CHI,4,0,2.3,0.0,1.5,.000,0.0,0.0,,0.0,1.5,.000,.000,0.0,0.0,,0.3,0.0,0.3,0.0,0.3,0.0,0.0,0.3,0.0,griffad01
76,Richard Hamilton,SG,28,DET,16,16,39.9,6.8,15.8,.429,0.5,1.3,.400,6.3,14.5,.431,.444,4.8,5.6,.865,2.0,2.3,4.3,3.8,0.9,0.1,1.9,3.8,18.8,hamilri01
77,Matt Harpring,SF,30,UTA,17,0,25.5,3.6,8.0,.456,0.0,0.2,.000,3.6,7.8,.470,.456,2.0,2.8,.723,1.9,2.9,4.8,1.4,0.4,0.2,1.3,2.4,9.3,harprma01
78,Al Harrington,PF,26,GSW,11,5,23.8,3.5,8.9,.398,1.4,3.5,.395,2.2,5.5,.400,.474,1.7,2.7,.633,1.5,3.1,4.6,0.5,0.5,0.6,0.9,3.6,10.2,harrial01
79,Devin Harris,PG,23,DAL,6,6,27.2,5.2,10.5,.492,0.5,1.7,.300,4.7,8.8,.528,.516,2.3,3.2,.737,0.2,1.8,2.0,5.0,1.0,0.2,1.5,3.8,13.2,harride01
80,Udonis Haslem,PF,26,MIA,4,4,25.8,3.0,6.3,.480,0.0,0.0,,3.0,6.3,.480,.480,1.5,2.0,.750,1.0,4.3,5.3,1.0,0.3,0.5,0.5,3.5,7.5,hasleud01
81,Chuck Hayes,PF,23,HOU,7,7,28.1,1.7,2.4,.706,0.0,0.1,.000,1.7,2.3,.750,.706,0.3,0.7,.400,2.0,4.4,6.4,0.4,1.3,0.4,1.0,3.1,3.7,hayesch01
82,Jarvis Hayes,SF,25,WAS,4,4,34.8,3.8,11.5,.326,1.8,4.8,.368,2.0,6.8,.296,.402,1.5,1.8,.857,1.0,2.5,3.5,1.0,0.5,0.3,0.0,3.0,10.8,hayesja01
83,Brendan Haywood,C,27,WAS,3,0,11.3,1.7,2.3,.714,0.0,0.0,,1.7,2.3,.714,.714,1.0,1.3,.750,1.0,0.7,1.7,0.3,0.3,0.0,0.3,2.3,4.3,haywobr01
84,Luther Head,SG,24,HOU,7,0,20.1,1.6,5.1,.306,0.9,3.3,.261,0.7,1.9,.385,.389,0.6,1.1,.500,0.3,2.4,2.7,1.1,0.4,0.3,1.0,2.3,4.6,headlu01
85,Nenê,C,24,DEN,5,5,35.8,6.2,10.6,.585,0.0,0.0,,6.2,10.6,.585,.585,2.8,3.6,.778,4.4,3.4,7.8,2.4,0.6,0.6,2.6,4.2,15.2,hilarne01
86,Grant Hill*,SG,34,ORL,4,4,35.8,4.8,9.5,.500,0.0,0.0,,4.8,9.5,.500,.500,5.5,8.3,.667,0.5,5.0,5.5,3.8,0.5,0.3,2.5,2.0,15.0,hillgr01
87,Kirk Hinrich,PG,26,CHI,10,10,36.2,4.4,11.7,.376,1.3,4.3,.302,3.1,7.4,.419,.432,2.0,2.6,.769,0.4,3.8,4.2,7.5,0.9,0.3,2.3,3.7,12.1,hinriki01
88,Robert Horry,PF,36,SAS,18,0,20.1,1.4,3.3,.417,0.7,2.1,.351,0.7,1.3,.522,.525,0.8,0.9,.824,0.9,3.0,3.9,1.6,0.6,1.3,0.8,1.7,4.3,horryro01
89,Eddie House,SG,28,NJN,4,0,4.5,0.5,2.0,.250,0.3,1.5,.167,0.3,0.5,.500,.313,0.0,0.0,,0.0,0.5,0.5,0.3,0.3,0.0,0.5,0.5,1.3,houseed01
90,Dwight Howard,C,21,ORL,4,4,41.8,5.8,10.5,.548,0.0,0.0,,5.8,10.5,.548,.548,3.8,8.3,.455,4.0,10.8,14.8,1.8,0.5,1.0,4.3,3.3,15.3,howardw01
91,Josh Howard,SF,26,DAL,6,6,41.3,8.5,16.5,.515,1.2,3.0,.389,7.3,13.5,.543,.551,3.2,4.5,.704,2.5,7.3,9.8,2.8,2.2,0.8,2.0,3.7,21.3,howarjo01
92,Juwan Howard,PF,33,HOU,7,0,22.4,2.0,5.0,.400,0.0,0.0,,2.0,5.0,.400,.400,1.0,1.6,.636,1.4,3.0,4.4,1.0,0.7,0.0,0.6,1.4,5.0,howarju01
93,Larry Hughes,SG,28,CLE,18,18,35.5,3.8,11.1,.347,1.1,3.0,.352,2.8,8.1,.345,.394,2.6,3.5,.746,0.5,3.4,3.9,2.4,1.4,0.4,2.3,1.9,11.3,hughela01
94,Kris Humphries,PF,21,TOR,6,0,11.5,0.5,1.5,.333,0.0,0.0,,0.5,1.5,.333,.333,0.5,1.3,.375,1.2,1.7,2.8,0.2,0.2,0.3,0.5,1.8,1.5,humphkr01
95,Lindsey Hunter,PG,36,DET,13,0,10.2,0.5,2.4,.226,0.3,1.4,.222,0.2,1.0,.231,.290,0.4,0.4,1.000,0.2,0.6,0.8,1.2,0.5,0.1,0.8,1.7,1.8,hunteli01
96,Zydrunas Ilgauskas,C,31,CLE,20,20,32.5,4.9,9.9,.492,0.0,0.0,,4.9,9.9,.492,.492,2.9,3.4,.838,3.3,6.4,9.7,0.9,0.5,0.8,1.6,3.0,12.6,ilgauzy01
97,Allen Iverson*,SG,31,DEN,5,5,44.6,8.4,22.8,.368,1.0,3.4,.294,7.4,19.4,.381,.390,5.0,6.2,.806,0.0,0.6,0.6,5.8,1.4,0.0,3.0,2.2,22.8,iversal01
98,Luke Jackson,SF,25,TOR,3,0,3.7,0.0,0.0,,0.0,0.0,,0.0,0.0,,,2.0,2.0,1.000,0.3,1.3,1.7,0.3,0.3,0.0,0.3,1.0,2.0,jackslu02
99,Stephen Jackson,SF,28,GSW,11,11,41.3,5.5,14.6,.379,2.4,6.5,.361,3.2,8.1,.393,.460,6.5,7.9,.816,0.5,3.1,3.6,3.6,2.0,0.7,3.7,3.5,19.9,jacksst02
100,LeBron James,SF,22,CLE,20,20,44.7,8.3,20.0,.416,1.1,3.8,.280,7.3,16.2,.448,.442,7.4,9.8,.755,1.3,6.8,8.1,8.0,1.7,0.5,3.3,2.0,25.1,jamesle01
101,Antawn Jamison,PF,30,WAS,4,4,43.3,12.3,25.8,.476,2.3,6.5,.346,10.0,19.3,.519,.519,5.3,7.0,.750,3.3,6.5,9.8,1.3,0.5,1.0,1.8,3.3,32.0,jamisan01
102,Šarūnas Jasikevičius,PG,30,GSW,4,0,1.5,0.0,0.3,.000,0.0,0.0,,0.0,0.3,.000,.000,0.3,0.5,.500,0.0,0.0,0.0,0.5,0.0,0.0,0.0,0.3,0.3,jasiksa01
103,Richard Jefferson,SF,26,NJN,12,12,40.8,6.8,14.0,.482,1.1,3.3,.325,5.7,10.7,.531,.521,5.1,5.5,.924,0.3,5.3,5.6,2.3,0.8,0.4,2.3,2.0,19.7,jefferi01
104,Damon Jones,PG,30,CLE,11,0,12.6,0.7,2.4,.308,0.6,2.0,.318,0.1,0.4,.250,.442,0.3,0.3,1.000,0.1,0.7,0.8,1.0,0.0,0.0,0.0,0.9,2.4,jonesda01
105,Eddie Jones,SG,35,MIA,3,2,22.0,0.7,3.0,.222,0.3,2.0,.167,0.3,1.0,.333,.278,1.7,2.0,.833,0.3,1.7,2.0,1.7,0.3,0.3,0.3,2.3,3.3,jonesed02
106,James Jones,SF,26,PHO,11,6,15.5,1.7,3.3,.528,0.7,1.6,.444,1.0,1.6,.611,.639,0.8,1.0,.818,0.3,1.1,1.4,0.3,0.2,0.2,0.4,1.0,5.0,jonesja02
107,Jason Kapono,SF,25,MIA,4,1,19.3,2.0,4.3,.471,0.5,1.0,.500,1.5,3.3,.462,.529,0.5,0.5,1.000,0.0,1.3,1.3,0.5,0.5,0.0,0.3,2.3,5.0,kaponja01
108,Jason Kidd*,PG,33,NJN,12,12,40.3,5.3,12.3,.432,2.8,6.8,.420,2.5,5.6,.448,.547,1.1,2.1,.520,1.9,9.0,10.9,10.9,1.8,0.4,3.4,2.6,14.6,kiddja01
109,Andrei Kirilenko,SF,25,UTA,17,17,31.0,3.2,7.2,.447,0.2,0.5,.333,3.1,6.7,.456,.459,3.0,3.8,.785,1.6,3.6,5.2,2.6,0.9,2.4,2.1,3.1,9.6,kirilan01
110,Linas Kleiza,PF,22,DEN,5,0,13.2,0.6,2.6,.231,0.2,1.2,.167,0.4,1.4,.286,.269,0.2,0.4,.500,0.0,1.6,1.6,0.4,0.0,0.0,0.0,1.2,1.6,kleizli01
111,John Lucas III,PG,24,HOU,2,0,4.0,0.0,0.5,.000,0.0,0.5,.000,0.0,0.0,,.000,0.0,0.0,,0.0,0.0,0.0,0.0,0.5,0.0,1.0,0.0,0.0,lucasjo02
112,Shawn Marion,SF,28,PHO,11,11,41.4,6.9,13.8,.500,1.1,3.1,.353,5.8,10.7,.542,.539,2.0,3.0,.667,2.5,7.9,10.4,1.2,1.5,1.7,1.1,2.5,16.9,mariosh01
113,Donyell Marshall,PF,33,CLE,19,0,10.7,1.2,3.6,.333,0.7,2.4,.311,0.5,1.3,.375,.435,0.4,0.6,.636,0.6,1.5,2.2,0.3,0.2,0.2,0.3,1.6,3.5,marshdo01
114,Darrick Martin,PG,35,TOR,2,0,4.0,0.0,1.0,.000,0.0,1.0,.000,0.0,0.0,,.000,1.0,1.0,1.000,0.0,0.5,0.5,1.0,0.0,0.0,0.0,0.0,1.0,martida01
115,Roger Mason,SG,26,WAS,4,0,14.0,1.8,4.0,.438,1.3,2.5,.500,0.5,1.5,.333,.594,1.3,1.5,.833,0.0,0.5,0.5,0.3,0.3,0.0,0.8,2.5,6.0,masonro01
116,Jason Maxiell,C,23,DET,14,0,10.4,1.6,2.4,.667,0.0,0.1,.000,1.6,2.3,.688,.667,0.9,1.6,.522,0.8,1.6,2.4,0.1,0.3,0.6,0.5,1.5,4.0,maxieja01
117,Antonio McDyess,PF,32,DET,16,0,22.1,2.3,6.6,.349,0.0,0.1,.000,2.3,6.5,.356,.349,1.2,1.6,.731,2.6,4.5,7.1,1.1,0.7,0.9,1.1,3.4,5.8,mcdyean01
118,Tracy McGrady*,SG,27,HOU,7,7,40.0,9.0,22.9,.394,1.3,5.1,.250,7.7,17.7,.435,.422,6.0,8.1,.737,0.7,5.1,5.9,7.3,0.7,0.9,3.0,1.7,25.3,mcgratr01
119,C.J. Miles,SG,19,UTA,1,0,3.0,0.0,0.0,,0.0,0.0,,0.0,0.0,,,1.0,2.0,.500,0.0,0.0,0.0,0.0,0.0,0.0,0.0,0.0,1.0,milescj01
120,Darko Miličić,PF,21,ORL,4,0,28.8,5.0,8.5,.588,0.0,0.0,,5.0,8.5,.588,.588,2.3,4.3,.529,2.5,2.0,4.5,1.0,0.3,1.0,0.5,2.3,12.3,milicda01
121,Paul Millsap,PF,21,UTA,17,0,15.5,2.5,4.7,.525,0.0,0.1,.000,2.5,4.6,.532,.525,0.9,1.4,.667,2.2,2.2,4.4,0.5,0.6,0.5,0.8,2.3,5.9,millspa01
122,Yao Ming*,C,26,HOU,7,7,37.1,7.9,17.9,.440,0.0,0.0,,7.9,17.9,.440,.440,9.4,10.7,.880,3.3,7.0,10.3,0.9,0.1,0.7,4.7,3.9,25.1,mingya01
123,Nazr Mohammed,C,29,DET,2,0,3.0,0.5,1.0,.500,0.0,0.0,,0.5,1.0,.500,.500,1.5,1.5,1.000,0.5,1.0,1.5,0.0,0.0,0.0,0.0,0.5,2.5,mohamna01
124,Mikki Moore,C,31,NJN,12,12,33.3,4.7,8.3,.560,0.0,0.0,,4.7,8.3,.560,.560,1.9,2.4,.793,1.9,3.7,5.6,1.2,0.8,0.6,1.7,3.9,11.3,mooremi01
125,Alonzo Mourning*,C,36,MIA,4,0,13.8,2.5,2.8,.909,0.0,0.0,,2.5,2.8,.909,.909,1.3,3.3,.385,0.3,1.8,2.0,0.3,0.0,0.8,0.3,1.5,6.3,mournal01
126,Ronald Murray,SG,27,DET,12,0,11.3,0.9,2.6,.355,0.0,0.2,.000,0.9,2.4,.379,.355,0.7,0.9,.727,0.2,0.6,0.8,1.2,0.3,0.1,0.7,1.0,2.5,murraro01
127,Dikembe Mutombo*,C,40,HOU,7,0,5.7,0.4,0.4,1.000,0.0,0.0,,0.4,0.4,1.000,1.000,0.4,0.4,1.000,0.7,0.9,1.6,0.1,0.0,0.4,0.0,0.7,1.3,mutomdi01
128,Boštjan Nachbar,SF,26,NJN,12,0,23.4,3.3,7.9,.421,1.5,4.0,.375,1.8,3.9,.468,.516,1.8,1.8,.955,0.4,2.5,2.9,1.5,0.6,0.1,1.5,2.5,9.9,nachbbo01
129,Eduardo Nájera,PF,30,DEN,5,0,19.2,0.8,3.4,.235,0.0,0.6,.000,0.8,2.8,.286,.235,0.2,0.4,.500,2.2,3.4,5.6,0.4,0.4,0.2,0.4,2.0,1.8,najered01
130,Steve Nash*,PG,32,PHO,11,11,37.5,6.7,14.5,.463,1.7,3.5,.487,5.0,11.0,.455,.522,3.7,4.2,.891,0.4,2.8,3.2,13.3,0.4,0.1,4.4,1.9,18.9,nashst01
131,Jameer Nelson,PG,24,ORL,4,4,32.3,5.3,12.5,.420,1.3,3.5,.357,4.0,9.0,.444,.470,2.5,2.8,.909,1.0,2.0,3.0,3.3,0.8,0.0,2.3,4.8,14.3,nelsoja01
132,Rasho Nesterović,C,30,TOR,5,4,14.2,1.4,3.0,.467,0.0,0.0,,1.4,3.0,.467,.467,0.6,0.6,1.000,2.0,2.6,4.6,0.6,0.0,0.4,0.8,0.8,3.4,nestera01
133,Ira Newble,SF,32,CLE,6,0,1.7,0.0,0.3,.000,0.0,0.3,.000,0.0,0.0,,.000,0.0,0.0,,0.0,0.2,0.2,0.2,0.0,0.0,0.0,0.5,0.0,newblir01
134,Andrés Nocioni,PF,27,CHI,10,0,19.7,3.1,8.6,.360,1.3,3.9,.333,1.8,4.7,.383,.436,1.3,1.8,.722,0.3,3.2,3.5,0.8,0.2,0.5,1.3,2.5,8.8,nocioan01
135,Dirk Nowitzki*,PF,28,DAL,6,6,39.8,6.0,15.7,.383,0.7,3.2,.211,5.3,12.5,.427,.404,7.0,8.3,.840,4.2,7.2,11.3,2.3,1.8,1.3,2.3,3.3,19.7,nowitdi01
136,Shaquille O'Neal*,C,34,MIA,4,4,30.3,8.3,14.8,.559,0.0,0.0,,8.3,14.8,.559,.559,2.3,6.8,.333,4.0,4.5,8.5,1.3,0.3,1.5,3.5,3.8,18.8,onealsh01
137,Fabricio Oberto,C,31,SAS,20,12,20.8,2.5,4.0,.625,0.0,0.1,.000,2.5,4.0,.633,.625,0.6,1.1,.571,2.1,2.9,4.9,0.7,0.3,0.2,0.5,2.7,5.6,obertfa01
138,Lamar Odom,PF,27,LAL,5,5,38.4,8.2,17.0,.482,0.6,2.2,.273,7.6,14.8,.514,.500,2.4,4.8,.500,4.0,9.0,13.0,2.2,0.4,1.2,2.0,3.4,19.4,odomla01
139,Mehmet Okur,C,27,UTA,17,17,34.4,4.2,10.8,.388,1.5,4.6,.316,2.7,6.1,.442,.456,1.9,2.5,.786,2.2,5.6,7.8,1.8,1.4,0.9,1.4,3.8,11.8,okurme01
140,Anthony Parker,SG,31,TOR,6,6,40.0,4.3,10.3,.419,1.3,3.3,.400,3.0,7.0,.429,.484,5.2,6.5,.795,0.5,4.8,5.3,1.0,1.5,0.3,1.2,3.0,15.2,parkean01
141,Smush Parker,PG,25,LAL,5,0,11.8,0.4,2.6,.154,0.2,1.2,.167,0.2,1.4,.143,.192,0.8,0.8,1.000,0.8,0.6,1.4,0.6,0.6,0.2,0.6,1.6,1.8,parkesm01
142,Tony Parker*,PG,24,SAS,20,20,37.6,8.4,17.5,.480,0.4,1.1,.333,8.1,16.5,.489,.490,3.6,5.3,.679,0.7,2.7,3.4,5.8,1.1,0.0,3.3,1.7,20.8,parketo01
143,Sasha Pavlović,SG,23,CLE,20,20,30.8,3.6,9.5,.381,1.0,2.9,.345,2.6,6.6,.397,.434,1.0,1.8,.528,0.7,1.9,2.6,1.6,1.0,0.3,1.8,3.2,9.2,pavloal01
144,Gary Payton*,PG,38,MIA,2,0,16.0,0.0,1.5,.000,0.0,0.5,.000,0.0,1.0,.000,.000,0.0,0.0,,0.0,2.0,2.0,1.5,0.0,0.0,2.0,1.5,0.0,paytoga01
145,Morris Peterson,SF,29,TOR,6,2,30.5,2.5,4.8,.517,1.0,2.0,.500,1.5,2.8,.529,.621,0.8,1.0,.833,0.8,3.7,4.5,0.3,0.3,0.3,1.0,3.3,6.8,petermo01
146,Eric Piatkowski,SG,36,PHO,1,0,3.0,1.0,1.0,1.000,0.0,0.0,,1.0,1.0,1.000,1.000,0.0,0.0,,0.0,0.0,0.0,0.0,0.0,0.0,0.0,0.0,2.0,piatker01
147,Mickaël Piétrus,SF,24,GSW,11,0,19.0,1.5,4.5,.347,0.6,2.5,.259,0.9,2.0,.455,.418,2.3,3.3,.694,1.2,2.6,3.8,0.5,0.5,0.8,0.6,2.9,6.0,pietrmi01
148,Scot Pollard,C,31,CLE,3,0,1.0,0.0,0.0,,0.0,0.0,,0.0,0.0,,,0.0,0.0,,0.0,0.0,0.0,0.0,0.0,0.0,0.0,0.3,0.0,pollasc01
149,James Posey,SF,30,MIA,4,1,34.8,2.5,6.5,.385,1.5,4.8,.316,1.0,1.8,.571,.500,1.3,1.3,1.000,0.3,7.5,7.8,1.5,2.0,1.3,1.3,4.5,7.8,poseyja01
150,Josh Powell,PF,24,GSW,4,0,1.5,0.0,0.0,,0.0,0.0,,0.0,0.0,,,0.3,0.5,.500,0.3,0.0,0.3,0.0,0.0,0.3,0.0,0.0,0.3,poweljo01
151,Tayshaun Prince,SF,26,DET,16,16,41.6,5.2,12.5,.415,1.1,2.8,.409,4.1,9.8,.417,.460,2.6,3.4,.759,1.7,4.8,6.4,3.8,0.9,0.3,1.9,1.9,14.1,princta01
152,JJ Redick,PG,22,ORL,1,0,11.0,1.0,2.0,.500,1.0,1.0,1.000,0.0,1.0,.000,.750,0.0,0.0,,0.0,0.0,0.0,2.0,0.0,0.0,1.0,2.0,3.0,redicjj01
153,Jason Richardson,SG,26,GSW,11,11,38.9,7.4,15.5,.476,2.6,7.5,.354,4.7,8.0,.591,.562,1.7,2.5,.704,2.2,4.5,6.7,2.0,1.3,0.5,2.2,3.5,19.1,richaja01
154,Bernard Robinson,SF,26,NJN,1,0,6.0,0.0,1.0,.000,0.0,0.0,,0.0,1.0,.000,.000,0.0,0.0,,0.0,1.0,1.0,2.0,1.0,0.0,1.0,2.0,0.0,robinbe01
155,Clifford Robinson,C,40,NJN,4,0,5.0,0.3,1.5,.167,0.3,0.5,.500,0.0,1.0,.000,.250,0.0,0.0,,0.0,0.0,0.0,0.0,0.3,0.0,0.3,0.3,0.8,robincl02
156,Jalen Rose,SF,34,PHO,1,0,9.0,1.0,4.0,.250,0.0,1.0,.000,1.0,3.0,.333,.250,0.0,0.0,,0.0,1.0,1.0,2.0,0.0,0.0,0.0,2.0,2.0,roseja01
157,Michael Ruffin,PF,30,WAS,4,0,7.0,0.3,0.8,.333,0.0,0.3,.000,0.3,0.5,.500,.333,0.0,0.0,,1.3,1.0,2.3,0.0,0.8,0.0,0.0,0.5,0.5,ruffimi01
158,Thabo Sefolosha,SG,22,CHI,9,0,11.0,1.1,2.9,.385,0.3,0.9,.375,0.8,2.0,.389,.442,0.8,1.3,.583,0.4,1.4,1.9,0.8,0.2,0.0,0.8,1.2,3.3,sefolth01
159,J.R. Smith,SG,21,DEN,4,0,11.8,1.5,5.5,.273,0.0,3.0,.000,1.5,2.5,.600,.273,1.5,1.5,1.000,0.3,2.0,2.3,0.5,1.0,0.3,0.8,1.5,4.5,smithjr01
160,Eric Snow,PG,33,CLE,19,0,12.8,0.6,2.0,.316,0.0,0.2,.000,0.6,1.8,.343,.316,0.4,0.7,.571,0.4,1.1,1.5,1.5,0.6,0.1,0.4,1.2,1.7,snower01
161,Kirk Snyder,SF,23,HOU,3,0,3.0,0.3,1.0,.333,0.0,0.7,.000,0.3,0.3,1.000,.333,0.0,0.0,,0.0,0.3,0.3,0.0,0.0,0.0,0.3,0.0,0.7,snydeki01
162,Darius Songaila,PF,28,WAS,4,0,22.5,5.0,10.3,.488,0.0,0.5,.000,5.0,9.8,.513,.488,0.8,0.8,1.000,1.3,2.0,3.3,1.0,0.8,0.0,1.0,4.3,10.8,songada01
163,Vassilis Spanoulis,SG,24,HOU,1,0,3.0,1.0,2.0,.500,0.0,0.0,,1.0,2.0,.500,.500,2.0,2.0,1.000,0.0,1.0,1.0,1.0,0.0,0.0,0.0,0.0,4.0,spanova01
164,Jerry Stackhouse,SF,32,DAL,6,0,28.2,3.8,11.0,.348,1.8,5.2,.355,2.0,5.8,.343,.432,4.8,5.5,.879,0.8,2.8,3.7,2.5,0.7,0.2,3.0,1.5,14.3,stackje01
165,DeShawn Stevenson,SG,25,WAS,4,4,30.5,2.3,11.5,.196,0.8,4.8,.158,1.5,6.8,.222,.228,0.8,1.8,.429,0.5,2.0,2.5,1.8,0.5,0.8,0.8,1.0,6.0,stevede01
166,Amar'e Stoudemire,C,24,PHO,10,10,34.3,9.1,17.4,.523,0.1,0.3,.333,9.0,17.1,.526,.526,7.0,9.1,.769,3.0,9.1,12.1,0.6,1.3,1.9,1.9,3.9,25.3,stoudam01
167,Mike Sweetney,C,24,CHI,1,0,3.0,1.0,2.0,.500,0.0,0.0,,1.0,2.0,.500,.500,0.0,2.0,.000,0.0,0.0,0.0,0.0,0.0,0.0,0.0,1.0,2.0,sweetmi01
168,Donell Taylor,SG,24,WAS,2,0,8.5,0.5,3.0,.167,0.0,0.0,,0.5,3.0,.167,.167,0.5,0.5,1.000,0.0,1.5,1.5,2.0,0.0,0.0,1.0,1.0,1.5,taylodo01
169,Jason Terry,SG,29,DAL,6,6,38.2,6.5,15.3,.424,1.5,5.3,.281,5.0,10.0,.500,.473,2.5,3.0,.833,0.5,1.8,2.3,3.7,0.8,0.3,2.8,2.0,17.0,terryja01
170,Etan Thomas,C,28,WAS,4,4,21.0,1.8,4.3,.412,0.0,0.0,,1.8,4.3,.412,.412,1.5,2.3,.667,0.5,5.0,5.5,0.3,0.5,0.8,1.5,2.3,5.0,thomaet01
171,Kurt Thomas,C,34,PHO,11,5,19.3,3.1,5.9,.523,0.0,0.0,,3.1,5.9,.523,.523,1.4,1.5,.882,1.0,3.9,4.9,1.1,0.5,0.8,0.8,2.3,7.5,thomaku01
172,Tyrus Thomas,PF,20,CHI,10,0,12.2,1.6,4.1,.390,0.0,0.0,,1.6,4.1,.390,.390,1.9,3.0,.633,1.2,2.2,3.4,0.6,1.0,0.5,1.5,2.3,5.1,thomaty01
173,Jake Tsakalidis,C,27,HOU,1,0,3.0,0.0,0.0,,0.0,0.0,,0.0,0.0,,,2.0,2.0,1.000,1.0,3.0,4.0,0.0,0.0,0.0,0.0,0.0,2.0,tsakaja01
174,Ronny Turiaf,C,24,LAL,4,0,12.0,1.3,3.5,.357,0.0,0.0,,1.3,3.5,.357,.357,1.8,2.5,.700,1.5,1.5,3.0,0.3,0.5,0.3,0.3,2.0,4.3,turiaro01
175,Hedo Türkoğlu,SF,27,ORL,4,4,39.0,6.3,12.5,.500,0.8,2.3,.333,5.5,10.3,.537,.530,0.5,1.0,.500,0.5,2.8,3.3,3.5,1.3,1.0,2.5,3.5,13.8,turkohe01
176,Beno Udrih,PG,24,SAS,8,0,2.5,0.0,0.8,.000,0.0,0.3,.000,0.0,0.5,.000,.000,0.3,0.3,1.000,0.1,0.0,0.1,0.1,0.0,0.0,0.4,0.3,0.3,udrihbe01
177,Anderson Varejão,C,24,CLE,20,0,22.4,2.3,4.5,.511,0.0,0.2,.000,2.3,4.3,.535,.511,1.4,2.4,.563,2.3,3.7,6.0,0.6,1.1,0.6,1.0,2.7,6.0,varejan01
178,Jacque Vaughn,PG,31,SAS,20,0,10.4,1.0,2.5,.400,0.0,0.0,,1.0,2.5,.400,.400,0.2,0.3,.500,0.1,0.4,0.5,1.4,0.2,0.0,0.6,1.2,2.2,vaughja01
179,Sasha Vujačić,SG,22,LAL,4,0,10.8,1.3,2.3,.556,0.3,1.0,.250,1.0,1.3,.800,.611,0.0,0.0,,0.5,0.5,1.0,0.8,0.3,0.0,0.8,1.0,2.8,vujacsa01
180,Dwyane Wade*,SG,25,MIA,4,4,40.5,9.0,21.0,.429,0.0,1.3,.000,9.0,19.8,.456,.429,5.5,8.0,.688,1.8,3.0,4.8,6.3,1.3,0.5,5.8,3.3,23.5,wadedw01
181,Antoine Walker,PF,30,MIA,4,0,23.0,3.8,9.3,.405,2.0,4.0,.500,1.8,5.3,.333,.514,2.3,2.8,.818,0.5,1.8,2.3,1.5,0.5,0.3,1.0,2.8,11.8,walkean02
182,Ben Wallace*,C,32,CHI,10,10,36.9,3.0,5.3,.566,0.0,0.1,.000,3.0,5.2,.577,.566,2.7,5.4,.500,2.9,6.6,9.5,1.4,1.5,1.7,1.0,1.9,8.7,wallabe01
183,Rasheed Wallace,C,32,DET,16,16,35.8,5.4,12.3,.437,1.6,4.5,.347,3.8,7.8,.488,.500,2.0,2.4,.842,1.2,6.5,7.7,1.8,1.2,1.8,1.2,4.0,14.3,wallara01
184,Luke Walton,SF,26,LAL,5,5,25.6,2.8,7.2,.389,1.0,2.4,.417,1.8,4.8,.375,.458,0.6,0.8,.750,1.8,2.4,4.2,2.6,1.4,0.2,3.0,2.6,7.2,waltolu01
185,Chris Webber*,PF,33,DET,16,16,25.3,4.1,7.9,.524,0.0,0.1,.000,4.1,7.8,.528,.524,1.6,3.1,.531,2.3,4.0,6.3,1.5,0.9,0.6,1.6,3.2,9.9,webbech01
186,Deron Williams,PG,22,UTA,17,17,38.6,7.2,15.9,.452,1.1,3.4,.333,6.1,12.5,.484,.487,3.8,4.8,.790,0.5,3.8,4.3,8.6,1.5,0.2,4.0,2.9,19.2,willide01
187,Jason Williams,PG,31,MIA,4,4,28.0,1.8,7.0,.250,1.3,4.3,.294,0.5,2.8,.182,.339,1.0,1.3,.800,0.0,2.0,2.0,3.5,1.3,0.3,0.8,1.3,5.8,willija02
188,Marcus Williams,PG,21,NJN,12,0,6.5,1.0,3.0,.333,0.1,1.1,.077,0.9,1.9,.478,.347,0.3,0.4,.800,0.3,0.6,0.8,1.1,0.1,0.0,1.0,0.3,2.4,willima03
189,Shammond Williams,PG,31,LAL,4,0,20.0,2.0,5.0,.400,0.5,2.0,.250,1.5,3.0,.500,.450,0.0,0.0,,0.5,0.3,0.8,1.8,0.0,0.3,0.5,1.5,4.5,willish01
190,Antoine Wright,SG,22,NJN,12,0,13.6,1.4,3.0,.472,0.3,0.5,.500,1.2,2.5,.467,.514,0.8,0.8,.900,0.4,1.5,1.9,0.1,0.4,0.3,0.4,1.2,3.8,wrighan01
191,Dorell Wright,SF,21,MIA,1,0,1.0,0.0,0.0,,0.0,0.0,,0.0,0.0,,,0.0,0.0,,0.0,0.0,0.0,0.0,0.0,0.0,0.0,0.0,0.0,wrighdo01