Rk,Player,Pos,Age,Tm,G,GS,MP,FG,FGA,FG%,3P,3PA,3P%,2P,2PA,2P%,eFG%,FT,FTA,FT%,ORB,DRB,TRB,AST,STL,BLK,TOV,PF,PTS,Player-additional
1,Arron Afflalo,SG,24,DEN,6,6,20.0,3.3,5.3,.625,1.0,2.3,.429,2.3,3.0,.778,.719,1.5,1.8,.818,0.2,1.8,2.0,1.2,0.2,0.3,0.7,3.5,9.2,afflaar01
2,LaMarcus Aldridge,PF,24,POR,6,6,38.2,6.7,15.5,.430,0.2,0.3,.500,6.5,15.2,.429,.435,5.5,7.3,.750,1.7,4.3,6.0,2.2,1.2,1.8,1.8,2.7,19.0,aldrila01
3,Malik Allen,PF,31,DEN,4,0,2.8,0.0,0.3,.000,0.0,0.0,,0.0,0.3,.000,.000,0.0,0.0,,0.5,0.3,0.8,0.0,0.3,0.0,0.0,0.5,0.0,allenma01
4,Ray Allen*,SG,34,BOS,24,24,38.5,5.5,12.7,.431,2.3,6.0,.386,3.1,6.6,.472,.523,2.9,3.3,.863,0.5,2.8,3.3,2.6,0.9,0.1,1.5,3.1,16.1,allenra02
5,Tony Allen,SG,28,BOS,24,0,16.3,2.0,4.1,.480,0.0,0.2,.000,2.0,3.9,.505,.480,1.2,1.5,.778,0.5,1.2,1.7,0.7,1.0,0.6,1.0,2.4,5.1,allento01
6,Lou Amundson,PF,27,PHO,16,0,12.1,1.2,2.3,.528,0.0,0.0,,1.2,2.3,.528,.528,0.6,1.3,.429,1.9,1.6,3.5,0.1,0.4,0.4,0.4,1.9,2.9,amundlo01
7,Chris Andersen,PF,31,DEN,6,0,19.3,1.5,2.8,.529,0.0,0.0,,1.5,2.8,.529,.529,1.5,2.3,.643,1.2,3.3,4.5,0.2,0.2,1.0,0.7,2.3,4.5,anderch01
8,Ryan Anderson,PF,21,ORL,9,0,9.9,1.0,3.2,.310,0.4,1.6,.286,0.6,1.7,.333,.379,0.1,0.1,1.000,0.9,2.6,3.4,0.3,0.2,0.2,0.6,1.3,2.6,anderry01
9,Carmelo Anthony,SF,25,DEN,6,6,42.3,10.7,23.0,.464,1.0,3.2,.316,9.7,19.8,.487,.486,8.3,9.5,.877,2.3,6.2,8.5,3.3,2.0,0.5,3.5,4.3,30.7,anthoca01
10,Joel Anthony,C,27,MIA,5,0,15.8,1.0,1.4,.714,0.0,0.0,,1.0,1.4,.714,.714,0.6,0.8,.750,1.2,0.6,1.8,0.2,0.4,1.0,0.2,1.8,2.6,anthojo01
11,Carlos Arroyo,PG,30,MIA,5,5,23.0,2.4,5.2,.462,0.0,0.2,.000,2.4,5.0,.480,.462,0.4,0.4,1.000,0.4,1.4,1.8,2.2,0.6,0.0,0.6,1.8,5.2,arroyca01
12,D.J. Augustin,PG,22,CHA,4,0,18.3,1.3,4.3,.294,0.5,1.5,.333,0.8,2.8,.273,.353,1.3,1.5,.833,0.3,0.8,1.0,1.8,0.3,0.3,1.0,1.0,4.3,augusdj01
13,Jeff Ayres,C,22,POR,3,0,5.7,0.7,1.3,.500,0.0,0.0,,0.7,1.3,.500,.500,1.0,1.3,.750,0.7,0.0,0.7,0.0,0.7,1.0,0.3,0.3,2.3,pendeje02
14,Leandro Barbosa,PG,27,PHO,16,0,15.6,2.7,6.4,.417,0.8,2.2,.343,1.9,4.3,.456,.476,1.1,1.5,.708,0.1,1.2,1.3,1.3,0.3,0.1,0.9,2.1,7.2,barbole01
15,J.J. Barea,PG,25,DAL,6,0,17.5,2.5,6.2,.405,0.7,1.7,.400,1.8,4.5,.407,.459,0.2,0.5,.333,0.7,1.3,2.0,2.5,0.3,0.2,1.7,2.2,5.8,bareajo01
16,Matt Barnes,SF,29,ORL,14,14,23.3,2.1,5.4,.400,0.9,2.3,.375,1.3,3.1,.419,.480,1.2,1.4,.850,1.1,3.6,4.7,1.4,0.7,0.2,0.7,2.0,6.4,barnema02
17,Brandon Bass,PF,24,ORL,7,0,6.0,1.0,1.9,.538,0.0,0.0,,1.0,1.9,.538,.538,0.7,0.9,.833,0.3,0.9,1.1,0.1,0.0,0.0,0.1,0.3,2.7,bassbr01
18,Nicolas Batum,SF,21,POR,6,6,23.2,2.8,6.2,.459,1.5,3.5,.429,1.3,2.7,.500,.581,1.0,1.3,.750,0.7,2.5,3.2,0.8,0.3,0.0,0.7,2.2,8.2,batumni01
19,Jerryd Bayless,SG,21,POR,6,2,27.7,4.7,10.8,.431,1.0,2.5,.400,3.7,8.3,.440,.477,3.2,4.0,.792,0.7,2.0,2.7,3.8,0.3,0.0,1.3,3.5,13.5,bayleje01
20,Michael Beasley,PF,21,MIA,5,5,27.0,4.4,9.8,.449,0.2,0.4,.500,4.2,9.4,.447,.459,1.4,1.8,.778,2.0,3.8,5.8,0.6,0.8,0.0,2.6,2.0,10.4,beaslmi01
21,Rodrigue Beaubois,PG,21,DAL,4,0,7.8,2.3,4.8,.474,0.5,1.5,.333,1.8,3.3,.538,.526,0.3,0.8,.333,0.5,1.0,1.5,1.0,0.0,0.0,0.8,1.3,5.3,beaubro01
22,Charlie Bell,SG,30,MIL,3,0,2.7,0.0,0.7,.000,0.0,0.3,.000,0.0,0.3,.000,.000,0.0,0.0,,0.0,0.0,0.0,0.0,0.0,0.0,0.0,0.7,0.0,bellch01
23,Mike Bibby,PG,31,ATL,11,11,26.5,3.3,7.3,.450,1.3,3.1,.412,2.0,4.2,.478,.538,0.6,0.9,.700,0.5,2.1,2.5,2.5,0.8,0.0,1.1,2.4,8.5,bibbymi01
24,Chauncey Billups,PG,33,DEN,6,6,34.5,6.2,13.8,.446,1.8,5.2,.355,4.3,8.7,.500,.512,6.2,7.0,.881,0.2,2.2,2.3,6.3,1.0,0.5,3.0,4.0,20.3,billuch01
25,DeJuan Blair,PF,20,SAS,10,0,9.1,1.6,3.2,.500,0.0,0.0,,1.6,3.2,.500,.500,0.5,0.9,.556,1.9,2.0,3.9,0.5,0.5,0.4,0.2,1.8,3.7,blairde01
26,Keith Bogans,SF,29,SAS,8,0,6.9,0.3,1.3,.200,0.1,0.8,.167,0.1,0.5,.250,.250,0.0,0.0,,0.1,0.6,0.8,0.3,0.3,0.1,0.3,1.1,0.6,boganke01
27,Matt Bonner,PF,29,SAS,10,0,17.3,1.9,4.4,.432,1.0,2.7,.370,0.9,1.7,.529,.545,0.2,0.2,1.000,0.7,2.5,3.2,0.4,0.1,0.3,0.7,2.2,5.0,bonnema01
28,Carlos Boozer,PF,28,UTA,10,10,40.2,8.9,16.8,.530,0.0,0.0,,8.9,16.8,.530,.530,1.9,3.5,.543,3.3,9.9,13.2,3.0,0.4,0.7,2.4,3.8,19.7,boozeca01
29,Primož Brezec,C,30,MIL,4,0,6.3,1.0,1.8,.571,0.0,0.0,,1.0,1.8,.571,.571,0.3,0.5,.500,0.3,0.5,0.8,0.0,0.3,0.0,0.0,1.3,2.3,brezepr01
30,Derrick Brown,SF,22,CHA,2,0,0.5,0.5,0.5,1.000,0.0,0.0,,0.5,0.5,1.000,1.000,0.0,0.0,,0.0,0.0,0.0,0.0,0.0,0.0,0.0,0.0,1.0,brownde04
31,Devin Brown,SG,31,CHI,1,0,2.0,1.0,1.0,1.000,0.0,0.0,,1.0,1.0,1.000,1.000,0.0,1.0,.000,0.0,1.0,1.0,0.0,0.0,0.0,0.0,0.0,2.0,brownde02
32,Shannon Brown,SG,24,LAL,23,0,14.1,1.8,4.7,.393,0.4,1.4,.281,1.4,3.3,.440,.435,0.9,1.2,.714,0.3,1.0,1.3,0.9,0.4,0.3,0.6,1.6,4.9,brownsh01
33,Kobe Bryant*,SG,31,LAL,23,23,40.1,10.2,22.2,.458,2.1,5.7,.374,8.0,16.5,.487,.506,6.7,8.0,.842,1.1,4.9,6.0,5.5,1.3,0.7,3.4,3.3,29.2,bryanko01
34,Caron Butler,SG,29,DAL,6,6,33.7,7.2,16.5,.434,1.2,3.8,.304,6.0,12.7,.474,.470,4.2,4.5,.926,0.5,5.3,5.8,1.3,1.5,0.8,2.5,2.7,19.7,butleca01
35,Andrew Bynum,C,22,LAL,23,23,24.4,3.5,6.5,.537,0.0,0.0,,3.5,6.5,.537,.537,1.7,2.4,.679,2.6,4.3,6.9,0.5,0.3,1.6,0.9,2.7,8.6,bynuman01
36,Marcus Camby,C,35,POR,6,6,29.7,2.7,6.3,.421,0.0,0.2,.000,2.7,6.2,.432,.421,0.5,1.0,.500,2.7,7.3,10.0,2.3,0.7,1.2,0.5,3.0,5.8,cambyma01
37,Matt Carroll,SG,29,DAL,1,0,5.0,1.0,1.0,1.000,0.0,0.0,,1.0,1.0,1.000,1.000,0.0,0.0,,0.0,1.0,1.0,0.0,0.0,0.0,0.0,0.0,2.0,carroma01
38,Anthony Carter,PG,34,DEN,1,0,7.0,0.0,1.0,.000,0.0,0.0,,0.0,1.0,.000,.000,0.0,0.0,,0.0,0.0,0.0,3.0,0.0,0.0,0.0,0.0,0.0,cartean01
39,Vince Carter,SG,33,ORL,14,14,34.3,5.3,13.1,.402,0.9,3.6,.235,4.4,9.5,.466,.435,4.1,4.9,.826,0.6,3.6,4.2,2.3,0.9,0.2,1.6,3.6,15.5,cartevi01
40,Mario Chalmers,PG,23,MIA,5,0,26.2,3.6,8.0,.450,1.4,4.0,.350,2.2,4.0,.550,.538,2.2,2.6,.846,0.2,1.6,1.8,2.6,0.6,0.0,2.4,3.6,10.8,chalmma01
41,Tyson Chandler,C,27,CHA,4,0,15.0,1.5,2.8,.545,0.0,0.0,,1.5,2.8,.545,.545,0.5,0.8,.667,0.8,1.8,2.5,0.5,0.5,0.8,1.0,4.0,3.5,chandty01
42,Earl Clark,PF,22,PHO,3,0,4.3,0.3,1.0,.333,0.0,0.0,,0.3,1.0,.333,.333,0.7,0.7,1.000,0.0,0.7,0.7,0.3,0.3,0.0,0.7,0.3,1.3,clarkea01
43,Jarron Collins,C,31,PHO,11,10,10.5,0.5,1.4,.333,0.0,0.0,,0.5,1.4,.333,.333,0.2,0.2,1.000,0.8,0.7,1.5,0.0,0.1,0.1,0.3,2.0,1.1,collija03
44,Jason Collins,C,31,ATL,3,0,3.3,1.0,1.7,.600,0.0,0.0,,1.0,1.7,.600,.600,0.0,0.0,,1.0,0.7,1.7,0.0,0.0,0.0,0.3,2.3,2.0,collija04
45,Nick Collison,C,29,OKC,6,0,21.5,1.3,4.0,.333,0.0,0.2,.000,1.3,3.8,.348,.333,0.5,1.2,.429,2.0,2.7,4.7,0.3,0.8,0.2,0.7,3.3,3.2,collini01
46,Jamal Crawford,SG,29,ATL,11,0,31.9,5.1,14.0,.364,1.6,4.5,.360,3.5,9.5,.365,.422,4.5,5.3,.845,0.1,2.6,2.7,2.7,0.8,0.1,1.8,2.4,16.3,crawfja01
47,Dante Cunningham,PF,22,POR,5,0,8.4,1.8,3.0,.600,0.0,0.2,.000,1.8,2.8,.643,.600,1.0,1.2,.833,1.0,1.6,2.6,0.0,1.0,0.0,0.6,2.0,4.6,cunnida01
48,Erick Dampier,C,34,DAL,5,4,23.6,0.0,1.6,.000,0.0,0.0,,0.0,1.6,.000,.000,1.0,2.4,.417,3.6,3.0,6.6,0.6,0.2,1.0,1.2,3.8,1.0,dampier01
49,Marquis Daniels,SF,29,BOS,11,0,3.4,0.5,1.2,.385,0.1,0.2,.500,0.4,1.0,.364,.423,0.5,0.5,1.000,0.5,0.5,0.9,0.1,0.0,0.0,0.3,0.4,1.5,daniema01
50,Glen Davis,PF,24,BOS,24,1,20.1,2.5,5.2,.476,0.0,0.1,.000,2.5,5.0,.488,.476,2.4,3.3,.722,1.6,2.9,4.5,0.4,0.8,0.4,0.9,2.3,7.3,davisgl01
51,Carlos Delfino,SF,27,MIL,7,7,32.3,3.7,10.4,.356,2.1,5.3,.405,1.6,5.1,.306,.459,0.4,0.6,.750,0.4,3.6,4.0,2.6,0.7,0.3,1.7,2.0,10.0,delfica01
52,Luol Deng,SF,24,CHI,5,5,40.6,7.4,16.0,.463,0.2,2.4,.083,7.2,13.6,.529,.469,3.8,5.2,.731,1.6,3.4,5.0,1.4,1.2,0.8,0.6,3.0,18.8,denglu01
53,Boris Diaw,PF,27,CHA,4,4,38.0,3.5,7.0,.500,0.3,2.3,.111,3.3,4.8,.684,.518,0.3,0.5,.500,1.8,3.3,5.0,4.0,0.3,0.8,3.0,2.8,7.5,diawbo01
54,Travis Diener,PG,27,POR,2,0,3.5,0.0,0.0,,0.0,0.0,,0.0,0.0,,,0.0,0.0,,0.0,0.0,0.0,1.0,0.0,0.0,0.0,0.0,0.0,dienetr01
55,Goran Dragić,PG,23,PHO,16,0,14.8,2.7,6.3,.430,0.8,2.5,.325,1.9,3.8,.500,.495,1.4,1.9,.742,0.6,1.2,1.8,2.3,0.3,0.1,1.0,1.1,7.6,dragigo01
56,Jared Dudley,SF,24,PHO,16,0,23.6,2.5,5.4,.465,1.6,3.7,.424,0.9,1.7,.556,.610,1.1,1.8,.607,0.9,2.8,3.8,1.8,1.1,0.4,0.6,2.3,7.6,dudleja01
57,Tim Duncan*,C,33,SAS,10,10,37.3,7.8,15.0,.520,0.1,0.2,.500,7.7,14.8,.520,.523,3.3,6.9,.478,3.0,6.9,9.9,2.6,0.8,1.7,2.4,2.7,19.0,duncati01
58,Kevin Durant,SF,21,OKC,6,6,38.5,7.2,20.5,.350,1.7,5.8,.286,5.5,14.7,.375,.390,9.0,10.3,.871,1.3,6.3,7.7,2.3,0.5,1.3,3.7,2.8,25.0,duranke01
59,Maurice Evans,SF,31,ATL,11,0,13.5,1.0,3.4,.297,0.3,0.9,.300,0.7,2.5,.296,.338,0.0,0.0,,0.4,0.8,1.2,0.2,0.8,0.0,0.5,1.7,2.3,evansma01
60,Jordan Farmar,PG,23,LAL,23,0,13.1,1.7,4.1,.404,0.9,2.2,.400,0.8,1.9,.409,.511,0.4,0.6,.692,0.0,1.1,1.2,1.4,0.7,0.0,0.9,1.3,4.6,farmajo01
61,Raymond Felton,PG,25,CHA,4,4,32.5,4.3,10.5,.405,1.0,3.3,.308,3.3,7.3,.448,.452,2.3,3.0,.750,0.8,1.8,2.5,5.0,0.5,0.0,1.5,2.0,11.8,feltora01
62,Rudy Fernández,SG,24,POR,6,3,19.8,2.0,4.5,.444,1.8,3.8,.478,0.2,0.7,.250,.648,1.0,1.3,.750,0.3,1.3,1.7,1.3,0.2,0.0,0.8,1.2,6.8,fernaru01
63,Kyrylo Fesenko,C,23,UTA,10,9,18.1,1.3,3.0,.433,0.0,0.0,,1.3,3.0,.433,.433,0.7,2.1,.333,0.8,3.1,3.9,1.2,0.0,0.5,1.4,3.0,3.3,fesenky01
64,Michael Finley,SF,36,BOS,18,0,6.0,0.3,1.1,.250,0.2,0.6,.273,0.1,0.5,.222,.325,0.1,0.1,1.000,0.1,0.6,0.6,0.2,0.2,0.0,0.0,0.2,0.8,finlemi01
65,Derek Fisher,PG,35,LAL,23,23,32.8,3.6,8.0,.448,1.2,3.3,.360,2.4,4.7,.509,.522,2.0,2.4,.821,0.4,2.1,2.5,2.8,1.2,0.0,1.6,3.6,10.3,fishede01
66,Channing Frye,C,26,PHO,16,0,27.2,2.7,7.4,.364,1.9,5.4,.349,0.8,2.0,.406,.492,0.9,1.0,.938,0.6,5.0,5.6,0.9,0.8,0.6,0.5,3.1,8.2,fryech01
67,Dan Gadzuric,C,31,MIL,7,0,10.9,1.3,2.4,.529,0.0,0.0,,1.3,2.4,.529,.529,0.1,0.6,.250,1.4,2.0,3.4,0.1,0.1,0.7,0.9,2.1,2.7,gadzuda01
68,Sundiata Gaines,PG,23,UTA,5,0,1.4,1.0,1.2,.833,0.2,0.2,1.000,0.8,1.0,.800,.917,0.0,0.4,.000,0.2,0.2,0.4,0.0,0.0,0.0,0.0,0.2,2.2,gainesu01
69,Kevin Garnett*,PF,33,BOS,23,23,33.3,6.5,13.1,.495,0.0,0.1,.000,6.5,13.0,.498,.495,2.0,2.4,.839,1.4,6.0,7.4,2.5,1.1,0.9,1.3,3.2,15.0,garneke01
70,Pau Gasol*,C,29,LAL,23,23,39.7,7.2,13.3,.539,0.0,0.1,.000,7.2,13.2,.545,.539,5.2,6.9,.759,4.0,7.1,11.1,3.5,0.4,2.1,1.9,2.7,19.6,gasolpa01
71,Daniel Gibson,PG,23,CLE,5,0,4.6,0.4,1.4,.286,0.2,0.8,.250,0.2,0.6,.333,.357,0.4,0.4,1.000,0.0,0.6,0.6,0.2,0.0,0.0,0.4,0.6,1.4,gibsoda01
72,Taj Gibson,PF,24,CHI,5,5,29.0,3.2,7.6,.421,0.0,0.0,,3.2,7.6,.421,.421,1.2,2.2,.545,1.8,5.2,7.0,0.6,0.2,0.6,0.4,3.4,7.6,gibsota01
73,Manu Ginóbili*,SG,32,SAS,10,10,35.2,5.8,14.0,.414,2.0,6.0,.333,3.8,8.0,.475,.486,5.8,6.7,.866,0.4,3.3,3.7,6.0,2.6,0.2,3.0,3.0,19.4,ginobma01
74,Marcin Gortat,C,25,ORL,14,0,15.1,1.2,1.9,.654,0.0,0.0,,1.2,1.9,.654,.654,0.6,0.8,.727,1.7,2.7,4.4,0.6,0.2,0.3,0.2,2.1,3.0,gortama01
75,Joey Graham,SF,27,DEN,4,0,7.3,2.5,4.3,.588,0.3,0.8,.333,2.3,3.5,.643,.618,0.8,1.3,.600,1.0,1.5,2.5,0.0,0.5,0.3,0.3,1.5,6.0,grahajo01
76,Stephen Graham,SG,27,CHA,2,0,2.5,0.0,2.0,.000,0.0,0.5,.000,0.0,1.5,.000,.000,0.0,0.0,,0.0,0.0,0.0,0.5,0.5,0.0,0.5,0.5,0.0,grahast01
77,Jeff Green,PF,23,OKC,6,6,37.3,3.8,11.7,.329,1.3,4.5,.296,2.5,7.2,.349,.386,2.8,3.3,.850,1.0,3.7,4.7,1.7,0.7,0.5,1.0,2.7,11.8,greenje02
78,James Harden,SG,20,OKC,6,0,20.0,2.0,5.2,.387,1.0,2.7,.375,1.0,2.5,.400,.484,2.7,3.2,.842,0.2,2.3,2.5,1.8,1.0,0.2,0.5,2.3,7.7,hardeja01
79,Udonis Haslem,PF,29,MIA,5,0,28.4,2.6,7.4,.351,0.0,0.0,,2.6,7.4,.351,.351,0.8,1.2,.667,1.8,5.6,7.4,0.8,0.2,0.2,1.0,3.6,6.0,hasleud01
80,Brendan Haywood,C,30,DAL,6,2,23.2,2.0,3.5,.571,0.0,0.0,,2.0,3.5,.571,.571,2.0,3.3,.600,3.0,3.2,6.2,0.5,1.2,1.7,0.5,2.3,6.0,haywobr01
81,J.J. Hickson,PF,21,CLE,11,0,7.2,1.3,2.0,.636,0.0,0.0,,1.3,2.0,.636,.636,1.0,1.5,.688,0.1,0.7,0.8,0.1,0.0,0.0,0.5,0.8,3.5,hicksjj01
82,Nenê,C,27,DEN,5,5,33.8,3.6,5.8,.621,0.0,0.0,,3.6,5.8,.621,.621,4.2,7.2,.583,1.6,4.2,5.8,2.2,1.2,0.2,0.8,3.4,11.4,hilarne01
83,George Hill,PG,23,SAS,10,8,34.4,4.6,10.2,.451,1.1,2.9,.379,3.5,7.3,.479,.505,3.1,3.7,.838,0.5,2.6,3.1,0.7,1.0,0.2,0.8,2.1,13.4,hillge01
84,Grant Hill*,SF,37,PHO,16,16,28.3,3.7,7.7,.480,0.2,1.0,.188,3.5,6.7,.523,.492,2.1,2.4,.868,0.8,5.1,5.8,2.3,0.8,0.6,1.2,2.9,9.6,hillgr01
85,Kirk Hinrich,SG,29,CHI,5,5,39.2,4.4,10.4,.423,1.6,3.2,.500,2.8,7.2,.389,.500,2.0,2.8,.714,0.2,4.2,4.4,4.0,1.4,0.0,0.4,2.8,12.4,hinriki01
86,Al Horford,C,23,ATL,11,11,35.3,6.1,11.6,.523,0.1,0.1,1.000,6.0,11.5,.520,.527,2.4,2.8,.839,2.5,6.5,9.0,1.8,0.7,1.7,1.4,3.2,14.6,horfoal01
87,Dwight Howard,C,24,ORL,14,14,35.5,6.1,10.0,.614,0.0,0.0,,6.1,10.0,.614,.614,5.9,11.3,.519,2.7,8.4,11.1,1.4,0.8,3.5,3.6,4.2,18.1,howardw01
88,Juwan Howard,C,36,POR,6,0,14.5,1.7,3.2,.526,0.0,0.0,,1.7,3.2,.526,.526,0.0,0.0,,1.3,1.3,2.7,0.7,0.2,0.2,0.5,3.3,3.3,howarju01
89,Larry Hughes,SG,31,CHA,4,0,14.5,2.0,4.3,.471,1.0,2.5,.400,1.0,1.8,.571,.588,1.0,1.8,.571,0.3,3.0,3.3,1.5,0.0,0.0,0.8,2.0,6.0,hughela01
90,Serge Ibaka,PF,20,OKC,6,0,25.5,3.3,5.8,.571,0.0,0.0,,3.3,5.8,.571,.571,1.2,1.7,.700,2.2,4.3,6.5,0.3,0.3,2.0,1.0,3.2,7.8,ibakase01
91,Zydrunas Ilgauskas,C,34,CLE,7,0,9.9,0.7,1.9,.385,0.0,0.0,,0.7,1.9,.385,.385,0.3,0.4,.667,1.0,0.6,1.6,0.4,0.0,1.0,0.1,1.4,1.7,ilgauzy01
92,D.J. Mbenga,C,29,LAL,3,0,4.0,0.7,2.0,.333,0.0,0.0,,0.7,2.0,.333,.333,0.3,0.3,1.000,0.0,1.7,1.7,0.3,0.0,0.0,0.0,0.7,1.7,mbengdj01
93,Ersan İlyasova,PF,22,MIL,7,0,22.4,3.4,7.1,.480,0.7,2.0,.357,2.7,5.1,.528,.530,2.1,2.6,.833,3.0,4.6,7.6,0.4,0.7,0.1,1.4,2.0,9.7,ilyaser01
94,Royal Ivey,SG,28,MIL,3,0,3.7,0.7,2.0,.333,0.0,0.7,.000,0.7,1.3,.500,.333,0.0,0.0,,0.0,0.0,0.0,0.7,0.0,0.3,0.3,0.3,1.3,iveyro01
95,Stephen Jackson,SG,31,CHA,4,4,39.0,6.0,16.8,.358,0.8,4.5,.167,5.3,12.3,.429,.381,5.3,6.5,.808,1.5,3.5,5.0,3.8,1.3,0.3,4.3,3.3,18.0,jacksst02
96,LeBron James,SF,25,CLE,11,11,41.8,9.6,19.2,.502,1.8,4.5,.400,7.8,14.6,.534,.550,8.0,10.9,.733,1.4,7.9,9.3,7.6,1.7,1.8,3.8,2.1,29.1,jamesle01
97,Antawn Jamison,PF,33,CLE,11,11,34.1,5.8,12.5,.467,0.9,3.5,.256,4.9,8.9,.551,.504,2.7,3.7,.732,1.5,5.9,7.4,1.3,0.6,1.0,1.6,3.5,15.3,jamisan01
98,Othyus Jeffers,SG,24,UTA,6,0,1.7,0.2,1.0,.167,0.0,0.0,,0.2,1.0,.167,.167,0.0,0.2,.000,0.2,0.0,0.2,0.0,0.0,0.0,0.2,0.0,0.3,jeffeot01
99,Richard Jefferson,SF,29,SAS,10,10,33.4,3.4,7.0,.486,0.1,0.5,.200,3.3,6.5,.508,.493,2.5,3.3,.758,0.8,4.5,5.3,1.8,0.6,0.6,1.5,2.0,9.4,jefferi01
100,Brandon Jennings,PG,20,MIL,7,7,35.6,7.0,17.1,.408,1.7,5.9,.293,5.3,11.3,.468,.458,3.0,3.7,.808,0.7,2.3,3.0,3.6,1.1,0.6,1.1,2.7,18.7,jennibr01
101,Anthony Johnson,PG,35,ORL,1,0,5.0,1.0,2.0,.500,0.0,1.0,.000,1.0,1.0,1.000,.500,0.0,0.0,,0.0,0.0,0.0,2.0,0.0,0.0,0.0,0.0,2.0,johnsan02
102,James Johnson,PF,22,CHI,4,0,5.0,0.0,0.5,.000,0.0,0.3,.000,0.0,0.3,.000,.000,0.0,0.0,,0.3,0.0,0.3,0.3,0.0,0.0,0.5,2.8,0.0,johnsja01
103,Joe Johnson,SG,28,ATL,11,11,40.0,7.0,18.1,.387,0.8,3.7,.220,6.2,14.4,.430,.410,3.1,3.8,.810,1.8,3.3,5.1,5.0,0.9,0.3,2.3,2.0,17.9,johnsjo02
104,Dwayne Jones,PF,26,PHO,2,0,5.0,0.5,1.0,.500,0.0,0.0,,0.5,1.0,.500,.500,1.5,2.0,.750,0.5,2.0,2.5,0.0,0.0,0.0,0.5,0.0,2.5,jonesdw02
105,James Jones,SF,29,MIA,1,0,9.0,0.0,1.0,.000,0.0,1.0,.000,0.0,0.0,,.000,2.0,2.0,1.000,0.0,0.0,0.0,0.0,0.0,0.0,1.0,1.0,2.0,jonesja02
106,Jason Kidd*,PG,36,DAL,6,6,40.5,2.3,7.7,.304,1.5,4.7,.321,0.8,3.0,.278,.402,1.8,2.0,.917,1.0,5.8,6.8,7.0,2.3,0.2,1.5,2.5,8.0,kiddja01
107,Andrei Kirilenko,SF,28,UTA,2,0,15.0,2.5,5.0,.500,0.0,0.5,.000,2.5,4.5,.556,.500,0.5,0.5,1.000,1.5,1.5,3.0,0.0,0.5,0.5,0.0,1.0,5.5,kirilan01
108,Kyle Korver,SG,28,UTA,10,0,21.0,3.2,6.1,.525,1.1,2.3,.478,2.1,3.8,.553,.615,0.8,0.9,.889,0.0,1.1,1.1,1.3,0.5,0.0,0.7,2.2,8.3,korveky01
109,Kosta Koufos,C,20,UTA,9,0,3.4,0.4,1.1,.400,0.0,0.0,,0.4,1.1,.400,.400,0.0,0.0,,0.4,0.6,1.0,0.0,0.0,0.1,0.2,0.2,0.9,koufoko01
110,Nenad Krstić,C,26,OKC,6,6,21.5,2.5,6.2,.405,0.0,0.0,,2.5,6.2,.405,.405,2.2,2.3,.929,2.5,3.3,5.8,0.7,0.5,0.7,0.8,2.5,7.2,krstine01
111,Ty Lawson,PG,22,DEN,6,0,19.7,2.5,5.8,.429,0.7,1.7,.400,1.8,4.2,.440,.486,2.2,3.2,.684,0.7,0.7,1.3,2.7,1.0,0.0,1.3,3.0,7.8,lawsoty01
112,Rashard Lewis,PF,30,ORL,14,14,36.6,4.7,10.2,.462,2.0,5.4,.373,2.7,4.9,.559,.559,1.4,1.8,.800,1.1,4.6,5.6,2.3,1.1,0.7,1.8,2.7,12.9,lewisra02
113,Robin Lopez,C,21,PHO,6,6,17.3,3.2,5.8,.543,0.0,0.0,,3.2,5.8,.543,.543,1.5,1.5,1.000,2.0,2.0,4.0,0.0,0.3,0.2,0.5,1.8,7.8,lopezro01
114,Jamaal Magloire,C,31,MIA,1,0,5.0,0.0,2.0,.000,0.0,0.0,,0.0,2.0,.000,.000,0.0,0.0,,0.0,1.0,1.0,0.0,0.0,0.0,1.0,1.0,0.0,magloja01
115,Ian Mahinmi,C,23,SAS,2,0,9.5,1.5,3.0,.500,0.0,0.0,,1.5,3.0,.500,.500,1.5,2.0,.750,0.0,1.0,1.0,0.0,0.0,0.5,1.0,1.5,4.5,mahinia01
116,Shawn Marion,SF,31,DAL,6,6,24.7,4.0,9.8,.407,0.0,0.7,.000,4.0,9.2,.436,.407,0.7,0.8,.800,1.2,3.0,4.2,1.0,0.2,0.5,1.3,2.0,8.7,mariosh01
117,Kenyon Martin,PF,32,DEN,6,6,34.2,4.0,8.3,.480,0.0,0.2,.000,4.0,8.2,.490,.480,2.0,3.2,.632,2.3,6.0,8.3,1.3,1.5,1.2,1.8,4.5,10.0,martike01
118,Roger Mason,SG,29,SAS,6,0,10.2,0.2,2.0,.083,0.2,1.2,.143,0.0,0.8,.000,.125,0.0,0.0,,0.0,0.7,0.7,0.3,0.2,0.0,0.3,2.0,0.5,masonro01
119,Wesley Matthews,SG,23,UTA,10,10,37.1,3.9,10.1,.386,1.5,4.2,.357,2.4,5.9,.407,.460,3.9,4.8,.813,1.0,3.4,4.4,1.7,1.8,0.5,1.5,3.4,13.2,matthwe02
120,Eric Maynor,PG,22,OKC,6,0,12.7,1.0,3.3,.300,0.2,1.0,.167,0.8,2.3,.357,.325,1.5,1.8,.818,0.2,1.3,1.5,1.5,0.2,0.2,0.8,0.8,3.7,maynoer01
121,Luc Mbah a Moute,PF,23,MIL,7,7,25.4,3.7,7.1,.520,0.0,0.3,.000,3.7,6.9,.542,.520,1.7,2.9,.600,2.0,3.6,5.6,0.7,0.3,0.0,1.0,2.1,9.1,mbahalu01
122,Antonio McDyess,PF,35,SAS,10,10,24.7,3.3,6.2,.532,0.0,0.0,,3.3,6.2,.532,.532,0.2,0.2,1.000,1.8,5.0,6.8,1.2,0.2,0.7,0.9,2.7,6.8,mcdyean01
123,C.J. Miles,SF,22,UTA,10,10,33.7,4.7,10.6,.443,1.5,4.6,.326,3.2,6.0,.533,.514,3.5,3.9,.897,0.5,2.0,2.5,2.8,0.6,0.6,1.9,4.8,14.4,milescj01
124,Andre Miller,PG,33,POR,6,6,35.0,5.0,12.3,.405,0.5,1.2,.429,4.5,11.2,.403,.426,5.2,6.7,.775,0.8,2.3,3.2,6.0,1.2,0.2,3.2,2.0,15.7,millean02
125,Brad Miller,C,33,CHI,5,0,18.6,2.0,5.4,.370,0.0,0.8,.000,2.0,4.6,.435,.370,1.4,1.4,1.000,0.6,3.0,3.6,0.8,0.0,0.2,1.4,3.2,5.4,millebr01
126,Patty Mills,PG,21,POR,3,0,4.0,0.7,1.3,.500,0.3,0.3,1.000,0.3,1.0,.333,.625,0.3,0.3,1.000,0.0,0.0,0.0,1.0,0.0,0.0,0.3,0.3,2.0,millspa02
127,Paul Millsap,PF,24,UTA,10,0,32.3,7.0,12.2,.574,0.0,0.2,.000,7.0,12.0,.583,.574,4.0,5.8,.690,3.4,5.4,8.8,2.2,1.1,1.4,1.3,3.6,18.0,millspa01
128,Nazr Mohammed,C,32,CHA,4,0,12.0,2.8,4.8,.579,0.0,0.0,,2.8,4.8,.579,.579,0.5,0.8,.667,1.3,0.8,2.0,0.5,0.3,0.5,0.3,3.3,6.0,mohamna01
129,Jamario Moon,SF,29,CLE,11,0,10.3,1.3,2.2,.583,0.7,1.5,.500,0.5,0.7,.750,.750,0.2,0.3,.667,0.2,1.3,1.5,0.5,0.4,0.5,0.0,0.7,3.5,moonja01
130,Randolph Morris,PF,24,ATL,3,0,3.3,0.3,0.7,.500,0.0,0.0,,0.3,0.7,.500,.500,0.3,0.3,1.000,0.3,0.3,0.7,0.0,0.0,0.0,0.0,1.0,1.0,morrira01
131,Adam Morrison,SF,25,LAL,2,0,6.5,2.0,4.5,.444,0.0,1.0,.000,2.0,3.5,.571,.444,0.0,0.0,,1.0,1.5,2.5,0.5,0.0,0.0,0.0,1.0,4.0,morriad01
132,Byron Mullens,PF,20,OKC,1,0,4.0,0.0,2.0,.000,0.0,0.0,,0.0,2.0,.000,.000,1.0,2.0,.500,0.0,0.0,0.0,0.0,0.0,0.0,0.0,0.0,1.0,mulleby01
133,Ronald Murray,SG,30,CHI,5,0,19.4,3.0,7.4,.405,0.8,2.4,.333,2.2,5.0,.440,.459,1.6,1.6,1.000,0.8,1.8,2.6,2.0,0.4,0.0,0.2,0.6,8.4,murraro01
134,Eduardo Nájera,PF,33,DAL,5,0,7.2,0.4,1.6,.250,0.0,1.0,.000,0.4,0.6,.667,.250,0.0,0.0,,1.0,0.8,1.8,0.0,0.4,0.0,0.2,1.6,0.8,najered01
135,Steve Nash*,PG,35,PHO,16,16,33.7,6.2,11.9,.518,1.2,3.1,.380,5.0,8.8,.567,.568,4.2,4.7,.893,0.4,2.9,3.3,10.1,0.3,0.1,3.8,1.3,17.8,nashst01
136,Jameer Nelson,PG,27,ORL,14,14,34.2,6.5,13.6,.479,2.4,6.0,.393,4.1,7.6,.547,.566,3.6,4.4,.823,0.6,2.9,3.6,4.8,1.0,0.0,2.5,2.7,19.0,nelsoja01
137,Joakim Noah,C,24,CHI,5,5,37.6,5.6,10.6,.528,0.0,0.0,,5.6,10.6,.528,.528,3.6,3.8,.947,4.0,9.0,13.0,2.6,1.8,1.4,3.0,4.0,14.8,noahjo01
138,Dirk Nowitzki*,PF,31,DAL,6,6,38.8,9.7,17.7,.547,0.7,1.2,.571,9.0,16.5,.545,.566,6.7,7.0,.952,1.2,7.0,8.2,3.0,0.8,0.7,1.7,2.5,26.7,nowitdi01
139,Jermaine O'Neal,C,31,MIA,5,5,23.4,1.8,8.8,.205,0.0,0.0,,1.8,8.8,.205,.205,0.6,1.4,.429,2.0,3.6,5.6,1.0,0.8,2.0,1.4,2.6,4.2,onealje01
140,Shaquille O'Neal*,C,37,CLE,11,11,22.1,4.4,8.5,.516,0.0,0.0,,4.4,8.5,.516,.516,2.8,4.3,.660,1.9,3.6,5.5,1.4,0.2,1.2,2.2,3.7,11.5,onealsh01
141,Lamar Odom,PF,30,LAL,23,0,29.0,4.0,8.4,.469,0.4,1.8,.244,3.5,6.7,.529,.495,1.3,2.2,.600,2.6,6.0,8.6,2.0,0.7,0.9,1.2,3.7,9.7,odomla01
142,Mehmet Okur,C,30,UTA,1,1,11.0,2.0,2.0,1.000,1.0,1.0,1.000,1.0,1.0,1.000,1.250,2.0,2.0,1.000,1.0,1.0,2.0,0.0,0.0,0.0,1.0,0.0,7.0,okurme01
143,Kevin Ollie,PG,37,OKC,1,0,5.0,0.0,1.0,.000,0.0,0.0,,0.0,1.0,.000,.000,0.0,0.0,,0.0,0.0,0.0,0.0,0.0,0.0,0.0,0.0,0.0,ollieke01
144,Zaza Pachulia,C,25,ATL,11,0,14.6,1.6,3.2,.514,0.0,0.0,,1.6,3.2,.514,.514,1.4,2.2,.625,1.7,1.7,3.5,0.3,0.2,0.6,0.8,3.1,4.6,pachuza01
145,Jannero Pargo,PG,30,CHI,2,0,4.0,0.5,2.5,.200,0.5,1.0,.500,0.0,1.5,.000,.300,0.0,0.0,,0.0,0.0,0.0,0.5,0.0,0.0,0.0,0.0,1.5,pargoja01
146,Anthony Parker,SG,34,CLE,11,11,30.1,2.7,5.8,.469,1.8,4.0,.455,0.9,1.8,.500,.625,1.0,1.4,.733,0.1,2.3,2.4,1.3,0.8,0.3,1.0,1.5,8.3,parkean01
147,Tony Parker*,PG,27,SAS,10,2,33.5,7.3,15.4,.474,0.2,0.3,.667,7.1,15.1,.470,.481,2.5,4.2,.595,0.9,2.9,3.8,5.4,0.6,0.0,2.2,2.0,17.3,parketo01
148,Kendrick Perkins,C,25,BOS,23,23,25.0,2.1,4.2,.510,0.0,0.0,.000,2.1,4.1,.516,.510,1.4,2.4,.600,1.8,4.4,6.2,1.0,0.4,1.4,1.9,3.4,5.7,perkike01
149,Johan Petro,C,24,DEN,6,1,7.5,1.0,1.8,.545,0.0,0.0,,1.0,1.8,.545,.545,0.2,0.3,.500,0.3,1.5,1.8,0.2,0.2,0.5,0.5,2.2,2.2,petrojo01
150,Paul Pierce*,SF,32,BOS,24,24,38.8,6.1,14.0,.438,1.7,4.3,.392,4.5,9.8,.457,.497,4.9,5.9,.824,0.8,5.1,6.0,3.4,1.0,0.6,2.7,3.3,18.8,piercpa01
151,Mickaël Piétrus,SF,27,ORL,14,0,20.1,2.5,5.7,.438,2.0,4.4,.459,0.5,1.4,.368,.613,1.4,2.1,.667,0.1,1.3,1.4,0.7,0.6,0.4,0.4,1.9,8.4,pietrmi01
152,Leon Powe,SF,26,CLE,3,0,3.0,0.3,1.3,.250,0.0,0.0,,0.3,1.3,.250,.250,1.0,1.3,.750,0.3,0.3,0.7,0.0,0.0,0.0,0.3,1.0,1.7,powele01
153,Josh Powell,PF,27,LAL,13,0,3.1,0.2,0.6,.375,0.0,0.1,.000,0.2,0.5,.429,.375,0.2,0.3,.750,0.2,0.3,0.5,0.1,0.0,0.0,0.1,0.7,0.7,poweljo01
154,Ronnie Price,PG,26,UTA,10,0,9.0,0.7,2.4,.292,0.2,0.7,.286,0.5,1.7,.294,.333,0.4,0.8,.500,0.5,0.5,1.0,1.4,0.4,0.1,0.2,2.0,2.0,pricero01
155,Theo Ratliff,C,36,CHA,4,4,11.8,0.8,2.0,.375,0.0,0.0,,0.8,2.0,.375,.375,0.3,0.5,.500,0.0,0.8,0.8,0.3,0.5,0.0,0.5,3.8,1.8,ratlith01
156,JJ Redick,SG,25,ORL,14,0,19.2,2.1,5.1,.423,1.1,2.5,.429,1.1,2.6,.417,.528,2.1,2.5,.857,0.3,1.4,1.7,1.4,0.7,0.0,1.4,1.6,7.5,redicjj01
157,Chris Richard,PF,25,CHI,2,0,2.5,0.0,0.0,,0.0,0.0,,0.0,0.0,,,0.0,0.0,,0.5,1.0,1.5,0.0,0.0,0.0,0.0,0.0,0.0,richach01
158,Jason Richardson,SG,29,PHO,16,16,33.3,7.0,13.9,.502,3.0,6.3,.475,4.0,7.6,.525,.610,2.8,3.6,.759,1.1,4.3,5.4,1.1,1.1,0.3,0.6,2.2,19.8,richaja01
159,Quentin Richardson,SF,29,MIA,5,5,29.8,3.6,9.0,.400,1.8,4.4,.409,1.8,4.6,.391,.500,0.8,1.0,.800,0.2,3.6,3.8,1.6,1.6,0.2,1.0,3.2,9.8,richaqu01
160,Luke Ridnour,PG,28,MIL,7,0,17.3,3.0,6.4,.467,0.7,2.0,.357,2.3,4.4,.516,.522,1.4,1.7,.833,0.6,1.3,1.9,1.9,0.6,0.1,1.4,1.9,8.1,ridnolu01
161,Nate Robinson,PG,25,BOS,17,0,7.5,1.4,3.8,.375,0.6,1.9,.333,0.8,1.8,.419,.461,0.7,0.9,.800,0.2,0.6,0.8,1.1,0.4,0.1,0.4,0.9,4.2,robinna01
162,Rajon Rondo,PG,23,BOS,24,24,40.6,6.3,13.6,.463,0.4,1.0,.375,5.9,12.6,.470,.477,2.8,4.8,.596,1.6,4.0,5.6,9.3,1.9,0.1,3.0,2.4,15.8,rondora01
163,Derrick Rose,PG,21,CHI,5,5,42.4,11.4,25.0,.456,0.4,1.2,.333,11.0,23.8,.462,.464,3.6,4.4,.818,0.8,2.6,3.4,7.2,0.8,0.0,2.6,1.6,26.8,rosede01
164,Brandon Roy,SG,25,POR,3,1,27.7,3.3,11.0,.303,0.7,4.0,.167,2.7,7.0,.381,.333,2.3,3.0,.778,0.7,1.7,2.3,1.7,0.0,0.0,1.0,2.3,9.7,roybr01
165,John Salmons,SG,30,MIL,7,7,40.7,6.3,15.6,.404,0.6,3.3,.174,5.7,12.3,.465,.422,3.9,4.0,.964,1.0,2.7,3.7,4.0,1.4,0.6,1.7,2.7,17.0,salmojo01
166,Brian Scalabrine,PF,31,BOS,1,0,1.0,0.0,0.0,,0.0,0.0,,0.0,0.0,,,0.0,0.0,,0.0,0.0,0.0,0.0,0.0,0.0,0.0,0.0,0.0,scalabr01
167,Thabo Sefolosha,SG,25,OKC,6,6,21.2,1.3,4.5,.296,0.5,2.2,.231,0.8,2.3,.357,.352,1.3,1.5,.889,0.5,2.5,3.0,1.2,0.8,1.0,0.3,2.5,4.5,sefolth01
168,J.R. Smith,SG,24,DEN,6,0,26.5,3.5,9.5,.368,1.8,5.2,.355,1.7,4.3,.385,.465,2.3,2.7,.875,0.8,3.0,3.8,1.7,0.7,0.3,1.0,2.8,11.2,smithjr01
169,Joe Smith,PF,34,ATL,5,0,4.8,0.0,0.6,.000,0.0,0.0,,0.0,0.6,.000,.000,0.0,0.0,,0.2,0.2,0.4,0.0,0.0,0.2,0.2,0.2,0.0,smithjo02
170,Josh Smith,PF,24,ATL,11,11,35.6,5.6,11.7,.481,0.2,0.5,.333,5.5,11.2,.488,.488,2.6,4.0,.659,3.4,5.6,9.0,2.6,1.2,1.7,1.5,2.7,14.1,smithjo03
171,Jerry Stackhouse,SG,35,MIL,7,0,20.6,2.0,6.1,.326,0.7,2.1,.333,1.3,4.0,.321,.384,2.6,2.9,.900,0.1,1.6,1.7,1.1,0.7,0.1,0.7,0.6,7.3,stackje01
172,DeShawn Stevenson,SG,28,DAL,2,0,3.0,0.0,1.5,.000,0.0,1.5,.000,0.0,0.0,,.000,0.0,0.0,,0.0,0.0,0.0,0.0,0.0,0.0,0.0,1.0,0.0,stevede01
173,Amar'e Stoudemire,PF,27,PHO,16,16,36.5,7.8,14.9,.519,0.0,0.3,.000,7.8,14.7,.528,.519,6.7,8.9,.754,2.9,3.8,6.6,1.1,0.7,1.5,2.5,3.4,22.2,stoudam01
174,Jeff Teague,PG,21,ATL,9,0,6.6,0.8,2.3,.333,0.2,0.6,.400,0.6,1.8,.313,.381,0.0,0.0,,0.0,0.2,0.2,0.4,0.3,0.1,0.4,0.3,1.8,teaguje01
175,Garrett Temple,SG,23,SAS,6,0,2.5,0.2,0.5,.333,0.2,0.5,.333,0.0,0.0,,.500,0.2,0.2,1.000,0.0,0.3,0.3,0.3,0.2,0.0,0.3,0.2,0.7,templga01
176,Jason Terry,SG,32,DAL,6,0,29.0,4.3,11.5,.377,2.0,5.0,.400,2.3,6.5,.359,.464,2.0,2.7,.750,0.3,2.2,2.5,2.0,0.7,0.2,1.0,2.7,12.7,terryja01
177,Etan Thomas,C,31,OKC,2,0,8.5,2.5,3.0,.833,0.0,0.0,,2.5,3.0,.833,.833,1.0,1.0,1.000,0.5,1.5,2.0,0.0,0.0,0.0,0.5,0.5,6.0,thomaet01
178,Kurt Thomas,C,37,MIL,7,7,28.4,2.4,5.0,.486,0.0,0.0,,2.4,5.0,.486,.486,0.6,0.7,.800,1.7,6.1,7.9,1.6,0.4,0.6,1.1,3.7,5.4,thomaku01
179,Tyrus Thomas,C,23,CHA,4,0,17.0,3.8,6.0,.625,0.0,0.0,,3.8,6.0,.625,.625,1.3,1.5,.833,1.5,4.0,5.5,0.5,0.5,0.5,1.0,2.3,8.8,thomaty01
180,Anderson Varejão,PF,27,CLE,11,0,23.2,1.8,4.4,.417,0.0,0.1,.000,1.8,4.3,.426,.417,2.1,2.8,.742,2.0,4.5,6.5,0.6,1.0,0.8,1.1,3.5,5.7,varejan01
181,Sasha Vujačić,SG,25,LAL,10,0,7.6,1.0,2.3,.435,0.6,1.5,.400,0.4,0.8,.500,.565,0.5,0.6,.833,0.3,0.5,0.8,0.5,0.2,0.0,0.3,0.8,3.1,vujacsa01
182,Dwyane Wade*,SG,28,MIA,5,5,42.0,12.4,22.0,.564,3.0,7.4,.405,9.4,14.6,.644,.632,5.4,8.0,.675,1.2,4.4,5.6,6.8,1.6,1.6,5.2,3.2,33.2,wadedw01
183,Gerald Wallace,SF,27,CHA,4,4,41.0,5.3,11.0,.477,1.3,2.8,.455,4.0,8.3,.485,.534,5.8,8.8,.657,0.5,8.5,9.0,2.3,1.3,1.5,0.8,2.3,17.5,wallage01
184,Rasheed Wallace,C,35,BOS,24,1,17.1,2.2,5.2,.416,0.8,2.3,.345,1.4,2.9,.471,.492,1.0,1.2,.828,0.2,2.8,3.0,0.4,0.4,0.6,0.4,3.4,6.1,wallara01
185,Luke Walton,SF,29,LAL,16,0,6.0,0.4,1.4,.304,0.1,0.6,.222,0.3,0.9,.357,.348,0.1,0.3,.500,0.0,0.5,0.5,0.9,0.1,0.1,0.3,0.8,1.1,waltolu01
186,Hakim Warrick,PF,27,CHI,3,0,10.3,0.7,3.7,.182,0.0,0.3,.000,0.7,3.3,.200,.182,1.7,2.0,.833,1.0,0.7,1.7,0.0,0.0,0.0,0.7,1.0,3.0,warriha01
187,Kyle Weaver,SG,23,OKC,1,0,12.0,1.0,4.0,.250,0.0,1.0,.000,1.0,3.0,.333,.250,0.0,0.0,,0.0,2.0,2.0,2.0,0.0,0.0,0.0,2.0,2.0,weaveky01
188,Martell Webster,SF,23,POR,6,0,25.3,3.7,8.7,.423,0.8,2.8,.294,2.8,5.8,.486,.471,1.7,3.0,.556,1.2,3.2,4.3,0.7,0.8,0.5,0.5,2.2,9.8,webstma02
189,Delonte West,SG,26,CLE,11,0,24.5,2.5,6.1,.418,0.3,1.7,.158,2.3,4.4,.521,.440,1.4,1.5,.938,0.5,1.4,1.9,2.6,0.8,0.3,1.7,1.5,6.7,westde01
190,Mario West,SG,25,ATL,7,0,2.9,0.4,0.6,.750,0.0,0.1,.000,0.4,0.4,1.000,.750,0.0,0.0,,0.1,0.1,0.3,0.1,0.1,0.0,0.0,1.0,0.9,westma02
191,Russell Westbrook,PG,21,OKC,6,6,35.3,7.2,15.2,.473,0.8,2.0,.417,6.3,13.2,.481,.500,5.3,6.3,.842,1.7,4.3,6.0,6.0,1.7,0.2,2.3,2.2,20.5,westbru01
192,Deron Williams,PG,25,UTA,10,10,39.8,6.7,14.9,.450,2.0,5.1,.392,4.7,9.8,.480,.517,8.9,11.1,.802,0.4,2.3,2.7,10.2,1.0,0.4,3.0,3.7,24.3,willide01
193,Jason Williams,PG,34,ORL,14,0,13.7,0.9,2.7,.342,0.4,1.7,.250,0.5,1.0,.500,.421,0.4,0.4,1.000,0.2,0.6,0.8,1.6,0.3,0.0,0.4,0.6,2.6,willija02
194,Jawad Williams,PG,26,CLE,3,0,1.3,0.0,0.7,.000,0.0,0.7,.000,0.0,0.0,,.000,0.0,0.0,,0.0,0.0,0.0,0.0,0.0,0.0,0.0,0.3,0.0,willija04
195,Marvin Williams,SF,23,ATL,11,11,31.4,2.8,7.2,.392,0.1,0.2,.500,2.7,7.0,.390,.399,2.6,2.9,.906,2.1,3.6,5.7,0.7,0.5,0.5,0.5,1.8,8.4,willima02
196,Mo Williams,PG,27,CLE,11,11,37.4,4.7,11.5,.409,1.5,4.7,.327,3.2,6.8,.467,.476,3.4,4.2,.804,0.3,2.8,3.1,5.4,0.5,0.2,2.1,3.2,14.4,willima01
197,Shelden Williams,PF,26,BOS,8,0,7.1,0.5,1.1,.444,0.0,0.0,,0.5,1.1,.444,.444,0.6,0.8,.833,0.3,1.4,1.6,0.0,0.1,0.0,0.8,1.0,1.6,willish02
198,Metta World Peace,SF,30,LAL,23,23,36.5,4.4,11.0,.398,1.5,5.1,.291,2.9,6.0,.489,.465,1.0,1.7,.579,1.4,2.5,4.0,2.1,1.5,0.5,1.1,2.9,11.2,artesro01
199,Dorell Wright,SF,24,MIA,5,0,22.4,1.8,5.0,.360,0.4,1.6,.250,1.4,3.4,.412,.400,1.0,1.0,1.000,0.4,3.4,3.8,1.8,0.4,0.0,1.2,0.6,5.0,wrighdo01