Rk,Player,Pos,Age,Tm,G,GS,MP,FG,FGA,FG%,3P,3PA,3P%,2P,2PA,2P%,eFG%,FT,FTA,FT%,ORB,DRB,TRB,AST,STL,BLK,TOV,PF,PTS,Player-additional
1,Arron Afflalo,SG,26,DEN,7,7,32.7,4.3,10.6,.405,0.6,2.9,.200,3.7,7.7,.481,.432,1.7,2.1,.800,0.7,2.9,3.6,2.7,0.7,0.3,1.3,2.0,10.9,afflaar01
2,Blake Ahearn,PG,27,UTA,3,0,2.7,0.7,1.0,.667,0.3,0.3,1.000,0.3,0.7,.500,.833,0.0,0.0,,0.0,0.0,0.0,0.7,0.0,0.0,0.0,0.0,1.7,ahearbl01
3,Cole Aldrich,C,23,OKC,5,0,5.0,0.8,1.8,.444,0.0,0.0,,0.8,1.8,.444,.444,0.4,0.8,.500,1.0,1.6,2.6,0.0,0.0,0.0,0.0,0.6,2.0,aldrico01
4,Lavoy Allen,PF,22,PHI,12,1,19.7,2.8,5.1,.557,0.0,0.0,,2.8,5.1,.557,.557,0.6,1.0,.583,1.8,3.2,4.9,0.3,0.8,0.9,0.4,2.5,6.3,allenla01
5,Ray Allen*,SG,36,BOS,18,10,34.2,3.7,9.3,.395,1.6,5.1,.304,2.1,4.2,.507,.479,1.8,2.5,.711,0.4,3.7,4.1,1.0,0.9,0.1,0.9,2.3,10.7,allenra02
6,Tony Allen,SG,30,MEM,7,7,24.3,2.6,6.4,.400,0.0,0.7,.000,2.6,5.7,.450,.400,1.7,2.4,.706,1.1,2.0,3.1,0.7,1.3,1.0,1.4,3.0,6.9,allento01
7,Lou Amundson,PF,29,IND,11,0,8.5,1.1,2.1,.522,0.0,0.0,,1.1,2.1,.522,.522,0.3,0.5,.500,0.5,1.5,2.1,0.2,0.2,0.5,0.4,1.5,2.5,amundlo01
8,James Anderson,SG,22,SAS,8,0,3.9,0.5,1.1,.444,0.3,0.5,.500,0.3,0.6,.400,.556,0.1,0.3,.500,0.0,0.6,0.6,0.4,0.1,0.0,0.0,0.1,1.4,anderja01
9,Ryan Anderson,PF,23,ORL,5,5,34.4,3.0,8.8,.341,2.4,6.0,.400,0.6,2.8,.214,.477,1.2,1.4,.857,1.8,2.8,4.6,0.8,0.6,0.4,1.8,4.4,9.6,anderry01
10,Carmelo Anthony,SF,27,NYK,5,5,40.8,10.4,24.8,.419,0.8,3.6,.222,9.6,21.2,.453,.435,6.2,8.2,.756,2.6,5.6,8.2,2.2,1.2,0.2,2.8,4.2,27.8,anthoca01
11,Joel Anthony,C,29,MIA,17,1,19.4,1.0,1.7,.586,0.0,0.0,,1.0,1.7,.586,.586,1.2,1.5,.800,1.3,1.9,3.2,0.1,0.3,0.9,0.5,2.4,3.2,anthojo01
12,Gilbert Arenas,PG,30,MEM,6,0,3.8,0.3,1.3,.250,0.0,0.7,.000,0.3,0.7,.500,.250,0.0,0.0,,0.0,0.2,0.2,0.2,0.0,0.0,0.2,1.0,0.7,arenagi01
13,Ömer Aşık,C,25,CHI,6,3,21.3,1.2,2.3,.500,0.0,0.0,,1.2,2.3,.500,.500,1.0,2.8,.353,1.3,3.3,4.7,1.3,0.2,1.7,1.3,2.3,3.3,asikom01
14,Jeff Ayres,C,24,IND,4,0,2.3,0.3,0.8,.333,0.0,0.0,,0.3,0.8,.333,.333,0.0,0.0,,0.0,0.5,0.5,0.0,0.0,0.0,0.0,0.5,0.5,pendeje02
15,Kelenna Azubuike,SG,28,DAL,1,0,5.0,1.0,3.0,.333,1.0,1.0,1.000,0.0,2.0,.000,.500,0.0,0.0,,1.0,0.0,1.0,0.0,1.0,0.0,1.0,0.0,3.0,azubuke01
16,Leandro Barbosa,SG,29,IND,11,0,20.3,2.5,6.6,.370,0.3,1.8,.150,2.2,4.8,.453,.390,0.5,1.1,.500,0.5,1.7,2.2,1.3,0.5,0.1,1.2,2.1,5.7,barbole01
17,Matt Barnes,SF,31,LAL,11,0,16.8,1.5,5.4,.271,0.5,2.8,.161,1.0,2.5,.393,.314,0.2,0.4,.500,0.8,2.5,3.3,1.5,0.9,0.5,1.4,2.6,3.5,barnema02
18,Brandon Bass,PF,26,BOS,20,20,30.4,4.1,8.8,.463,0.0,0.0,,4.1,8.8,.463,.463,3.0,3.2,.922,1.3,4.0,5.3,0.8,0.7,0.5,0.8,2.5,11.1,bassbr01
19,Shane Battier,SF,33,MIA,23,16,33.4,2.3,6.1,.379,1.8,4.8,.382,0.5,1.3,.367,.529,0.6,0.7,.813,0.7,2.6,3.2,1.2,1.0,0.6,0.7,3.0,7.0,battish01
20,Rodrigue Beaubois,PG,23,DAL,2,0,6.0,0.0,1.0,.000,0.0,0.5,.000,0.0,0.5,.000,.000,0.0,0.0,,0.0,0.5,0.5,1.0,0.0,0.0,0.5,0.5,0.0,beaubro01
21,Mike Bibby,PG,33,NYK,5,1,23.6,1.8,4.6,.391,1.4,3.4,.412,0.4,1.2,.333,.543,0.4,0.6,.667,0.6,3.6,4.2,2.6,0.2,0.0,0.8,1.4,5.4,bibbymi01
22,DeJuan Blair,PF,22,SAS,10,0,7.6,1.7,2.7,.630,0.0,0.0,,1.7,2.7,.630,.630,0.3,0.6,.500,0.7,1.6,2.3,0.2,0.3,0.1,0.1,1.0,3.7,blairde01
23,Steve Blake,PG,31,LAL,12,0,25.5,2.2,5.2,.419,1.5,3.6,.419,0.7,1.6,.421,.565,0.4,0.6,.714,0.7,2.2,2.8,2.3,0.7,0.2,1.3,1.8,6.3,blakest01
24,Eric Bledsoe,PG,22,LAC,11,0,17.2,3.4,5.7,.587,0.3,0.6,.429,3.1,5.1,.607,.611,0.9,1.5,.625,1.1,1.3,2.4,2.1,1.2,0.4,1.4,2.1,7.9,bledser01
25,Matt Bonner,PF,31,SAS,13,0,12.7,0.8,2.5,.313,0.6,1.8,.348,0.2,0.7,.222,.438,0.2,0.4,.600,0.2,1.8,1.9,0.7,0.2,0.3,0.2,1.8,2.4,bonnema01
26,Carlos Boozer,PF,30,CHI,6,6,33.3,6.3,15.0,.422,0.0,0.0,,6.3,15.0,.422,.422,0.8,1.2,.714,1.7,8.2,9.8,3.0,0.8,0.3,3.8,3.3,13.5,boozeca01
27,Chris Bosh*,PF,27,MIA,14,10,31.4,5.2,10.6,.493,0.5,0.9,.538,4.7,9.6,.489,.517,3.1,3.7,.827,2.6,5.2,7.8,0.6,0.4,1.0,1.4,1.4,14.0,boshch01
28,Avery Bradley,PG,21,BOS,10,10,24.8,2.5,6.8,.368,0.5,2.2,.227,2.0,4.6,.435,.404,1.2,1.8,.667,0.3,1.7,2.0,0.8,0.8,0.6,1.0,2.0,6.7,bradlav01
29,Elton Brand,C,32,PHI,13,13,27.4,3.5,7.6,.465,0.0,0.0,,3.5,7.6,.465,.465,1.5,2.5,.625,1.7,3.2,4.8,0.5,0.8,1.5,0.5,2.8,8.6,brandel01
30,Corey Brewer,SF,25,DEN,7,0,16.6,3.3,7.7,.426,0.9,2.9,.300,2.4,4.9,.500,.481,0.9,1.1,.750,0.9,1.1,2.0,0.9,1.0,0.3,0.3,1.6,8.3,breweco01
31,Ronnie Brewer,SG,26,CHI,5,0,16.6,0.8,3.2,.250,0.0,0.0,,0.8,3.2,.250,.250,0.0,0.6,.000,0.8,3.0,3.8,1.8,0.8,0.2,1.2,1.0,1.6,brewero02
32,Kobe Bryant*,SG,33,LAL,12,12,39.7,11.0,25.1,.439,1.4,5.0,.283,9.6,20.1,.477,.467,6.6,7.9,.832,1.3,3.5,4.8,4.3,1.3,0.2,2.8,2.8,30.0,bryanko01
33,Alec Burks,SG,20,UTA,4,0,15.8,1.8,7.0,.250,0.0,0.5,.000,1.8,6.5,.269,.250,3.0,3.5,.857,1.3,1.5,2.8,0.8,0.5,0.0,0.8,1.0,6.5,burksal01
34,Caron Butler,SF,31,LAC,10,10,26.8,3.3,9.2,.359,0.8,3.1,.258,2.5,6.1,.410,.402,1.2,1.6,.750,0.4,2.6,3.0,1.0,0.6,0.2,1.6,2.2,8.6,butleca01
35,Jimmy Butler,SG,22,CHI,3,0,1.3,0.0,0.0,,0.0,0.0,,0.0,0.0,,,0.0,0.0,,0.0,0.0,0.0,0.0,0.0,0.0,0.0,0.3,0.0,butleji01
36,Andrew Bynum,C,24,LAL,12,12,37.6,6.1,12.8,.477,0.0,0.0,,6.1,12.8,.477,.477,4.5,5.8,.783,3.8,7.3,11.1,1.5,0.4,3.1,1.3,1.8,16.7,bynuman01
37,Brian Cardinal,SF,34,DAL,2,0,4.5,0.5,1.0,.500,0.5,0.5,1.000,0.0,0.5,.000,.750,0.0,0.0,,0.0,1.5,1.5,0.0,0.0,0.0,0.0,0.0,1.5,cardibr01
38,DeMarre Carroll,SF,25,UTA,4,0,18.3,2.3,4.8,.474,0.3,1.3,.200,2.0,3.5,.571,.500,0.0,0.0,,1.8,2.0,3.8,0.8,0.5,0.3,0.8,2.3,4.8,carrode01
39,Vince Carter,SG,35,DAL,4,0,26.8,3.0,10.3,.293,0.8,2.5,.300,2.3,7.8,.290,.329,1.5,2.0,.750,1.3,4.3,5.5,0.3,1.3,0.5,1.5,2.8,8.3,cartevi01
40,Mario Chalmers,PG,25,MIA,23,23,35.6,4.0,9.0,.442,1.4,4.0,.359,2.6,5.0,.509,.522,1.9,2.6,.717,0.5,3.1,3.7,3.9,1.2,0.3,1.8,3.0,11.3,chalmma01
41,Tyson Chandler,C,29,NYK,5,5,33.4,2.2,5.0,.440,0.0,0.0,,2.2,5.0,.440,.440,1.8,3.0,.600,3.6,5.4,9.0,0.8,1.4,1.4,3.0,3.6,6.2,chandty01
42,Earl Clark,PF,24,ORL,5,0,17.6,1.6,3.6,.444,0.0,0.0,,1.6,3.6,.444,.444,0.8,1.4,.571,1.6,5.0,6.6,0.2,0.4,1.0,0.8,1.2,4.0,clarkea01
43,Norris Cole,PG,23,MIA,19,0,8.9,0.6,1.9,.324,0.2,0.6,.250,0.5,1.3,.360,.365,0.4,0.5,.778,0.1,0.5,0.5,0.6,0.4,0.0,0.3,1.3,1.8,coleno01
44,Jason Collins,C,33,ATL,5,4,17.0,1.2,2.2,.545,0.0,0.0,,1.2,2.2,.545,.545,0.0,0.0,,0.8,1.6,2.4,0.0,0.2,0.0,2.0,3.2,2.4,collija04
45,Darren Collison,PG,24,IND,11,0,18.6,3.3,6.4,.514,0.4,1.0,.364,2.9,5.4,.542,.543,1.8,2.1,.870,0.3,1.0,1.3,3.0,1.3,0.0,1.0,1.0,8.7,collida01
46,Nick Collison,PF,31,OKC,20,0,16.6,1.7,2.6,.647,0.0,0.0,,1.7,2.6,.647,.647,0.2,0.4,.429,1.5,1.9,3.4,1.0,0.6,0.3,0.6,2.6,3.5,collini01
47,Mike Conley,PG,24,MEM,7,7,39.6,4.6,10.9,.421,1.6,3.1,.500,3.0,7.7,.389,.493,3.4,4.6,.750,0.6,2.7,3.3,7.1,0.9,0.0,2.3,2.7,14.1,conlemi01
48,Daequan Cook,SG,24,OKC,16,0,6.8,0.9,2.3,.378,0.5,1.5,.333,0.4,0.8,.462,.486,0.0,0.1,.000,0.0,0.6,0.6,0.3,0.2,0.0,0.0,0.4,2.3,cookda02
49,Dante Cunningham,PF,24,MEM,7,0,7.0,0.6,1.6,.364,0.0,0.0,,0.6,1.6,.364,.364,0.0,0.0,,0.9,0.7,1.6,0.0,0.1,0.3,0.1,0.4,1.1,cunnida01
50,Erick Dampier,C,36,ATL,4,0,13.8,1.8,3.3,.538,0.0,0.0,,1.8,3.3,.538,.538,0.5,0.8,.667,1.8,1.8,3.5,0.0,0.0,0.3,0.8,1.5,4.0,dampier01
51,Marquis Daniels,SG,31,BOS,15,0,6.1,0.7,1.3,.579,0.0,0.1,.000,0.7,1.1,.647,.579,0.5,0.7,.800,0.1,0.6,0.7,0.2,0.1,0.1,0.1,0.9,2.0,daniema01
52,Baron Davis,PG,32,NYK,4,4,24.3,2.8,5.8,.478,1.0,3.5,.286,1.8,2.3,.778,.565,1.3,1.3,1.000,0.0,0.8,0.8,3.3,0.0,0.0,3.3,3.8,7.8,davisba01
53,Glen Davis,PF,26,ORL,5,5,38.0,7.8,17.8,.438,0.0,0.0,,7.8,17.8,.438,.438,3.4,4.4,.773,4.6,4.6,9.2,0.8,0.6,1.2,1.8,2.0,19.0,davisgl01
54,Luol Deng,SF,26,CHI,6,6,38.0,6.0,13.2,.456,1.3,3.7,.364,4.7,9.5,.491,.506,0.7,1.2,.571,1.3,7.0,8.3,1.5,0.8,1.5,1.7,1.7,14.0,denglu01
55,Boris Diaw,PF,29,SAS,14,14,24.7,2.6,5.0,.514,0.6,1.3,.500,1.9,3.7,.519,.579,0.4,0.6,.750,2.0,3.2,5.2,2.5,0.8,0.3,1.1,2.1,6.2,diawbo01
56,Keyon Dooling,SG,31,BOS,20,0,10.6,1.1,2.4,.438,0.6,1.4,.393,0.5,1.0,.500,.552,0.1,0.2,.667,0.1,0.7,0.8,0.7,0.3,0.2,0.2,1.5,2.8,doolike01
57,Toney Douglas,PG,25,NYK,1,0,8.0,1.0,1.0,1.000,0.0,0.0,,1.0,1.0,1.000,1.000,0.0,0.0,,0.0,0.0,0.0,1.0,0.0,0.0,0.0,0.0,2.0,douglto01
58,Chris Duhon,PG,29,ORL,5,0,12.2,0.2,1.0,.200,0.2,0.6,.333,0.0,0.4,.000,.300,0.0,0.4,.000,0.0,1.4,1.4,1.8,1.0,0.2,1.4,1.0,0.6,duhonch01
59,Tim Duncan*,C,35,SAS,14,14,33.1,7.2,14.6,.495,0.0,0.1,.000,7.2,14.5,.498,.495,2.9,4.1,.707,2.3,7.1,9.4,2.8,0.7,2.1,1.5,2.1,17.4,duncati01
60,Kevin Durant,SF,23,OKC,20,20,41.9,9.9,19.2,.517,2.1,5.5,.373,7.9,13.7,.575,.570,6.7,7.7,.864,0.7,6.8,7.4,3.7,1.5,1.2,3.2,2.6,28.5,duranke01
61,Devin Ebanks,SG,22,LAL,9,6,14.0,1.8,4.3,.410,0.0,0.3,.000,1.8,4.0,.444,.410,0.6,0.9,.625,0.8,1.4,2.2,0.7,0.3,0.8,0.2,1.4,4.1,ebankde01
62,Jeremy Evans,SF,24,UTA,2,0,3.5,0.0,0.5,.000,0.0,0.0,,0.0,0.5,.000,.000,1.0,1.0,1.000,0.0,1.5,1.5,0.5,0.5,0.0,0.0,0.5,1.0,evansje01
63,Reggie Evans,PF,31,LAC,11,0,18.0,0.7,1.4,.533,0.0,0.0,,0.7,1.4,.533,.533,1.5,3.6,.425,1.8,5.5,7.3,0.1,0.8,0.5,0.8,2.8,3.0,evansre01
64,Christian Eyenga,SF,22,LAL,3,0,3.0,0.7,1.0,.667,0.0,0.0,,0.7,1.0,.667,.667,0.0,0.3,.000,0.3,0.3,0.7,0.3,0.3,0.3,0.3,1.0,1.3,eyengch01
65,Kenneth Faried,PF,22,DEN,7,7,27.4,4.6,8.6,.533,0.0,0.0,,4.6,8.6,.533,.533,1.3,1.7,.750,3.6,6.4,10.0,0.6,0.7,1.1,2.0,2.9,10.4,farieke01
66,Derrick Favors,PF,20,UTA,4,1,29.0,3.8,9.0,.417,0.0,0.0,,3.8,9.0,.417,.417,4.3,7.3,.586,3.5,6.0,9.5,0.5,1.3,1.5,1.3,2.8,11.8,favorde01
67,Landry Fields,SG,23,NYK,5,4,23.0,3.0,6.2,.484,0.2,1.0,.200,2.8,5.2,.538,.500,1.0,1.4,.714,0.8,2.2,3.0,1.4,0.6,0.0,1.8,1.0,7.2,fieldla01
68,Derek Fisher,PG,37,OKC,20,0,22.3,2.5,5.9,.415,0.9,2.4,.375,1.6,3.5,.443,.492,0.5,0.5,1.000,0.1,1.5,1.6,1.3,0.9,0.1,0.3,1.9,6.3,fishede01
69,Randy Foye,SG,28,LAC,11,11,26.5,2.6,6.7,.392,1.3,2.9,.438,1.4,3.8,.357,.486,1.0,1.2,.846,0.4,1.6,2.0,1.5,0.5,0.3,1.1,1.7,7.5,foyera01
70,Enes Freedom,C,19,UTA,4,0,10.8,1.8,4.0,.438,0.0,0.0,,1.8,4.0,.438,.438,0.0,0.3,.000,2.0,2.0,4.0,0.3,0.0,1.0,1.0,1.8,3.5,kanteen01
71,Danilo Gallinari,SF,23,DEN,7,7,31.7,4.9,13.4,.362,0.6,3.3,.174,4.3,10.1,.423,.383,3.1,3.4,.917,1.3,3.9,5.1,2.4,0.7,0.6,1.3,2.1,13.4,gallida01
72,Kevin Garnett*,C,35,BOS,20,20,36.9,8.0,16.0,.497,0.1,0.2,.250,7.9,15.8,.500,.498,3.3,4.0,.813,1.6,8.8,10.3,1.5,1.2,1.5,2.2,3.0,19.2,garneke01
73,Marc Gasol,C,27,MEM,7,7,37.3,5.1,9.9,.522,0.0,0.1,.000,5.1,9.7,.529,.522,4.9,6.1,.791,2.3,4.4,6.7,3.1,0.3,1.9,1.9,3.6,15.1,gasolma01
74,Pau Gasol*,PF,31,LAL,12,12,37.0,5.2,11.9,.434,0.2,0.4,.400,5.0,11.5,.435,.441,2.0,2.4,.828,3.2,6.3,9.5,3.7,0.5,2.1,1.7,3.0,12.5,gasolpa01
75,Rudy Gay,SF,25,MEM,7,7,39.9,6.9,16.3,.421,0.6,2.7,.211,6.3,13.6,.463,.439,4.7,5.7,.825,1.4,5.1,6.6,1.4,1.3,0.3,3.0,2.1,19.0,gayru01
76,Paul George,SG,21,IND,11,11,33.7,3.4,8.6,.389,1.0,3.7,.268,2.4,4.9,.481,.447,2.0,2.5,.786,1.4,5.3,6.6,2.4,1.6,0.4,1.9,2.9,9.7,georgpa01
77,Taj Gibson,PF,26,CHI,6,0,22.8,3.5,7.7,.457,0.0,0.0,,3.5,7.7,.457,.457,2.5,3.7,.682,2.5,4.0,6.5,0.7,0.7,1.7,0.5,3.2,9.5,gibsota01
78,Manu Ginóbili*,SG,34,SAS,14,2,27.9,4.6,10.4,.448,1.6,4.9,.338,3.0,5.5,.545,.528,3.4,4.0,.857,0.6,2.9,3.5,4.0,0.7,0.3,3.0,2.6,14.4,ginobma01
79,Andrew Goudelock,SG,23,LAL,4,0,2.5,0.5,0.8,.667,0.3,0.3,1.000,0.3,0.5,.500,.833,0.0,0.0,,0.0,0.3,0.3,0.0,0.0,0.0,0.0,0.3,1.3,goudean01
80,Danny Granger,SF,28,IND,11,11,38.2,6.3,15.8,.397,2.4,6.6,.356,3.9,9.2,.426,.471,2.1,2.5,.821,1.4,4.3,5.6,2.5,0.5,0.4,2.6,2.8,17.0,grangda01
81,Danny Green,SG,24,SAS,14,12,20.6,2.7,6.5,.418,1.4,4.1,.345,1.3,2.4,.545,.527,0.5,0.7,.700,0.2,3.0,3.2,1.1,0.5,0.7,1.1,1.7,7.4,greenda02
82,Willie Green,SG,30,ATL,5,0,12.6,1.2,2.6,.462,0.2,0.8,.250,1.0,1.8,.556,.500,0.0,0.0,,0.2,1.4,1.6,0.6,0.0,0.0,0.4,1.2,2.6,greenwi01
83,Blake Griffin,PF,22,LAC,11,11,35.7,7.6,15.3,.500,0.0,0.1,.000,7.6,15.2,.503,.500,3.8,6.0,.636,1.7,5.2,6.9,2.5,1.8,0.9,2.3,3.7,19.1,griffbl01
84,Hamed Haddadi,C,26,MEM,4,0,5.3,0.5,0.5,1.000,0.0,0.0,,0.5,0.5,1.000,1.000,0.3,0.5,.500,1.3,1.0,2.3,0.3,0.0,0.5,0.3,1.3,1.3,haddaha01
85,Jordan Hamilton,SF,21,DEN,2,0,2.5,1.0,1.5,.667,0.0,0.0,,1.0,1.5,.667,.667,0.0,0.0,,0.0,0.0,0.0,0.0,0.5,0.0,0.5,0.5,2.0,hamiljo02
86,Richard Hamilton,SG,33,CHI,6,6,28.5,4.8,11.7,.414,0.3,1.0,.333,4.5,10.7,.422,.429,3.0,3.7,.818,1.3,1.8,3.2,3.0,0.2,0.0,1.3,2.5,13.0,hamilri01
87,Tyler Hansbrough,PF,26,IND,11,0,14.9,1.5,4.5,.340,0.0,0.0,,1.5,4.5,.340,.340,1.3,1.9,.667,1.1,2.1,3.2,0.5,0.5,0.3,0.7,2.0,4.4,hansbty01
88,James Harden,SG,22,OKC,20,0,31.5,4.7,10.7,.435,1.6,3.9,.410,3.1,6.8,.449,.509,5.4,6.3,.857,0.7,4.5,5.1,3.4,1.6,0.1,2.1,3.4,16.3,hardeja01
89,Justin Harper,PF,22,ORL,1,0,5.0,0.0,1.0,.000,0.0,0.0,,0.0,1.0,.000,.000,0.0,0.0,,0.0,0.0,0.0,0.0,0.0,0.0,0.0,0.0,0.0,harpeju01
90,Josh Harrellson,PF,22,NYK,4,0,6.3,1.0,2.3,.444,0.0,0.3,.000,1.0,2.0,.500,.444,0.5,0.5,1.000,0.8,1.3,2.0,0.0,0.0,0.0,0.5,1.5,2.5,harrejo01
91,Al Harrington,PF,31,DEN,7,0,23.3,3.4,10.7,.320,1.4,5.0,.286,2.0,5.7,.350,.387,1.4,2.1,.667,1.0,3.3,4.3,0.9,0.4,0.1,0.4,1.9,9.7,harrial01
92,Devin Harris,PG,28,UTA,4,4,30.0,4.8,12.0,.396,1.0,3.8,.267,3.8,8.3,.455,.438,2.5,3.5,.714,0.0,1.5,1.5,3.8,0.8,0.5,3.0,3.5,13.0,harride01
93,Terrel Harris,SG,24,MIA,4,0,2.5,0.3,0.5,.500,0.0,0.3,.000,0.3,0.3,1.000,.500,0.8,1.0,.750,0.0,0.8,0.8,0.0,0.0,0.0,0.0,0.0,1.3,harrite01
94,Udonis Haslem,PF,31,MIA,22,11,20.5,1.8,4.0,.455,0.0,0.0,,1.8,4.0,.455,.455,1.2,1.6,.743,1.7,4.7,6.4,0.6,0.2,0.3,0.9,2.7,4.8,hasleud01
95,Spencer Hawes,C,23,PHI,13,12,25.5,3.8,8.3,.463,0.2,0.4,.400,3.7,7.9,.466,.472,1.5,2.0,.731,1.4,5.2,6.6,1.6,0.3,0.8,1.7,2.5,9.3,hawessp01
96,Gordon Hayward,SF,21,UTA,4,4,30.8,1.5,8.3,.182,0.3,3.0,.083,1.3,5.3,.238,.197,4.0,4.0,1.000,0.5,2.3,2.8,3.0,0.8,0.0,0.8,1.0,7.3,haywago01
97,Lazar Hayward,SF,25,OKC,5,0,3.6,0.4,0.6,.667,0.0,0.0,,0.4,0.6,.667,.667,0.0,0.0,,0.0,0.8,0.8,0.0,0.0,0.0,0.2,0.4,0.8,haywala01
98,Brendan Haywood,C,32,DAL,4,4,15.3,1.0,3.5,.286,0.0,0.0,,1.0,3.5,.286,.286,1.3,2.0,.625,1.8,1.5,3.3,0.3,0.3,0.5,0.5,2.0,3.3,haywobr01
99,Roy Hibbert,C,25,IND,11,11,30.9,4.7,9.5,.500,0.1,0.1,1.000,4.6,9.4,.495,.505,2.2,3.3,.667,4.1,7.1,11.2,1.1,0.4,3.1,2.0,3.5,11.7,hibbero01
100,George Hill,PG,25,IND,11,11,31.5,4.3,9.5,.448,1.4,3.6,.375,2.9,5.9,.492,.519,3.5,4.2,.848,0.8,1.5,2.3,2.9,1.2,0.3,2.0,1.9,13.5,hillge01
101,Jordan Hill,C,24,LAL,12,0,18.1,1.9,4.4,.434,0.0,0.0,,1.9,4.4,.434,.434,0.9,1.3,.688,3.3,3.1,6.3,0.1,0.3,0.7,0.6,2.7,4.8,hilljo01
102,Kirk Hinrich,SG,31,ATL,6,4,23.5,2.2,5.0,.433,1.0,2.7,.375,1.2,2.3,.500,.533,0.3,0.3,1.000,0.7,1.3,2.0,1.0,0.7,0.0,0.3,1.5,5.7,hinriki01
103,Jrue Holiday,PG,21,PHI,13,13,38.0,5.7,13.8,.413,1.5,3.8,.408,4.2,10.0,.415,.469,2.9,3.4,.864,1.3,3.4,4.7,5.2,1.5,0.6,2.0,1.8,15.8,holidjr01
104,Ryan Hollins,C,27,BOS,17,0,10.0,0.6,1.5,.423,0.0,0.0,,0.6,1.5,.423,.423,0.2,0.5,.444,0.9,0.6,1.6,0.5,0.0,0.5,0.4,1.7,1.5,holliry01
105,Al Horford,C,25,ATL,3,2,36.0,6.7,11.3,.588,0.0,0.0,,6.7,11.3,.588,.588,2.0,2.7,.750,1.7,6.7,8.3,2.7,1.3,1.3,4.0,3.7,15.3,horfoal01
106,Josh Howard,SF,31,UTA,4,3,15.8,1.3,4.3,.294,0.3,0.5,.500,1.0,3.8,.267,.324,1.0,1.3,.800,1.0,2.5,3.5,1.0,0.5,0.3,0.5,0.8,3.8,howarjo01
107,Juwan Howard,PF,38,MIA,9,0,2.7,0.2,0.8,.286,0.0,0.0,,0.2,0.8,.286,.286,0.3,0.4,.750,0.0,0.1,0.1,0.0,0.0,0.0,0.0,0.0,0.8,howarju01
108,Serge Ibaka,PF,22,OKC,20,20,28.5,4.2,8.0,.528,0.1,0.2,.250,4.2,7.8,.535,.531,1.3,1.8,.722,2.4,3.4,5.8,0.6,0.6,3.0,0.6,2.9,9.8,ibakase01
109,Andre Iguodala,SF,28,PHI,13,13,38.8,4.5,11.6,.384,1.5,3.8,.388,3.0,7.8,.382,.447,2.5,4.3,.589,1.3,4.4,5.7,3.7,1.5,0.4,1.5,2.5,12.9,iguodan01
110,Royal Ivey,SG,30,OKC,5,0,4.2,0.8,2.2,.364,0.4,1.0,.400,0.4,1.2,.333,.455,0.2,0.4,.500,0.2,0.4,0.6,0.2,0.4,0.0,0.2,0.4,2.2,iveyro01
111,Stephen Jackson,SF,33,SAS,14,0,21.4,2.7,5.1,.535,1.9,3.1,.605,0.9,2.0,.429,.718,1.0,1.1,.933,0.4,1.6,2.0,1.7,0.6,0.2,1.3,2.7,8.3,jacksst02
112,LeBron James,SF,27,MIA,23,23,42.7,10.9,21.8,.500,1.0,3.7,.259,10.0,18.1,.549,.522,7.5,10.2,.739,2.3,7.4,9.7,5.6,1.9,0.7,3.5,2.0,30.3,jamesle01
113,Al Jefferson,C,27,UTA,4,4,35.3,9.0,17.0,.529,0.0,0.3,.000,9.0,16.8,.537,.529,0.3,1.0,.250,1.8,6.8,8.5,2.5,1.3,0.8,1.3,2.5,18.3,jeffeal01
114,Jared Jeffries,PF,30,NYK,5,0,6.8,0.2,1.2,.167,0.0,0.0,,0.2,1.2,.167,.167,0.0,0.0,,1.2,1.2,2.4,0.0,0.2,0.0,0.2,1.0,0.4,jeffrja01
115,Yi Jianlian,PF,24,DAL,1,0,5.0,1.0,3.0,.333,0.0,1.0,.000,1.0,2.0,.500,.333,0.0,1.0,.000,0.0,2.0,2.0,0.0,1.0,0.0,0.0,0.0,2.0,jianlyi01
116,Ivan Johnson,PF,27,ATL,5,0,10.8,1.0,3.2,.313,0.0,0.2,.000,1.0,3.0,.333,.313,0.6,1.0,.600,1.4,2.0,3.4,0.0,0.6,0.0,0.6,1.4,2.6,johnsiv01
117,Joe Johnson,SG,30,ATL,6,6,40.5,6.3,17.0,.373,1.5,6.0,.250,4.8,11.0,.439,.417,3.0,4.0,.750,1.0,2.5,3.5,3.5,1.3,0.2,2.7,1.8,17.2,johnsjo02
118,Dahntay Jones,SF,31,IND,7,0,8.3,0.6,2.6,.222,0.3,1.3,.222,0.3,1.3,.222,.278,1.0,1.0,1.000,0.6,0.4,1.0,0.4,0.1,0.0,0.4,1.6,2.4,jonesda02
119,James Jones,SG,31,MIA,20,0,8.7,0.8,2.2,.372,0.5,1.5,.300,0.4,0.7,.538,.477,0.5,0.5,1.000,0.3,0.8,1.0,0.1,0.2,0.1,0.2,0.6,2.6,jonesja02
120,DeAndre Jordan,C,23,LAC,11,11,22.6,1.9,3.6,.525,0.0,0.0,,1.9,3.6,.525,.525,0.7,2.2,.333,1.6,3.6,5.3,0.4,0.6,1.6,0.6,1.8,4.5,jordade01
121,Jerome Jordan,C,25,NYK,1,0,4.0,1.0,2.0,.500,0.0,0.0,,1.0,2.0,.500,.500,0.0,0.0,,2.0,0.0,2.0,0.0,0.0,0.0,0.0,0.0,2.0,jordaje01
122,Jason Kidd*,PG,38,DAL,4,4,36.0,3.5,10.3,.341,2.3,6.5,.346,1.3,3.8,.333,.451,2.3,2.5,.900,0.8,5.3,6.0,6.0,3.0,0.3,2.8,1.8,11.5,kiddja01
123,Kyle Korver,SG,30,CHI,6,0,15.7,1.5,3.7,.409,0.7,2.2,.308,0.8,1.5,.556,.500,0.2,0.3,.500,0.2,1.5,1.7,1.5,0.5,0.5,0.8,1.7,3.8,korveky01
124,Kosta Koufos,C,22,DEN,3,2,8.7,0.3,1.0,.333,0.0,0.0,,0.3,1.0,.333,.333,0.0,0.0,,1.3,2.3,3.7,0.0,0.0,0.3,1.0,1.7,0.7,koufoko01
125,Ty Lawson,PG,24,DEN,7,7,34.6,8.0,15.6,.514,1.3,4.0,.321,6.7,11.6,.580,.555,1.7,2.7,.632,0.6,2.0,2.6,6.0,1.0,0.1,1.1,1.7,19.0,lawsoty01
126,Kawhi Leonard,SF,20,SAS,14,14,27.1,3.2,6.4,.500,1.3,2.9,.450,1.9,3.6,.540,.600,0.9,1.1,.813,1.3,4.6,5.9,0.6,1.2,0.4,0.9,1.6,8.6,leonaka01
127,John Lucas III,PG,29,CHI,5,0,18.8,3.6,8.0,.450,1.0,2.6,.385,2.6,5.4,.481,.513,0.4,0.4,1.000,0.4,1.0,1.4,1.8,0.0,0.0,1.2,1.4,8.6,lucasjo02
128,Ian Mahinmi,C,25,DAL,4,0,17.5,2.3,3.5,.643,0.0,0.0,,2.3,3.5,.643,.643,2.8,3.3,.846,2.3,2.3,4.5,0.0,0.8,0.8,0.3,3.3,7.3,mahinia01
129,Shawn Marion,SF,33,DAL,4,4,35.0,4.3,10.0,.425,1.0,3.5,.286,3.3,6.5,.500,.475,2.3,2.5,.900,2.3,5.8,8.0,1.0,0.3,1.3,2.5,3.5,11.8,mariosh01
130,Kenyon Martin,PF,34,LAC,11,0,17.5,2.0,3.8,.524,0.0,0.0,,2.0,3.8,.524,.524,0.5,0.7,.625,1.0,2.2,3.2,0.3,0.4,1.7,0.4,3.3,4.5,martike01
131,O.J. Mayo,SG,24,MEM,7,0,23.3,2.4,8.9,.274,1.0,3.4,.292,1.4,5.4,.263,.331,3.0,3.9,.778,0.3,3.3,3.6,2.1,1.3,0.1,2.6,2.6,8.9,mayooj01
132,JaVale McGee,C,24,DEN,7,0,25.9,3.3,7.6,.434,0.0,0.0,,3.3,7.6,.434,.434,2.0,3.7,.538,3.3,6.3,9.6,0.7,0.7,3.1,0.6,3.0,8.6,mcgeeja01
133,Tracy McGrady*,SF,32,ATL,6,0,15.0,1.7,4.3,.385,0.0,0.7,.000,1.7,3.7,.455,.385,0.8,1.0,.833,1.0,1.8,2.8,1.0,0.0,0.3,1.7,0.7,4.2,mcgratr01
134,Josh McRoberts,PF,24,LAL,6,0,2.7,0.2,0.7,.250,0.0,0.2,.000,0.2,0.5,.333,.250,0.0,0.0,,0.0,0.7,0.7,0.2,0.0,0.2,0.3,0.2,0.3,mcrobjo01
135,Jodie Meeks,SG,24,PHI,13,1,7.8,0.7,2.0,.346,0.2,1.0,.231,0.5,1.0,.462,.404,1.1,1.1,1.000,0.2,0.2,0.3,0.3,0.2,0.1,0.3,0.8,2.7,meeksjo01
136,Andre Miller,SG,35,DEN,7,0,28.6,4.4,10.4,.425,0.6,1.0,.571,3.9,9.4,.409,.452,1.9,2.1,.867,2.0,3.6,5.6,6.0,1.3,0.1,2.4,2.7,11.3,millean02
137,Mike Miller,SG,31,MIA,23,0,16.0,1.7,4.3,.404,1.3,3.3,.413,0.4,1.0,.375,.561,0.4,0.5,.818,0.4,2.1,2.5,0.7,0.4,0.1,0.5,1.8,5.2,millemi01
138,Patty Mills,PG,23,SAS,8,0,3.9,0.8,1.4,.545,0.4,0.6,.600,0.4,0.8,.500,.682,0.0,0.0,,0.1,0.3,0.4,0.6,0.1,0.0,0.4,0.3,1.9,millspa02
139,Paul Millsap,PF,26,UTA,4,4,34.8,5.0,13.5,.370,0.0,0.8,.000,5.0,12.8,.392,.370,2.0,4.0,.500,4.3,6.8,11.0,0.5,0.3,2.5,2.3,2.8,12.0,millspa01
140,Nazr Mohammed,C,34,OKC,8,0,10.4,1.0,2.0,.500,0.0,0.0,,1.0,2.0,.500,.500,0.3,0.5,.500,0.9,1.1,2.0,0.1,0.0,0.4,0.3,2.4,2.3,mohamna01
141,E'Twaun Moore,PG,22,BOS,9,0,2.3,0.2,0.9,.250,0.0,0.2,.000,0.2,0.7,.333,.250,0.1,0.2,.500,0.0,0.3,0.3,0.3,0.0,0.1,0.1,0.2,0.6,mooreet01
142,Darius Morris,PG,21,LAL,4,0,2.0,0.8,0.8,1.000,0.3,0.3,1.000,0.5,0.5,1.000,1.167,0.8,1.0,.750,0.0,0.0,0.0,0.8,0.0,0.0,0.3,0.3,2.5,morrida01
143,Timofey Mozgov,C,25,DEN,7,5,14.1,1.7,3.6,.480,0.0,0.0,,1.7,3.6,.480,.480,0.6,1.1,.500,1.4,1.9,3.3,0.4,0.3,0.9,0.7,2.3,4.0,mozgoti01
144,Troy Murphy,PF,31,LAL,4,0,3.8,0.3,0.3,1.000,0.3,0.3,1.000,0.0,0.0,,1.500,0.0,0.0,,0.0,0.8,0.8,0.0,0.0,0.0,0.5,0.0,0.8,murphtr01
145,Gary Neal,SG,27,SAS,14,0,15.5,2.8,5.9,.476,1.1,2.6,.444,1.6,3.3,.500,.573,0.8,0.9,.846,0.1,1.2,1.3,1.4,0.1,0.0,0.8,1.5,7.5,nealga01
146,Jameer Nelson,PG,29,ORL,5,5,36.4,5.8,14.8,.392,1.6,5.0,.320,4.2,9.8,.429,.446,2.4,3.2,.750,0.2,3.6,3.8,6.6,0.8,0.2,2.0,2.6,15.6,nelsoja01
147,Joakim Noah,C,26,CHI,3,3,33.0,6.3,8.7,.731,0.0,0.0,,6.3,8.7,.731,.731,2.3,3.7,.636,3.0,6.3,9.3,3.0,0.7,1.3,0.3,1.7,15.0,noahjo01
148,Steve Novak,PF,28,NYK,5,1,19.0,0.8,1.8,.444,0.8,1.4,.571,0.0,0.4,.000,.667,0.0,0.0,,0.6,2.4,3.0,0.0,0.0,0.2,0.6,1.4,2.4,novakst01
149,Dirk Nowitzki*,PF,33,DAL,4,4,38.5,8.5,19.3,.442,0.3,1.5,.167,8.3,17.8,.465,.448,9.5,10.5,.905,0.8,5.5,6.3,1.8,0.8,0.0,2.5,2.3,26.8,nowitdi01
150,Daniel Orton,PF,21,ORL,4,0,2.3,0.0,0.0,,0.0,0.0,,0.0,0.0,,,1.0,1.0,1.000,0.0,0.5,0.5,0.0,0.0,0.0,0.0,0.8,1.0,ortonda01
151,Jannero Pargo,PG,32,ATL,5,0,9.2,1.2,4.2,.286,0.8,2.4,.333,0.4,1.8,.222,.381,0.0,0.0,,0.2,0.8,1.0,1.2,0.4,0.0,0.6,1.0,3.2,pargoja01
152,Tony Parker*,PG,29,SAS,14,14,36.1,7.3,16.1,.453,0.5,1.5,.333,6.8,14.6,.466,.469,5.1,6.3,.807,0.6,3.0,3.6,6.8,0.9,0.0,3.1,1.6,20.1,parketo01
153,Chris Paul,PG,26,LAC,11,11,38.5,6.4,14.9,.427,1.2,3.5,.333,5.2,11.4,.456,.466,3.7,4.3,.872,0.5,4.5,5.1,7.9,2.7,0.1,3.9,2.7,17.6,paulch01
154,Sasha Pavlović,SF,28,BOS,10,0,4.0,0.3,0.9,.333,0.1,0.5,.200,0.2,0.4,.500,.389,0.0,0.0,,0.2,0.3,0.5,0.1,0.1,0.1,0.4,0.4,0.7,pavloal01
155,Kendrick Perkins,C,27,OKC,20,20,25.9,1.9,4.5,.416,0.0,0.0,,1.9,4.5,.416,.416,1.0,1.3,.800,1.8,4.5,6.2,0.7,0.4,1.3,1.5,3.0,4.7,perkike01
156,Paul Pierce*,SF,34,BOS,20,20,38.9,6.0,15.6,.386,1.4,4.4,.310,4.7,11.2,.415,.429,5.5,6.2,.894,0.7,5.4,6.1,3.1,1.5,0.9,2.8,3.4,18.9,piercpa01
157,Mickaël Piétrus,SG,29,BOS,20,1,19.7,1.2,3.7,.329,0.6,2.7,.222,0.6,1.0,.632,.411,0.5,0.8,.563,0.6,1.5,2.1,0.1,0.7,0.3,0.5,2.5,3.5,pietrmi01
158,Dexter Pittman,C,23,MIA,3,1,2.7,0.0,0.7,.000,0.0,0.0,,0.0,0.7,.000,.000,0.0,0.0,,0.0,0.0,0.0,0.3,0.0,0.3,0.0,0.7,0.0,pittmde01
159,Quincy Pondexter,SF,23,MEM,7,0,16.3,1.7,2.6,.667,0.3,0.6,.500,1.4,2.0,.714,.722,1.0,1.3,.778,0.4,1.9,2.3,0.3,0.6,0.0,0.7,1.9,4.7,pondequ01
160,A.J. Price,PG,25,IND,4,0,1.8,0.3,0.5,.500,0.0,0.0,,0.3,0.5,.500,.500,0.0,0.0,,0.3,0.3,0.5,0.3,0.0,0.0,0.0,0.0,0.5,priceaj01
161,Vladimir Radmanović,SF,31,ATL,2,0,7.5,0.0,2.0,.000,0.0,1.5,.000,0.0,0.5,.000,.000,0.0,0.0,,0.0,0.5,0.5,0.5,0.0,0.0,0.0,1.5,0.0,radmavl01
162,Zach Randolph,PF,30,MEM,7,7,35.4,5.3,12.6,.420,0.0,0.6,.000,5.3,12.0,.440,.420,3.1,5.0,.629,3.9,6.0,9.9,0.9,1.0,0.6,1.6,3.6,13.7,randoza01
163,JJ Redick,SG,27,ORL,5,0,24.6,3.8,8.8,.432,0.8,3.8,.211,3.0,5.0,.600,.477,2.4,2.8,.857,0.0,1.0,1.0,3.2,0.2,0.0,1.2,0.8,10.8,redicjj01
164,Jason Richardson,SG,31,ORL,5,5,29.6,4.2,10.6,.396,2.0,5.4,.370,2.2,5.2,.423,.491,1.0,2.4,.417,0.8,3.0,3.8,1.0,1.2,0.4,1.2,1.4,11.4,richaja01
165,Quentin Richardson,SF,31,ORL,5,0,14.8,1.0,3.0,.333,0.4,1.4,.286,0.6,1.6,.375,.400,0.0,0.0,,0.0,4.4,4.4,0.4,0.2,0.0,1.2,1.2,2.4,richaqu01
166,Rajon Rondo,PG,25,BOS,19,19,42.6,7.4,15.8,.468,0.4,1.6,.267,7.0,14.3,.491,.482,2.1,2.9,.696,1.8,4.9,6.7,11.9,2.4,0.1,3.8,2.1,17.3,rondora01
167,Derrick Rose,PG,23,CHI,1,1,37.0,9.0,23.0,.391,3.0,6.0,.500,6.0,17.0,.353,.457,2.0,2.0,1.000,3.0,6.0,9.0,9.0,1.0,1.0,5.0,1.0,23.0,rosede01
168,Thabo Sefolosha,SG,27,OKC,20,20,22.3,2.1,5.1,.402,0.8,2.5,.327,1.3,2.7,.472,.480,0.4,0.5,.889,0.6,2.1,2.7,1.3,1.5,0.5,0.6,2.2,5.3,sefolth01
169,Josh Selby,PG,20,MEM,1,0,0.0,0.0,0.0,,0.0,0.0,,0.0,0.0,,,0.0,0.0,,0.0,0.0,0.0,0.0,0.0,0.0,0.0,0.0,0.0,selbyjo01
170,Ramon Sessions,PG,25,LAL,12,12,31.7,3.6,9.5,.377,0.3,2.1,.160,3.3,7.4,.438,.395,2.2,2.9,.743,0.3,2.8,3.0,3.6,0.3,0.1,1.8,2.3,9.7,sessira01
171,Iman Shumpert,PG,21,NYK,1,1,19.0,0.0,2.0,.000,0.0,1.0,.000,0.0,1.0,.000,.000,0.0,0.0,,0.0,1.0,1.0,0.0,1.0,0.0,1.0,2.0,0.0,shumpim01
172,Xavier Silas,SG,24,PHI,2,0,2.0,0.5,0.5,1.000,0.0,0.0,,0.5,0.5,1.000,1.000,0.0,0.0,,0.5,0.5,1.0,0.0,0.0,0.0,0.0,0.0,1.0,silasxa01
173,Bobby Simmons,SF,31,LAC,4,1,8.0,1.3,2.3,.556,0.3,1.0,.250,1.0,1.3,.800,.611,0.0,0.0,,0.0,0.3,0.3,0.0,0.0,0.0,0.3,1.8,2.8,simmobo01
174,Ish Smith,PG,23,ORL,1,0,5.0,0.0,0.0,,0.0,0.0,,0.0,0.0,,,0.0,0.0,,0.0,1.0,1.0,0.0,0.0,1.0,0.0,0.0,0.0,smithis01
175,J.R. Smith,SG,26,NYK,5,0,35.0,4.8,15.2,.316,1.0,5.6,.179,3.8,9.6,.396,.349,1.6,1.6,1.000,0.4,2.2,2.6,2.2,1.2,0.2,2.2,3.8,12.2,smithjr01
176,Josh Smith,PF,26,ATL,5,5,39.2,6.8,17.6,.386,0.0,0.8,.000,6.8,16.8,.405,.386,3.2,4.2,.762,2.0,11.6,13.6,4.8,0.6,1.0,3.0,2.8,16.8,smithjo03
177,Marreese Speights,PF,24,MEM,7,0,14.3,2.9,5.9,.488,0.0,0.0,,2.9,5.9,.488,.488,0.9,1.4,.600,1.9,2.4,4.3,0.3,0.4,0.4,0.7,1.9,6.6,speigma01
178,Tiago Splitter,C,27,SAS,13,0,12.9,2.3,3.6,.638,0.0,0.0,,2.3,3.6,.638,.638,1.2,3.3,.372,0.6,2.2,2.8,0.8,0.4,0.3,0.7,1.8,5.8,splitti01
179,Lance Stephenson,SG,21,IND,4,0,3.0,0.5,2.3,.222,0.3,0.5,.500,0.3,1.8,.143,.278,0.3,0.5,.500,0.0,0.0,0.0,0.3,0.0,0.0,0.5,0.5,1.5,stephla01
180,Greg Stiemsma,C,26,BOS,19,0,7.5,0.6,0.9,.667,0.0,0.0,,0.6,0.9,.667,.667,0.2,0.3,.667,0.5,1.7,2.2,0.3,0.2,0.6,0.2,1.4,1.5,stiemgr01
181,Julyan Stone,SG,23,DEN,2,0,2.5,0.5,1.0,.500,0.0,0.0,,0.5,1.0,.500,.500,0.0,0.0,,0.5,0.0,0.5,1.0,0.0,0.0,0.0,0.0,1.0,stoneju01
182,Amar'e Stoudemire,PF,29,NYK,4,4,34.8,5.0,9.0,.556,0.0,0.0,,5.0,9.0,.556,.556,5.3,7.0,.750,2.0,4.5,6.5,0.8,1.3,0.3,3.0,4.0,15.3,stoudam01
183,Jeff Teague,PG,23,ATL,6,6,37.5,5.0,12.2,.411,1.2,2.8,.412,3.8,9.3,.411,.459,2.8,3.2,.895,0.7,3.0,3.7,4.2,0.8,0.8,1.7,3.0,14.0,teaguje01
184,Jason Terry,SG,34,DAL,4,1,34.8,5.0,11.0,.455,2.5,5.0,.500,2.5,6.0,.417,.568,1.3,2.0,.625,0.3,2.0,2.3,3.8,0.3,0.0,2.0,2.8,13.8,terryja01
185,Jamaal Tinsley,PG,33,UTA,4,0,16.3,1.3,5.0,.250,0.3,1.0,.250,1.0,4.0,.250,.275,1.0,1.0,1.000,0.0,0.5,0.5,3.0,0.5,0.0,1.5,1.8,3.8,tinslja01
186,Ronny Turiaf,C,29,MIA,12,7,10.1,0.8,1.5,.556,0.0,0.0,,0.8,1.5,.556,.556,0.3,0.9,.273,0.9,1.7,2.6,0.1,0.1,0.7,0.5,1.9,1.9,turiaro01
187,Hedo Türkoğlu,SF,32,ORL,5,5,32.4,3.0,8.2,.366,1.0,2.4,.417,2.0,5.8,.345,.427,1.4,2.2,.636,0.8,2.0,2.8,2.4,1.0,0.8,1.8,3.6,8.4,turkohe01
188,Evan Turner,SF,23,PHI,13,12,34.5,4.3,11.8,.364,0.0,0.5,.000,4.3,11.4,.378,.364,2.5,3.7,.688,1.1,6.5,7.5,2.5,0.9,0.5,2.3,2.8,11.2,turneev01
189,Nikola Vučević,C,21,PHI,1,0,3.0,0.0,1.0,.000,0.0,0.0,,0.0,1.0,.000,.000,1.0,2.0,.500,0.0,1.0,1.0,0.0,0.0,0.0,0.0,0.0,1.0,vucevni01
190,Dwyane Wade*,SG,30,MIA,23,23,39.4,8.6,18.5,.462,0.4,1.5,.294,8.1,17.0,.477,.474,5.3,7.2,.729,1.4,3.8,5.2,4.3,1.7,1.3,3.0,2.8,22.8,wadedw01
191,Von Wafer,SG,26,ORL,1,0,6.0,3.0,5.0,.600,0.0,0.0,,3.0,5.0,.600,.600,0.0,0.0,,0.0,1.0,1.0,0.0,0.0,0.0,1.0,1.0,6.0,wafervo01
192,C.J. Watson,PG,27,CHI,6,5,27.3,2.3,9.7,.241,0.7,2.7,.250,1.7,7.0,.238,.276,2.0,2.7,.750,0.2,2.0,2.2,5.5,0.8,0.0,1.2,2.7,7.3,watsocj01
193,David West,PF,31,IND,11,11,37.8,6.0,13.5,.446,0.0,0.0,,6.0,13.5,.446,.446,3.3,4.0,.818,1.9,6.6,8.5,2.0,0.7,0.5,1.5,3.0,15.3,westda01
194,Delonte West,PG,28,DAL,4,3,22.0,2.8,6.5,.423,0.8,1.5,.500,2.0,5.0,.400,.481,1.3,1.3,1.000,0.5,1.3,1.8,2.0,0.8,0.0,0.8,1.3,7.5,westde01
195,Russell Westbrook,PG,23,OKC,20,20,38.4,8.9,20.4,.435,0.9,3.3,.277,8.0,17.1,.465,.457,4.5,5.6,.802,1.1,4.4,5.5,5.9,1.6,0.4,2.3,2.5,23.1,westbru01
196,Lou Williams,PG,25,PHI,13,0,27.5,3.8,10.9,.352,0.6,3.7,.167,3.2,7.2,.447,.380,3.2,4.0,.788,0.2,1.8,2.1,3.0,1.0,0.0,1.2,1.3,11.5,willilo02
197,Marvin Williams,SF,25,ATL,6,3,24.2,2.7,7.5,.356,1.3,2.7,.500,1.3,4.8,.276,.444,1.2,1.5,.778,0.8,4.7,5.5,0.8,0.5,0.3,0.5,1.5,7.8,willima02
198,Mo Williams,SG,29,LAC,11,0,20.8,3.7,8.5,.436,1.1,3.0,.364,2.6,5.5,.475,.500,1.1,1.2,.923,0.1,0.7,0.8,1.4,0.5,0.5,1.1,1.5,9.6,willima01
199,Sean Williams,C,25,BOS,2,0,3.0,0.0,0.0,,0.0,0.0,,0.0,0.0,,,0.0,0.0,,0.0,0.5,0.5,0.0,0.0,0.0,0.5,0.5,0.0,willise01
200,Metta World Peace,SF,32,LAL,6,6,39.3,3.7,10.0,.367,2.3,6.0,.389,1.3,4.0,.333,.483,2.0,2.7,.750,0.5,3.0,3.5,2.3,2.2,0.7,0.8,3.0,11.7,artesro01
201,Brandan Wright,C,24,DAL,4,0,6.8,0.5,1.3,.400,0.0,0.0,,0.5,1.3,.400,.400,0.3,0.5,.500,0.5,0.8,1.3,0.0,0.3,0.3,0.8,1.0,1.3,wrighbr03
202,Nick Young,SG,26,LAC,11,0,18.2,2.6,6.1,.433,1.5,3.0,.515,1.1,3.1,.353,.560,1.5,1.6,.889,0.1,1.0,1.1,0.3,0.3,0.4,0.6,1.8,8.3,youngni01
203,Sam Young,SF,26,PHI,2,0,2.0,0.0,1.0,.000,0.0,0.5,.000,0.0,0.5,.000,.000,0.0,0.0,,0.0,0.0,0.0,0.0,0.0,0.0,0.0,0.0,0.0,youngsa01
204,Thaddeus Young,PF,23,PHI,13,0,21.3,3.0,7.0,.429,0.0,0.0,,3.0,7.0,.429,.429,1.7,2.4,.710,1.9,3.3,5.2,1.2,0.5,0.5,1.2,1.9,7.7,youngth01