Rk,Player,Pos,Age,Tm,G,GS,MP,FG,FGA,FG%,3P,3PA,3P%,2P,2PA,2P%,eFG%,FT,FTA,FT%,ORB,DRB,TRB,AST,STL,BLK,TOV,PF,PTS,Player-additional
1,Ray Allen*,SG,37,MIA,23,0,24.9,3.2,7.5,.430,1.7,4.2,.406,1.5,3.3,.461,.544,2.0,2.3,.870,0.6,2.2,2.8,1.3,0.5,0.1,1.2,1.8,10.2,allenra02
2,Tony Allen,SG,31,MEM,15,15,28.1,3.6,8.3,.432,0.1,0.5,.250,3.5,7.8,.444,.440,2.9,3.9,.759,2.5,3.6,6.1,1.8,2.0,0.3,1.3,3.2,10.3,allento01
3,Chris Andersen,C,34,MIA,20,0,15.2,2.3,2.9,.807,0.0,0.0,,2.3,2.9,.807,.807,1.8,2.5,.735,1.6,2.2,3.8,0.2,0.5,1.1,0.6,2.7,6.4,anderch01
4,James Anderson,SG,23,HOU,2,0,9.0,0.5,2.5,.200,0.0,1.5,.000,0.5,1.0,.500,.200,0.0,0.0,,0.5,1.5,2.0,0.0,0.0,0.0,0.0,1.0,1.0,anderja01
5,Carmelo Anthony,PF,28,NYK,12,12,40.1,10.5,25.8,.406,1.4,4.8,.298,9.1,21.1,.431,.434,6.4,7.3,.885,0.9,5.7,6.6,1.6,1.1,0.2,2.6,3.8,28.8,anthoca01
6,Joel Anthony,C,30,MIA,14,0,5.1,0.2,0.7,.300,0.0,0.0,,0.2,0.7,.300,.300,0.0,0.0,,0.7,0.8,1.5,0.0,0.1,0.3,0.2,0.9,0.4,anthojo01
7,Darrell Arthur,PF,24,MEM,15,0,11.7,1.7,3.5,.472,0.0,0.1,.000,1.7,3.4,.490,.472,0.5,0.6,.889,0.9,1.6,2.5,0.4,0.1,0.3,0.5,2.4,3.9,arthuda01
8,Ömer Aşık,C,26,HOU,6,6,34.7,3.7,6.5,.564,0.0,0.0,,3.7,6.5,.564,.564,5.0,7.8,.638,3.5,7.7,11.2,0.5,0.5,1.7,2.0,3.7,12.3,asikom01
9,D.J. Augustin,PG,25,IND,19,1,16.6,1.4,3.7,.380,1.0,2.5,.396,0.4,1.2,.348,.514,1.3,1.6,.806,0.1,0.7,0.8,0.7,0.4,0.0,0.5,1.4,5.2,augusdj01
10,Gustavo Ayón,C,27,MIL,3,0,2.3,0.7,1.3,.500,0.0,0.0,,0.7,1.3,.500,.500,0.0,0.0,,0.0,0.0,0.0,0.0,0.0,0.0,0.0,0.0,1.3,ayongu01
11,Jeff Ayres,PF,25,IND,9,0,7.9,0.9,2.7,.333,0.0,0.1,.000,0.9,2.6,.348,.333,0.0,0.0,,0.4,1.6,2.0,0.1,0.0,0.2,0.3,1.6,1.8,pendeje02
12,Harrison Barnes,SF,20,GSW,12,12,38.4,6.0,13.5,.444,1.6,4.3,.365,4.4,9.2,.482,.503,2.5,2.9,.857,1.5,4.9,6.4,1.3,0.6,0.4,1.3,2.8,16.1,barneha02
13,Matt Barnes,SF,32,LAC,6,0,27.0,4.0,7.3,.545,1.2,2.8,.412,2.8,4.5,.630,.625,2.7,3.2,.842,1.2,3.8,5.0,0.5,0.7,0.3,0.8,3.8,11.8,barnema02
14,Brandon Bass,PF,27,BOS,6,5,34.0,2.3,4.8,.483,0.0,0.0,,2.3,4.8,.483,.483,2.0,2.5,.800,1.3,5.3,6.7,1.2,0.3,0.2,0.8,2.8,6.7,bassbr01
15,Shane Battier,SF,34,MIA,22,0,17.8,1.2,4.2,.290,1.2,4.0,.295,0.0,0.2,.200,.430,1.0,1.3,.821,0.4,1.3,1.7,0.5,0.2,0.3,0.2,2.2,4.7,battish01
16,Jerryd Bayless,PG,24,MEM,15,0,21.3,3.3,9.1,.358,1.2,3.9,.305,2.1,5.2,.397,.423,1.5,1.7,.885,0.1,1.9,2.0,2.1,0.5,0.3,1.1,2.3,9.3,bayleje01
17,Aron Baynes,C,26,SAS,4,1,5.8,1.0,1.8,.571,0.0,0.0,,1.0,1.8,.571,.571,0.0,0.0,,0.5,0.8,1.3,0.0,0.0,0.0,0.3,1.0,2.0,baynear01
18,Kent Bazemore,SG,23,GSW,9,0,1.8,0.1,0.9,.125,0.0,0.1,.000,0.1,0.8,.143,.125,0.0,0.4,.000,0.1,0.4,0.6,0.2,0.1,0.0,0.2,0.3,0.2,bazemke01
19,Marco Belinelli,SG,26,CHI,12,7,27.1,3.7,8.9,.411,1.3,3.9,.340,2.3,5.0,.467,.486,2.4,2.8,.879,0.0,2.9,2.9,2.6,0.4,0.0,1.3,2.2,11.1,belinma01
20,Patrick Beverley,PG,24,HOU,6,5,33.3,4.7,10.8,.431,1.3,4.0,.333,3.3,6.8,.488,.492,1.2,1.2,1.000,1.8,3.7,5.5,2.8,1.2,0.7,1.0,4.0,11.8,beverpa01
21,Andris Biedriņš,C,26,GSW,3,0,5.7,0.0,0.0,,0.0,0.0,,0.0,0.0,,,0.0,0.0,,0.7,1.7,2.3,0.3,0.0,0.7,0.3,2.0,0.0,biedran01
22,Chauncey Billups,SG,36,LAC,6,6,19.2,1.8,6.0,.306,1.0,2.8,.353,0.8,3.2,.263,.389,1.5,1.8,.818,0.3,1.7,2.0,1.0,0.2,0.2,1.3,1.7,6.2,billuch01
23,DeJuan Blair,PF,23,SAS,12,0,6.3,1.8,2.8,.618,0.0,0.0,,1.8,2.8,.618,.618,0.4,0.8,.556,0.5,1.5,2.0,0.6,0.4,0.1,0.1,1.2,3.9,blairde01
24,Steve Blake,PG,32,LAL,2,2,37.5,5.5,14.0,.393,2.5,6.0,.417,3.0,8.0,.375,.482,0.5,0.5,1.000,0.0,4.0,4.0,2.5,2.0,1.5,2.0,4.0,14.0,blakest01
25,Andray Blatche,C,26,BRK,7,0,19.7,4.1,8.3,.500,0.0,0.0,,4.1,8.3,.500,.500,2.0,2.4,.824,1.4,3.4,4.9,1.3,0.3,0.4,0.7,2.0,10.3,blatcan01
26,Eric Bledsoe,PG,23,LAC,6,0,16.2,2.5,5.0,.500,0.2,1.5,.111,2.3,3.5,.667,.517,1.3,2.0,.667,0.3,2.2,2.5,3.0,0.3,0.5,0.8,1.7,6.5,bledser01
27,Keith Bogans,SG,32,BRK,2,0,11.5,0.0,0.5,.000,0.0,0.5,.000,0.0,0.0,,.000,0.0,0.0,,0.0,1.0,1.0,1.0,0.0,0.0,0.5,1.5,0.0,boganke01
28,Andrew Bogut,C,28,GSW,12,12,27.3,3.3,5.6,.582,0.0,0.0,,3.3,5.6,.582,.582,0.7,1.9,.348,3.3,7.7,10.9,1.8,0.5,1.5,1.8,3.3,7.2,bogutan01
29,Matt Bonner,PF,32,SAS,20,1,13.4,1.4,3.0,.475,0.8,1.6,.469,0.7,1.4,.481,.602,0.5,0.6,.833,0.5,1.5,2.0,0.3,0.3,0.3,0.1,1.8,4.1,bonnema01
30,Carlos Boozer,PF,31,CHI,12,12,35.9,6.9,14.0,.494,0.0,0.1,.000,6.9,13.9,.497,.494,2.6,3.8,.689,2.9,6.7,9.6,1.5,0.8,0.1,2.4,3.0,16.4,boozeca01
31,Chris Bosh*,C,28,MIA,23,23,32.7,4.8,10.4,.458,0.7,1.6,.405,4.1,8.8,.468,.490,1.9,2.6,.733,1.7,5.6,7.3,1.5,1.0,1.6,1.2,2.9,12.1,boshch01
32,Avery Bradley,PG,22,BOS,6,6,31.8,2.8,7.0,.405,0.3,1.3,.250,2.5,5.7,.441,.429,0.7,0.7,1.000,0.5,1.7,2.2,1.3,1.8,0.2,1.8,1.8,6.7,bradlav01
33,Corey Brewer,SF,26,DEN,6,0,24.3,3.5,11.3,.309,1.5,6.0,.250,2.0,5.3,.375,.375,2.3,3.5,.667,0.5,1.3,1.8,1.2,1.0,0.2,1.2,3.2,10.8,breweco01
34,Ronnie Brewer,SF,27,OKC,1,0,8.0,0.0,0.0,,0.0,0.0,,0.0,0.0,,,0.0,0.0,,0.0,1.0,1.0,0.0,0.0,0.0,0.0,1.0,0.0,brewero02
35,Aaron Brooks,PG,28,HOU,6,0,11.2,2.2,5.7,.382,0.2,1.5,.111,2.0,4.2,.480,.397,0.5,0.8,.600,0.5,1.0,1.5,1.8,0.2,0.2,1.0,0.5,5.0,brookaa01
36,MarShon Brooks,SG,24,BRK,7,0,5.7,0.4,1.1,.375,0.0,0.1,.000,0.4,1.0,.429,.375,0.3,0.3,1.000,0.1,0.6,0.7,0.4,0.0,0.0,0.4,0.4,1.1,brookma01
37,Caron Butler,SF,32,LAC,6,6,22.7,3.7,7.7,.478,0.7,2.7,.250,3.0,5.0,.600,.522,0.5,0.5,1.000,0.2,2.5,2.7,0.0,0.3,0.3,1.0,1.8,8.5,butleca01
38,Jimmy Butler,SF,23,CHI,12,12,40.8,4.2,9.6,.435,1.3,3.1,.405,2.9,6.5,.449,.500,3.8,4.6,.818,0.8,4.4,5.2,2.7,1.3,0.5,1.3,2.2,13.3,butleji01
39,Marcus Camby,PF,38,NYK,3,0,1.0,0.3,0.3,1.000,0.0,0.0,,0.3,0.3,1.000,1.000,0.0,0.0,,0.3,0.3,0.7,0.0,0.0,0.0,0.3,0.3,0.7,cambyma01
40,Mario Chalmers,PG,26,MIA,23,23,28.3,3.3,8.0,.415,1.0,3.0,.353,2.3,5.0,.452,.481,1.7,2.3,.755,0.4,1.9,2.3,3.1,0.9,0.0,1.7,3.0,9.4,chalmma01
41,Tyson Chandler,C,30,NYK,12,12,29.2,2.3,4.3,.538,0.0,0.0,,2.3,4.3,.538,.538,1.0,1.3,.750,3.3,4.0,7.3,0.3,0.7,1.2,0.9,4.0,5.7,chandty01
42,Wilson Chandler,PF,25,DEN,6,6,34.2,4.5,12.7,.355,1.5,4.8,.310,3.0,7.8,.383,.414,1.5,2.0,.750,0.8,4.7,5.5,1.3,1.3,0.5,1.2,4.2,12.0,chandwi01
43,Earl Clark,PF,25,LAL,4,1,20.5,1.8,4.8,.368,0.0,1.0,.000,1.8,3.8,.467,.368,0.0,0.0,,0.5,2.5,3.0,0.3,0.3,0.3,1.5,1.0,3.5,clarkea01
44,Norris Cole,PG,24,MIA,21,0,19.9,2.3,4.9,.480,0.8,1.5,.531,1.5,3.3,.457,.564,0.7,0.9,.737,0.3,1.6,1.9,2.0,0.7,0.1,1.1,1.9,6.1,coleno01
45,Nick Collison,C,32,OKC,11,0,16.2,2.0,4.3,.468,0.0,0.0,,2.0,4.3,.468,.468,1.0,1.1,.917,2.3,2.4,4.6,1.1,0.5,1.0,0.9,3.4,5.0,collini01
46,Mike Conley,PG,25,MEM,15,15,38.3,5.5,14.4,.384,1.2,4.3,.281,4.3,10.1,.428,.426,4.7,6.2,.763,0.8,3.9,4.7,7.1,1.7,0.3,2.3,2.3,17.0,conlemi01
47,Daequan Cook,SG,25,CHI,6,0,6.0,0.2,1.7,.100,0.2,1.3,.125,0.0,0.3,.000,.150,0.0,0.0,,0.0,0.5,0.5,0.7,0.2,0.0,0.7,1.0,0.5,cookda02
48,Chris Copeland,PF,28,NYK,9,1,10.3,1.3,3.3,.400,1.2,2.6,.478,0.1,0.8,.143,.583,0.2,0.2,1.000,0.2,0.8,1.0,0.1,0.6,0.0,0.4,1.0,4.1,copelch01
49,Jamal Crawford,SG,32,LAC,6,0,26.8,4.0,10.3,.387,1.0,3.7,.273,3.0,6.7,.450,.435,1.8,1.8,1.000,0.3,1.7,2.0,1.7,0.5,0.2,0.7,1.5,10.8,crawfja01
50,Jordan Crawford,SG,24,BOS,5,0,11.8,1.4,4.6,.304,0.6,2.4,.250,0.8,2.2,.364,.370,0.2,0.4,.500,0.0,0.6,0.6,0.0,0.4,0.0,0.6,0.6,3.6,crawfjo02
51,Stephen Curry,PG,24,GSW,12,12,41.4,8.5,19.6,.434,3.5,8.8,.396,5.0,10.8,.465,.523,2.9,3.2,.921,0.4,3.4,3.8,8.1,1.7,0.2,3.3,2.9,23.4,curryst01
52,Samuel Dalembert,C,31,MIL,1,0,9.0,0.0,2.0,.000,0.0,0.0,,0.0,2.0,.000,.000,1.0,4.0,.250,1.0,2.0,3.0,0.0,1.0,0.0,2.0,3.0,1.0,dalemsa01
53,Marquis Daniels,SF,32,MIL,3,0,11.0,2.0,3.7,.545,0.0,0.7,.000,2.0,3.0,.667,.545,0.0,0.0,,0.0,1.3,1.3,1.3,0.3,0.0,0.3,1.0,4.0,daniema01
54,Ed Davis,PF,23,MEM,8,0,6.0,0.6,1.5,.417,0.0,0.0,,0.6,1.5,.417,.417,0.4,0.5,.750,0.5,0.9,1.4,0.0,0.0,0.1,0.3,0.9,1.6,davised01
55,Austin Daye,SF,24,MEM,4,0,5.0,0.8,2.0,.375,0.0,0.3,.000,0.8,1.8,.429,.375,0.3,0.3,1.000,0.0,0.3,0.3,0.0,0.0,0.3,0.3,0.5,1.8,dayeau01
56,Nando De Colo,SG,25,SAS,5,0,2.8,0.2,0.8,.250,0.0,0.6,.000,0.2,0.2,1.000,.250,0.4,0.4,1.000,0.4,0.4,0.8,0.4,0.0,0.0,0.0,0.2,0.8,decolna01
57,Carlos Delfino,SF,30,HOU,5,0,24.0,3.0,8.0,.375,2.2,6.2,.355,0.8,1.8,.444,.513,0.8,0.8,1.000,0.2,2.2,2.4,2.0,0.6,0.2,1.0,2.0,9.0,delfica01
58,Luol Deng,SF,27,CHI,5,5,44.8,6.4,16.8,.381,0.2,3.6,.056,6.2,13.2,.470,.387,0.8,2.0,.400,1.0,6.6,7.6,3.8,1.0,0.6,2.4,2.4,13.8,denglu01
59,Boris Diaw,PF,30,SAS,16,1,17.1,1.5,3.4,.444,0.3,0.8,.385,1.2,2.6,.463,.491,0.8,0.9,.857,0.5,2.0,2.5,1.8,0.3,0.2,0.8,1.8,4.1,diawbo01
60,Keyon Dooling,PG,32,MEM,14,0,8.1,0.6,1.7,.333,0.4,0.9,.385,0.2,0.8,.273,.438,0.4,0.4,1.000,0.0,0.4,0.4,0.3,0.1,0.0,0.2,1.0,1.9,doolike01
61,Chris Duhon,PG,30,LAL,2,0,34.0,2.0,5.5,.364,1.5,4.0,.375,0.5,1.5,.333,.500,0.0,0.0,,0.5,1.0,1.5,3.5,1.0,0.5,2.5,2.0,5.5,duhonch01
62,Tim Duncan*,C,36,SAS,21,21,35.0,7.2,15.3,.470,0.0,0.0,.000,7.2,15.2,.472,.470,3.8,4.7,.806,2.6,7.6,10.2,1.9,0.9,1.6,2.0,2.5,18.1,duncati01
63,Mike Dunleavy,SF,32,MIL,4,0,22.8,4.3,7.5,.567,1.8,4.0,.438,2.5,3.5,.714,.683,2.0,2.3,.889,0.8,3.3,4.0,2.0,0.5,0.0,0.8,1.3,12.3,dunlemi02
64,Kevin Durant,SF,24,OKC,11,11,44.1,10.2,22.4,.455,2.0,6.4,.314,8.2,16.0,.511,.500,8.5,10.2,.830,0.6,8.4,9.0,6.3,1.3,1.1,3.9,2.4,30.8,duranke01
65,Monta Ellis,SG,27,MIL,4,4,38.0,6.0,13.8,.436,0.8,4.8,.158,5.3,9.0,.583,.464,1.5,4.0,.375,0.5,2.8,3.3,5.5,2.5,0.3,3.5,2.0,14.3,ellismo01
66,Reggie Evans,PF,32,BRK,7,7,29.9,1.6,3.3,.478,0.0,0.0,,1.6,3.3,.478,.478,1.4,2.6,.556,2.3,10.0,12.3,0.9,1.0,0.3,0.9,3.0,4.6,evansre01
67,Festus Ezeli,C,23,GSW,12,3,11.2,0.5,1.1,.462,0.0,0.0,,0.5,1.1,.462,.462,1.0,1.8,.571,1.1,1.4,2.5,0.2,0.3,0.6,1.0,2.0,2.0,ezelife01
68,Kenneth Faried,PF,23,DEN,5,4,29.0,4.0,6.4,.625,0.0,0.0,,4.0,6.4,.625,.625,2.2,3.0,.733,2.4,6.0,8.4,0.2,1.0,0.2,1.0,4.4,10.2,farieke01
69,Raymond Felton,PG,28,NYK,12,12,37.8,6.0,13.5,.444,0.8,2.3,.321,5.3,11.2,.470,.472,1.3,2.0,.667,1.4,2.0,3.4,4.7,1.7,0.4,1.7,2.2,14.1,feltora01
70,Derek Fisher,SG,38,OKC,11,0,23.7,2.9,6.4,.457,2.2,4.6,.471,0.7,1.7,.421,.629,0.7,1.1,.667,0.1,1.5,1.5,0.7,0.6,0.1,0.7,3.0,8.7,fishede01
71,Evan Fournier,SG,20,DEN,4,4,13.3,1.5,4.3,.353,0.0,2.0,.000,1.5,2.3,.667,.353,1.8,2.0,.875,0.0,0.0,0.0,1.0,0.5,0.0,1.5,1.5,4.8,fournev01
72,Francisco García,SF,31,HOU,6,3,27.3,3.7,8.3,.440,2.8,6.2,.459,0.8,2.2,.385,.610,0.5,0.8,.600,0.5,2.8,3.3,1.5,0.7,0.8,0.7,3.5,10.7,garcifr01
73,Kevin Garnett*,C,36,BOS,6,6,35.3,5.0,10.0,.500,0.0,0.3,.000,5.0,9.7,.517,.500,2.7,2.8,.941,1.5,12.2,13.7,3.5,0.8,1.0,3.2,3.8,12.7,garneke01
74,Marc Gasol,C,28,MEM,15,15,40.6,6.2,13.7,.454,0.0,0.0,,6.2,13.7,.454,.454,4.8,6.0,.800,1.7,6.8,8.5,3.2,0.9,2.2,1.2,3.5,17.2,gasolma01
75,Pau Gasol*,PF,32,LAL,4,4,36.5,6.3,13.0,.481,0.0,0.0,,6.3,13.0,.481,.481,1.5,2.8,.545,1.8,9.8,11.5,6.5,0.5,0.8,3.3,1.0,14.0,gasolpa01
76,Paul George,SF,22,IND,19,19,41.1,6.3,14.6,.430,1.8,5.5,.327,4.5,9.1,.491,.491,4.9,6.7,.727,0.8,6.6,7.4,5.1,1.3,0.5,3.9,3.8,19.2,georgpa01
77,Taj Gibson,PF,27,CHI,12,0,17.2,2.6,5.5,.470,0.0,0.2,.000,2.6,5.3,.484,.470,1.3,1.8,.727,1.3,1.8,3.0,0.3,0.3,0.5,0.8,3.1,6.5,gibsota01
78,Manu Ginóbili*,SG,35,SAS,21,3,26.7,3.7,9.2,.399,1.4,4.6,.302,2.3,4.6,.495,.474,2.8,3.8,.738,0.4,3.3,3.7,5.0,1.1,0.3,2.6,2.5,11.5,ginobma01
79,Andrew Goudelock,SG,24,LAL,3,2,26.7,5.3,12.0,.444,0.7,3.3,.200,4.7,8.7,.538,.472,0.7,0.7,1.000,0.3,1.3,1.7,1.0,1.7,0.0,1.3,2.3,12.0,goudean01
80,Danny Green,SG,25,SAS,21,21,31.9,4.0,8.9,.446,2.6,5.4,.482,1.3,3.4,.389,.594,0.6,0.7,.800,0.9,3.3,4.1,1.5,1.0,1.1,0.9,2.4,11.1,greenda02
81,Draymond Green,SF,22,GSW,12,1,18.6,2.0,4.7,.429,0.8,1.9,.391,1.3,2.8,.455,.509,1.1,1.4,.765,1.2,3.1,4.3,1.6,0.5,0.8,1.0,2.9,5.8,greendr01
82,Gerald Green,SF,27,IND,9,0,11.7,2.3,5.6,.420,1.2,3.7,.333,1.1,1.9,.588,.530,0.2,0.2,1.000,0.2,1.1,1.3,0.3,0.0,0.1,0.7,1.1,6.1,greenge01
83,Jeff Green,PF,26,BOS,6,6,43.0,6.2,14.2,.435,1.7,3.7,.455,4.5,10.5,.429,.494,6.3,7.5,.844,1.0,4.3,5.3,2.3,0.3,0.7,3.2,3.7,20.3,greenje02
84,Willie Green,SG,31,LAC,3,0,6.7,0.7,1.0,.667,0.0,0.3,.000,0.7,0.7,1.000,.667,0.7,0.7,1.000,0.0,1.0,1.0,0.7,0.3,0.0,0.0,0.0,2.0,greenwi01
85,Blake Griffin,PF,23,LAC,6,5,26.3,4.8,10.7,.453,0.0,0.0,,4.8,10.7,.453,.453,3.5,4.3,.808,1.3,4.2,5.5,2.5,0.0,0.8,2.2,4.0,13.2,griffbl01
86,Jordan Hamilton,SF,22,DEN,1,0,2.0,0.0,1.0,.000,0.0,0.0,,0.0,1.0,.000,.000,0.0,0.0,,0.0,0.0,0.0,0.0,0.0,0.0,0.0,0.0,0.0,hamiljo02
87,Richard Hamilton,SG,34,CHI,4,0,17.0,2.5,6.8,.370,0.8,1.8,.429,1.8,5.0,.350,.426,0.8,1.0,.750,0.0,0.8,0.8,1.3,0.3,0.5,1.3,1.3,6.5,hamilri01
88,Ben Hansbrough,PG,25,IND,6,0,3.7,0.0,0.8,.000,0.0,0.5,.000,0.0,0.3,.000,.000,0.0,0.0,,0.2,0.3,0.5,0.5,0.0,0.2,0.3,0.3,0.0,hansbbe01
89,Tyler Hansbrough,PF,27,IND,19,0,12.7,1.4,3.3,.419,0.0,0.0,,1.4,3.3,.419,.419,1.4,2.3,.591,1.9,1.3,3.2,0.3,0.3,0.0,0.8,2.2,4.1,hansbty01
90,James Harden,SG,23,HOU,6,6,40.5,7.5,19.2,.391,2.5,7.3,.341,5.0,11.8,.423,.457,8.8,11.0,.803,0.8,5.8,6.7,4.5,2.0,1.0,4.5,3.0,26.3,hardeja01
91,Devin Harris,SG,29,ATL,6,6,37.5,3.8,10.5,.365,0.8,4.2,.200,3.0,6.3,.474,.405,2.8,4.2,.680,0.3,2.5,2.8,3.7,1.7,0.2,2.0,3.0,11.3,harride01
92,Udonis Haslem,PF,32,MIA,22,19,16.2,2.3,3.9,.593,0.0,0.0,,2.3,3.9,.593,.593,0.4,0.6,.571,1.2,2.5,3.6,0.3,0.7,0.2,0.6,2.5,5.0,hasleud01
93,John Henson,PF,22,MIL,4,0,8.3,0.8,2.8,.273,0.0,0.3,.000,0.8,2.5,.300,.273,0.0,0.0,,0.0,2.0,2.0,0.3,0.5,0.0,0.5,1.3,1.5,hensojo01
94,Roy Hibbert,C,26,IND,19,19,36.5,6.3,12.4,.511,0.0,0.0,,6.3,12.4,.511,.511,4.4,5.4,.806,4.7,5.2,9.9,1.4,0.2,1.9,2.3,3.9,17.0,hibbero01
95,George Hill,PG,26,IND,18,18,38.1,4.6,11.5,.401,1.9,5.3,.358,2.7,6.2,.438,.483,3.5,4.2,.829,0.3,3.4,3.7,4.3,1.2,0.2,2.2,2.3,14.6,hillge01
96,Grant Hill*,SF,40,LAC,1,0,20.0,2.0,4.0,.500,0.0,0.0,,2.0,4.0,.500,.500,0.0,0.0,,2.0,2.0,4.0,2.0,0.0,0.0,1.0,5.0,4.0,hillgr01
97,Jordan Hill,PF,25,LAL,3,0,10.3,1.7,3.3,.500,0.0,0.0,,1.7,3.3,.500,.500,0.0,0.0,,0.7,3.0,3.7,0.3,0.0,0.7,0.0,0.7,3.3,hilljo01
98,Kirk Hinrich,PG,32,CHI,4,4,40.5,4.0,9.3,.432,1.0,2.8,.364,3.0,6.5,.462,.486,2.3,3.5,.643,0.3,2.5,2.8,5.8,2.0,0.3,2.0,3.5,11.3,hinriki01
99,Ryan Hollins,C,28,LAC,5,0,7.4,1.0,1.8,.556,0.0,0.0,,1.0,1.8,.556,.556,0.2,0.4,.500,0.6,0.4,1.0,0.4,0.0,0.4,0.4,2.0,2.2,holliry01
100,Al Horford,C,26,ATL,6,6,36.3,6.8,13.8,.494,0.0,0.0,,6.8,13.8,.494,.494,3.0,4.5,.667,2.0,6.8,8.8,3.0,1.0,0.8,1.5,2.8,16.7,horfoal01
101,Dwight Howard,C,27,LAL,4,4,31.5,6.5,10.5,.619,0.0,0.0,,6.5,10.5,.619,.619,4.0,9.0,.444,2.5,8.3,10.8,1.0,0.5,2.0,4.0,4.3,17.0,howardw01
102,Kris Humphries,PF,27,BRK,7,0,11.9,2.0,4.4,.452,0.0,0.0,,2.0,4.4,.452,.452,0.4,1.0,.429,1.4,1.9,3.3,0.1,0.1,0.4,0.3,2.1,4.4,humphkr01
103,Serge Ibaka,PF,23,OKC,11,11,33.3,5.4,12.3,.437,0.4,0.8,.444,5.0,11.5,.437,.452,1.7,2.2,.792,3.5,4.8,8.4,0.7,0.0,3.0,0.6,3.5,12.8,ibakase01
104,Andre Iguodala,SG,29,DEN,6,6,40.5,6.3,12.7,.500,2.3,4.8,.483,4.0,7.8,.511,.592,3.0,4.2,.720,1.5,6.5,8.0,5.3,2.0,0.3,2.8,1.5,18.0,iguodan01
105,Ersan İlyasova,PF,25,MIL,4,4,29.3,5.0,11.5,.435,1.0,2.5,.400,4.0,9.0,.444,.478,0.5,0.5,1.000,2.5,4.8,7.3,1.8,1.3,0.3,1.5,2.0,11.5,ilyaser01
106,Jarrett Jack,SG,29,GSW,12,4,35.5,6.5,12.8,.506,0.6,2.0,.292,5.9,10.8,.546,.529,3.6,4.0,.896,0.6,3.8,4.4,4.7,0.9,0.3,3.2,2.2,17.2,jackja01
107,Reggie Jackson,PG,22,OKC,11,9,33.5,5.2,10.8,.479,1.2,3.9,.302,4.0,6.9,.579,.534,2.4,2.6,.897,0.4,4.5,4.9,3.6,0.5,0.5,1.9,3.1,13.9,jacksre01
108,LeBron James,PF,28,MIA,23,23,41.7,9.2,18.8,.491,1.6,4.2,.375,7.7,14.6,.524,.532,5.9,7.6,.777,1.6,6.8,8.4,6.6,1.8,0.8,3.0,1.9,25.9,jamesle01
109,Antawn Jamison,PF,36,LAL,4,0,19.8,2.5,5.8,.435,1.3,3.0,.417,1.3,2.8,.455,.543,1.0,1.5,.667,0.3,1.5,1.8,0.3,0.3,0.5,0.8,2.3,7.3,jamisan01
110,Richard Jefferson,SF,32,GSW,7,0,5.6,0.6,1.3,.444,0.3,0.4,.667,0.3,0.9,.333,.556,0.4,1.3,.333,0.3,0.7,1.0,0.1,0.1,0.1,0.0,0.7,1.9,jefferi01
111,John Jenkins,SG,21,ATL,4,0,6.0,0.0,0.8,.000,0.0,0.3,.000,0.0,0.5,.000,.000,0.0,0.0,,0.0,0.5,0.5,0.8,0.0,0.0,0.5,0.5,0.0,jenkijo01
112,Brandon Jennings,PG,23,MIL,4,4,33.3,4.3,14.3,.298,1.5,7.0,.214,2.8,7.3,.379,.351,3.3,4.5,.722,0.3,2.0,2.3,4.0,2.3,0.3,2.8,1.5,13.3,jennibr01
113,Ivan Johnson,PF,28,ATL,6,0,18.0,2.0,4.3,.462,0.0,0.0,,2.0,4.3,.462,.462,2.0,3.0,.667,1.5,1.8,3.3,0.5,0.7,0.5,1.0,3.8,6.0,johnsiv01
114,Joe Johnson,SG,31,BRK,7,7,38.7,6.1,14.7,.417,1.4,5.6,.256,4.7,9.1,.516,.466,1.1,1.3,.889,0.6,2.6,3.1,2.7,1.1,0.0,1.7,1.9,14.9,johnsjo02
115,Orlando Johnson,SG,23,IND,12,0,2.3,0.2,0.9,.182,0.1,0.3,.333,0.1,0.7,.125,.227,0.4,0.8,.556,0.0,0.3,0.3,0.1,0.0,0.0,0.1,0.0,0.8,johnsor01
116,Dahntay Jones,SF,32,ATL,5,0,3.8,0.2,0.8,.250,0.0,0.0,,0.2,0.8,.250,.250,0.4,0.4,1.000,0.0,0.2,0.2,0.0,0.0,0.0,0.2,0.2,0.8,jonesda02
117,Dwayne Jones,PF,29,GSW,2,0,1.0,0.0,0.0,,0.0,0.0,,0.0,0.0,,,0.0,0.0,,0.0,0.0,0.0,0.0,0.0,0.0,0.0,0.0,0.0,jonesdw02
118,James Jones,SF,32,MIA,9,0,3.7,0.3,0.8,.429,0.3,0.4,.750,0.0,0.3,.000,.643,0.0,0.0,,0.0,0.3,0.3,0.0,0.0,0.1,0.2,0.3,1.0,jonesja02
119,Perry Jones,SF,21,OKC,1,0,5.0,0.0,1.0,.000,0.0,0.0,,0.0,1.0,.000,.000,0.0,0.0,,0.0,1.0,1.0,0.0,0.0,0.0,0.0,0.0,0.0,jonespe01
120,Terrence Jones,PF,21,HOU,2,0,17.5,2.0,5.0,.400,0.0,1.0,.000,2.0,4.0,.500,.400,0.0,1.5,.000,2.5,5.0,7.5,0.5,0.0,0.5,0.5,1.0,4.0,joneste01
121,DeAndre Jordan,C,24,LAC,6,6,24.0,1.7,3.7,.455,0.0,0.0,,1.7,3.7,.455,.455,0.3,1.5,.222,2.5,3.8,6.3,0.2,0.2,1.7,1.5,3.0,3.7,jordade01
122,Cory Joseph,PG,21,SAS,20,0,9.6,1.3,2.8,.464,0.1,0.6,.182,1.2,2.3,.533,.482,0.3,0.6,.455,0.4,1.2,1.6,1.2,0.3,0.1,0.5,0.8,3.0,josepco01
123,Jason Kidd*,SG,39,NYK,12,0,20.6,0.3,2.1,.120,0.3,1.4,.176,0.0,0.7,.000,.180,0.2,0.2,1.000,0.6,2.9,3.5,2.0,1.0,0.3,1.1,1.0,0.9,kiddja01
124,Kyle Korver,SF,31,ATL,6,2,29.5,3.2,8.2,.388,2.0,5.7,.353,1.2,2.5,.467,.510,1.8,2.0,.917,0.0,3.3,3.3,0.7,0.3,0.7,1.0,2.3,10.2,korveky01
125,Kosta Koufos,C,23,DEN,6,2,16.7,1.2,3.2,.368,0.2,0.2,1.000,1.0,3.0,.333,.395,0.8,1.0,.833,1.5,2.0,3.5,0.5,0.5,0.7,0.3,2.2,3.3,koufoko01
126,Carl Landry,PF,29,GSW,12,3,20.5,4.3,8.3,.520,0.0,0.0,,4.3,8.3,.520,.520,3.2,4.3,.731,1.8,3.3,5.2,1.4,0.6,0.2,1.6,2.4,11.8,landrca01
127,Ty Lawson,PG,25,DEN,6,6,39.3,8.0,18.2,.440,0.7,3.5,.190,7.3,14.7,.500,.459,4.7,5.5,.848,0.8,2.5,3.3,8.0,1.7,0.0,2.2,2.2,21.3,lawsoty01
128,Courtney Lee,SG,27,BOS,4,0,9.8,0.3,1.3,.200,0.0,0.5,.000,0.3,0.8,.333,.200,1.0,1.0,1.000,0.0,0.5,0.5,0.3,0.5,0.0,0.0,0.8,1.5,leeco01
129,David Lee,PF,29,GSW,6,1,10.8,2.2,5.5,.394,0.0,0.0,,2.2,5.5,.394,.394,0.7,1.0,.667,1.0,3.7,4.7,0.8,0.5,0.2,0.8,0.8,5.0,leeda02
130,Kawhi Leonard,SF,21,SAS,21,21,36.9,5.5,10.0,.545,1.1,2.8,.390,4.4,7.2,.605,.600,1.5,2.3,.633,2.4,6.7,9.0,1.0,1.8,0.5,1.1,1.9,13.5,leonaka01
131,Jon Leuer,PF,23,MEM,5,0,2.2,0.2,0.4,.500,0.0,0.0,,0.2,0.4,.500,.500,0.0,0.0,,0.4,0.2,0.6,0.0,0.2,0.2,0.0,0.2,0.4,leuerjo01
132,Rashard Lewis,PF,33,MIA,11,0,4.3,0.7,1.8,.400,0.0,0.4,.000,0.7,1.5,.500,.400,0.1,0.2,.500,0.1,0.5,0.6,0.4,0.2,0.2,0.5,0.5,1.5,lewisra02
133,DeAndre Liggins,SG,24,OKC,8,0,8.5,0.4,1.1,.333,0.1,0.6,.200,0.3,0.5,.500,.389,0.1,0.5,.250,0.0,1.8,1.8,0.5,0.1,0.1,0.3,1.3,1.0,liggide01
134,Jeremy Lin,PG,24,HOU,4,3,21.0,1.5,6.0,.250,0.5,3.0,.167,1.0,3.0,.333,.292,0.5,0.5,1.000,0.0,2.0,2.0,2.0,0.5,0.3,2.0,2.3,4.0,linje01
135,Brook Lopez,C,24,BRK,7,7,37.6,8.3,17.6,.472,0.1,0.1,1.000,8.1,17.4,.467,.476,5.6,6.3,.886,4.1,3.3,7.4,1.4,0.9,3.0,2.3,2.9,22.3,lopezbr01
136,Scott Machado,PG,22,GSW,5,0,1.6,0.2,0.4,.500,0.0,0.0,,0.2,0.4,.500,.500,0.2,0.4,.500,0.0,0.2,0.2,0.2,0.0,0.0,0.2,0.2,0.6,machasc01
137,Shelvin Mack,PG,22,ATL,4,0,5.5,1.0,2.3,.444,0.5,1.3,.400,0.5,1.0,.500,.556,0.0,0.0,,0.8,1.0,1.8,1.8,0.0,0.0,0.0,0.0,2.5,macksh01
138,Ian Mahinmi,C,26,IND,18,0,8.3,0.7,1.6,.448,0.0,0.0,,0.7,1.6,.448,.448,0.2,0.6,.300,1.1,1.2,2.3,0.1,0.0,0.7,0.7,1.6,1.6,mahinia01
139,Kenyon Martin,C,35,NYK,12,1,21.1,2.4,4.2,.580,0.0,0.0,,2.4,4.2,.580,.580,0.9,1.7,.550,1.3,3.2,4.5,0.9,0.8,1.4,0.7,3.5,5.8,martike01
140,Kevin Martin,SG,29,OKC,11,0,29.4,4.5,11.7,.380,1.5,4.2,.370,2.9,7.5,.386,.446,3.5,3.9,.907,0.2,2.9,3.1,1.3,0.6,0.3,1.0,1.6,14.0,martike02
141,Luc Mbah a Moute,SF,26,MIL,4,4,34.0,2.5,5.8,.435,0.0,1.0,.000,2.5,4.8,.526,.435,3.3,4.5,.722,1.0,2.5,3.5,1.8,1.0,0.0,1.3,2.3,8.3,mbahalu01
142,JaVale McGee,C,25,DEN,6,2,18.7,3.0,5.2,.581,0.0,0.0,,3.0,5.2,.581,.581,1.2,3.0,.389,2.8,2.3,5.2,0.0,0.7,1.0,1.8,2.8,7.2,mcgeeja01
143,Tracy McGrady*,SF,33,SAS,6,0,5.2,0.0,1.2,.000,0.0,0.5,.000,0.0,0.7,.000,.000,0.0,0.0,,0.2,1.2,1.3,1.2,0.3,0.5,0.3,0.2,0.0,mcgratr01
144,Jodie Meeks,SG,25,LAL,1,0,20.0,1.0,4.0,.250,0.0,2.0,.000,1.0,2.0,.500,.250,2.0,2.0,1.000,1.0,1.0,2.0,0.0,1.0,0.0,2.0,2.0,4.0,meeksjo01
145,Andre Miller,PG,36,DEN,6,0,25.7,4.8,11.5,.420,0.8,1.8,.455,4.0,9.7,.414,.457,3.5,4.5,.778,1.8,1.5,3.3,3.8,0.3,0.0,2.7,1.3,14.0,millean02
146,Mike Miller,SF,32,MIA,17,5,13.6,1.2,2.6,.467,0.9,2.1,.444,0.3,0.5,.556,.644,0.0,0.0,,0.2,1.8,1.9,0.9,0.5,0.1,0.3,1.5,3.4,millemi01
147,Patty Mills,PG,24,SAS,9,0,3.4,0.6,1.1,.500,0.2,0.8,.286,0.3,0.3,1.000,.600,0.0,0.0,,0.1,0.2,0.3,0.2,0.0,0.0,0.1,0.2,1.3,millspa02
148,Nazr Mohammed,C,35,CHI,12,0,9.5,1.8,3.4,.512,0.0,0.0,,1.8,3.4,.512,.512,0.3,0.6,.571,1.2,1.5,2.7,0.3,0.2,0.6,0.3,1.3,3.8,mohamna01
149,Darius Morris,PG,22,LAL,4,2,26.3,4.0,8.8,.457,0.8,2.3,.333,3.3,6.5,.500,.500,1.8,2.3,.778,0.3,1.0,1.3,3.0,0.5,0.0,1.5,1.5,10.5,morrida01
150,Donatas Motiejūnas,PF,22,HOU,1,0,5.0,2.0,2.0,1.000,0.0,0.0,,2.0,2.0,1.000,1.000,1.0,1.0,1.000,1.0,0.0,1.0,0.0,0.0,0.0,0.0,0.0,5.0,motiedo01
151,Steve Nash*,PG,38,LAL,2,2,30.5,5.0,11.5,.435,0.0,1.5,.000,5.0,10.0,.500,.435,2.5,2.5,1.000,1.0,1.5,2.5,4.5,0.0,0.0,1.5,1.0,12.5,nashst01
152,Gary Neal,SG,28,SAS,21,0,18.6,2.5,6.4,.385,1.1,3.1,.348,1.4,3.3,.420,.470,0.8,0.8,1.000,0.0,2.1,2.1,0.7,0.1,0.0,0.6,1.6,6.8,nealga01
153,Joakim Noah,C,27,CHI,12,12,34.1,4.3,9.9,.437,0.0,0.0,,4.3,9.9,.437,.437,2.1,3.3,.641,4.3,5.3,9.6,2.3,0.8,2.2,2.0,3.6,10.8,noahjo01
154,Steve Novak,SF,29,NYK,9,0,5.6,0.8,1.4,.538,0.4,1.0,.444,0.3,0.4,.750,.692,0.0,0.0,,0.2,0.2,0.4,0.0,0.1,0.0,0.0,0.6,2.0,novakst01
155,Lamar Odom,PF,33,LAC,6,1,17.8,1.8,5.0,.367,0.8,2.3,.357,1.0,2.7,.375,.450,0.5,1.0,.500,0.7,3.2,3.8,1.8,0.8,0.8,1.7,2.7,5.0,odomla01
156,Tony Parker*,PG,30,SAS,21,21,36.4,8.0,17.4,.458,0.5,1.5,.355,7.4,15.9,.467,.473,4.1,5.3,.777,0.7,2.6,3.2,7.0,1.1,0.1,2.5,1.2,20.6,parketo01
157,Chandler Parsons,SF,24,HOU,6,6,39.7,7.0,15.5,.452,2.7,6.7,.400,4.3,8.8,.491,.538,1.5,2.3,.643,1.2,5.3,6.5,3.7,0.2,0.3,3.0,3.2,18.2,parsoch01
158,Chris Paul,PG,27,LAC,6,6,37.3,8.2,15.3,.533,1.0,3.2,.316,7.2,12.2,.589,.565,5.5,6.2,.892,0.5,3.5,4.0,6.3,1.8,0.0,1.5,2.8,22.8,paulch01
159,Kendrick Perkins,C,28,OKC,11,11,19.1,0.9,3.5,.263,0.0,0.1,.000,0.9,3.4,.270,.263,0.4,0.4,1.000,1.4,2.4,3.7,0.6,0.7,0.5,2.1,3.5,2.2,perkike01
160,Johan Petro,C,27,ATL,6,4,16.8,2.3,4.5,.519,0.0,0.0,,2.3,4.5,.519,.519,0.2,0.3,.500,0.7,3.0,3.7,0.7,0.2,0.7,0.5,3.0,4.8,petrojo01
161,Paul Pierce*,SF,35,BOS,6,6,42.5,6.5,17.7,.368,1.8,6.8,.268,4.7,10.8,.431,.420,4.3,4.8,.897,0.7,5.0,5.7,5.3,0.8,0.5,5.3,3.5,19.2,piercpa01
162,Quincy Pondexter,SF,24,MEM,15,0,23.8,3.1,6.3,.489,1.6,3.5,.453,1.5,2.7,.537,.617,1.1,1.9,.607,0.6,1.9,2.5,0.7,0.7,0.1,0.6,2.1,8.9,pondequ01
163,Pablo Prigioni,PG,35,NYK,11,10,20.9,1.5,3.9,.395,1.2,2.7,.433,0.4,1.2,.308,.547,0.2,0.4,.500,0.2,1.4,1.5,3.2,1.3,0.1,0.5,1.9,4.5,prigipa01
164,Tayshaun Prince,SF,32,MEM,15,15,30.3,2.9,8.1,.355,0.3,1.3,.263,2.5,6.8,.373,.376,0.9,1.5,.609,0.8,3.0,3.8,1.9,0.5,0.3,0.7,1.2,7.0,princta01
165,Vladimir Radmanović,PF,32,CHI,1,0,10.0,3.0,3.0,1.000,3.0,3.0,1.000,0.0,0.0,,1.500,0.0,0.0,,0.0,0.0,0.0,1.0,2.0,0.0,1.0,1.0,9.0,radmavl01
166,Anthony Randolph,PF,23,DEN,5,0,6.0,1.8,2.2,.818,0.0,0.0,,1.8,2.2,.818,.818,1.6,2.2,.727,0.0,1.2,1.2,0.0,0.4,0.0,0.4,0.8,5.2,randoan01
167,Shavlik Randolph,PF,29,BOS,1,0,3.0,0.0,0.0,,0.0,0.0,,0.0,0.0,,,0.0,0.0,,0.0,3.0,3.0,0.0,0.0,0.0,0.0,1.0,0.0,randosh01
168,Zach Randolph,PF,31,MEM,15,15,36.9,6.6,14.3,.460,0.0,0.1,.000,6.6,14.3,.463,.460,4.2,6.3,.670,3.9,6.1,10.0,1.6,0.7,0.5,2.1,3.5,17.4,randoza01
169,JJ Redick,SG,28,MIL,4,0,17.3,2.8,6.3,.440,1.0,3.0,.333,1.8,3.3,.538,.520,0.8,0.8,1.000,0.0,0.8,0.8,1.3,0.3,0.0,1.5,2.3,7.3,redicjj01
170,Quentin Richardson,SF,32,NYK,5,0,2.8,0.4,1.2,.333,0.4,1.0,.400,0.0,0.2,.000,.500,0.0,0.0,,0.2,0.4,0.6,0.0,0.0,0.0,0.0,0.4,1.2,richaqu01
171,Nate Robinson,PG,28,CHI,12,8,33.7,5.9,13.6,.436,1.8,5.4,.338,4.1,8.2,.500,.503,2.6,3.4,.756,0.5,2.2,2.7,4.4,1.0,0.2,2.7,3.2,16.3,robinna01
172,Robert Sacre,C,23,LAL,2,0,2.0,0.0,0.5,.000,0.0,0.0,,0.0,0.5,.000,.000,0.0,0.0,,0.0,1.0,1.0,0.0,0.5,0.0,0.0,0.0,0.0,sacrero01
173,Larry Sanders,C,24,MIL,4,4,28.3,4.8,8.3,.576,0.0,0.0,,4.8,8.3,.576,.576,1.3,2.8,.455,2.8,5.5,8.3,1.3,0.8,1.3,3.0,4.5,10.8,sandela01
174,Mike Scott,PF,24,ATL,4,0,5.0,1.3,2.5,.500,0.0,0.3,.000,1.3,2.3,.556,.500,0.8,1.0,.750,0.3,1.5,1.8,0.3,0.0,0.0,0.0,0.5,3.3,scottmi01
175,Thabo Sefolosha,SG,28,OKC,11,11,27.3,1.9,5.5,.344,1.1,3.5,.316,0.8,2.1,.391,.443,0.8,1.0,.818,1.2,3.3,4.5,2.1,1.1,0.5,0.7,2.4,5.7,sefolth01
176,Iman Shumpert,SG,22,NYK,12,12,28.1,3.4,8.3,.410,1.5,3.5,.429,1.9,4.8,.397,.500,1.0,1.2,.857,1.5,4.5,6.0,1.3,1.1,0.3,1.2,3.0,9.3,shumpim01
177,Greg Smith,C,22,HOU,5,1,11.8,1.2,1.8,.667,0.0,0.0,,1.2,1.8,.667,.667,1.2,2.4,.500,1.4,1.2,2.6,0.0,0.4,0.4,0.8,1.8,3.6,smithgr02
178,Ish Smith,PG,24,MIL,4,0,2.8,0.0,0.3,.000,0.0,0.0,,0.0,0.3,.000,.000,0.0,0.0,,0.0,0.3,0.3,0.8,0.0,0.0,0.3,0.3,0.0,smithis01
179,J.R. Smith,SG,27,NYK,11,0,31.9,4.9,14.8,.331,1.6,6.0,.273,3.3,8.8,.371,.387,2.8,3.9,.721,0.5,4.2,4.7,1.4,1.0,0.5,1.8,2.5,14.3,smithjr01
180,Josh Smith,PF,27,ATL,6,6,33.2,6.5,15.0,.433,0.8,3.3,.250,5.7,11.7,.486,.461,3.2,6.0,.528,1.7,5.8,7.5,3.5,1.8,0.5,2.7,3.5,17.0,smithjo03
181,Tiago Splitter,PF,28,SAS,19,15,20.4,2.4,4.4,.536,0.0,0.1,.000,2.4,4.4,.542,.536,1.4,1.7,.788,1.1,1.9,3.1,1.2,0.8,0.7,1.3,2.4,6.1,splitti01
182,Jerry Stackhouse,SF,38,BRK,4,0,7.0,0.3,2.5,.100,0.0,1.8,.000,0.3,0.8,.333,.100,0.8,1.0,.750,0.3,0.8,1.0,0.0,0.0,0.0,0.5,0.5,1.3,stackje01
183,Lance Stephenson,SG,22,IND,19,19,35.4,3.6,8.9,.408,0.9,3.4,.281,2.7,5.5,.486,.462,1.2,1.9,.622,0.7,6.8,7.6,3.3,1.2,0.1,1.9,2.5,9.4,stephla01
184,DeShawn Stevenson,SG,31,ATL,4,0,11.3,0.8,1.3,.600,0.8,1.3,.600,0.0,0.0,,.900,0.0,0.0,,0.8,1.8,2.5,0.3,0.0,0.0,0.5,1.3,2.3,stevede01
185,Julyan Stone,PG,24,DEN,2,0,6.5,0.0,0.0,,0.0,0.0,,0.0,0.0,,,1.0,1.0,1.000,0.0,0.0,0.0,0.5,0.0,0.0,0.0,1.5,1.0,stoneju01
186,Amar'e Stoudemire,PF,30,NYK,4,0,8.3,1.3,3.3,.385,0.3,0.3,1.000,1.0,3.0,.333,.423,1.0,1.0,1.000,1.0,1.3,2.3,0.0,0.0,0.0,0.8,2.3,3.8,stoudam01
187,Tyshawn Taylor,PG,22,BRK,2,0,1.0,0.0,0.5,.000,0.0,0.0,,0.0,0.5,.000,.000,0.0,0.0,,0.0,0.0,0.0,0.0,0.0,0.0,0.0,0.0,0.0,tayloty01
188,Jeff Teague,PG,24,ATL,6,6,35.5,4.5,13.5,.333,0.5,1.7,.300,4.0,11.8,.338,.352,3.8,4.7,.821,0.5,2.3,2.8,5.0,1.5,0.3,2.3,2.8,13.3,teaguje01
189,Marquis Teague,PG,19,CHI,8,0,9.0,0.6,2.1,.294,0.0,0.6,.000,0.6,1.5,.417,.294,0.0,0.0,,0.0,0.4,0.4,1.5,0.3,0.1,0.3,1.3,1.3,teaguma01
190,Mirza Teletović,PF,27,BRK,1,0,1.0,0.0,0.0,,0.0,0.0,,0.0,0.0,,,0.0,0.0,,0.0,0.0,0.0,0.0,0.0,0.0,0.0,0.0,0.0,teletmi01
191,Jason Terry,SG,35,BOS,6,1,31.5,4.0,9.0,.444,2.5,5.7,.441,1.5,3.3,.450,.583,1.5,1.8,.818,0.0,2.2,2.2,2.0,0.7,0.3,0.8,1.5,12.0,terryja01
192,Hasheem Thabeet,C,25,OKC,4,0,6.5,0.3,0.5,.500,0.0,0.0,,0.3,0.5,.500,.500,0.0,0.0,,0.3,1.3,1.5,0.0,0.3,0.0,0.5,1.8,0.5,thabeha01
193,Malcolm Thomas,PF,24,CHI,3,0,2.0,0.3,0.7,.500,0.0,0.0,,0.3,0.7,.500,.500,0.3,1.7,.200,1.3,0.0,1.3,0.0,0.0,0.0,0.0,0.0,1.0,thomama01
194,Klay Thompson,SG,22,GSW,12,12,41.3,6.3,14.5,.437,2.1,4.9,.424,4.3,9.6,.443,.509,0.4,0.5,.833,0.8,3.8,4.6,1.8,1.0,0.6,2.0,3.7,15.2,thompkl01
195,Anthony Tolliver,SF,27,ATL,6,0,11.3,1.3,2.3,.571,1.2,1.8,.636,0.2,0.5,.333,.821,0.2,0.5,.333,0.5,1.0,1.5,0.2,0.2,0.2,0.2,1.2,4.0,tollian01
196,Ronny Turiaf,C,30,LAC,5,0,11.8,1.4,2.0,.700,0.0,0.0,,1.4,2.0,.700,.700,0.4,0.8,.500,0.8,0.8,1.6,0.0,0.2,0.6,0.4,2.8,3.2,turiaro01
197,Ekpe Udoh,C,25,MIL,4,0,13.5,1.0,2.3,.444,0.0,0.0,,1.0,2.3,.444,.444,0.0,0.0,,0.8,0.8,1.5,0.3,0.5,0.5,0.0,1.0,2.0,udohek01
198,Dwyane Wade*,SG,31,MIA,22,22,35.5,6.5,14.3,.457,0.0,0.2,.250,6.5,14.1,.460,.459,2.7,3.6,.750,1.7,2.9,4.6,4.8,1.7,1.0,2.6,2.0,15.9,wadedw01
199,Gerald Wallace,SF,30,BRK,7,7,34.7,4.4,9.6,.463,1.6,4.1,.379,2.9,5.4,.526,.545,1.6,2.9,.550,0.7,3.3,4.0,2.4,1.1,0.7,1.3,2.9,12.0,wallage01
200,C.J. Watson,PG,28,BRK,7,0,23.0,3.4,7.9,.436,0.6,2.1,.267,2.9,5.7,.500,.473,1.1,1.7,.667,0.7,1.7,2.4,1.9,0.7,0.1,0.1,1.6,8.6,watsocj01
201,David West,PF,32,IND,19,19,36.3,6.1,13.1,.462,0.0,0.2,.000,6.1,12.9,.467,.462,3.8,4.9,.766,2.2,5.4,7.6,2.1,0.7,0.8,2.4,2.8,15.9,westda01
202,Russell Westbrook,PG,24,OKC,2,2,34.0,8.5,20.5,.415,1.0,4.5,.222,7.5,16.0,.469,.439,6.0,7.0,.857,0.5,6.0,6.5,7.0,3.0,0.0,4.0,2.5,24.0,westbru01
203,James White,SF,30,NYK,4,0,2.3,0.5,1.0,.500,0.0,0.5,.000,0.5,0.5,1.000,.500,0.0,0.0,,0.3,0.3,0.5,0.0,0.0,0.0,0.0,0.3,1.0,whiteja02
204,Chris Wilcox,C,30,BOS,2,0,3.0,0.0,0.0,,0.0,0.0,,0.0,0.0,,,0.0,0.0,,0.0,1.0,1.0,0.0,0.0,0.0,0.0,0.0,0.0,wilcoch01
205,Deron Williams,PG,28,BRK,7,7,41.7,6.4,15.1,.425,2.4,6.1,.395,4.0,9.0,.444,.505,5.3,6.4,.822,0.1,3.0,3.1,8.4,1.0,0.6,3.0,2.4,20.6,willide01
206,Terrence Williams,SF,25,BOS,5,0,9.6,0.4,2.0,.200,0.0,0.6,.000,0.4,1.4,.286,.200,0.2,0.4,.500,0.2,1.8,2.0,1.2,0.0,0.2,0.8,0.6,1.0,willite01
207,Metta World Peace,SF,33,LAL,3,3,28.0,2.3,9.3,.250,0.7,4.7,.143,1.7,4.7,.357,.286,0.7,0.7,1.000,2.0,1.7,3.7,1.7,0.7,0.3,1.0,1.7,6.0,artesro01
208,Tony Wroten,SG,19,MEM,6,0,2.8,0.3,1.8,.182,0.0,0.3,.000,0.3,1.5,.222,.182,0.7,0.7,1.000,0.2,0.5,0.7,0.3,0.2,0.0,0.3,0.2,1.3,wroteto01
209,Sam Young,SG,27,IND,15,0,8.7,0.6,1.6,.375,0.1,0.7,.200,0.5,0.9,.500,.417,0.4,0.5,.750,0.7,1.2,1.9,0.3,0.3,0.1,0.5,1.1,1.7,youngsa01