Rk,Player,Pos,Age,Tm,G,GS,MP,FG,FGA,FG%,3P,3PA,3P%,2P,2PA,2P%,eFG%,FT,FTA,FT%,ORB,DRB,TRB,AST,STL,BLK,TOV,PF,PTS,Player-additional
1,Steven Adams,C,20,OKC,18,0,18.4,1.7,2.5,.689,0.0,0.0,,1.7,2.5,.689,.689,0.4,1.3,.348,1.2,2.9,4.1,0.2,0.1,1.3,0.6,2.7,3.9,adamsst01
2,LaMarcus Aldridge,PF,28,POR,11,11,40.1,10.3,22.7,.452,0.2,0.3,.667,10.1,22.5,.449,.456,5.5,6.8,.800,2.7,7.9,10.6,1.5,0.6,1.6,1.7,3.6,26.2,aldrila01
3,Lavoy Allen,PF,24,IND,4,0,3.8,0.5,1.0,.500,0.0,0.0,,0.5,1.0,.500,.500,0.0,0.0,,0.3,1.0,1.3,0.3,0.0,0.0,0.0,0.3,1.0,allenla01
4,Ray Allen*,SG,38,MIA,20,1,26.4,3.0,7.2,.413,1.7,4.3,.388,1.3,2.9,.448,.528,1.7,1.9,.919,0.7,2.7,3.4,1.6,0.7,0.2,1.2,2.1,9.3,allenra02
5,Tony Allen,SG,32,MEM,7,1,32.9,5.0,10.3,.486,0.0,1.0,.000,5.0,9.3,.538,.486,2.3,3.0,.762,3.3,4.4,7.7,1.4,1.7,0.1,1.7,3.3,12.3,allento01
6,Chris Andersen,C,35,MIA,18,0,17.6,1.8,3.2,.579,0.0,0.1,.000,1.8,3.1,.589,.579,1.4,2.1,.684,1.4,4.5,5.9,0.3,0.3,1.0,0.5,1.9,5.1,anderch01
7,Alan Anderson,SF,31,BRK,12,2,21.8,2.1,5.2,.403,0.8,2.6,.290,1.3,2.6,.516,.476,1.0,1.5,.667,0.8,1.8,2.7,1.3,0.8,0.0,0.8,2.7,5.9,anderal01
8,Pero Antić,C,31,ATL,7,7,24.3,1.0,6.0,.167,0.4,3.6,.120,0.6,2.4,.235,.202,0.7,1.1,.625,1.4,2.4,3.9,0.7,0.7,0.4,1.1,3.7,3.1,anticpe01
9,Trevor Ariza,SF,28,WAS,11,11,37.0,4.7,9.8,.481,2.3,5.1,.446,2.5,4.7,.519,.597,1.9,2.5,.778,1.9,7.0,8.9,1.7,1.5,0.4,1.3,2.4,13.6,arizatr01
10,Hilton Armstrong,C,29,GSW,7,0,2.4,0.6,1.1,.500,0.0,0.1,.000,0.6,1.0,.571,.500,0.0,0.3,.000,0.4,0.1,0.6,0.3,0.0,0.3,0.6,0.9,1.1,armsthi01
11,Ömer Aşık,C,27,HOU,6,4,27.2,2.7,5.5,.485,0.0,0.0,,2.7,5.5,.485,.485,0.5,0.5,1.000,3.5,4.7,8.2,0.7,0.5,0.7,1.8,4.8,5.8,asikom01
12,D.J. Augustin,PG,26,CHI,5,0,28.2,4.2,14.4,.292,1.4,5.2,.269,2.8,9.2,.304,.340,3.4,3.8,.895,0.8,0.8,1.6,4.8,0.6,0.0,1.8,3.2,13.2,augusdj01
13,Jeff Ayres,PF,26,SAS,17,0,3.8,0.4,0.8,.462,0.0,0.0,,0.4,0.8,.462,.462,0.3,0.5,.625,0.4,0.8,1.1,0.3,0.0,0.0,0.1,0.4,1.0,pendeje02
14,Harrison Barnes,SF,21,GSW,7,0,22.3,2.7,6.9,.396,1.1,3.0,.381,1.6,3.9,.407,.479,1.3,2.3,.563,1.0,3.0,4.0,1.1,0.1,0.4,0.7,1.9,7.9,barneha02
15,Matt Barnes,SF,33,LAC,13,13,31.1,3.5,8.2,.421,1.5,4.6,.317,2.0,3.6,.553,.509,1.0,1.5,.684,1.7,2.8,4.5,1.8,0.9,0.2,1.3,3.2,9.4,barnema02
16,Will Barton,SG,23,POR,7,0,11.6,2.4,4.9,.500,0.9,1.6,.545,1.6,3.3,.478,.588,0.7,0.9,.833,0.7,1.0,1.7,0.4,0.1,0.3,0.9,1.0,6.4,bartowi01
17,Shane Battier,SF,35,MIA,16,6,12.6,0.8,1.6,.462,0.6,1.3,.450,0.2,0.4,.500,.635,0.3,0.3,.800,0.1,0.6,0.6,0.3,0.3,0.1,0.3,1.4,2.3,battish01
18,Nicolas Batum,SF,25,POR,11,11,41.7,6.1,12.9,.472,1.9,5.5,.350,4.2,7.5,.561,.546,1.1,1.4,.800,0.9,6.7,7.6,4.8,1.3,0.5,2.5,1.9,15.2,batumni01
19,Aron Baynes,C,27,SAS,14,0,7.2,0.9,1.7,.500,0.0,0.1,.000,0.9,1.6,.522,.500,0.6,0.7,.800,0.9,1.4,2.2,0.0,0.2,0.0,0.5,1.1,2.3,baynear01
20,Bradley Beal,SG,20,WAS,11,11,41.6,6.8,16.1,.424,2.0,4.8,.415,4.8,11.3,.427,.486,3.5,4.5,.796,1.4,3.6,5.0,4.5,1.6,0.6,2.1,2.8,19.2,bealbr01
21,Michael Beasley,SF,25,MIA,4,0,5.8,1.3,2.5,.500,0.0,0.0,,1.3,2.5,.500,.500,0.3,0.8,.333,0.5,0.5,1.0,0.5,0.0,0.0,0.3,0.8,2.8,beaslmi01
22,Marco Belinelli,SF,27,SAS,23,0,15.5,1.9,4.3,.444,0.7,1.7,.421,1.2,2.7,.459,.525,0.9,1.0,.955,0.2,2.1,2.3,0.8,0.1,0.0,0.5,1.0,5.4,belinma01
23,Patrick Beverley,PG,25,HOU,6,6,33.7,3.2,8.3,.380,1.2,3.7,.318,2.0,4.7,.429,.450,1.2,1.7,.700,2.2,2.0,4.2,1.8,0.5,0.3,0.7,3.5,8.7,beverpa01
24,Bismack Biyombo,C,21,CHA,3,1,16.0,1.0,1.7,.600,0.0,0.0,,1.0,1.7,.600,.600,0.7,2.0,.333,1.7,2.0,3.7,0.3,0.0,0.7,0.0,1.3,2.7,biyombi01
25,DeJuan Blair,PF,24,DAL,6,0,13.5,2.7,4.5,.593,0.0,0.0,,2.7,4.5,.593,.593,1.3,2.2,.615,2.3,3.8,6.2,0.2,2.0,0.0,0.8,2.3,6.7,blairde01
26,Steve Blake,PG,33,GSW,6,0,7.5,0.7,2.0,.333,0.5,1.7,.300,0.2,0.3,.500,.458,0.0,0.2,.000,0.2,0.5,0.7,0.3,0.0,0.0,0.3,0.3,1.8,blakest01
27,Andray Blatche,PF,27,BRK,12,0,14.3,2.2,4.8,.448,0.0,0.2,.000,2.2,4.7,.464,.448,2.1,2.5,.833,2.1,2.9,5.0,0.3,0.5,0.2,0.8,1.8,6.4,blatcan01
28,Matt Bonner,PF,33,SAS,22,2,6.2,0.5,1.0,.476,0.2,0.5,.333,0.3,0.4,.667,.571,0.1,0.2,.750,0.1,0.5,0.6,0.5,0.1,0.0,0.1,0.5,1.2,bonnema01
29,Trevor Booker,PF,26,WAS,9,1,16.2,1.4,3.2,.448,0.0,0.2,.000,1.4,3.0,.481,.448,0.4,0.7,.667,1.8,2.6,4.3,0.9,0.2,1.0,0.3,2.8,3.3,booketr01
30,Carlos Boozer,PF,32,CHI,5,5,24.2,4.0,9.4,.426,0.0,0.0,,4.0,9.4,.426,.426,1.6,1.8,.889,1.6,6.2,7.8,1.0,0.2,0.0,1.4,2.6,9.6,boozeca01
31,Chris Bosh*,C,29,MIA,20,20,34.3,5.8,11.5,.507,1.5,3.7,.405,4.3,7.8,.555,.572,1.8,2.4,.750,1.2,4.4,5.6,1.1,0.9,1.0,0.7,2.6,14.9,boshch01
32,Elton Brand,C,34,ATL,7,0,11.6,0.3,1.7,.167,0.0,0.0,,0.3,1.7,.167,.167,0.6,0.7,.800,1.0,2.3,3.3,0.9,0.1,0.9,0.0,1.4,1.1,brandel01
33,Reggie Bullock,SF,22,LAC,2,0,2.5,0.5,0.5,1.000,0.0,0.0,,0.5,0.5,1.000,1.000,0.0,0.0,,0.0,0.0,0.0,0.5,0.0,0.0,0.0,0.0,1.0,bullore01
34,Caron Butler,SF,33,OKC,18,2,23.3,1.9,6.0,.324,1.2,3.3,.356,0.8,2.7,.286,.421,1.2,1.6,.786,0.6,2.6,3.2,0.8,0.3,0.1,0.6,1.8,6.3,butleca01
35,Jimmy Butler,SG,24,CHI,5,5,43.6,4.4,11.4,.386,1.2,4.0,.300,3.2,7.4,.432,.439,3.6,4.6,.783,1.2,4.0,5.2,2.2,1.2,0.0,0.6,2.6,13.6,butleji01
36,Rasual Butler,SG,34,IND,11,0,6.4,0.5,1.4,.400,0.5,1.1,.417,0.1,0.3,.333,.567,0.2,0.2,1.000,0.0,0.5,0.5,0.1,0.1,0.1,0.1,0.3,1.7,butlera01
37,José Calderón,PG,32,DAL,7,7,27.3,4.3,9.3,.462,1.6,3.3,.478,2.7,6.0,.452,.546,0.1,0.1,1.000,0.3,1.0,1.3,4.4,0.1,0.0,1.0,2.3,10.3,caldejo01
38,DeMarre Carroll,SF,27,ATL,7,7,35.1,3.3,7.0,.469,1.3,3.1,.409,2.0,3.9,.519,.561,1.0,1.6,.636,1.7,3.1,4.9,1.6,0.7,0.4,1.1,3.0,8.9,carrode01
39,Vince Carter,SG,37,DAL,7,0,27.1,4.4,9.7,.456,2.1,4.4,.484,2.3,5.3,.432,.566,1.6,2.0,.786,1.0,2.6,3.6,2.4,0.4,0.3,0.9,1.7,12.6,cartevi01
40,Mario Chalmers,PG,27,MIA,20,19,26.8,2.4,5.6,.423,0.8,2.2,.349,1.6,3.4,.471,.491,1.0,1.3,.760,0.1,2.2,2.3,3.6,1.0,0.3,1.5,2.4,6.4,chalmma01
41,Victor Claver,SF,25,POR,2,0,3.5,0.0,0.0,,0.0,0.0,,0.0,0.0,,,0.0,2.0,.000,0.0,2.5,2.5,0.0,0.0,0.0,0.5,0.0,0.0,clavevi01
42,Norris Cole,PG,25,MIA,20,0,20.2,1.6,3.9,.410,0.8,2.0,.375,0.9,1.9,.447,.506,0.7,0.8,.867,0.1,1.1,1.1,1.8,0.5,0.1,1.0,1.7,4.6,coleno01
43,Darren Collison,PG,26,LAC,13,0,19.2,2.7,6.9,.389,0.1,0.9,.083,2.6,6.0,.436,.394,3.0,3.5,.867,0.8,1.3,2.1,2.4,0.5,0.1,0.9,1.3,8.5,collida01
44,Nick Collison,PF,33,OKC,17,2,10.8,0.7,1.7,.414,0.1,0.3,.400,0.6,1.4,.417,.448,0.4,0.6,.700,0.7,1.5,2.2,0.8,0.2,0.4,0.4,1.6,1.9,collini01
45,Mike Conley,PG,26,MEM,7,7,38.1,6.3,14.6,.431,0.4,3.9,.111,5.9,10.7,.547,.446,2.9,3.7,.769,0.7,3.9,4.6,7.9,2.0,0.1,2.1,2.0,15.9,conlemi01
46,Chris Copeland,SF,29,IND,12,0,6.8,1.0,2.3,.429,0.5,1.3,.375,0.5,1.0,.500,.536,0.5,0.8,.667,0.1,0.3,0.4,0.1,0.3,0.3,0.4,1.1,3.0,copelch01
47,Jamal Crawford,SG,33,LAC,13,0,24.1,5.2,13.2,.398,2.1,6.1,.342,3.2,7.1,.446,.477,3.0,3.4,.886,0.4,1.1,1.5,2.0,0.9,0.2,1.2,1.8,15.5,crawfja01
48,Jordan Crawford,SG,25,GSW,6,0,9.5,2.0,5.5,.364,0.3,1.2,.286,1.7,4.3,.385,.394,1.8,2.3,.786,0.7,0.8,1.5,0.3,0.2,0.0,0.8,1.2,6.2,crawfjo02
49,Jae Crowder,SF,23,DAL,7,0,11.6,1.1,2.6,.444,0.4,1.0,.429,0.7,1.6,.455,.528,0.0,0.0,,0.6,1.1,1.7,0.3,0.3,0.1,0.4,1.9,2.7,crowdja01
50,Stephen Curry,PG,25,GSW,7,7,42.3,7.3,16.6,.440,3.1,8.1,.386,4.1,8.4,.492,.534,5.3,6.0,.881,0.6,3.0,3.6,8.4,1.7,0.1,3.7,2.6,23.0,curryst01
51,Samuel Dalembert,C,32,DAL,7,7,19.3,1.6,3.4,.458,0.0,0.0,,1.6,3.4,.458,.458,1.4,2.1,.667,3.3,5.1,8.4,0.0,0.3,1.4,0.6,2.1,4.6,dalemsa01
52,Troy Daniels,SG,22,HOU,4,0,17.0,2.3,4.3,.529,2.0,3.8,.533,0.3,0.5,.500,.765,1.3,1.3,1.000,0.8,1.5,2.3,0.3,0.5,0.0,0.5,2.5,7.8,danietr01
53,Ed Davis,PF,24,MEM,7,0,3.6,0.4,1.4,.300,0.0,0.0,,0.4,1.4,.300,.300,0.0,0.1,.000,1.1,1.0,2.1,0.0,0.1,0.4,0.3,0.3,0.9,davised01
54,Glen Davis,PF,28,LAC,13,0,12.2,1.9,3.2,.610,0.0,0.0,,1.9,3.2,.610,.610,0.0,0.0,,1.1,1.7,2.8,0.7,0.2,0.2,0.5,1.8,3.8,davisgl01
55,Austin Daye,SF,25,SAS,1,0,6.0,0.0,2.0,.000,0.0,0.0,,0.0,2.0,.000,.000,0.0,0.0,,0.0,1.0,1.0,0.0,0.0,0.0,0.0,0.0,0.0,dayeau01
56,Nando De Colo,SF,26,TOR,1,0,4.0,0.0,0.0,,0.0,0.0,,0.0,0.0,,,0.0,0.0,,0.0,1.0,1.0,0.0,0.0,0.0,0.0,2.0,0.0,decolna01
57,DeMar DeRozan,SG,24,TOR,7,7,40.3,6.4,16.7,.385,0.9,2.6,.333,5.6,14.1,.394,.410,10.1,11.3,.899,0.4,3.7,4.1,3.6,1.1,0.3,2.6,3.3,23.9,derozde01
58,Boris Diaw,PF,31,SAS,23,3,26.3,3.5,7.0,.500,0.8,2.0,.400,2.7,5.0,.539,.556,1.4,2.1,.688,1.1,3.7,4.8,3.4,0.6,0.1,1.3,1.9,9.2,diawbo01
59,Toney Douglas,PG,27,MIA,10,0,2.9,0.3,0.9,.333,0.3,0.6,.500,0.0,0.3,.000,.500,0.1,0.2,.500,0.1,0.3,0.4,0.5,0.0,0.0,0.1,0.3,1.0,douglto01
60,Chris Douglas-Roberts,SF,27,CHA,4,0,17.5,2.8,4.0,.688,1.0,2.0,.500,1.8,2.0,.875,.813,3.0,3.5,.857,0.5,1.5,2.0,0.5,0.0,0.0,1.0,2.8,9.5,douglch01
61,Jared Dudley,SF,28,LAC,7,0,6.4,0.4,1.6,.273,0.4,0.9,.500,0.0,0.7,.000,.409,0.0,0.0,,0.0,0.9,0.9,0.3,0.1,0.0,0.0,0.7,1.3,dudleja01
62,Tim Duncan*,C,37,SAS,23,23,32.7,6.5,12.4,.523,0.0,0.1,.000,6.5,12.3,.527,.523,3.3,4.3,.760,2.8,6.3,9.2,2.0,0.3,1.3,1.1,2.3,16.3,duncati01
63,Mike Dunleavy,SF,33,CHI,5,5,32.6,5.0,10.6,.472,2.4,5.2,.462,2.6,5.4,.481,.585,0.8,1.2,.667,1.0,2.6,3.6,2.4,0.6,0.2,1.0,1.4,13.2,dunlemi02
64,Kevin Durant,SF,25,OKC,19,19,42.9,10.2,22.2,.460,2.3,6.6,.344,7.9,15.6,.508,.511,6.9,8.6,.810,1.3,7.6,8.9,3.9,1.0,1.3,3.8,2.2,29.6,duranke01
65,Wayne Ellington,SG,26,DAL,2,0,7.0,1.0,3.0,.333,1.0,3.0,.333,0.0,0.0,,.500,1.0,1.0,1.000,0.0,1.0,1.0,1.0,0.0,0.0,1.0,0.5,4.0,ellinwa01
66,Monta Ellis,SG,28,DAL,7,7,35.6,7.4,18.1,.409,1.7,4.9,.353,5.7,13.3,.430,.457,3.9,4.4,.871,0.9,1.6,2.4,2.9,1.3,0.1,2.1,2.7,20.4,ellismo01
67,Landry Fields,SF,25,TOR,3,0,8.7,0.0,0.7,.000,0.0,0.0,,0.0,0.7,.000,.000,0.0,0.0,,0.7,1.7,2.3,0.3,1.3,0.3,0.3,0.7,0.0,fieldla01
68,Derek Fisher,SG,39,OKC,19,0,15.7,1.2,3.8,.315,0.6,2.2,.293,0.6,1.7,.344,.397,0.8,0.8,1.000,0.3,1.4,1.7,0.8,0.7,0.0,0.3,1.4,3.8,fishede01
69,Jamaal Franklin,SG,22,MEM,2,0,2.0,0.0,1.0,.000,0.0,0.0,,0.0,1.0,.000,.000,0.5,1.0,.500,0.0,0.5,0.5,0.0,0.0,0.0,0.0,0.0,0.5,frankja01
70,Joel Freeland,C,26,POR,9,0,2.7,0.0,0.3,.000,0.0,0.0,,0.0,0.3,.000,.000,0.1,0.2,.500,0.4,0.4,0.9,0.1,0.1,0.1,0.4,0.8,0.1,freeljo01
71,Francisco García,SF,32,HOU,2,0,11.0,1.0,3.0,.333,0.0,1.5,.000,1.0,1.5,.667,.333,1.5,2.0,.750,0.5,0.5,1.0,0.0,0.0,0.0,0.0,1.5,3.5,garcifr01
72,Kevin Garnett*,C,37,BRK,12,12,20.8,2.8,5.3,.524,0.0,0.2,.000,2.8,5.1,.541,.524,1.4,1.9,.739,1.6,4.8,6.3,1.3,0.8,0.4,1.1,2.1,6.9,garneke01
73,Marc Gasol,C,29,MEM,7,7,42.7,6.7,16.6,.405,0.0,0.1,.000,6.7,16.4,.409,.405,3.9,4.9,.794,1.9,5.9,7.7,4.4,1.7,0.9,1.7,3.9,17.3,gasolma01
74,Paul George,SF,23,IND,19,19,41.1,7.3,16.6,.438,2.7,6.8,.403,4.5,9.8,.462,.521,5.3,6.7,.789,0.7,6.9,7.6,3.8,2.2,0.4,2.6,2.9,22.6,georgpa01
75,Taj Gibson,PF,28,CHI,5,0,30.8,6.4,11.4,.561,0.0,0.0,,6.4,11.4,.561,.561,5.4,7.2,.750,4.2,2.0,6.2,0.4,0.4,2.4,1.6,2.4,18.2,gibsota01
76,Manu Ginóbili*,SG,36,SAS,23,0,25.5,4.5,10.3,.439,1.8,4.6,.390,2.7,5.7,.477,.525,3.5,4.1,.862,0.4,2.9,3.3,4.1,1.6,0.1,2.3,2.6,14.3,ginobma01
77,Drew Gooden,C,32,WAS,10,0,14.6,1.4,3.8,.368,0.0,0.4,.000,1.4,3.4,.412,.368,0.6,0.8,.750,2.0,2.2,4.2,0.4,0.3,0.4,0.4,3.0,3.4,goodedr01
78,Marcin Gortat,C,29,WAS,11,11,34.7,5.3,10.7,.492,0.0,0.0,,5.3,10.7,.492,.492,2.5,3.7,.659,3.3,6.6,9.9,1.5,0.5,1.3,1.8,2.0,13.0,gortama01
79,Danny Granger,SF,30,LAC,13,0,10.3,0.8,3.1,.275,0.4,1.7,.227,0.5,1.4,.333,.338,0.5,0.7,.778,0.2,1.4,1.5,0.2,0.5,0.1,0.2,1.8,2.6,grangda01
80,Danny Green,SG,26,SAS,23,23,23.0,3.4,6.9,.491,2.1,4.4,.475,1.3,2.5,.517,.642,0.4,0.5,.818,0.4,2.6,3.0,0.9,1.4,0.7,0.9,2.2,9.3,greenda02
81,Draymond Green,SF,23,GSW,7,4,32.6,4.0,8.6,.467,1.1,4.1,.276,2.9,4.4,.645,.533,2.7,3.4,.792,2.6,5.7,8.3,2.9,1.7,1.7,2.4,4.7,11.9,greendr01
82,Willie Green,SG,32,LAC,5,0,3.8,0.2,1.0,.200,0.2,0.8,.250,0.0,0.2,.000,.300,0.4,0.4,1.000,0.0,1.4,1.4,0.2,0.6,0.0,0.2,0.6,1.0,greenwi01
83,Blake Griffin,PF,24,LAC,13,13,36.8,9.0,18.0,.500,0.1,0.5,.143,8.9,17.5,.511,.502,5.5,7.4,.740,2.7,4.7,7.4,3.8,1.2,1.1,2.4,4.2,23.5,griffbl01
84,Jorge Gutiérrez,PG,25,BRK,2,0,1.5,0.0,0.0,,0.0,0.0,,0.0,0.0,,,1.0,2.0,.500,0.5,0.0,0.5,0.0,0.0,0.0,0.0,0.0,1.0,gutiejo01
85,Tyler Hansbrough,PF,28,TOR,3,0,9.7,0.3,1.0,.333,0.0,0.0,,0.3,1.0,.333,.333,1.7,2.0,.833,0.7,1.3,2.0,0.3,0.0,0.0,0.7,2.7,2.3,hansbty01
86,James Harden,SG,24,HOU,6,6,43.8,8.3,22.2,.376,2.7,9.0,.296,5.7,13.2,.430,.436,7.5,8.3,.900,0.8,3.8,4.7,5.8,2.0,0.2,3.5,3.5,26.8,hardeja01
87,Al Harrington,PF,33,WAS,7,0,8.4,0.9,2.1,.400,0.0,1.0,.000,0.9,1.1,.750,.400,0.7,1.0,.714,0.1,2.1,2.3,0.0,0.4,0.0,0.6,2.0,2.4,harrial01
88,Devin Harris,PG,30,DAL,7,0,25.1,4.4,9.4,.470,1.6,3.6,.440,2.9,5.9,.488,.553,1.0,1.1,.875,0.1,2.3,2.4,3.9,0.3,0.3,1.6,1.9,11.4,harride01
89,Udonis Haslem,PF,33,MIA,16,6,10.6,1.1,2.3,.459,0.0,0.0,,1.1,2.3,.459,.459,0.4,0.6,.600,0.8,1.8,2.6,0.3,0.1,0.2,0.1,1.8,2.5,hasleud01
90,Chuck Hayes,C,30,TOR,5,0,7.6,0.4,1.6,.250,0.0,0.0,,0.4,1.6,.250,.250,0.4,0.4,1.000,0.8,0.8,1.6,0.4,0.6,0.0,0.2,1.0,1.2,hayesch01
91,Gerald Henderson,SG,26,CHA,4,4,29.8,3.5,9.3,.378,0.0,2.3,.000,3.5,7.0,.500,.378,2.8,4.3,.647,0.3,3.8,4.0,2.3,1.0,0.3,1.5,3.0,9.8,hendege02
92,Roy Hibbert,C,27,IND,19,19,28.5,3.5,7.7,.449,0.0,0.1,.000,3.5,7.7,.452,.449,2.3,3.0,.772,2.3,3.2,5.5,0.9,0.2,1.4,1.3,3.3,9.3,hibbero01
93,Nenê,PF,31,WAS,10,10,32.5,6.4,13.8,.464,0.0,0.0,,6.4,13.8,.464,.464,0.9,2.6,.346,0.8,4.5,5.3,2.6,0.9,1.1,1.7,3.6,13.7,hilarne01
94,George Hill,PG,27,IND,19,19,36.2,4.2,9.4,.444,1.5,4.1,.364,2.7,5.3,.505,.522,2.3,3.2,.721,0.7,3.1,3.7,3.0,1.2,0.2,1.5,2.3,12.1,hillge01
95,Solomon Hill,SF,22,IND,1,0,1.0,0.0,0.0,,0.0,0.0,,0.0,0.0,,,0.0,0.0,,0.0,0.0,0.0,0.0,0.0,0.0,0.0,0.0,0.0,hillso01
96,Kirk Hinrich,PG,33,CHI,5,5,33.4,4.6,11.2,.411,1.4,3.8,.368,3.2,7.4,.432,.473,0.4,0.8,.500,0.2,2.8,3.0,4.4,0.8,0.2,2.2,4.4,11.0,hinriki01
97,Ryan Hollins,PF,29,LAC,5,0,1.8,0.2,0.8,.250,0.0,0.0,,0.2,0.8,.250,.250,0.2,0.2,1.000,0.2,0.4,0.6,0.0,0.0,0.0,0.2,0.6,0.6,holliry01
98,Dwight Howard,C,28,HOU,6,6,38.5,9.7,17.7,.547,0.0,0.0,,9.7,17.7,.547,.547,6.7,10.7,.625,4.5,9.2,13.7,1.8,0.7,2.8,3.2,4.2,26.0,howardw01
99,Serge Ibaka,PF,24,OKC,17,17,34.2,5.1,8.6,.592,0.3,0.8,.385,4.8,7.9,.612,.609,1.5,2.0,.765,1.8,5.0,6.8,0.7,0.6,2.5,1.2,3.2,12.1,ibakase01
100,Andre Iguodala,SF,30,GSW,7,7,35.4,4.6,8.9,.516,1.1,2.1,.533,3.4,6.7,.511,.581,2.9,4.7,.606,0.7,4.0,4.7,4.4,1.3,0.3,3.0,2.7,13.1,iguodan01
101,Reggie Jackson,PG,23,OKC,19,4,27.9,3.9,8.5,.466,1.1,2.8,.396,2.8,5.7,.500,.531,2.1,2.3,.886,0.7,3.1,3.8,2.4,0.3,0.2,2.0,2.6,11.1,jacksre01
102,Bernard James,C,28,DAL,2,0,4.0,0.0,0.0,,0.0,0.0,,0.0,0.0,,,0.0,0.0,,0.5,0.0,0.5,0.0,0.5,0.0,0.0,0.0,0.0,jamesbe01
103,LeBron James,PF,29,MIA,20,20,38.2,9.6,17.0,.565,1.8,4.3,.407,7.9,12.7,.618,.616,6.5,8.0,.806,0.7,6.4,7.1,4.8,1.8,0.6,3.1,2.3,27.4,jamesle01
104,Al Jefferson,C,29,CHA,3,3,35.3,8.7,17.7,.491,0.0,0.0,,8.7,17.7,.491,.491,1.3,1.7,.800,2.0,7.3,9.3,0.7,0.3,1.7,0.3,2.3,18.7,jeffeal01
105,Amir Johnson,PF,26,TOR,7,7,27.3,4.9,7.4,.654,0.0,0.3,.000,4.9,7.1,.680,.654,1.3,1.7,.750,2.3,3.7,6.0,1.0,0.4,0.6,1.7,4.1,11.0,johnsam01
106,James Johnson,SF,26,MEM,3,0,9.3,1.7,5.0,.333,0.7,1.7,.400,1.0,3.3,.300,.400,2.3,3.3,.700,1.3,0.7,2.0,0.0,0.3,0.0,0.0,1.0,6.3,johnsja01
107,Joe Johnson,SG,32,BRK,12,12,39.1,8.2,15.3,.533,1.8,4.4,.415,6.3,10.9,.580,.592,3.0,3.6,.837,0.8,3.1,3.8,2.9,0.5,0.3,1.6,1.7,21.2,johnsjo02
108,James Jones,SF,33,MIA,15,0,8.4,1.2,2.7,.450,1.0,2.1,.469,0.2,0.5,.375,.638,0.1,0.2,.667,0.2,0.5,0.7,0.3,0.2,0.1,0.0,1.1,3.5,jonesja02
109,Perry Jones,PF,22,OKC,11,0,5.0,0.6,1.6,.389,0.3,0.9,.300,0.4,0.7,.500,.472,0.0,0.0,,0.3,0.5,0.8,0.1,0.0,0.1,0.1,0.8,1.5,jonespe01
110,Terrence Jones,PF,22,HOU,6,2,23.0,3.3,6.5,.513,0.0,0.2,.000,3.3,6.3,.526,.513,1.0,2.0,.500,2.8,3.3,6.2,1.3,0.8,0.5,0.3,2.2,7.7,joneste01
111,DeAndre Jordan,C,25,LAC,13,13,34.0,3.5,4.8,.730,0.0,0.0,,3.5,4.8,.730,.730,2.5,5.8,.434,3.3,9.2,12.5,0.8,0.9,2.5,1.8,3.5,9.6,jordade01
112,Cory Joseph,SG,22,SAS,17,0,5.1,1.0,2.1,.486,0.0,0.2,.000,1.0,1.9,.531,.486,0.8,1.1,.778,0.1,0.5,0.5,0.5,0.2,0.0,0.2,0.4,2.8,josepco01
113,Michael Kidd-Gilchrist,SF,20,CHA,4,4,22.8,3.5,6.8,.519,0.0,0.3,.000,3.5,6.5,.538,.519,1.5,2.5,.600,2.0,4.5,6.5,1.5,0.0,0.5,2.0,3.3,8.5,kiddgmi01
114,Andrei Kirilenko,PF,32,BRK,10,0,14.4,0.7,1.5,.467,0.0,0.0,,0.7,1.5,.467,.467,1.1,1.7,.647,1.0,1.3,2.3,1.0,1.0,0.3,0.3,1.1,2.5,kirilan01
115,Kyle Korver,SG,32,ATL,7,7,35.7,4.3,9.4,.455,3.3,7.7,.426,1.0,1.7,.583,.629,1.6,1.7,.917,0.3,5.0,5.3,0.7,0.6,0.3,1.6,2.1,13.4,korveky01
116,Kosta Koufos,C,24,MEM,7,0,6.4,1.0,2.3,.438,0.0,0.0,,1.0,2.3,.438,.438,0.6,0.6,1.000,1.0,1.1,2.1,0.3,0.3,0.4,0.4,1.0,2.6,koufoko01
117,Ognjen Kuzmić,C,23,GSW,3,0,2.7,0.0,0.0,,0.0,0.0,,0.0,0.0,,,0.0,0.0,,0.3,1.0,1.3,0.0,0.0,0.0,0.0,0.7,0.0,kuzmiog01
118,Jeremy Lamb,SG,21,OKC,11,0,9.1,1.5,3.8,.405,0.2,1.3,.143,1.4,2.5,.536,.429,0.4,0.4,1.000,0.4,1.1,1.5,0.6,0.6,0.1,0.3,0.7,3.6,lambje01
119,Shane Larkin,PG,21,DAL,2,0,5.0,0.0,1.5,.000,0.0,0.5,.000,0.0,1.0,.000,.000,0.0,0.0,,0.0,0.5,0.5,1.0,0.0,0.0,0.5,0.0,0.0,larkish01
120,Courtney Lee,SG,28,MEM,7,7,32.0,3.6,8.6,.417,0.9,2.7,.316,2.7,5.9,.463,.467,2.0,2.6,.778,0.4,1.6,2.0,1.6,0.7,0.3,0.9,2.9,10.0,leeco01
121,David Lee,PF,30,GSW,7,7,31.0,5.9,11.0,.532,0.0,0.0,,5.9,11.0,.532,.532,2.1,2.7,.789,3.4,5.7,9.1,2.6,0.6,0.0,2.4,4.0,13.9,leeda02
122,Kawhi Leonard,SF,22,SAS,23,23,32.0,5.3,10.4,.510,1.3,3.2,.419,4.0,7.2,.552,.575,2.3,3.1,.736,1.3,5.4,6.7,1.7,1.7,0.6,1.3,2.9,14.3,leonaka01
123,Meyers Leonard,C,21,POR,4,0,2.3,0.0,0.5,.000,0.0,0.0,,0.0,0.5,.000,.000,0.0,0.0,,0.0,0.5,0.5,0.0,0.0,0.0,0.0,0.3,0.0,leoname01
124,Jon Leuer,PF,24,MEM,3,0,7.7,1.0,2.3,.429,0.3,0.7,.500,0.7,1.7,.400,.500,0.7,0.7,1.000,0.7,2.0,2.7,0.7,0.3,0.0,0.0,0.7,3.0,leuerjo01
125,Rashard Lewis,SF,34,MIA,18,8,17.7,1.9,4.7,.412,1.2,3.3,.373,0.7,1.4,.500,.541,0.2,0.2,.750,0.2,1.8,2.1,0.3,0.4,0.3,0.3,1.6,5.3,lewisra02
126,Damian Lillard,PG,23,POR,11,11,42.4,7.5,17.2,.439,2.5,6.4,.386,5.1,10.8,.471,.511,5.4,6.0,.894,1.1,4.0,5.1,6.5,1.0,0.1,2.7,2.6,22.9,lillada01
127,Jeremy Lin,PG,25,HOU,6,0,29.5,4.2,10.2,.410,0.8,3.8,.217,3.3,6.3,.526,.451,2.2,2.7,.813,1.2,2.5,3.7,4.3,0.5,0.2,2.2,2.5,11.3,linje01
128,Shaun Livingston,PG,28,BRK,12,10,27.1,3.7,7.2,.512,0.1,0.1,1.000,3.6,7.1,.506,.517,2.3,3.1,.730,0.7,2.8,3.5,3.3,0.4,0.4,1.8,3.4,9.7,livinsh01
129,Robin Lopez,C,25,POR,11,11,33.4,3.9,8.0,.489,0.0,0.0,,3.9,8.0,.489,.489,2.2,3.3,.667,4.3,4.9,9.2,0.8,0.5,1.8,1.0,3.6,10.0,lopezro01
130,Kyle Lowry,PG,27,TOR,7,7,38.7,6.3,15.6,.404,2.4,6.1,.395,3.9,9.4,.409,.482,6.1,7.0,.878,1.3,3.4,4.7,4.7,0.9,0.0,2.9,3.9,21.1,lowryky01
131,Shelvin Mack,PG,23,ATL,7,0,16.9,2.7,6.7,.404,1.4,3.9,.370,1.3,2.9,.450,.511,1.3,1.7,.750,0.4,1.4,1.9,3.6,0.6,0.0,0.9,1.4,8.1,macksh01
132,Ian Mahinmi,C,27,IND,19,0,12.7,0.7,1.4,.481,0.0,0.0,,0.7,1.4,.481,.481,0.6,0.9,.611,1.2,1.2,2.4,0.2,0.3,0.8,0.5,2.0,1.9,mahinia01
133,Shawn Marion,SF,35,DAL,7,7,27.6,3.4,8.4,.407,0.6,2.6,.222,2.9,5.9,.488,.441,1.0,1.6,.636,2.0,3.3,5.3,1.9,0.9,0.1,0.7,1.6,8.4,mariosh01
134,Cartier Martin,SF,29,ATL,3,0,5.0,0.7,1.0,.667,0.0,0.0,,0.7,1.0,.667,.667,0.0,0.0,,0.3,0.7,1.0,0.0,0.7,0.0,0.3,0.7,1.3,martica01
135,Wesley Matthews,SG,27,POR,11,11,38.7,5.1,12.4,.412,2.0,6.2,.324,3.1,6.2,.500,.493,2.4,2.9,.813,0.6,3.3,3.9,1.3,1.3,0.5,2.0,4.1,14.5,matthwe02
136,CJ McCollum,SG,22,POR,6,0,4.0,0.2,1.8,.091,0.0,0.8,.000,0.2,1.0,.167,.091,0.3,0.3,1.000,0.0,0.2,0.2,0.0,0.0,0.0,0.2,0.3,0.7,mccolcj01
137,Josh McRoberts,PF,26,CHA,4,4,38.5,3.8,8.3,.455,2.0,4.3,.471,1.8,4.0,.438,.576,2.0,2.5,.800,0.3,6.5,6.8,3.8,1.0,0.3,1.5,3.3,11.5,mcrobjo01
138,Andre Miller,SG,37,WAS,11,0,9.8,1.7,3.7,.463,0.1,0.3,.333,1.6,3.5,.474,.476,0.5,0.8,.556,0.2,0.8,1.0,0.8,0.3,0.0,0.7,1.1,4.0,millean02
139,Mike Miller,SF,33,MEM,7,1,24.7,2.1,6.0,.357,2.0,4.1,.483,0.1,1.9,.077,.524,1.0,1.3,.778,0.3,3.4,3.7,1.3,0.9,0.0,0.7,2.3,7.3,millemi01
140,Patty Mills,PG,25,SAS,23,0,15.3,2.7,6.1,.447,1.4,3.4,.405,1.3,2.7,.500,.560,0.4,0.6,.769,0.1,1.4,1.5,1.4,0.7,0.0,0.6,1.3,7.3,millspa02
141,Paul Millsap,PF,28,ATL,7,7,38.1,5.9,14.7,.398,1.3,3.9,.333,4.6,10.9,.421,.442,6.4,8.0,.804,3.0,7.9,10.9,2.9,1.4,1.9,2.9,3.6,19.4,millspa01
142,Nazr Mohammed,C,36,CHI,2,0,2.5,0.0,0.5,.000,0.0,0.0,,0.0,0.5,.000,.000,0.0,0.0,,0.5,0.5,1.0,0.0,0.0,0.0,0.0,1.5,0.0,mohamna01
143,Mike Muscala,PF,22,ATL,2,0,2.5,0.0,1.0,.000,0.0,0.0,,0.0,1.0,.000,.000,0.0,0.0,,0.0,0.0,0.0,0.0,0.0,0.0,0.0,0.0,0.0,muscami01
144,Gary Neal,SG,29,CHA,4,0,26.0,4.5,12.8,.353,1.0,4.5,.222,3.5,8.3,.424,.392,1.3,1.8,.714,0.8,1.3,2.0,1.0,0.0,0.0,2.0,2.3,11.3,nealga01
145,Nemanja Nedović,SG,22,GSW,1,0,0.0,0.0,0.0,,0.0,0.0,,0.0,0.0,,,0.0,0.0,,0.0,0.0,0.0,0.0,0.0,0.0,0.0,1.0,0.0,nedovne01
146,Joakim Noah,C,28,CHI,5,5,42.0,4.2,8.2,.512,0.0,0.0,,4.2,8.2,.512,.512,2.0,3.4,.588,3.0,9.8,12.8,4.6,1.0,1.4,3.8,3.8,10.4,noahjo01
147,Steve Novak,PF,30,TOR,4,0,3.8,0.0,0.8,.000,0.0,0.8,.000,0.0,0.0,,.000,0.0,0.0,,0.0,1.3,1.3,0.3,0.0,0.0,0.0,0.0,0.0,novakst01
148,Dirk Nowitzki*,PF,35,DAL,7,7,37.6,7.7,18.0,.429,0.1,1.7,.083,7.6,16.3,.465,.433,3.6,4.4,.806,0.7,7.3,8.0,1.6,0.9,0.9,2.1,2.9,19.1,nowitdi01
149,Jermaine O'Neal,PF,35,GSW,7,3,12.0,2.6,4.6,.563,0.0,0.0,,2.6,4.6,.563,.563,0.9,1.1,.750,1.7,1.7,3.4,0.1,0.1,0.4,0.6,1.7,6.0,onealje01
150,Greg Oden,C,26,MIA,3,0,2.3,0.0,0.0,,0.0,0.0,,0.0,0.0,,,0.0,0.0,,0.0,0.3,0.3,0.3,0.3,0.0,0.0,0.7,0.0,odengr01
151,Jannero Pargo,PG,34,CHA,1,0,3.0,0.0,0.0,,0.0,0.0,,0.0,0.0,,,0.0,0.0,,0.0,1.0,1.0,1.0,0.0,0.0,1.0,0.0,0.0,pargoja01
152,Tony Parker*,PG,31,SAS,23,23,31.3,7.3,15.0,.486,0.6,1.5,.371,6.7,13.5,.498,.504,2.2,3.0,.729,0.2,1.7,2.0,4.8,0.7,0.1,2.7,1.6,17.4,parketo01
153,Chandler Parsons,SF,25,HOU,6,6,41.7,7.7,17.5,.438,2.2,6.0,.361,5.5,11.5,.478,.500,1.8,2.5,.733,1.0,5.8,6.8,2.3,0.7,0.3,0.8,3.2,19.3,parsoch01
154,Patrick Patterson,PF,24,TOR,7,0,28.4,3.7,6.9,.542,1.0,2.6,.389,2.7,4.3,.633,.615,2.0,2.6,.778,1.7,5.0,6.7,1.3,0.4,0.4,0.9,1.9,10.4,pattepa01
155,Chris Paul,PG,28,LAC,13,13,36.3,7.1,15.2,.467,2.5,5.4,.457,4.6,9.8,.472,.548,3.2,4.1,.774,0.9,3.3,4.2,10.3,2.8,0.0,3.0,3.8,19.8,paulch01
156,Kendrick Perkins,C,29,OKC,19,19,20.2,1.3,2.4,.533,0.0,0.0,,1.3,2.4,.533,.533,0.6,0.8,.800,1.7,3.6,5.4,0.7,0.2,0.3,1.3,3.4,3.2,perkike01
157,Paul Pierce*,SF,36,BRK,12,12,30.7,5.0,10.8,.465,1.6,4.4,.358,3.4,6.3,.539,.539,2.1,2.7,.781,0.3,4.2,4.5,2.0,1.2,0.3,1.7,3.7,13.7,piercpa01
158,Mason Plumlee,C,23,BRK,10,0,11.4,0.7,1.6,.438,0.0,0.0,,0.7,1.6,.438,.438,0.8,1.8,.444,0.5,1.8,2.3,0.2,0.3,0.7,0.9,2.4,2.2,plumlma01
159,Otto Porter Jr.,SF,20,WAS,3,0,2.0,0.3,1.0,.333,0.0,0.3,.000,0.3,0.7,.500,.333,0.0,0.0,,0.0,0.0,0.0,0.0,0.0,0.0,0.0,0.0,0.7,porteot01
160,Tayshaun Prince,SF,33,MEM,7,6,16.1,1.4,3.7,.385,0.1,0.6,.250,1.3,3.1,.409,.404,0.0,0.0,,0.6,0.9,1.4,0.9,0.1,0.0,0.1,1.1,3.0,princta01
161,Zach Randolph,PF,32,MEM,6,6,39.0,7.0,17.3,.404,0.0,0.2,.000,7.0,17.2,.408,.404,4.2,6.8,.610,2.8,5.8,8.7,2.3,0.8,0.2,1.7,2.2,18.2,randoza01
162,JJ Redick,SG,29,LAC,13,13,27.0,4.7,10.2,.459,2.0,5.0,.400,2.7,5.2,.515,.556,1.9,2.0,.962,0.3,1.4,1.7,1.5,0.8,0.0,1.0,1.8,13.3,redicjj01
163,Luke Ridnour,PG,32,CHA,4,0,9.0,1.0,3.3,.308,0.5,1.5,.333,0.5,1.8,.286,.385,0.0,0.0,,0.0,1.0,1.0,3.0,0.0,0.3,1.0,0.3,2.5,ridnolu01
164,Andre Roberson,SG,22,OKC,2,0,4.5,0.0,1.5,.000,0.0,0.0,,0.0,1.5,.000,.000,0.0,0.0,,0.0,1.0,1.0,0.0,0.0,0.0,0.0,0.0,0.0,roberan03
165,Thomas Robinson,PF,22,POR,11,0,11.1,1.2,2.8,.419,0.0,0.0,,1.2,2.8,.419,.419,0.5,0.6,.857,0.9,1.6,2.5,0.5,0.5,0.5,0.5,2.1,2.9,robinth01
166,Terrence Ross,SG,22,TOR,7,7,22.6,2.0,6.7,.298,0.6,3.4,.167,1.4,3.3,.435,.340,0.4,0.7,.600,0.1,1.9,2.0,0.3,0.9,0.4,1.1,2.7,5.0,rosste01
167,John Salmons,SG,34,TOR,6,0,12.8,0.8,2.8,.294,0.3,2.0,.167,0.5,0.8,.600,.353,0.2,0.2,1.000,0.0,1.0,1.0,0.8,0.3,0.0,0.2,1.5,2.2,salmojo01
168,Dennis Schröder,PG,20,ATL,2,0,3.5,1.0,1.0,1.000,0.5,0.5,1.000,0.5,0.5,1.000,1.250,0.0,0.0,,0.0,1.0,1.0,0.0,0.0,0.0,0.0,0.5,2.5,schrode01
169,Luis Scola,PF,33,IND,18,0,13.5,2.7,5.8,.457,0.1,0.2,.333,2.6,5.7,.461,.462,0.7,1.2,.591,0.6,1.7,2.3,0.5,0.3,0.2,0.4,1.6,6.1,scolalu01
170,Mike Scott,PF,25,ATL,7,0,20.9,3.3,9.0,.365,1.4,4.4,.323,1.9,4.6,.406,.444,1.4,2.0,.714,0.4,2.1,2.6,0.4,0.1,0.0,0.3,1.6,9.4,scottmi01
171,Thabo Sefolosha,SG,29,OKC,15,13,15.7,1.5,3.7,.418,0.4,1.5,.261,1.1,2.1,.531,.473,0.3,0.3,.800,0.5,1.6,2.1,0.7,0.7,0.0,0.5,0.7,3.7,sefolth01
172,Kevin Séraphin,C,24,WAS,4,0,1.5,0.0,0.8,.000,0.0,0.0,,0.0,0.8,.000,.000,0.0,0.0,,0.3,0.3,0.5,0.0,0.0,0.0,0.3,0.3,0.0,serapke01
173,Donald Sloan,SG,26,IND,4,0,3.8,0.5,1.8,.286,0.3,1.0,.250,0.3,0.8,.333,.357,0.5,1.0,.500,0.0,0.3,0.3,0.8,0.3,0.0,0.5,0.0,1.8,sloando01
174,Tony Snell,SG,22,CHI,5,0,9.2,0.4,1.8,.222,0.0,1.0,.000,0.4,0.8,.500,.222,0.0,0.0,,0.0,1.2,1.2,0.4,0.2,0.2,0.2,1.0,0.8,snellto01
175,Marreese Speights,C,26,GSW,7,0,9.7,2.7,5.1,.528,0.0,0.0,,2.7,5.1,.528,.528,0.9,1.7,.500,1.3,1.9,3.1,0.4,0.3,0.6,0.3,1.7,6.3,speigma01
176,Tiago Splitter,C,29,SAS,23,18,22.4,2.7,4.3,.610,0.0,0.0,.000,2.7,4.3,.616,.610,2.2,3.1,.718,2.0,4.1,6.1,2.0,0.7,0.5,0.8,2.3,7.5,splitti01
177,Lance Stephenson,SG,23,IND,19,19,37.1,5.3,11.6,.455,1.3,3.5,.358,4.0,8.1,.497,.509,1.8,2.6,.714,1.3,5.6,6.9,4.2,0.8,0.2,2.4,2.9,13.6,stephla01
178,Jeff Teague,PG,25,ATL,7,7,34.6,6.3,16.0,.393,1.3,3.9,.333,5.0,12.1,.412,.433,5.4,5.7,.950,0.7,3.0,3.7,5.0,1.0,0.6,3.0,2.1,19.3,teaguje01
179,Mirza Teletović,SF,28,BRK,12,0,18.3,3.0,6.8,.439,1.6,4.7,.339,1.4,2.2,.654,.555,0.7,1.0,.667,1.3,2.1,3.3,0.3,0.4,0.2,0.4,1.2,8.3,teletmi01
180,Garrett Temple,SG,27,WAS,10,0,0.9,0.2,0.2,1.000,0.1,0.1,1.000,0.1,0.1,1.000,1.250,0.0,0.0,,0.0,0.0,0.0,0.0,0.0,0.0,0.1,0.5,0.5,templga01
181,Hasheem Thabeet,C,26,OKC,2,0,3.5,0.0,0.0,,0.0,0.0,,0.0,0.0,,,0.0,0.0,,0.0,0.0,0.0,0.0,0.0,0.0,0.0,2.0,0.0,thabeha01
182,Klay Thompson,SG,23,GSW,7,7,36.7,5.7,14.0,.408,2.3,6.3,.364,3.4,7.7,.444,.490,2.7,3.4,.792,0.6,2.9,3.4,3.6,1.0,0.7,2.1,3.4,16.4,thompkl01
183,Marcus Thornton,SG,26,BRK,10,0,12.4,2.1,5.4,.389,0.5,2.1,.238,1.6,3.3,.485,.435,1.2,1.8,.667,0.7,1.2,1.9,0.1,0.2,0.1,0.2,0.4,5.9,thornma01
184,Anthony Tolliver,PF,28,CHA,4,0,5.3,0.3,0.5,.500,0.3,0.5,.500,0.0,0.0,,.750,0.8,0.8,1.000,0.3,0.8,1.0,0.3,0.0,0.0,0.0,0.5,1.5,tollian01
185,Hedo Türkoğlu,SF,34,LAC,5,0,8.2,1.2,2.6,.462,0.8,2.0,.400,0.4,0.6,.667,.615,0.0,0.0,,0.0,1.0,1.0,0.2,0.6,0.0,0.0,0.6,3.2,turkohe01
186,Evan Turner,SF,25,IND,12,0,12.4,1.3,2.9,.429,0.3,0.6,.571,0.9,2.3,.393,.486,0.4,0.4,1.000,0.0,2.2,2.2,1.6,0.3,0.0,0.9,0.8,3.3,turneev01
187,Beno Udrih,SG,31,MEM,7,0,16.4,3.0,6.4,.467,0.6,1.7,.333,2.4,4.7,.515,.511,1.3,1.9,.692,0.3,1.4,1.7,1.7,0.4,0.0,1.3,1.6,7.9,udrihbe01
188,Jonas Valančiūnas,C,21,TOR,7,7,28.6,4.4,7.0,.633,0.0,0.0,,4.4,7.0,.633,.633,2.0,3.1,.636,2.7,7.0,9.7,0.3,0.0,1.0,2.7,3.1,10.9,valanjo01
189,Greivis Vásquez,PG,27,TOR,7,0,27.1,3.9,9.1,.422,1.4,3.9,.370,2.4,5.3,.459,.500,1.0,1.3,.778,0.4,3.3,3.7,5.1,0.6,0.1,1.4,3.1,10.1,vasqugr01
190,Dwyane Wade*,SG,32,MIA,20,20,34.7,7.0,13.9,.500,0.5,1.2,.375,6.5,12.7,.512,.516,3.5,4.5,.767,0.8,3.1,3.9,3.9,1.5,0.3,2.7,2.8,17.8,wadedw01
191,Kemba Walker,PG,23,CHA,4,4,38.3,6.5,13.8,.473,3.0,6.0,.500,3.5,7.8,.452,.582,3.5,4.5,.778,0.3,3.5,3.8,6.0,2.0,0.8,3.8,1.5,19.5,walkeke02
192,John Wall,PG,23,WAS,11,11,38.2,5.5,14.9,.366,0.6,2.9,.219,4.8,12.0,.402,.387,4.7,6.2,.765,0.5,3.5,4.0,7.1,1.6,0.7,3.3,2.6,16.3,walljo01
193,C.J. Watson,PG,29,IND,19,0,18.0,1.9,4.7,.411,0.8,2.1,.400,1.1,2.6,.420,.500,0.9,1.5,.607,0.2,1.9,2.1,0.9,0.8,0.1,0.7,1.5,5.6,watsocj01
194,Earl Watson,PG,34,POR,4,0,3.5,0.0,0.3,.000,0.0,0.3,.000,0.0,0.0,,.000,0.0,0.0,,0.0,0.3,0.3,0.3,0.0,0.0,0.3,0.3,0.0,watsoea01
195,Martell Webster,SF,27,WAS,11,0,17.7,1.4,3.7,.366,0.5,2.4,.231,0.8,1.4,.600,.439,0.5,0.8,.667,0.4,1.9,2.3,0.5,0.4,0.5,0.4,1.3,3.8,webstma02
196,David West,PF,33,IND,19,19,36.2,6.4,12.9,.494,0.1,0.5,.200,6.3,12.4,.506,.498,2.3,3.2,.705,1.3,5.5,6.7,3.9,0.7,0.8,2.3,3.0,15.1,westda01
197,Russell Westbrook,PG,25,OKC,19,19,38.7,8.8,20.9,.420,1.5,5.3,.280,7.3,15.7,.466,.455,7.6,8.6,.884,2.4,4.9,7.3,8.1,2.2,0.3,4.4,3.3,26.7,westbru01
198,D.J. White,PF,27,CHA,1,0,3.0,0.0,0.0,,0.0,0.0,,0.0,0.0,,,0.0,0.0,,0.0,2.0,2.0,0.0,0.0,0.0,1.0,0.0,0.0,whitedj01
199,Deron Williams,PG,29,BRK,12,12,35.7,5.0,12.7,.395,1.5,4.4,.340,3.5,8.3,.424,.454,3.0,3.8,.800,0.6,2.6,3.2,5.8,1.1,0.2,2.3,2.6,14.5,willide01
200,Lou Williams,PG,27,ATL,7,0,19.0,2.7,7.1,.380,0.7,2.3,.313,2.0,4.9,.412,.430,2.1,2.3,.938,0.0,2.3,2.3,1.1,1.0,0.1,1.9,1.4,8.3,willilo02
201,Mo Williams,PG,31,POR,8,0,23.4,2.8,7.4,.373,0.6,2.6,.238,2.1,4.8,.447,.415,1.3,1.4,.909,0.3,1.3,1.5,1.9,0.4,0.0,1.8,3.0,7.4,willima01
202,Brandan Wright,C,26,DAL,6,0,15.0,2.5,3.0,.833,0.0,0.0,,2.5,3.0,.833,.833,0.5,1.0,.500,0.8,1.2,2.0,1.3,0.3,1.0,0.3,1.3,5.5,wrighbr03
203,Dorell Wright,SF,28,POR,8,0,11.0,0.9,2.4,.368,0.5,1.5,.333,0.4,0.9,.429,.474,1.4,1.9,.733,0.3,1.8,2.0,0.4,0.4,1.1,0.6,1.0,3.6,wrighdo01
204,Cody Zeller,C,21,CHA,4,0,13.3,0.8,2.3,.333,0.0,0.0,,0.8,2.3,.333,.333,0.5,1.0,.500,1.3,1.0,2.3,0.5,0.0,0.8,0.5,0.8,2.0,zelleco01