Rk,Player,Pos,Age,Tm,G,GS,MP,FG,FGA,FG%,3P,3PA,3P%,2P,2PA,2P%,eFG%,FT,FTA,FT%,ORB,DRB,TRB,AST,STL,BLK,TOV,PF,PTS,Player-additional
1,Jaylen Adams,PG,23,POR,3,0,7.0,1.0,3.0,.333,0.0,1.3,.000,1.0,1.7,.600,.333,0.0,0.0,,0.3,0.7,1.0,0.7,0.3,0.0,0.0,0.3,2.0,adamsja01
2,Steven Adams,C,26,OKC,7,7,30.0,4.4,7.4,.596,0.0,0.1,.000,4.4,7.3,.608,.596,1.3,2.9,.450,4.9,6.7,11.6,1.3,0.6,0.3,2.3,1.4,10.1,adamsst01
3,Bam Adebayo,PF,22,MIA,19,19,36.2,6.5,11.6,.564,0.0,0.1,.000,6.5,11.5,.566,.564,4.7,6.1,.783,2.5,7.8,10.3,4.4,1.0,0.8,2.5,3.1,17.8,adebaba01
4,Jarrett Allen,C,21,BRK,4,4,33.0,3.5,6.0,.583,0.0,0.0,,3.5,6.0,.583,.583,3.3,4.0,.813,4.3,10.5,14.8,2.3,0.5,1.8,2.8,1.8,10.3,allenja01
5,Justin Anderson,SG,26,BRK,3,0,9.3,1.7,4.0,.417,1.7,3.7,.455,0.0,0.3,.000,.625,1.3,1.3,1.000,0.0,2.7,2.7,1.0,0.0,0.3,0.7,0.7,6.3,anderju01
6,Giannis Antetokounmpo,PF,25,MIL,9,9,30.8,10.0,17.9,.559,1.4,4.4,.325,8.6,13.4,.636,.599,5.2,9.0,.580,3.0,10.8,13.8,5.7,0.7,0.9,3.3,3.4,26.7,antetgi01
7,Carmelo Anthony,PF,35,POR,5,5,35.2,5.6,13.6,.412,1.6,3.8,.421,4.0,9.8,.408,.471,2.4,2.8,.857,0.2,4.8,5.0,2.0,1.0,0.4,2.6,4.0,15.2,anthoca01
8,OG Anunoby,SF,22,TOR,11,11,35.7,3.6,8.0,.455,1.5,3.7,.415,2.1,4.3,.489,.551,1.6,2.5,.643,2.4,4.5,6.9,1.2,1.0,1.2,1.5,2.5,10.5,anunoog01
9,D.J. Augustin,PG,32,ORL,5,0,25.6,3.6,9.2,.391,1.6,3.4,.471,2.0,5.8,.345,.478,4.4,4.6,.957,0.0,2.0,2.0,6.0,0.2,0.0,2.4,1.2,13.2,augusdj01
10,J.J. Barea,PG,35,DAL,1,0,5.0,0.0,1.0,.000,0.0,0.0,,0.0,1.0,.000,.000,3.0,3.0,1.000,0.0,0.0,0.0,0.0,0.0,0.0,1.0,1.0,3.0,bareajo01
11,Keita Bates-Diop,SF,24,DEN,5,0,4.8,0.2,1.0,.200,0.0,0.0,,0.2,1.0,.200,.200,0.2,0.4,.500,0.6,0.6,1.2,0.2,0.0,0.0,0.0,0.0,0.6,bateske01
12,Darius Bazley,PF,19,OKC,7,0,18.0,1.9,4.4,.419,1.6,3.1,.500,0.3,1.3,.222,.597,1.3,1.4,.900,0.3,6.4,6.7,0.9,0.0,0.4,0.9,0.3,6.6,bazleda01
13,Patrick Beverley,PG,31,LAC,8,8,20.8,2.5,4.9,.513,1.0,2.8,.364,1.5,2.1,.706,.615,0.3,0.5,.500,1.1,3.0,4.1,2.4,1.0,0.4,0.9,3.9,6.3,beverpa01
14,Khem Birch,C,27,ORL,5,0,17.8,1.4,2.8,.500,0.0,0.0,,1.4,2.8,.500,.500,2.0,2.2,.909,1.8,3.2,5.0,1.4,0.2,0.0,1.0,2.2,4.8,birchkh01
15,Eric Bledsoe,PG,30,MIL,9,9,29.7,4.2,10.9,.388,0.9,3.6,.250,3.3,7.3,.455,.429,2.3,2.9,.808,0.6,4.0,4.6,5.9,1.2,0.7,2.6,2.2,11.7,bledser01
16,Bol Bol,PF,20,DEN,4,0,5.3,1.3,2.3,.556,0.5,0.8,.667,0.8,1.5,.500,.667,1.8,2.0,.875,0.8,0.5,1.3,0.0,0.5,0.5,0.5,0.3,4.8,bolbo01
17,Chris Boucher,C,27,TOR,7,0,6.1,0.4,1.6,.273,0.3,0.7,.400,0.1,0.9,.167,.364,0.0,0.1,.000,0.4,1.3,1.7,0.1,0.0,0.3,0.1,0.7,1.1,bouchch01
18,Tony Bradley,C,22,UTA,6,0,8.0,0.3,1.5,.222,0.0,0.0,,0.3,1.5,.222,.222,0.8,1.2,.714,1.7,2.2,3.8,0.2,0.3,0.3,0.7,0.7,1.5,bradlto01
19,Jarrell Brantley,PF,23,UTA,2,0,6.5,0.0,2.5,.000,0.0,1.5,.000,0.0,1.0,.000,.000,0.5,1.0,.500,1.5,0.5,2.0,1.0,0.0,0.5,0.5,2.0,0.5,brantja01
20,Malcolm Brogdon,PG,27,IND,4,4,40.0,6.5,16.3,.400,2.3,6.0,.375,4.3,10.3,.415,.469,6.3,7.0,.893,0.0,4.3,4.3,10.0,1.0,0.0,2.5,2.5,21.5,brogdma01
21,Jaylen Brown,SG,23,BOS,17,17,39.5,8.1,16.9,.476,2.5,7.1,.358,5.5,9.9,.560,.550,3.1,3.7,.841,1.4,6.1,7.5,2.3,1.5,0.5,2.4,2.8,21.8,brownja02
22,Sterling Brown,SF,24,MIL,1,0,4.0,0.0,1.0,.000,0.0,1.0,.000,0.0,0.0,,.000,0.0,0.0,,0.0,1.0,1.0,0.0,0.0,0.0,0.0,0.0,0.0,brownst02
23,Trey Burke,PG,27,DAL,6,3,26.0,5.0,9.8,.508,1.3,2.8,.471,3.7,7.0,.524,.576,1.0,1.7,.600,0.3,2.8,3.2,2.0,1.3,0.3,1.0,2.3,12.3,burketr01
24,Alec Burks,SG,28,PHI,4,0,23.8,4.0,12.3,.327,0.8,4.0,.188,3.3,8.3,.394,.357,1.8,2.3,.778,1.8,2.0,3.8,1.8,0.3,0.8,0.8,1.8,10.5,burksal01
25,Deonte Burton,SF,26,OKC,1,0,2.0,0.0,0.0,,0.0,0.0,,0.0,0.0,,,0.0,0.0,,0.0,0.0,0.0,0.0,0.0,0.0,0.0,0.0,0.0,burtode02
26,Jimmy Butler,SF,30,MIA,21,21,38.4,6.9,14.0,.488,0.7,2.0,.349,6.1,12.0,.512,.514,7.8,9.1,.859,2.2,4.3,6.5,6.0,2.0,0.7,2.8,1.8,22.2,butleji01
27,Bruno Caboclo,C,24,HOU,2,0,3.5,0.5,1.0,.500,0.0,0.5,.000,0.5,0.5,1.000,.500,0.0,0.0,,0.0,1.5,1.5,0.0,0.5,0.0,0.0,1.0,1.0,cabocbr01
28,Kentavious Caldwell-Pope,SG,26,LAL,21,21,29.0,3.8,9.0,.418,2.1,5.7,.378,1.6,3.3,.486,.537,1.0,1.3,.815,0.4,1.7,2.1,1.3,1.0,0.2,0.7,1.9,10.7,caldwke01
29,DeMarre Carroll,C,33,HOU,2,0,3.0,0.5,1.0,.500,0.0,0.0,,0.5,1.0,.500,.500,0.0,0.0,,0.0,1.5,1.5,0.5,0.0,0.0,0.0,0.5,1.0,carrode01
30,Alex Caruso,PG,25,LAL,21,1,24.3,2.3,5.4,.425,0.8,2.9,.279,1.5,2.5,.596,.500,1.1,1.4,.800,0.7,1.6,2.3,2.8,1.1,0.6,1.5,2.6,6.5,carusal01
31,Tyson Chandler,C,37,HOU,1,0,0.0,0.0,0.0,,0.0,0.0,,0.0,0.0,,,0.0,2.0,.000,0.0,0.0,0.0,0.0,0.0,0.0,0.0,0.0,0.0,chandty01
32,Chris Chiozza,PG,24,BRK,4,0,16.3,2.0,6.0,.333,1.3,4.0,.313,0.8,2.0,.375,.438,0.5,1.0,.500,0.3,1.3,1.5,4.3,1.3,0.0,0.8,1.8,5.8,chiozch01
33,Gary Clark,SF,25,ORL,5,5,28.8,2.2,6.6,.333,2.2,6.4,.344,0.0,0.2,.000,.500,0.8,1.0,.800,0.8,4.8,5.6,1.4,1.0,0.4,0.4,1.4,7.4,clarkga01
34,Jordan Clarkson,SG,27,UTA,7,0,28.6,6.4,13.9,.464,2.4,7.0,.347,4.0,6.9,.583,.552,1.4,1.4,1.000,0.3,3.1,3.4,2.1,0.9,0.0,1.0,2.1,16.7,clarkjo01
35,Chris Clemons,SG,22,HOU,2,0,4.0,1.0,2.5,.400,1.0,2.5,.400,0.0,0.0,,.600,0.5,1.0,.500,0.0,1.0,1.0,0.0,0.0,0.0,0.0,0.0,3.5,clemoch01
36,Antonius Cleveland,SG,25,DAL,2,0,4.5,1.0,2.5,.400,0.0,0.0,,1.0,2.5,.400,.400,0.0,0.0,,0.5,0.0,0.5,0.0,0.5,0.0,0.0,0.5,2.0,clevean01
37,Amir Coffey,SG,22,LAC,3,0,2.3,0.0,1.0,.000,0.0,0.3,.000,0.0,0.7,.000,.000,0.7,0.7,1.000,0.0,0.0,0.0,1.3,0.3,0.0,0.0,0.0,0.7,coffeam01
38,Mike Conley,PG,32,UTA,5,5,33.0,6.2,12.8,.484,3.6,6.8,.529,2.6,6.0,.433,.625,3.8,4.4,.864,0.6,2.2,2.8,5.2,1.6,0.2,1.0,2.0,19.8,conlemi01
39,Pat Connaughton,SG,27,MIL,10,0,17.1,1.5,3.5,.429,0.8,2.3,.348,0.7,1.2,.583,.543,0.2,0.2,1.000,0.5,3.4,3.9,1.1,0.2,0.2,0.5,1.2,4.0,connapa01
40,Quinn Cook,PG,26,LAL,6,0,4.0,0.8,1.7,.500,0.3,0.7,.500,0.5,1.0,.500,.600,0.2,0.2,1.000,0.0,0.2,0.2,0.8,0.0,0.0,0.2,0.2,2.2,cookqu01
41,Tyler Cook,SF,22,DEN,1,0,4.0,0.0,0.0,,0.0,0.0,,0.0,0.0,,,0.0,0.0,,0.0,2.0,2.0,0.0,0.0,0.0,0.0,0.0,0.0,cookty01
42,Robert Covington,C,29,HOU,12,12,31.6,3.9,7.9,.495,2.8,5.7,.500,1.1,2.3,.481,.674,0.5,0.6,.857,0.7,4.3,5.0,1.3,2.5,1.1,1.0,3.8,11.2,covinro01
43,Torrey Craig,SF,29,DEN,19,3,19.7,1.7,4.1,.423,0.6,2.2,.262,1.2,1.9,.611,.494,0.5,0.7,.692,0.7,2.6,3.3,0.7,0.4,0.4,0.5,2.3,4.5,craigto01
44,Jae Crowder,PF,29,MIA,21,21,31.4,3.9,9.6,.403,2.6,7.7,.342,1.2,1.9,.650,.540,1.7,2.2,.761,0.5,5.0,5.6,1.9,0.7,0.6,0.7,2.6,12.0,crowdja01
45,Seth Curry,SG,29,DAL,6,0,28.8,5.2,8.8,.585,1.7,3.5,.476,3.5,5.3,.656,.679,0.8,0.8,1.000,0.3,1.5,1.8,1.3,1.0,0.0,1.3,2.3,12.8,curryse01
46,Troy Daniels,SG,28,DEN,6,0,5.0,1.0,2.0,.500,0.5,1.0,.500,0.5,1.0,.500,.625,0.2,0.3,.500,0.2,0.3,0.5,0.3,0.0,0.0,0.0,0.3,2.7,danietr01
47,Anthony Davis,PF,26,LAL,21,21,36.6,9.8,17.1,.571,1.1,2.9,.383,8.7,14.2,.609,.603,7.1,8.5,.832,2.6,7.1,9.7,3.5,1.2,1.4,2.5,2.7,27.7,davisan02
48,Terence Davis,SG,22,TOR,6,0,14.0,2.3,4.8,.483,1.3,3.2,.421,1.0,1.7,.600,.621,1.2,1.2,1.000,0.3,1.8,2.2,1.2,0.2,0.0,1.0,1.8,7.2,daviste02
49,Hamidou Diallo,SF,21,OKC,3,0,8.3,1.3,3.7,.364,0.3,1.7,.200,1.0,2.0,.500,.409,1.3,2.3,.571,0.7,1.3,2.0,0.3,0.0,0.7,0.7,0.0,4.3,diallha01
50,Donte DiVincenzo,SG,23,MIL,10,1,16.5,2.3,5.1,.451,0.7,2.1,.333,1.6,3.0,.533,.520,1.3,2.0,.650,0.8,2.4,3.2,1.2,0.7,0.3,1.0,2.1,6.6,divindo01
51,Luka Dončić,PG,20,DAL,6,6,35.8,10.7,21.3,.500,2.7,7.3,.364,8.0,14.0,.571,.563,7.0,10.7,.656,0.7,9.2,9.8,8.7,1.2,0.5,5.2,2.8,31.0,doncilu01
52,Luguentz Dort,SF,20,OKC,6,6,29.2,4.5,12.7,.355,2.2,8.3,.260,2.3,4.3,.538,.441,1.3,2.5,.533,0.8,2.8,3.7,1.0,0.3,1.0,2.5,4.2,12.5,dortlu01
53,PJ Dozier,SG,23,DEN,12,0,10.4,1.2,2.8,.424,0.2,0.7,.250,1.0,2.1,.480,.455,0.7,1.2,.571,0.2,1.3,1.5,1.0,0.2,0.2,0.7,1.1,3.2,doziepj01
54,Goran Dragić,PG,33,MIA,17,16,32.5,7.0,15.8,.444,2.2,6.3,.346,4.8,9.5,.509,.513,2.9,3.6,.803,0.8,3.3,4.1,4.4,1.0,0.1,2.3,2.9,19.1,dragigo01
55,Jared Dudley,PF,34,LAL,9,0,3.4,0.0,0.4,.000,0.0,0.3,.000,0.0,0.1,.000,.000,0.0,0.0,,0.0,0.2,0.2,0.0,0.4,0.1,0.2,0.2,0.0,dudleja01
56,Carsen Edwards,SG,21,BOS,1,0,3.0,0.0,0.0,,0.0,0.0,,0.0,0.0,,,0.0,0.0,,0.0,1.0,1.0,0.0,0.0,0.0,0.0,0.0,0.0,edwarca01
57,Joel Embiid,C,25,PHI,4,4,36.3,8.5,18.5,.459,1.0,4.0,.250,7.5,14.5,.517,.486,12.0,14.8,.814,2.8,9.5,12.3,1.3,1.5,1.3,3.8,4.5,30.0,embiijo01
58,James Ennis III,SG,29,ORL,5,5,23.8,2.4,7.0,.343,0.8,3.2,.250,1.6,3.8,.421,.400,1.4,1.8,.778,1.2,4.6,5.8,1.2,1.0,0.4,1.2,3.8,7.0,ennisja01
59,Tacko Fall,C,24,BOS,2,0,1.5,0.5,0.5,1.000,0.0,0.0,,0.5,0.5,1.000,1.000,0.5,1.0,.500,0.0,0.5,0.5,0.0,0.0,0.0,0.0,0.0,1.5,fallta01
60,Terrance Ferguson,SF,21,OKC,4,1,10.5,0.5,2.8,.182,0.5,2.5,.200,0.0,0.3,.000,.273,0.0,0.0,,0.3,0.8,1.0,0.3,0.3,0.0,0.3,0.8,1.5,fergute01
61,Dorian Finney-Smith,PF,26,DAL,6,6,31.8,3.8,8.7,.442,1.8,5.0,.367,2.0,3.7,.545,.548,0.7,0.8,.800,2.0,3.7,5.7,3.2,1.2,0.5,1.5,3.7,10.2,finnedo01
62,Evan Fournier,SF,27,ORL,5,5,34.2,4.0,11.4,.351,2.4,7.0,.343,1.6,4.4,.364,.456,2.4,3.4,.706,0.6,3.4,4.0,2.6,1.2,0.6,1.8,2.0,12.8,fournev01
63,Michael Frazier,SG,25,HOU,4,0,3.0,0.3,1.0,.250,0.3,0.5,.500,0.0,0.5,.000,.375,0.0,0.0,,0.3,0.8,1.0,0.5,0.0,0.0,0.3,0.0,0.8,frazimi01
64,Enes Freedom,C,27,BOS,11,0,9.3,2.0,3.8,.524,0.1,0.1,1.000,1.9,3.7,.512,.536,0.5,0.9,.500,1.7,2.2,3.9,0.6,0.0,0.0,0.4,1.7,4.5,kanteen01
65,Markelle Fultz,PG,21,ORL,5,5,29.4,4.8,12.0,.400,1.2,3.2,.375,3.6,8.8,.409,.450,1.2,1.4,.857,0.0,2.2,2.2,5.2,1.0,0.6,2.6,4.0,12.0,fultzma01
66,Wenyen Gabriel,PF,22,POR,4,2,13.3,2.3,3.8,.600,0.5,1.3,.400,1.8,2.5,.700,.667,0.3,0.5,.500,1.8,0.8,2.5,1.0,0.5,0.5,1.3,4.0,5.3,gabriwe01
67,Danilo Gallinari,PF,31,OKC,7,7,30.3,4.6,11.3,.405,1.7,5.3,.324,2.9,6.0,.476,.481,4.1,4.3,.967,0.7,4.7,5.4,1.0,0.7,0.1,2.1,1.6,15.0,gallida01
68,Marc Gasol,C,35,TOR,11,11,20.7,2.3,5.8,.391,0.5,2.5,.185,1.8,3.4,.541,.430,1.0,1.4,.733,0.4,4.0,4.4,2.6,0.5,0.6,1.5,2.9,6.0,gasolma01
69,Paul George,SF,29,LAC,13,13,36.8,6.8,17.0,.398,2.8,8.5,.333,3.9,8.5,.464,.482,3.8,4.2,.909,1.1,5.0,6.1,3.8,1.5,0.5,3.1,3.8,20.2,georgpa01
70,Shai Gilgeous-Alexander,SG,21,OKC,7,7,39.9,5.6,12.9,.433,2.0,5.0,.400,3.6,7.9,.455,.511,3.1,3.3,.957,0.4,4.9,5.3,4.1,1.0,0.4,2.1,2.4,16.3,gilgesh01
71,Rudy Gobert,C,27,UTA,7,7,38.6,6.9,10.6,.649,0.0,0.0,,6.9,10.6,.649,.649,3.1,6.0,.524,3.4,8.0,11.4,1.1,0.6,1.4,1.3,3.7,16.9,goberru01
72,Eric Gordon,SF,31,HOU,12,12,34.2,6.0,14.7,.409,2.4,7.5,.322,3.6,7.2,.500,.491,2.9,3.3,.875,0.5,2.2,2.7,3.0,0.8,0.6,2.0,2.2,17.3,gordoer01
73,Jerami Grant,PF,25,DEN,19,16,34.4,3.7,9.2,.406,1.6,5.0,.326,2.1,4.2,.500,.494,2.5,2.8,.889,0.4,2.9,3.3,1.3,0.6,0.8,1.3,3.1,11.6,grantje01
74,Danny Green,SG,32,LAL,21,21,25.0,2.8,8.1,.347,1.9,5.5,.339,1.0,2.6,.364,.462,0.5,0.7,.667,1.2,2.0,3.1,1.2,1.0,0.8,0.6,2.3,8.0,greenda02
75,JaMychal Green,PF,29,LAC,13,0,17.1,2.4,4.2,.564,0.8,1.8,.435,1.6,2.5,.656,.655,0.5,0.7,.778,1.0,2.8,3.8,0.5,0.2,0.2,0.4,2.2,6.1,greenja01
76,Javonte Green,SG,26,BOS,1,0,6.0,1.0,2.0,.500,1.0,2.0,.500,0.0,0.0,,.750,0.0,0.0,,0.0,1.0,1.0,0.0,0.0,0.0,0.0,1.0,3.0,greenja02
77,Jeff Green,C,33,HOU,12,0,28.4,4.3,8.6,.495,1.9,4.5,.426,2.3,4.1,.571,.607,1.2,1.4,.824,0.4,4.6,5.0,1.6,0.5,0.5,1.3,2.3,11.6,greenje02
78,Donta Hall,C,22,BRK,3,0,6.7,1.0,1.7,.600,0.0,0.0,,1.0,1.7,.600,.600,0.3,1.3,.250,1.0,0.7,1.7,0.0,0.0,0.7,0.3,0.3,2.3,halldo01
79,Tim Hardaway Jr.,SG,27,DAL,6,6,34.0,6.7,15.8,.421,3.2,9.0,.352,3.5,6.8,.512,.521,1.3,1.8,.727,0.5,3.0,3.5,1.8,0.3,0.0,0.5,2.7,17.8,hardati02
80,James Harden,SG,30,HOU,12,12,37.3,9.1,19.0,.478,3.3,9.8,.333,5.8,9.3,.631,.564,8.2,9.7,.845,1.0,4.6,5.6,7.7,1.5,0.8,3.8,3.6,29.6,hardeja01
81,Montrezl Harrell,C,26,LAC,13,0,18.7,3.6,6.3,.573,0.1,0.4,.200,3.5,5.9,.597,.579,3.2,5.2,.603,0.8,2.1,2.9,0.4,0.4,0.5,0.9,2.2,10.5,harremo01
82,Gary Harris,SG,25,DEN,14,12,27.1,2.4,6.4,.378,1.4,3.7,.365,1.1,2.7,.395,.483,1.2,1.6,.773,0.5,1.5,2.0,1.7,1.1,0.3,1.5,3.2,7.4,harriga01
83,Joe Harris,SF,28,BRK,2,2,36.0,6.0,11.5,.522,3.5,6.0,.583,2.5,5.5,.455,.674,1.0,2.0,.500,1.0,9.0,10.0,1.0,0.5,0.0,1.5,4.5,16.5,harrijo01
84,Tobias Harris,PF,27,PHI,4,4,37.3,5.8,15.0,.383,0.5,3.8,.133,5.3,11.3,.467,.400,3.8,4.8,.789,3.5,6.0,9.5,4.0,0.5,0.3,1.3,2.8,15.8,harrito02
85,Gordon Hayward,SF,29,BOS,5,1,31.4,4.0,10.0,.400,1.4,4.8,.292,2.6,5.2,.500,.470,1.4,1.6,.875,0.6,3.4,4.0,2.8,1.4,0.4,1.4,2.0,10.8,haywago01
86,Tyler Herro,SG,20,MIA,21,5,33.6,5.7,13.2,.433,2.3,6.1,.375,3.4,7.1,.483,.520,2.2,2.6,.870,0.3,4.8,5.1,3.7,0.4,0.1,2.0,1.5,16.0,herroty01
87,Mario Hezonja,PF,24,POR,5,0,13.6,1.8,4.4,.409,0.4,1.4,.286,1.4,3.0,.467,.455,0.6,0.8,.750,0.4,2.8,3.2,1.2,0.6,0.0,0.6,1.6,4.6,hezonma01
88,George Hill,PG,33,MIL,10,1,26.8,3.2,6.7,.478,1.0,2.8,.357,2.2,3.9,.564,.552,2.1,2.6,.808,0.5,1.9,2.4,3.1,0.6,0.0,1.6,1.7,9.5,hillge01
89,Solomon Hill,PF,28,MIA,7,0,6.0,0.7,1.3,.556,0.3,0.9,.333,0.4,0.4,1.000,.667,0.0,0.0,,0.1,0.9,1.0,0.4,0.1,0.0,0.0,0.7,1.7,hillso01
90,Jaylen Hoard,PF,20,POR,3,0,13.7,2.3,4.0,.583,0.0,0.0,,2.3,4.0,.583,.583,0.0,0.0,,1.7,1.3,3.0,0.3,0.0,0.0,0.7,1.7,4.7,hoardja01
91,Aaron Holiday,PG,23,IND,4,2,18.0,3.0,5.3,.571,1.0,2.3,.444,2.0,3.0,.667,.667,0.8,1.3,.600,0.3,1.0,1.3,2.5,1.0,0.0,1.0,2.5,7.8,holidaa01
92,Justin Holiday,SF,30,IND,4,2,32.8,2.5,5.3,.476,2.0,4.0,.500,0.5,1.3,.400,.667,0.3,0.8,.333,1.0,2.8,3.8,0.8,1.5,1.3,0.8,2.0,7.3,holidju01
93,Rondae Hollis-Jefferson,PF,25,TOR,5,0,7.8,0.8,2.0,.400,0.0,0.2,.000,0.8,1.8,.444,.400,1.2,1.6,.750,1.0,1.0,2.0,0.6,0.4,0.2,0.2,1.0,2.8,holliro01
94,Al Horford,C,33,PHI,4,3,32.3,3.0,6.3,.480,0.0,1.0,.000,3.0,5.3,.571,.480,1.0,1.8,.571,2.3,5.0,7.3,2.3,0.3,1.3,0.8,3.5,7.0,horfoal01
95,Talen Horton-Tucker,SG,19,LAL,2,0,8.5,3.0,6.0,.500,1.0,2.5,.400,2.0,3.5,.571,.583,0.0,0.0,,0.0,2.5,2.5,0.0,1.0,0.0,0.0,2.0,7.0,hortota01
96,Danuel House Jr.,SF,26,HOU,9,4,31.0,4.1,9.4,.435,2.1,5.9,.358,2.0,3.6,.563,.547,1.1,1.4,.769,1.1,4.7,5.8,1.4,0.9,0.0,0.8,2.4,11.4,houseda01
97,Dwight Howard,C,34,LAL,18,7,15.7,2.2,3.2,.684,0.1,0.1,.500,2.1,3.1,.691,.693,1.4,2.5,.556,1.8,2.8,4.6,0.5,0.4,0.4,0.9,3.1,5.8,howardw01
98,Serge Ibaka,C,30,TOR,11,0,22.8,5.7,10.0,.573,2.1,4.1,.511,3.6,5.9,.615,.677,1.3,1.3,1.000,1.5,6.2,7.7,1.2,0.2,1.3,1.1,2.5,14.8,ibakase01
99,Andre Iguodala,SF,36,MIA,21,0,19.5,1.4,3.1,.462,0.7,1.9,.359,0.8,1.2,.615,.569,0.2,0.3,.714,0.5,2.0,2.6,1.5,0.8,0.6,0.7,2.1,3.8,iguodan01
100,Ersan İlyasova,PF,32,MIL,3,0,7.7,1.0,3.0,.333,0.3,1.7,.200,0.7,1.3,.500,.389,0.7,0.7,1.000,0.0,1.3,1.3,0.0,0.7,0.0,0.3,1.0,3.0,ilyaser01
101,Joe Ingles,PF,32,UTA,7,7,33.4,3.1,7.7,.407,2.0,5.7,.350,1.1,2.0,.571,.537,0.9,0.9,1.000,0.1,3.3,3.4,4.7,0.6,0.1,0.6,2.1,9.1,inglejo01
102,Wes Iwundu,SF,25,ORL,5,0,15.2,1.2,4.0,.300,0.8,1.4,.571,0.4,2.6,.154,.400,1.0,1.6,.625,0.2,2.0,2.2,0.8,0.6,0.4,0.6,1.0,4.2,iwundwe01
103,Justin Jackson,PF,24,DAL,3,0,5.3,0.3,2.0,.167,0.0,1.0,.000,0.3,1.0,.333,.167,0.7,1.3,.500,0.0,1.0,1.0,0.0,0.0,0.0,0.0,0.3,1.3,jacksju01
104,Reggie Jackson,PG,29,LAC,12,1,14.2,1.8,4.0,.438,1.4,2.7,.531,0.3,1.3,.250,.615,0.0,0.0,,0.2,1.6,1.8,0.9,0.2,0.1,0.4,1.5,4.9,jacksre01
105,LeBron James,PG,35,LAL,21,21,36.3,10.2,18.2,.560,2.1,5.7,.370,8.1,12.5,.646,.618,5.1,7.1,.720,1.3,9.4,10.8,8.8,1.2,0.9,4.0,1.9,27.6,jamesle01
106,Alize Johnson,PF,23,IND,1,0,0.0,0.0,0.0,,0.0,0.0,,0.0,0.0,,,0.0,0.0,,0.0,0.0,0.0,0.0,0.0,0.0,0.0,0.0,0.0,johnsal02
107,B.J. Johnson,SF,24,ORL,1,0,4.0,1.0,2.0,.500,1.0,1.0,1.000,0.0,1.0,.000,.750,0.0,0.0,,0.0,2.0,2.0,0.0,0.0,0.0,0.0,0.0,3.0,johnsbj01
108,Stanley Johnson,PF,23,TOR,3,0,6.7,1.7,3.7,.455,0.7,1.7,.400,1.0,2.0,.500,.545,0.3,0.3,1.000,0.3,1.0,1.3,2.0,0.0,0.0,0.3,1.0,4.3,johnsst04
109,Tyler Johnson,SG,27,BRK,4,2,23.3,5.3,11.5,.457,2.8,7.0,.393,2.5,4.5,.556,.576,0.5,0.5,1.000,0.0,1.8,1.8,2.3,0.0,0.3,0.8,2.8,13.8,johnsty01
110,Nikola Jokić,C,24,DEN,19,19,36.5,9.4,18.1,.519,2.2,5.2,.429,7.2,12.9,.555,.580,3.5,4.2,.835,1.9,7.9,9.8,5.7,1.1,0.8,3.3,3.6,24.4,jokicni01
111,Derrick Jones Jr.,SF,22,MIA,15,0,6.5,0.5,1.1,.471,0.3,0.6,.444,0.3,0.5,.500,.588,0.1,0.3,.400,0.4,0.4,0.8,0.5,0.4,0.3,0.1,0.8,1.5,jonesde02
112,Michael Kidd-Gilchrist,PF,26,DAL,6,0,9.2,0.7,2.3,.286,0.3,1.5,.222,0.3,0.8,.400,.357,0.7,1.0,.667,0.3,0.7,1.0,0.5,0.2,0.2,0.2,1.3,2.3,kiddgmi01
113,Maxi Kleber,PF,28,DAL,6,6,33.8,2.2,6.5,.333,0.8,4.3,.192,1.3,2.2,.615,.397,1.5,2.0,.750,1.7,4.8,6.5,1.5,0.3,1.2,0.7,3.3,6.7,klebima01
114,Furkan Korkmaz,SG,22,PHI,4,0,10.0,0.0,1.8,.000,0.0,1.5,.000,0.0,0.3,.000,.000,0.8,1.3,.600,0.0,1.5,1.5,0.5,0.3,0.0,0.5,0.8,0.8,korkmfu01
115,Kyle Korver,SF,38,MIL,10,0,11.9,2.0,4.7,.426,1.5,3.7,.405,0.5,1.0,.500,.585,0.7,0.7,1.000,0.1,0.7,0.8,0.1,0.3,0.1,0.5,0.9,6.2,korveky01
116,Rodions Kurucs,PF,21,BRK,4,1,14.5,2.8,5.0,.550,0.0,2.0,.000,2.8,3.0,.917,.550,0.0,0.5,.000,0.8,2.5,3.3,0.8,0.3,0.5,0.8,2.3,5.5,kurucro01
117,Kyle Kuzma,PF,24,LAL,21,0,23.0,3.7,8.5,.430,1.2,4.0,.313,2.4,4.6,.531,.503,1.4,1.8,.784,0.9,2.2,3.1,0.8,0.3,0.3,1.0,2.4,10.0,kuzmaky01
118,Romeo Langford,SG,20,BOS,7,0,6.6,0.6,1.4,.400,0.1,0.3,.500,0.4,1.1,.375,.450,0.1,0.3,.500,0.0,0.4,0.4,0.3,0.1,0.0,0.3,0.6,1.4,langfro01
119,Vic Law,PF,24,ORL,1,0,4.0,1.0,1.0,1.000,1.0,1.0,1.000,0.0,0.0,,1.500,0.0,0.0,,0.0,2.0,2.0,1.0,0.0,0.0,0.0,0.0,3.0,lawvi01
120,Kawhi Leonard,SF,28,LAC,13,13,39.3,10.1,20.6,.489,1.8,5.6,.329,8.2,15.0,.549,.534,6.2,7.2,.862,1.8,7.5,9.3,5.5,2.3,0.8,2.5,2.2,28.2,leonaka01
121,Meyers Leonard,C,27,MIA,3,2,10.3,1.7,2.7,.625,0.7,1.3,.500,1.0,1.3,.750,.750,0.7,0.7,1.000,0.0,0.3,0.3,1.0,0.3,0.0,0.0,1.3,4.7,leoname01
122,Caris LeVert,SG,25,BRK,4,4,35.0,6.8,18.3,.370,2.3,5.3,.429,4.5,13.0,.346,.432,4.5,6.3,.720,2.0,4.0,6.0,9.5,1.3,0.3,3.3,1.8,20.3,leverca01
123,Damian Lillard,PG,29,POR,4,4,35.8,6.5,16.0,.406,3.3,8.3,.394,3.3,7.8,.419,.508,8.0,8.3,.970,0.3,3.3,3.5,4.3,0.5,0.3,3.5,1.0,24.3,lillada01
124,Brook Lopez,C,31,MIL,10,10,32.8,6.1,11.4,.535,2.1,5.3,.396,4.0,6.1,.656,.627,1.5,2.0,.750,1.9,3.6,5.5,0.5,1.0,1.3,1.2,2.7,15.8,lopezbr01
125,Robin Lopez,C,31,MIL,3,0,7.0,1.0,1.3,.750,0.0,0.0,,1.0,1.3,.750,.750,0.0,0.0,,0.0,1.3,1.3,0.0,0.0,0.0,0.0,0.7,2.0,lopezro01
126,Kyle Lowry,PG,33,TOR,11,11,37.5,5.6,13.5,.419,2.1,6.5,.319,3.5,6.9,.513,.497,4.4,5.5,.800,0.7,5.8,6.5,5.8,1.7,0.7,2.5,3.6,17.7,lowryky01
127,Timothé Luwawu-Cabarrot,SF,24,BRK,4,3,32.8,5.0,14.8,.339,3.3,9.8,.333,1.8,5.0,.350,.449,2.8,3.0,.917,0.3,3.5,3.8,1.5,0.8,0.0,2.0,3.5,16.0,luwawti01
128,Terance Mann,SF,23,LAC,13,0,2.1,0.2,0.4,.400,0.0,0.2,.000,0.2,0.2,.667,.400,0.0,0.0,,0.0,0.5,0.5,0.1,0.1,0.0,0.2,0.3,0.3,mannte01
129,Boban Marjanović,C,31,DAL,6,0,13.7,2.8,5.0,.567,0.0,0.2,.000,2.8,4.8,.586,.567,1.2,1.5,.778,1.0,4.8,5.8,0.8,0.0,0.3,0.5,1.5,6.8,marjabo01
130,Jeremiah Martin,PG,23,BRK,3,0,9.0,1.3,4.7,.286,1.0,1.7,.600,0.3,3.0,.111,.393,0.3,0.3,1.000,0.0,1.0,1.0,1.3,0.0,0.3,0.7,0.7,4.0,martije02
131,Frank Mason III,PG,25,MIL,2,0,1.0,0.0,0.0,,0.0,0.0,,0.0,0.0,,,0.0,0.0,,0.0,0.0,0.0,0.5,0.0,0.0,0.0,0.0,0.0,masonfr01
132,Wesley Matthews,SG,33,MIL,10,10,24.6,2.4,5.7,.421,1.7,4.3,.395,0.7,1.4,.500,.570,0.7,1.0,.700,0.6,1.2,1.8,0.9,0.9,0.4,0.7,2.0,7.2,matthwe02
133,CJ McCollum,SG,28,POR,5,5,39.2,8.8,19.8,.444,2.6,7.0,.371,6.2,12.8,.484,.510,3.0,4.4,.682,1.0,4.8,5.8,3.2,1.2,0.4,3.0,2.0,23.2,mccolcj01
134,T.J. McConnell,PG,27,IND,3,0,9.3,1.0,2.7,.375,0.0,0.0,,1.0,2.7,.375,.375,0.3,0.7,.500,0.0,2.0,2.0,2.3,0.0,0.0,0.7,1.3,2.3,mccontj01
135,Doug McDermott,PF,28,IND,4,0,13.5,1.0,3.8,.267,0.5,2.5,.200,0.5,1.3,.400,.333,0.0,0.0,,0.0,0.8,0.8,0.3,0.3,0.0,0.3,0.8,2.5,mcderdo01
136,JaVale McGee,C,32,LAL,14,11,9.6,1.4,2.3,.625,0.0,0.1,.000,1.4,2.1,.667,.625,0.1,0.1,.500,1.1,2.0,3.1,0.5,0.1,0.7,0.6,1.6,2.9,mcgeeja01
137,Rodney McGruder,SG,28,LAC,5,0,3.2,0.6,1.0,.600,0.4,0.6,.667,0.2,0.4,.500,.800,0.0,0.0,,0.2,0.6,0.8,0.4,0.0,0.0,0.0,0.0,1.6,mcgruro01
138,Ben McLemore,SF,26,HOU,11,0,11.8,1.4,3.6,.375,1.3,3.3,.389,0.1,0.4,.250,.550,0.0,0.0,,0.2,0.8,1.0,0.5,0.4,0.0,0.3,0.7,4.0,mclembe01
139,Khris Middleton,SF,28,MIL,10,10,35.5,7.1,18.0,.394,2.3,6.5,.354,4.8,11.5,.417,.458,3.8,4.6,.826,0.5,6.4,6.9,6.0,1.1,0.2,3.4,4.1,20.3,middlkh01
140,Malcolm Miller,SF,26,TOR,1,0,5.0,1.0,3.0,.333,1.0,1.0,1.000,0.0,2.0,.000,.500,0.0,0.0,,0.0,0.0,0.0,0.0,0.0,0.0,0.0,2.0,3.0,millema01
141,Paul Millsap,PF,34,DEN,19,19,24.2,2.5,6.2,.398,0.8,2.3,.341,1.7,3.9,.432,.462,2.3,2.8,.796,1.4,3.3,4.7,1.2,0.6,0.5,1.3,2.6,8.0,millspa01
142,Shake Milton,SG,23,PHI,4,4,31.5,5.3,11.0,.477,2.5,6.3,.400,2.8,4.8,.579,.591,1.5,1.8,.857,0.3,3.0,3.3,2.8,0.5,0.0,1.5,3.3,14.5,miltosh01
143,Donovan Mitchell,SG,23,UTA,7,7,37.7,11.9,22.4,.529,4.7,9.1,.516,7.1,13.3,.538,.634,7.9,8.3,.948,0.9,4.1,5.0,4.9,1.0,0.3,4.1,1.6,36.3,mitchdo01
144,Juwan Morgan,PF,22,UTA,7,2,12.3,0.4,1.7,.250,0.3,1.4,.200,0.1,0.3,.500,.333,0.3,0.9,.333,0.9,2.1,3.0,0.7,0.3,0.0,0.1,1.6,1.4,morgaju01
145,Marcus Morris,PF,30,LAC,13,13,29.8,4.3,8.5,.505,2.2,4.5,.475,2.2,4.0,.538,.631,1.0,1.1,.929,0.8,4.0,4.8,1.6,0.8,0.1,0.7,3.0,11.8,morrima03
146,Markieff Morris,PF,30,LAL,21,2,18.3,2.1,4.7,.449,1.4,3.3,.420,0.7,1.4,.517,.597,0.3,0.4,.778,0.6,2.5,3.0,1.0,0.3,0.1,0.8,2.6,5.9,morrima02
147,Monte Morris,PG,24,DEN,19,4,21.4,3.5,7.0,.496,0.6,2.1,.300,2.8,4.9,.581,.541,1.5,1.8,.824,0.2,1.3,1.5,2.7,0.6,0.1,0.5,1.1,9.1,morrimo01
148,Emmanuel Mudiay,PG,23,UTA,3,0,11.3,1.7,4.7,.357,0.7,1.0,.667,1.0,3.7,.273,.429,0.3,0.7,.500,0.3,1.7,2.0,0.7,0.0,0.3,0.3,0.0,4.3,mudiaem01
149,Jamal Murray,PG,22,DEN,19,19,39.6,9.8,19.4,.505,3.3,7.2,.453,6.5,12.2,.537,.590,3.7,4.1,.897,1.1,3.8,4.8,6.6,0.9,0.3,2.8,2.2,26.5,murraja01
150,Džanan Musa,SF,20,BRK,3,0,13.0,0.7,3.7,.182,0.0,2.0,.000,0.7,1.7,.400,.182,3.3,4.7,.714,0.3,0.7,1.0,1.3,0.0,0.3,1.0,0.7,4.7,musadz01
151,Mike Muscala,C,28,OKC,2,0,10.0,0.5,1.0,.500,0.5,0.5,1.000,0.0,0.5,.000,.750,0.0,0.0,,0.0,2.0,2.0,0.5,0.0,0.0,0.0,1.0,1.5,muscami01
152,Abdel Nader,SF,26,OKC,3,0,8.3,0.3,2.3,.143,0.3,1.7,.200,0.0,0.7,.000,.214,0.3,0.7,.500,0.3,0.7,1.0,0.0,0.3,0.7,0.0,0.3,1.3,naderab01
153,Raul Neto,PG,27,PHI,2,0,13.0,1.5,4.5,.333,1.0,2.5,.400,0.5,2.0,.250,.444,0.0,0.0,,0.0,1.5,1.5,1.5,0.5,0.0,0.5,0.0,4.0,netora01
154,Georges Niang,PF,26,UTA,7,0,16.3,3.1,6.3,.500,1.7,4.1,.414,1.4,2.1,.667,.636,0.3,0.3,1.000,0.6,1.6,2.1,0.6,0.0,0.1,0.3,1.3,8.3,niangge01
155,Joakim Noah,C,34,LAC,2,0,1.0,0.0,0.0,,0.0,0.0,,0.0,0.0,,,0.0,0.0,,0.0,0.0,0.0,0.0,0.0,0.0,0.0,0.0,0.0,noahjo01
156,Nerlens Noel,C,25,OKC,7,0,13.9,1.1,2.4,.471,0.0,0.1,.000,1.1,2.3,.500,.471,0.7,1.4,.500,0.7,3.4,4.1,0.4,0.3,0.7,0.3,2.1,3.0,noelne01
157,Kendrick Nunn,PG,24,MIA,15,0,15.9,2.4,6.1,.391,0.8,2.9,.279,1.6,3.3,.490,.457,0.5,0.5,1.000,0.2,1.9,2.1,1.3,0.2,0.2,0.8,1.4,6.1,nunnke01
158,Jusuf Nurkić,C,25,POR,5,5,32.2,5.0,11.4,.439,0.6,2.2,.273,4.4,9.2,.478,.465,3.6,4.6,.783,2.8,7.6,10.4,3.6,1.4,0.2,2.6,4.2,14.2,nurkiju01
159,Royce O'Neale,SF,26,UTA,7,7,35.6,1.9,4.6,.406,1.4,3.1,.455,0.4,1.4,.300,.563,0.4,0.9,.500,0.4,5.0,5.4,2.7,1.3,0.3,1.9,3.6,5.6,onealro01
160,Kyle O'Quinn,C,29,PHI,1,0,6.0,0.0,0.0,,0.0,0.0,,0.0,0.0,,,0.0,0.0,,0.0,1.0,1.0,1.0,0.0,0.0,2.0,3.0,0.0,oquinky01
161,Semi Ojeleye,PF,25,BOS,13,0,9.4,0.5,2.2,.250,0.4,1.8,.217,0.2,0.4,.400,.339,0.2,0.2,1.000,0.2,0.8,0.9,0.1,0.2,0.0,0.1,0.7,1.6,ojelese01
162,Victor Oladipo,SG,27,IND,4,4,30.8,5.5,14.0,.393,3.0,8.3,.364,2.5,5.8,.435,.500,3.8,4.0,.938,0.0,3.3,3.3,2.5,2.3,0.0,3.5,3.5,17.8,oladivi01
163,Kelly Olynyk,C,28,MIA,17,0,15.2,2.6,5.6,.474,1.0,2.9,.347,1.6,2.7,.609,.563,1.4,1.6,.821,0.8,3.9,4.6,1.1,0.2,0.5,0.8,2.1,7.6,olynyke01
164,Miye Oni,SF,22,UTA,2,0,7.0,1.5,3.0,.500,0.5,2.0,.250,1.0,1.0,1.000,.583,0.0,0.0,,1.0,1.0,2.0,0.0,0.5,0.5,0.5,1.0,3.5,onimi01
165,Patrick Patterson,PF,30,LAC,2,0,5.0,1.5,1.5,1.000,1.5,1.5,1.000,0.0,0.0,,1.500,0.0,0.0,,0.0,0.5,0.5,2.0,0.0,0.0,0.0,0.5,4.5,pattepa01
166,Chris Paul,PG,34,OKC,7,7,37.3,7.9,16.0,.491,2.3,6.1,.372,5.6,9.9,.565,.563,3.3,3.7,.885,0.4,7.0,7.4,5.3,1.6,0.4,3.3,2.6,21.3,paulch01
167,Norvel Pelle,C,26,PHI,1,0,7.0,0.0,0.0,,0.0,0.0,,0.0,0.0,,,0.0,0.0,,0.0,0.0,0.0,0.0,1.0,1.0,0.0,0.0,0.0,pelleno01
168,Mason Plumlee,C,29,DEN,19,0,10.8,1.0,2.1,.487,0.0,0.1,.000,1.0,2.0,.500,.487,0.4,0.6,.667,1.6,1.6,3.2,1.3,0.2,0.4,0.6,2.1,2.4,plumlma01
169,Vincent Poirier,C,26,BOS,1,0,2.0,0.0,0.0,,0.0,0.0,,0.0,0.0,,,0.0,0.0,,0.0,0.0,0.0,1.0,1.0,0.0,0.0,0.0,0.0,poirivi01
170,Michael Porter Jr.,SF,21,DEN,19,3,23.7,4.1,8.6,.476,1.8,4.7,.382,2.3,3.9,.587,.579,1.4,1.8,.743,1.1,5.6,6.7,0.8,0.7,0.3,1.3,2.3,11.4,portemi01
171,Kristaps Porziņģis,C,24,DAL,3,3,31.3,7.0,13.3,.525,3.0,5.7,.529,4.0,7.7,.522,.638,6.7,7.7,.870,1.0,7.7,8.7,0.7,0.0,1.0,1.0,3.0,23.7,porzikr01
172,Norman Powell,SG,26,TOR,11,0,24.8,4.6,9.5,.490,2.0,4.7,.423,2.6,4.7,.558,.596,2.1,2.6,.793,0.4,2.0,2.4,1.0,0.5,0.3,1.0,2.6,13.4,powelno01
173,Josh Reaves,SF,22,DAL,2,0,4.5,0.5,1.5,.333,0.0,0.5,.000,0.5,1.0,.500,.333,1.0,1.0,1.000,0.0,1.0,1.0,0.5,0.0,0.5,0.5,0.5,2.0,reavejo02
174,Josh Richardson,SG,26,PHI,4,4,36.0,5.0,14.0,.357,2.5,7.0,.357,2.5,7.0,.357,.446,4.3,4.5,.944,1.0,2.8,3.8,3.3,0.5,0.5,2.0,3.0,16.8,richajo01
175,Austin Rivers,SG,27,HOU,12,0,17.6,1.6,5.1,.311,0.8,2.9,.257,0.8,2.2,.385,.385,0.8,1.1,.769,0.2,2.3,2.5,1.3,0.6,0.1,0.7,1.8,4.8,riverau01
176,Andre Roberson,SF,28,OKC,1,0,3.0,0.0,1.0,.000,0.0,1.0,.000,0.0,0.0,,.000,0.0,0.0,,0.0,0.0,0.0,0.0,0.0,0.0,0.0,1.0,0.0,roberan03
177,Duncan Robinson,SG,25,MIA,21,21,28.6,3.6,8.4,.426,3.0,7.4,.397,0.6,1.0,.650,.602,1.6,1.8,.868,0.2,2.5,2.8,1.8,0.7,0.3,0.8,3.1,11.7,robindu01
178,Rajon Rondo,PG,33,LAL,16,0,24.7,3.4,7.6,.455,1.3,3.1,.400,2.2,4.4,.493,.537,0.8,1.2,.684,0.8,3.5,4.3,6.6,1.4,0.1,2.1,2.3,8.9,rondora01
179,Terrence Ross,SG,28,ORL,5,0,27.0,6.0,12.8,.469,2.0,6.0,.333,4.0,6.8,.588,.547,2.4,2.8,.857,0.2,4.2,4.4,1.0,0.8,0.2,1.6,2.8,16.4,rosste01
180,JaKarr Sampson,PF,26,IND,4,0,12.5,2.5,4.0,.625,0.0,0.0,,2.5,4.0,.625,.625,0.0,0.0,,0.3,3.0,3.3,1.0,0.5,0.0,0.5,2.5,5.0,sampsja02
181,Dennis Schröder,PG,26,OKC,7,0,32.4,6.3,15.6,.404,1.9,6.4,.289,4.4,9.1,.484,.463,2.9,3.6,.800,0.3,3.4,3.7,3.6,0.6,0.1,2.4,2.1,17.3,schrode01
182,Mike Scott,PF,31,PHI,4,0,5.0,0.3,1.3,.200,0.0,0.5,.000,0.3,0.8,.333,.200,1.0,1.0,1.000,0.5,1.5,2.0,0.3,0.0,0.0,0.0,0.5,1.5,scottmi01
183,Landry Shamet,SG,22,LAC,13,4,18.7,1.8,4.5,.407,1.2,3.2,.357,0.7,1.3,.529,.534,0.4,0.5,.714,0.0,1.7,1.7,1.3,0.5,0.2,1.0,1.4,5.2,shamela01
184,Pascal Siakam,PF,25,TOR,11,11,38.0,6.5,16.5,.396,0.9,4.8,.189,5.6,11.7,.481,.423,3.0,4.2,.717,1.3,6.3,7.5,3.8,1.1,0.4,2.0,3.0,17.0,siakapa01
185,Anfernee Simons,SG,20,POR,4,0,20.5,2.0,6.5,.308,1.5,3.5,.429,0.5,3.0,.167,.423,1.3,1.5,.833,0.3,2.5,2.8,2.5,1.5,0.0,1.0,1.8,6.8,simonan01
186,Marcus Smart,SG,25,BOS,17,16,38.1,4.6,11.6,.394,2.4,7.2,.333,2.2,4.4,.493,.497,2.9,3.3,.875,0.6,4.6,5.2,4.6,1.2,0.5,2.6,3.2,14.5,smartma01
187,J.R. Smith,SG,34,LAL,10,0,7.5,0.7,2.6,.269,0.6,2.2,.273,0.1,0.4,.250,.385,0.0,0.0,,0.0,0.3,0.3,0.3,0.2,0.0,0.7,1.1,2.0,smithjr01
188,Edmond Sumner,SG,24,IND,3,0,13.7,0.7,2.3,.286,0.0,1.0,.000,0.7,1.3,.500,.286,0.7,0.7,1.000,0.3,1.7,2.0,0.0,0.0,0.0,0.7,1.7,2.0,sumneed01
189,Jayson Tatum,PF,21,BOS,17,17,40.6,8.5,19.6,.434,2.8,7.4,.373,5.8,12.2,.471,.504,5.9,7.2,.813,1.3,8.7,10.0,5.0,1.0,1.2,2.8,2.4,25.7,tatumja01
190,Garrett Temple,SG,33,BRK,4,4,34.3,4.3,12.3,.347,2.3,9.0,.250,2.0,3.3,.615,.439,1.3,1.5,.833,0.0,2.8,2.8,2.0,0.8,0.3,1.5,3.0,12.0,templga01
191,Daniel Theis,C,27,BOS,17,17,28.4,3.6,6.9,.521,0.2,1.5,.154,3.4,5.4,.626,.538,1.5,1.9,.788,1.9,5.2,7.1,1.5,0.4,1.2,0.9,3.9,8.9,theisda01
192,Lance Thomas,PF,31,BRK,3,0,5.7,0.3,1.7,.200,0.0,0.7,.000,0.3,1.0,.333,.200,0.7,1.3,.500,0.3,0.7,1.0,0.0,0.0,0.3,0.0,0.7,1.3,thomala01
193,Matt Thomas,SG,25,TOR,10,0,8.4,1.3,2.1,.619,0.5,1.2,.417,0.8,0.9,.889,.738,0.0,0.0,,0.1,1.3,1.4,0.7,0.1,0.1,0.1,0.6,3.1,thomama02
194,Matisse Thybulle,SG,22,PHI,4,1,18.8,0.8,1.8,.429,0.3,1.0,.250,0.5,0.8,.667,.500,0.0,0.0,,0.3,1.5,1.8,0.5,0.8,0.3,0.5,1.5,1.8,thybuma01
195,Gary Trent Jr.,SF,21,POR,5,1,30.6,3.2,9.0,.356,2.0,4.8,.417,1.2,4.2,.286,.467,1.2,1.4,.857,1.0,1.0,2.0,0.6,0.8,0.0,1.0,3.2,9.6,trentga02
196,P.J. Tucker,PF,34,HOU,12,12,34.5,2.9,7.3,.398,2.1,5.6,.373,0.8,1.8,.476,.540,0.0,0.0,,1.9,5.3,7.2,1.5,1.1,0.3,1.0,3.9,7.9,tuckepj01
197,Rayjon Tucker,SG,22,UTA,2,0,5.5,1.0,2.5,.400,0.5,1.5,.333,0.5,1.0,.500,.500,0.0,0.0,,0.0,0.0,0.0,0.0,0.0,0.0,0.5,0.5,2.5,tuckera01
198,Myles Turner,C,23,IND,4,4,36.5,6.3,11.0,.568,1.5,3.5,.429,4.8,7.5,.633,.636,1.8,4.0,.438,2.8,8.0,10.8,0.8,0.5,4.0,2.3,3.3,15.8,turnemy01
199,Fred VanVleet,SG,25,TOR,11,11,39.1,6.9,17.3,.400,3.9,10.0,.391,3.0,7.3,.413,.513,1.9,2.3,.840,0.5,3.9,4.4,6.9,1.6,0.6,2.0,2.5,19.6,vanvlfr01
200,Gabe Vincent,PG,23,MIA,1,0,0.0,0.0,0.0,,0.0,0.0,,0.0,0.0,,,0.0,0.0,,0.0,0.0,0.0,0.0,0.0,0.0,0.0,0.0,0.0,vincega01
201,Noah Vonleh,C,24,DEN,1,0,3.0,0.0,1.0,.000,0.0,0.0,,0.0,1.0,.000,.000,0.0,0.0,,0.0,0.0,0.0,0.0,0.0,0.0,0.0,0.0,0.0,vonleno01
202,Nikola Vučević,C,29,ORL,5,5,37.0,11.2,22.2,.505,3.6,8.8,.409,7.6,13.4,.567,.586,2.0,2.2,.909,1.8,9.2,11.0,4.0,0.8,0.6,2.6,2.6,28.0,vucevni01
203,Dion Waiters,SG,28,LAL,5,0,7.6,0.8,2.4,.333,0.0,0.8,.000,0.8,1.6,.500,.333,0.4,0.4,1.000,0.0,0.4,0.4,0.4,0.2,0.2,0.2,0.4,2.0,waitedi01
204,Kemba Walker,PG,29,BOS,17,17,36.9,6.6,15.1,.441,2.3,7.4,.310,4.4,7.6,.569,.518,4.1,4.8,.852,0.4,3.7,4.1,5.1,0.9,0.4,1.9,2.5,19.6,walkeke02
205,Brad Wanamaker,PG,30,BOS,17,0,16.1,1.7,3.5,.483,0.7,1.6,.444,1.0,1.9,.515,.583,0.8,0.9,.875,0.1,1.9,2.0,1.8,0.7,0.2,1.1,1.9,4.9,wanambr01
206,T.J. Warren,SF,26,IND,4,4,39.0,8.0,17.0,.471,1.8,4.8,.368,6.3,12.3,.510,.522,2.3,2.3,1.000,1.3,5.0,6.3,3.0,2.3,0.3,2.8,4.0,20.0,warretj01
207,Tremont Waters,PG,22,BOS,1,0,2.0,0.0,1.0,.000,0.0,1.0,.000,0.0,0.0,,.000,0.0,0.0,,0.0,1.0,1.0,1.0,0.0,0.0,0.0,0.0,0.0,watertr01
208,Paul Watson,SF,25,TOR,2,0,4.5,0.5,1.0,.500,0.0,0.0,,0.5,1.0,.500,.500,0.0,0.0,,0.0,0.0,0.0,0.5,0.5,0.0,0.0,0.0,1.0,watsopa01
209,Russell Westbrook,PG,31,HOU,8,8,32.8,7.4,17.5,.421,1.0,4.1,.242,6.4,13.4,.477,.450,2.1,4.0,.531,1.4,5.6,7.0,4.6,1.5,0.3,3.8,2.9,17.9,westbru01
210,Hassan Whiteside,C,30,POR,5,3,21.2,2.6,4.8,.542,0.2,0.2,1.000,2.4,4.6,.522,.563,1.4,2.8,.500,1.4,5.6,7.0,0.4,0.2,2.0,1.2,3.4,6.8,whiteha01
211,Grant Williams,PF,21,BOS,17,0,10.0,0.9,1.5,.577,0.6,1.0,.588,0.3,0.5,.556,.769,0.4,0.6,.700,0.4,1.1,1.5,0.4,0.1,0.3,0.2,1.9,2.8,willigr01
212,Lou Williams,PG,33,LAC,13,0,26.2,4.8,11.2,.425,0.9,3.9,.235,3.8,7.3,.526,.466,2.3,2.8,.811,0.5,2.6,3.2,4.2,0.8,0.2,1.6,1.4,12.8,willilo02
213,Marvin Williams,PF,33,MIL,10,0,17.9,2.1,4.7,.447,1.0,2.3,.435,1.1,2.4,.458,.553,0.3,0.3,1.000,1.3,3.5,4.8,0.9,0.5,0.3,0.3,1.4,5.5,willima02
214,Robert Williams,C,22,BOS,13,0,11.5,1.8,2.4,.742,0.0,0.1,.000,1.8,2.3,.767,.742,0.2,0.5,.333,1.7,2.2,3.9,0.8,0.2,0.5,0.5,1.4,3.7,williro04
215,Nigel Williams-Goss,PG,25,UTA,1,0,2.0,0.0,0.0,,0.0,0.0,,0.0,0.0,,,0.0,0.0,,0.0,0.0,0.0,1.0,0.0,0.0,0.0,0.0,0.0,willini01
216,Delon Wright,PG,27,DAL,4,0,13.3,1.5,2.5,.600,0.3,0.5,.500,1.3,2.0,.625,.650,0.8,1.3,.600,0.3,0.5,0.8,1.8,1.3,0.0,1.3,0.5,4.0,wrighde01
217,Ivica Zubac,C,22,LAC,13,13,24.6,3.4,6.0,.564,0.0,0.0,,3.4,6.0,.564,.564,2.3,2.8,.811,2.4,4.8,7.2,0.6,0.2,0.8,0.9,2.6,9.1,zubaciv01