,,,,,Totals,Totals,Totals,Totals,Totals,Totals,Totals,Totals,Totals,Totals,Totals,Totals,Totals,Totals,Totals,Totals,Shooting,Shooting,Shooting,Per Game,Per Game,Per Game,Per Game,Per Game,Per Game,-additional
Rk,Player,Debut,Age,Yrs,G,MP,FG,FGA,3P,3PA,FT,FTA,ORB,TRB,AST,STL,BLK,TOV,PF,PTS,FG%,3P%,FT%,MP,PTS,TRB,AST,STL,BLK,-9999
1,Ibou Badji,Dec 26 '23 POR vs. SAC,21,1,18,203,12,19,0,0,5,10,19,48,13,2,20,14,42,29,.632,,.500,11.3,1.6,2.7,0.7,0.1,1.1,badjiib01
2,Amari Bailey,Nov 12 '23 CHO @ NYK,19,1,4,16,2,7,0,3,1,2,2,2,1,0,0,1,0,5,.286,.000,.500,4.0,1.3,0.5,0.3,0.0,0.0,baileam01
3,Emoni Bates,Oct 28 '23 CLE vs. IND,20,1,11,88,9,32,6,24,1,4,1,11,6,1,2,2,5,25,.281,.250,.250,8.0,2.3,1.0,0.5,0.1,0.2,batesem01
4,Jules Bernard,Dec 8 '23 WAS @ BRK,24,1,9,39,7,17,3,11,1,3,3,6,5,1,1,2,6,18,.412,.273,.333,4.3,2.0,0.7,0.6,0.1,0.1,bernaju01
5,Onuralp Bitim,Nov 4 '23 CHI @ DEN,24,1,11,151,19,43,9,25,3,4,5,18,7,2,1,5,10,50,.442,.360,.750,13.7,4.5,1.6,0.6,0.2,0.1,bitimon01
6,Anthony Black,Oct 25 '23 ORL vs. HOU,20,1,60,1090,105,229,34,87,48,75,31,135,87,33,19,52,107,292,.459,.391,.640,18.2,4.9,2.3,1.5,0.6,0.3,blackan01
7,Leaky Black,Nov 8 '23 CHO vs. WAS,24,1,22,218,17,39,7,15,9,14,8,38,18,5,6,5,15,50,.436,.467,.643,9.9,2.3,1.7,0.8,0.2,0.3,blackle01
8,Izaiah Brockington,Mar 5 '24 NOP @ TOR,24,1,1,3,2,5,0,1,0,0,1,2,0,0,0,0,0,4,.400,.000,,3.0,4.0,2.0,0.0,0.0,0.0,brockiz01
9,Kobe Brown,Oct 25 '23 LAC vs. POR,24,1,35,289,24,63,12,39,1,2,10,46,17,6,3,7,41,61,.381,.308,.500,8.3,1.7,1.3,0.5,0.2,0.1,brownko01
10,Kobe Bufkin,Oct 29 '23 ATL @ MIL,20,1,9,89,13,37,5,17,2,4,2,14,15,3,1,5,6,33,.351,.294,.500,9.9,3.7,1.6,1.7,0.3,0.1,bufkiko01
11,Toumani Camara,Oct 25 '23 POR @ LAC,23,1,63,1537,169,385,49,151,70,94,123,311,74,61,28,74,155,457,.439,.325,.745,24.4,7.3,4.9,1.2,1.0,0.4,camarto01
12,D.J. Carton,Feb 22 '24 TOR vs. BRK,23,1,4,36,3,8,1,4,4,5,2,4,3,1,0,1,3,11,.375,.250,.800,9.0,2.8,1.0,0.8,0.3,0.0,cartodj01
13,Colin Castleton,Nov 4 '23 LAL @ ORL,23,1,7,36,7,10,0,0,4,4,4,9,3,0,0,1,7,18,.700,,1.000,5.1,2.6,1.3,0.4,0.0,0.0,castlco01
14,Malcolm Cazalon,Nov 5 '23 DET vs. PHO,22,1,1,3,0,0,0,0,0,0,0,0,0,0,0,0,0,0,,,,3.0,0.0,0.0,0.0,0.0,0.0,cazalma01
15,Sidy Cissoko,Nov 20 '23 SAS vs. LAC,19,1,6,32,1,6,0,4,4,4,0,6,0,3,0,1,2,6,.167,.000,1.000,5.3,1.0,1.0,0.0,0.5,0.0,cissosi01
16,Noah Clowney,Nov 25 '23 BRK vs. MIA,19,1,9,82,11,18,1,4,6,6,6,15,8,2,1,3,6,29,.611,.250,1.000,9.1,3.2,1.7,0.9,0.2,0.1,clownno01
17,Bilal Coulibaly,Oct 25 '23 WAS @ IND,19,1,62,1685,183,423,63,182,88,123,54,248,108,56,48,85,134,517,.433,.346,.715,27.2,8.3,4.0,1.7,0.9,0.8,coulibi01
18,Ricky Council IV,Jan 2 '24 PHI vs. CHI,22,1,22,202,39,85,4,20,44,60,12,39,7,2,1,4,11,126,.459,.200,.733,9.2,5.7,1.8,0.3,0.1,0.0,councri01
19,Jalen Crutcher,Feb 27 '24 NOP @ NYK,24,1,1,3,0,1,0,0,0,0,0,0,0,0,0,0,0,0,.000,,,3.0,0.0,0.0,0.0,0.0,0.0,crutcja01
20,Dexter Dennis,Dec 1 '23 DAL vs. MEM,24,1,4,30,10,19,1,8,1,3,1,9,4,0,1,3,1,22,.526,.125,.333,7.5,5.5,2.3,1.0,0.0,0.3,dennide01
21,Gradey Dick,Oct 25 '23 TOR vs. MIN,20,1,46,839,116,274,57,159,26,28,23,94,56,25,1,30,65,315,.423,.358,.929,18.2,6.8,2.0,1.2,0.5,0.0,dickgr01
22,Henri Drell,Mar 14 '24 CHI vs. LAC,23,1,1,3,1,2,0,1,0,0,1,1,2,0,0,0,0,2,.500,.000,,3.0,2.0,1.0,2.0,0.0,0.0,drellhe01
23,Tosan Evbuomwan,Feb 2 '24 MEM vs. GSW,22,1,7,91,7,18,3,9,0,0,8,16,6,1,1,1,6,17,.389,.333,,13.0,2.4,2.3,0.9,0.1,0.1,evbuoto01
24,Adam Flagler,Feb 23 '24 OKC vs. WAS,24,1,1,6,0,3,0,3,0,0,0,0,1,0,0,0,0,0,.000,.000,,6.0,0.0,0.0,1.0,0.0,0.0,flaglad01
25,Jordan Ford,Oct 25 '23 SAC @ UTA,25,1,6,22,4,7,2,3,2,2,0,2,2,0,0,1,0,12,.571,.667,1.000,3.7,2.0,0.3,0.3,0.0,0.0,fordjo01
26,Javon Freeman-Liberty,Jan 17 '24 TOR vs. MIA,24,1,7,71,8,19,2,8,8,9,2,12,7,0,2,3,5,26,.421,.250,.889,10.1,3.7,1.7,1.0,0.0,0.3,freemja01
27,Alex Fudge,Nov 4 '23 LAL @ ORL,20,1,4,14,1,6,0,2,2,2,2,2,0,0,0,1,1,4,.167,.000,1.000,3.5,1.0,0.5,0.0,0.0,0.0,fudgeal01
28,Andrew Funk,Mar 14 '24 CHI vs. LAC,24,1,1,1,0,0,0,0,0,0,0,0,0,0,0,0,0,0,,,,1.0,0.0,0.0,0.0,0.0,0.0,funkan01
29,Kaiser Gates,Oct 30 '23 NOP vs. GSW,27,1,1,7,0,4,0,2,0,0,0,1,0,0,0,0,0,0,.000,.000,,7.0,0.0,1.0,0.0,0.0,0.0,gateska01
30,Keyonte George,Oct 25 '23 UTA vs. SAC,20,1,59,1529,245,608,120,334,140,169,14,166,263,29,7,126,70,750,.403,.359,.828,25.9,12.7,2.8,4.5,0.5,0.1,georgke01
31,Collin Gillespie,Oct 24 '23 DEN vs. LAL,24,1,19,161,23,45,11,24,5,8,1,12,16,10,0,10,18,62,.511,.458,.625,8.5,3.3,0.6,0.8,0.5,0.0,gilleco01
32,Mouhamadou Gueye,Feb 12 '24 TOR vs. SAS,25,1,2,10,1,4,0,0,0,0,3,5,0,0,3,0,2,2,.250,,,5.0,1.0,2.5,0.0,0.0,1.5,gueyemo01
33,Mouhamed Gueye,Oct 29 '23 ATL @ MIL,21,1,2,4,0,1,0,1,0,0,0,0,0,1,0,0,1,0,.000,.000,,2.0,0.0,0.0,0.0,0.5,0.0,gueyemo02
34,Jordan Hawkins,Oct 25 '23 NOP @ MEM,21,1,56,1079,168,432,104,282,65,77,28,141,65,17,6,38,68,505,.389,.369,.844,19.3,9.0,2.5,1.2,0.3,0.1,hawkijo01
35,Scoot Henderson,Oct 25 '23 POR @ LAC,19,1,47,1263,205,551,55,185,128,156,40,142,224,27,10,138,146,593,.372,.297,.821,26.9,12.6,3.0,4.8,0.6,0.2,hendesc01
36,Taylor Hendricks,Oct 25 '23 UTA vs. SAC,20,1,24,420,52,123,23,71,10,13,29,101,13,14,16,17,45,137,.423,.324,.769,17.5,5.7,4.2,0.5,0.6,0.7,hendrita01
37,D'Moi Hodge,Nov 4 '23 LAL @ ORL,25,1,7,41,5,15,3,12,1,2,0,0,5,1,1,1,4,14,.333,.250,.500,5.9,2.0,0.0,0.7,0.1,0.1,hodgedm01
38,Chet Holmgren,Oct 25 '23 OKC @ CHI,21,1,66,1992,416,776,111,284,163,207,105,517,178,42,162,104,159,1106,.536,.391,.787,30.2,16.8,7.8,2.7,0.6,2.5,holmgch01
39,Jalen Hood-Schifino,Nov 27 '23 LAL @ PHI,20,1,21,109,10,45,2,15,12,20,2,13,8,3,2,9,13,34,.222,.133,.600,5.2,1.6,0.6,0.4,0.1,0.1,hoodsja01
40,Jett Howard,Oct 25 '23 ORL vs. HOU,20,1,13,49,8,22,5,17,2,4,1,5,3,0,1,2,3,23,.364,.294,.500,3.8,1.8,0.4,0.2,0.0,0.1,howarje01
41,Matthew Hurt,Jan 29 '24 MEM vs. SAC,23,1,8,113,12,34,5,20,3,3,9,16,4,3,3,2,8,32,.353,.250,1.000,14.1,4.0,2.0,0.5,0.4,0.4,hurtma01
42,Andre Jackson Jr.,Oct 29 '23 MIL vs. ATL,22,1,49,511,47,89,15,40,8,11,39,98,46,14,4,23,82,117,.528,.375,.727,10.4,2.4,2.0,0.9,0.3,0.1,jacksan01
43,GG Jackson II,Oct 30 '23 MEM vs. DAL,19,1,33,722,139,323,59,163,70,96,37,118,26,14,19,39,40,407,.430,.362,.729,21.9,12.3,3.6,0.8,0.4,0.6,jacksgg01
44,Trayce Jackson-Davis,Oct 27 '23 GSW @ SAC,23,1,52,726,157,222,0,0,53,94,91,224,52,16,47,34,85,367,.707,,.564,14.0,7.1,4.3,1.0,0.3,0.9,jackstr02
45,Jaime Jaquez Jr.,Oct 25 '23 MIA vs. DET,22,1,60,1758,290,585,53,164,118,146,72,241,153,67,13,93,140,751,.496,.323,.808,29.3,12.5,4.0,2.6,1.1,0.2,jaqueja01
46,Trey Jemison,Jan 24 '24 WAS vs. MIN,24,1,15,290,44,72,0,0,12,15,30,62,11,6,15,19,43,100,.611,,.800,19.3,6.7,4.1,0.7,0.4,1.0,jemistr01
47,Keyontae Johnson,Oct 29 '23 OKC vs. DEN,23,1,9,66,5,16,1,3,0,0,4,10,4,1,0,4,5,11,.313,.333,,7.3,1.2,1.1,0.4,0.1,0.0,johnske08
48,Colby Jones,Oct 25 '23 SAC @ UTA,21,1,19,126,18,48,1,13,2,5,10,26,11,4,1,5,16,39,.375,.077,.400,6.6,2.1,1.4,0.6,0.2,0.1,jonesco02
49,Maxwell Lewis,Oct 24 '23 LAL @ DEN,21,1,24,77,3,12,1,3,0,0,1,3,3,2,0,7,4,7,.250,.333,,3.2,0.3,0.1,0.1,0.1,0.0,lewisma05
50,E.J. Liddell,Oct 28 '23 NOP vs. NYK,23,1,8,23,1,6,0,5,2,2,0,5,1,2,2,2,2,4,.167,.000,1.000,2.9,0.5,0.6,0.1,0.3,0.3,liddeej01
51,Dereck Lively II,Oct 25 '23 DAL @ SAS,19,1,48,1162,195,260,0,2,37,70,123,333,55,33,69,46,134,427,.750,.000,.529,24.2,8.9,6.9,1.1,0.7,1.4,livelde01
52,Chris Livingston,Nov 1 '23 MIL @ TOR,20,1,16,69,7,16,1,3,2,2,2,15,5,2,0,4,11,17,.438,.333,1.000,4.3,1.1,0.9,0.3,0.1,0.0,livinch01
53,Seth Lundy,Dec 15 '23 ATL @ TOR,23,1,9,52,4,17,3,13,3,4,1,7,0,0,0,1,6,14,.235,.231,.750,5.8,1.6,0.8,0.0,0.0,0.0,lundyse01
54,Nathan Mensah,Dec 15 '23 CHO vs. NOP,25,1,25,307,12,28,0,0,9,12,29,65,9,6,14,14,64,33,.429,,.750,12.3,1.3,2.6,0.4,0.2,0.6,mensana01
55,Vasilije Micić,Oct 27 '23 OKC @ CLE,30,1,46,776,109,246,28,101,44,54,10,58,170,20,4,65,45,290,.443,.277,.815,16.9,6.3,1.3,3.7,0.4,0.1,micicva01
56,Brandon Miller,Oct 25 '23 CHO vs. ATL,21,1,60,1928,380,872,141,383,107,131,51,254,146,57,33,104,153,1008,.436,.368,.817,32.1,16.8,4.2,2.4,1.0,0.6,millebr02
57,Jordan Miller,Oct 25 '23 LAC vs. POR,24,1,7,26,5,9,1,2,2,2,3,5,0,0,0,1,2,13,.556,.500,1.000,3.7,1.9,0.7,0.0,0.0,0.0,millejo02
58,Leonard Miller,Oct 28 '23 MIN vs. MIA,20,1,8,28,7,11,1,3,0,0,2,12,3,1,1,1,4,15,.636,.333,,3.5,1.9,1.5,0.4,0.1,0.1,millele01
59,Dariq Whitehead,Nov 25 '23 BRK vs. MIA,19,1,2,24,1,5,0,3,1,2,0,4,3,0,1,0,0,3,.200,.000,.500,12.0,1.5,2.0,1.5,0.0,0.5,whiteda01
60,Taze Moore,Jan 21 '24 POR @ LAL,25,1,3,10,3,5,0,2,0,0,0,0,1,1,0,1,2,6,.600,.000,,3.3,2.0,0.0,0.3,0.3,0.0,mooreta02
61,Kris Murray,Oct 25 '23 POR @ LAC,23,1,46,809,84,209,28,104,23,36,44,131,52,36,12,35,54,219,.402,.269,.639,17.6,4.8,2.8,1.1,0.8,0.3,murrakr01
62,Pete Nance,Jan 20 '24 CLE @ ATL,23,1,3,7,0,2,0,0,0,0,0,1,0,0,0,0,0,0,.000,,,2.3,0.0,0.3,0.0,0.0,0.0,nancepe01
63,Markquis Nowell,Nov 15 '23 TOR vs. MIL,24,1,1,4,0,1,0,0,2,2,2,2,2,1,0,0,0,2,.000,,1.000,4.0,2.0,2.0,2.0,1.0,0.0,nowelma01
64,Drew Peterson,Dec 23 '23 BOS @ LAC,24,1,1,3,1,1,1,1,0,0,0,0,1,0,0,0,1,3,1.000,1.000,,3.0,3.0,0.0,1.0,0.0,0.0,peterdr01
65,Filip Petrušev,Oct 29 '23 PHI vs. POR,23,1,3,10,1,2,0,0,1,2,0,1,0,0,0,0,1,3,.500,,.500,3.3,1.0,0.3,0.0,0.0,0.0,petrufi01
66,Julian Phillips,Oct 25 '23 CHI vs. OKC,20,1,40,323,32,77,12,38,13,19,12,36,13,7,7,10,40,89,.416,.316,.684,8.1,2.2,0.9,0.3,0.2,0.2,phillju01
67,Jalen Pickett,Oct 24 '23 DEN vs. LAL,24,1,21,108,12,30,7,22,3,4,1,11,15,3,0,8,11,34,.400,.318,.750,5.1,1.6,0.5,0.7,0.1,0.0,pickeja02
68,Brandin Podziemski,Oct 30 '23 GSW @ NOP,20,1,57,1538,218,486,73,193,45,73,88,330,226,51,12,73,98,554,.449,.378,.616,27.0,9.7,5.8,4.0,0.9,0.2,podzibr01
69,Craig Porter Jr.,Oct 28 '23 CLE vs. IND,23,1,42,572,106,206,11,29,37,51,20,98,103,19,12,40,38,260,.515,.379,.725,13.6,6.2,2.3,2.5,0.5,0.3,portecr01
70,Olivier-Maxence Prosper,Nov 3 '23 DAL @ DEN,21,1,33,260,26,74,8,34,23,34,18,62,19,5,3,5,17,83,.351,.235,.676,7.9,2.5,1.9,0.6,0.2,0.1,prospol01
71,Duop Reath,Nov 12 '23 POR @ LAL,27,1,52,928,175,372,70,186,53,75,78,192,53,25,29,43,130,473,.470,.376,.707,17.8,9.1,3.7,1.0,0.5,0.6,reathdu01
72,Rayan Rupert,Oct 25 '23 POR @ LAC,19,1,23,211,23,64,12,29,7,10,13,36,21,5,0,11,19,65,.359,.414,.700,9.2,2.8,1.6,0.9,0.2,0.0,ruperra01
73,Jermaine Samuels,Oct 25 '23 HOU @ ORL,25,1,11,53,8,11,0,2,2,2,2,11,2,1,1,0,4,18,.727,.000,1.000,4.8,1.6,1.0,0.2,0.1,0.1,samueje01
74,Adama Sanogo,Dec 28 '23 CHI vs. IND,21,1,3,11,3,3,0,0,2,3,2,6,0,0,0,1,0,8,1.000,,.667,3.7,2.7,2.0,0.0,0.0,0.0,sanogad01
75,Gui Santos,Nov 16 '23 GSW vs. OKC,21,1,17,147,19,39,7,18,14,15,15,44,11,3,2,7,17,59,.487,.389,.933,8.6,3.5,2.6,0.6,0.2,0.1,santogu01
76,Marcus Sasser,Oct 25 '23 DET @ MIA,23,1,57,941,159,355,66,168,37,43,7,94,170,33,8,61,83,421,.448,.393,.860,16.5,7.4,1.6,3.0,0.6,0.1,sassema01
77,Brice Sensabaugh,Oct 25 '23 UTA vs. SAC,20,1,16,222,33,72,10,35,12,13,5,33,16,4,0,17,17,88,.458,.286,.923,13.9,5.5,2.1,1.0,0.3,0.0,sensabr01
78,Ben Sheppard,Oct 25 '23 IND vs. WAS,22,1,42,518,59,145,34,100,16,19,9,63,30,21,2,7,62,168,.407,.340,.842,12.3,4.0,1.5,0.7,0.5,0.0,sheppbe01
79,Dmytro Skapintsev,Dec 23 '23 NYK vs. MIL,25,1,2,2,0,1,0,0,0,0,0,0,0,0,0,0,0,0,.000,,,1.0,0.0,0.0,0.0,0.0,0.0,skapidm01
80,Jalen Slawson,Nov 15 '23 SAC @ LAL,24,1,6,20,2,3,0,1,0,0,0,5,2,0,1,2,4,4,.667,.000,,3.3,0.7,0.8,0.3,0.0,0.2,slawsja01
81,Nick Smith Jr.,Oct 25 '23 CHO vs. ATL,19,1,41,622,92,234,51,119,11,13,17,59,51,8,7,33,52,246,.393,.429,.846,15.2,6.0,1.4,1.2,0.2,0.2,smithni01
82,Terquavion Smith,Jan 19 '24 PHI @ ORL,21,1,12,69,16,40,12,31,2,3,0,2,10,7,0,4,4,46,.400,.387,.667,5.8,3.8,0.2,0.8,0.6,0.0,smithte01
83,Pat Spencer,Feb 25 '24 GSW vs. DEN,27,1,2,3,0,0,0,0,0,0,0,0,1,0,0,0,0,0,,,,1.5,0.0,0.0,0.5,0.0,0.0,spencpa01
84,Julian Strawther,Oct 27 '23 DEN @ MEM,21,1,41,497,75,200,38,125,18,25,4,52,42,17,7,17,49,206,.375,.304,.720,12.1,5.0,1.3,1.0,0.4,0.2,strawju01
85,Amen Thompson,Oct 25 '23 HOU @ ORL,21,1,47,935,155,298,8,51,64,97,86,268,108,58,31,66,108,382,.520,.157,.660,19.9,8.1,5.7,2.3,1.2,0.7,thompam01
86,Ausar Thompson,Oct 25 '23 DET @ MIA,21,1,63,1583,232,480,21,113,71,119,129,402,120,68,59,84,175,556,.483,.186,.597,25.1,8.8,6.4,1.9,1.1,0.9,thompau01
87,Jacob Toppin,Dec 5 '23 NYK @ MIL,23,1,9,38,5,9,1,4,2,2,3,7,3,0,1,1,3,13,.556,.250,1.000,4.2,1.4,0.8,0.3,0.0,0.1,toppija01
88,Oscar Tshiebwe,Dec 9 '23 IND @ LAL,24,1,8,42,10,20,0,0,6,8,8,16,2,2,1,0,3,26,.500,,.750,5.3,3.3,2.0,0.3,0.3,0.1,tshieos01
89,Hunter Tyson,Oct 29 '23 DEN @ OKC,23,1,11,32,3,11,2,9,0,0,1,9,1,0,0,2,7,8,.273,.222,,2.9,0.7,0.8,0.1,0.0,0.0,tysonhu01
90,Sasha Vezenkov,Oct 25 '23 SAC @ UTA,28,1,35,440,74,165,38,100,10,13,30,86,15,16,7,11,35,196,.448,.380,.769,12.6,5.6,2.5,0.4,0.5,0.2,vezenal01
91,Jarace Walker,Oct 25 '23 IND vs. WAS,20,1,25,257,36,89,18,46,8,9,11,49,28,13,9,12,23,98,.404,.391,.889,10.3,3.9,2.0,1.1,0.5,0.4,walkeja02
92,Cason Wallace,Oct 25 '23 OKC @ CHI,20,1,66,1349,174,344,80,188,23,29,41,148,91,51,30,35,105,451,.506,.426,.793,20.4,6.8,2.2,1.4,0.8,0.5,wallaca01
93,Jordan Walsh,Jan 17 '24 BOS vs. SAS,19,1,4,33,1,5,0,3,0,0,2,11,2,2,1,2,5,2,.200,.000,,8.3,0.5,2.8,0.5,0.5,0.3,walshjo01
94,Victor Wembanyama,Oct 25 '23 SAS vs. DAL,20,1,59,1705,442,950,100,302,233,289,128,607,203,76,200,203,131,1217,.465,.331,.806,28.9,20.6,10.3,3.4,1.3,3.4,wembavi01
95,Cam Whitmore,Oct 25 '23 HOU @ ORL,19,1,38,678,170,366,61,169,59,88,33,147,18,23,11,36,49,460,.464,.361,.670,17.8,12.1,3.9,0.5,0.6,0.3,whitmca01
96,Jalen Wilson,Nov 1 '23 BRK @ MIA,23,1,28,408,44,107,16,46,24,27,32,75,32,7,1,11,32,128,.411,.348,.889,14.6,4.6,2.7,1.1,0.3,0.0,wilsoja03