Rk,Player,Pos,Age,Tm,G,MP,PER,TS%,3PAr,FTr,ORB%,DRB%,TRB%,AST%,STL%,BLK%,TOV%,USG%,,OWS,DWS,WS,WS/48,,OBPM,DBPM,BPM,VORP,Player-additional
1,Malik Allen,PF,25,MIA,10,138,16.1,.472,.000,.184,10.0,15.0,12.5,6.1,0.8,5.6,7.0,19.8,,0.2,0.2,0.4,.131,,-0.8,1.0,0.2,0.1,allenma01
2,Rafer Alston,PG,27,MIA,13,295,10.0,.446,.571,.275,1.6,9.7,5.6,13.9,0.9,0.3,8.9,18.2,,0.2,0.2,0.4,.061,,-1.5,-0.7,-2.2,0.0,alstora01
3,Chris Andersen,PF,25,DEN,5,34,13.6,.333,.000,.000,18.7,29.7,23.7,8.6,1.5,4.5,18.2,14.3,,0.0,0.0,0.0,.033,,-1.1,0.5,-0.6,0.0,anderch01
4,Kenny Anderson,PG,33,IND,4,19,-13.3,.286,.000,.000,0.0,6.0,3.0,9.9,2.9,0.0,41.7,30.4,,-0.2,0.0,-0.2,-0.461,,-18.7,-4.3,-23.0,-0.1,anderke01
5,Shandon Anderson,SG,30,NYK,4,117,1.2,.305,.259,.074,4.4,4.6,4.5,16.2,1.8,0.7,22.3,13.7,,-0.3,0.0,-0.3,-0.112,,-6.2,-1.0,-7.2,-0.2,andersh01
6,Carmelo Anthony,SF,19,DEN,4,143,9.8,.412,.172,.313,5.2,23.0,13.3,12.2,1.8,0.0,18.9,27.7,,-0.3,0.1,-0.2,-0.060,,-3.3,-1.5,-4.8,-0.1,anthoca01
7,Brandon Armstrong,SG,23,NJN,8,32,2.1,.250,.083,.000,3.8,3.5,3.6,17.7,1.7,0.0,0.0,17.7,,-0.1,0.0,0.0,-0.058,,-6.0,-0.7,-6.7,0.0,armstbr01
8,Darrell Armstrong,PG,35,NOH,7,150,3.9,.340,.735,.088,4.5,6.9,5.6,19.2,2.2,0.0,26.9,15.1,,-0.3,0.2,-0.2,-0.053,,-4.7,-0.7,-5.4,-0.1,armstda01
9,Chucky Atkins,PG,29,BOS,4,133,16.5,.570,.256,.487,2.7,9.0,6.0,23.9,1.2,0.0,17.4,20.3,,0.3,-0.1,0.1,.052,,1.3,-1.9,-0.6,0.0,atkinch01
10,Stacey Augmon,SF,35,NOH,7,168,8.2,.465,.021,.375,2.6,10.2,6.4,8.3,2.0,0.5,18.9,19.2,,-0.1,0.2,0.1,.025,,-4.3,0.7,-3.6,-0.1,augmost01
11,Vin Baker,PF,32,NYK,4,57,19.5,.612,.000,.643,10.9,14.2,12.3,3.5,2.7,3.0,10.0,15.7,,0.2,0.0,0.2,.175,,1.6,1.4,3.0,0.1,bakervi01
12,Marcus Banks,PG,22,BOS,4,60,14.2,.563,.313,.250,2.0,10.9,6.7,24.2,1.7,1.2,14.5,16.3,,0.1,0.0,0.1,.070,,-0.5,1.7,1.2,0.0,banksma01
13,Dana Barros,SG,36,BOS,1,1,-41.0,.000,.000,.000,0.0,0.0,0.0,0.0,0.0,0.0,0.0,47.0,,0.0,0.0,0.0,-1.203,,-27.5,-18.0,-45.5,0.0,barroda01
14,Jon Barry,SG,34,DEN,5,100,10.2,.415,.375,.125,4.2,17.7,10.4,14.4,1.6,0.0,13.6,12.9,,0.0,0.0,0.1,.031,,-1.4,-0.1,-1.5,0.0,barryjo01
15,Shane Battier,SF,25,MEM,4,69,7.0,.539,.467,.400,10.4,11.4,10.9,2.6,0.0,1.2,18.5,15.5,,0.1,-0.1,0.0,-0.021,,-2.7,-3.1,-5.9,-0.1,battish01
16,Jonathan Bender,SF,23,IND,16,200,14.4,.506,.362,.232,5.7,10.3,8.0,7.0,0.6,5.5,13.6,21.2,,0.1,0.3,0.4,.099,,0.3,0.8,1.1,0.2,bendejo01
17,Mike Bibby,PG,25,SAC,12,497,20.0,.545,.281,.281,2.0,8.4,5.3,30.2,2.4,0.7,13.7,23.0,,1.3,0.3,1.5,.148,,3.2,1.3,4.5,0.8,bibbymi01
18,Chauncey Billups,PG,27,DET,23,881,18.8,.546,.374,.476,1.8,7.3,4.5,29.8,2.0,0.2,14.8,21.8,,2.5,1.2,3.7,.203,,3.2,1.4,4.6,1.4,billuch01
19,Mark Blount,C,28,BOS,4,145,16.1,.554,.000,.543,8.3,20.3,14.6,5.7,2.2,4.0,17.2,17.0,,0.2,0.0,0.2,.070,,-0.6,1.1,0.4,0.1,blounma01
20,Bruce Bowen,SF,32,SAS,10,298,6.5,.437,.460,.206,2.3,9.6,5.8,5.4,0.7,0.8,5.5,11.5,,0.1,0.1,0.3,.043,,-2.5,1.2,-1.3,0.1,bowenbr01
21,Ryan Bowen,PF,28,DEN,4,6,16.3,1.000,.000,.000,0.0,0.0,0.0,0.0,0.0,0.0,0.0,7.4,,0.0,0.0,0.0,.147,,4.0,0.6,4.6,0.0,bowenry01
22,Earl Boykins,SG,27,DEN,5,121,23.5,.507,.222,.111,5.2,6.3,5.7,28.9,2.2,0.6,8.3,26.3,,0.4,0.0,0.4,.171,,6.3,1.0,7.3,0.3,boykiea01
23,Shawn Bradley,C,31,DAL,2,3,-6.0,,,,0.0,0.0,0.0,0.0,0.0,0.0,,0.0,,0.0,0.0,0.0,-0.029,,-18.6,-1.8,-20.4,0.0,bradlsh01
24,Devin Brown,SG,25,SAS,9,130,15.4,.585,.270,.459,3.5,13.4,8.3,12.4,1.3,0.6,13.6,18.6,,0.3,0.1,0.4,.154,,1.3,3.1,4.4,0.2,brownde02
25,P.J. Brown,PF,34,NOH,7,256,12.5,.409,.000,.155,12.6,17.4,15.0,11.5,0.6,3.5,14.6,16.2,,0.0,0.4,0.4,.072,,-0.9,0.4,-0.6,0.1,brownpj01
26,Kobe Bryant*,SG,25,LAL,22,973,21.0,.506,.211,.361,2.2,10.3,6.2,25.6,2.4,0.6,10.3,29.8,,2.1,0.8,2.9,.145,,4.6,0.6,5.3,1.8,bryanko01
27,Rodney Buford,SF,26,SAC,5,32,16.6,.466,.250,.167,0.0,15.8,8.2,16.4,3.2,0.0,0.0,18.0,,0.0,0.0,0.1,.125,,1.1,4.3,5.4,0.1,buforro01
28,Caron Butler,SF,23,MIA,13,511,15.4,.469,.072,.373,4.0,20.7,12.3,11.6,3.0,1.2,11.4,18.9,,0.4,1.0,1.4,.128,,-0.9,3.3,2.4,0.6,butleca01
29,Rasual Butler,SF,24,MIA,10,58,10.0,.477,.409,.000,0.0,21.8,10.9,7.2,1.0,0.0,4.3,19.0,,0.0,0.1,0.1,.100,,-3.0,0.2,-2.8,0.0,butlera01
30,Marcus Camby,C,29,DEN,5,194,17.1,.515,.036,.255,7.6,28.0,16.9,9.7,1.1,2.8,8.9,15.3,,0.4,0.2,0.6,.137,,0.8,1.6,2.4,0.2,cambyma01
31,Elden Campbell,C,35,DET,14,124,8.4,.349,.000,.514,9.3,13.8,11.5,14.4,2.7,6.1,17.3,19.8,,-0.2,0.3,0.1,.037,,-6.0,4.5,-1.5,0.0,campbel01
32,Maurice Carter,SG,27,NOH,1,2,-21.4,.000,.000,.000,0.0,0.0,0.0,0.0,0.0,0.0,0.0,23.4,,0.0,0.0,0.0,-0.541,,-13.7,-9.4,-23.1,0.0,cartema01
33,Sam Cassell,PG,34,MIN,16,497,19.6,.579,.297,.302,0.7,8.1,4.6,27.4,1.3,0.4,15.8,25.8,,1.4,0.1,1.5,.141,,2.0,-0.5,1.5,0.5,cassesa01
34,Kelvin Cato,PF,29,HOU,5,148,12.5,.578,.000,.318,11.6,14.8,13.3,2.4,1.8,2.0,16.6,9.8,,0.2,0.2,0.4,.120,,-0.6,2.5,1.9,0.1,catoke01
35,Doug Christie,SG,33,SAC,12,461,15.9,.512,.234,.340,4.1,12.5,8.5,16.8,2.5,0.8,11.9,17.9,,0.8,0.3,1.1,.117,,0.3,1.9,2.2,0.5,chrisdo01
36,Jason Collins,C,25,NJN,11,266,5.7,.444,.000,.421,8.3,10.8,9.6,11.2,0.6,2.9,25.0,10.6,,0.0,0.3,0.3,.055,,-4.3,1.6,-2.8,-0.1,collija04
37,Brian Cook,C,23,LAL,13,46,4.9,.378,.000,.133,7.6,22.8,15.2,3.8,1.2,0.0,15.9,20.0,,-0.1,0.0,0.0,-0.045,,-6.6,-2.8,-9.4,-0.1,cookbr01
38,Austin Croshere,PF,28,IND,13,214,13.6,.490,.436,.382,6.9,14.4,10.6,10.2,1.0,1.1,8.5,15.8,,0.4,0.3,0.6,.146,,1.5,0.4,1.9,0.2,croshau01
39,Marquis Daniels,SG,23,DAL,5,184,15.0,.466,.093,.293,4.7,12.3,8.1,13.1,2.7,1.2,15.0,21.6,,0.1,0.1,0.2,.056,,-0.7,1.1,0.4,0.1,daniema01
40,Baron Davis,PG,24,NOH,7,260,20.4,.494,.430,.289,2.6,10.1,6.3,42.4,2.3,1.5,12.9,26.6,,0.6,0.4,0.9,.171,,4.6,1.6,6.2,0.5,davisba01
41,Ricky Davis,SF,24,BOS,4,123,11.1,.500,.250,.400,2.9,8.0,5.6,24.3,0.9,0.0,20.3,22.6,,0.0,-0.1,-0.1,-0.053,,-0.2,-2.6,-2.8,0.0,davisri01
42,Tony Delk,SG,30,DAL,1,5,28.2,,,,0.0,21.6,9.6,50.3,10.0,0.0,,0.0,,0.0,0.0,0.0,.287,,5.3,14.0,19.3,0.0,delkto01
43,Vlade Divac*,C,35,SAC,12,235,14.3,.487,.000,.324,10.3,16.0,13.2,15.7,0.9,1.5,14.7,18.1,,0.3,0.1,0.4,.091,,-0.3,-0.2,-0.5,0.1,divacvl01
44,Michael Doleac,C,26,DEN,5,49,7.2,.500,.000,.000,4.3,12.9,8.2,9.1,0.0,0.0,9.1,9.9,,0.1,0.0,0.0,.048,,-2.7,0.2,-2.5,0.0,doleami01
45,Tim Duncan*,PF,27,SAS,10,405,24.1,.560,.006,.547,9.3,24.6,16.7,16.0,1.1,4.1,17.6,27.7,,1.0,0.6,1.5,.183,,2.5,2.7,5.2,0.7,duncati01
46,Francisco Elson,C,27,DEN,4,60,7.9,.582,.000,.167,1.8,16.8,8.6,5.1,1.8,1.3,18.9,11.7,,0.0,0.0,0.1,.057,,-6.1,2.6,-3.5,0.0,elsonfr01
47,Michael Finley,SG,30,DAL,5,196,10.0,.449,.382,.147,2.6,5.5,3.9,10.0,1.0,1.1,11.1,16.6,,0.1,0.0,0.1,.022,,-0.5,-0.9,-1.4,0.0,finlemi01
48,Derek Fisher,SG,29,LAL,22,507,13.3,.508,.372,.236,2.3,10.6,6.4,17.1,2.0,0.0,10.4,17.5,,0.7,0.3,1.0,.095,,-0.3,1.3,1.0,0.4,fishede01
49,Jeff Foster,C,27,IND,16,307,16.4,.612,.023,.233,16.2,22.7,19.4,7.0,2.4,1.3,21.5,9.5,,0.7,0.6,1.3,.207,,0.4,1.6,2.0,0.3,fosteje01
50,Rick Fox,SF,34,LAL,16,145,6.5,.431,.350,.100,4.8,13.7,9.2,19.8,1.1,1.1,30.1,10.0,,0.0,0.1,0.1,.022,,-4.1,1.2,-3.0,0.0,foxri01
51,Steve Francis,PG,26,HOU,5,222,19.9,.548,.243,.571,3.3,17.7,10.9,33.3,1.7,0.3,19.3,23.7,,0.5,0.2,0.7,.148,,2.3,2.6,4.9,0.4,francst01
52,Dan Gadzuric,C,25,MIL,1,9,24.6,.450,.000,.250,0.0,13.0,6.3,49.1,5.9,0.0,0.0,22.8,,0.0,0.0,0.0,.148,,6.4,6.0,12.5,0.0,gadzuda01
53,Kevin Garnett*,PF,27,MIN,18,783,25.0,.513,.043,.336,6.0,31.3,19.3,24.1,1.6,3.9,14.9,30.3,,1.4,1.3,2.7,.163,,3.6,2.9,6.5,1.7,garneke01
54,Pau Gasol*,PF,23,MEM,4,134,29.4,.640,.000,.408,3.6,15.7,9.4,17.3,1.7,3.9,8.0,23.2,,0.7,-0.1,0.6,.221,,8.0,1.7,9.6,0.4,gasolpa01
55,Devean George,SF,26,LAL,22,470,11.3,.556,.590,.200,2.7,9.7,6.2,4.0,2.5,1.4,9.2,12.4,,0.5,0.4,1.0,.097,,0.4,1.6,2.1,0.5,georgde01
56,Manu Ginóbili*,SG,26,SAS,10,280,22.2,.573,.372,.468,6.1,16.9,11.3,20.2,3.3,0.3,15.6,22.5,,0.9,0.4,1.3,.224,,2.8,4.3,7.2,0.6,ginobma01
57,Brian Grant,C,31,MIA,13,399,10.9,.442,.010,.143,12.9,19.3,16.1,4.7,1.0,1.7,14.7,14.7,,0.1,0.5,0.6,.078,,-2.5,-0.3,-2.8,-0.1,grantbr01
58,Marcus Haislip,PF,23,MIL,1,3,46.2,1.000,.000,.000,36.9,0.0,19.0,0.0,0.0,0.0,0.0,15.4,,0.0,0.0,0.0,.379,,19.9,-2.8,17.1,0.0,haislma01
59,Darvin Ham,SF,30,DET,22,108,4.1,.500,.063,.000,8.5,6.3,7.4,1.6,1.5,3.1,33.3,10.5,,-0.1,0.2,0.1,.026,,-6.1,2.3,-3.8,0.0,hamda01
60,Richard Hamilton,SG,25,DET,23,924,19.6,.530,.096,.341,4.0,9.1,6.6,23.5,1.6,0.1,13.4,27.6,,2.3,1.3,3.5,.182,,2.3,1.3,3.6,1.3,hamilri01
61,Anfernee Hardaway,SG,32,NYK,4,168,14.6,.465,.222,.286,2.5,11.3,6.3,27.2,1.8,0.5,12.4,21.5,,0.1,0.0,0.2,.044,,1.7,0.6,2.3,0.2,hardaan01
62,Al Harrington,PF,23,IND,16,427,13.9,.463,.036,.393,8.7,18.4,13.6,5.6,3.0,1.7,14.6,21.7,,-0.1,0.9,0.8,.094,,-2.2,1.3,-0.9,0.1,harrial01
63,Lucious Harris,PG,33,NJN,11,182,12.5,.483,.245,.367,6.8,7.3,7.1,10.6,2.1,0.4,8.1,16.0,,0.3,0.2,0.5,.129,,-0.3,1.4,1.1,0.1,harrilu01
64,Jason Hart,PG,25,SAS,7,62,15.5,.550,.000,.000,0.0,6.0,2.9,3.1,4.4,0.0,4.8,15.9,,0.1,0.1,0.2,.137,,-2.2,4.1,1.8,0.1,hartja01
65,Udonis Haslem,PF,23,MIA,13,199,13.0,.504,.000,.939,10.4,15.0,12.7,2.6,1.4,1.3,6.0,12.0,,0.4,0.2,0.6,.154,,-0.3,0.3,-0.1,0.1,hasleud01
66,Trenton Hassell,SG,24,MIN,18,472,12.5,.547,.017,.134,5.4,5.3,5.4,10.0,1.1,1.1,11.3,14.2,,0.8,0.0,0.8,.085,,-0.4,1.0,0.7,0.3,hassetr01
67,Nenê,PF,21,DEN,5,132,13.2,.467,.000,.361,9.6,12.4,10.9,17.4,2.0,1.8,17.7,17.0,,0.1,0.1,0.2,.065,,-1.1,1.5,0.4,0.1,hilarne01
68,Fred Hoiberg,SG,31,MIN,18,438,13.9,.618,.558,.186,2.5,14.2,8.7,8.6,2.0,0.0,7.9,10.9,,1.0,0.2,1.3,.139,,1.2,1.9,3.1,0.6,hoibefr01
69,Robert Horry,PF,33,SAS,10,211,17.3,.620,.512,.326,13.6,22.5,17.8,7.1,2.1,0.8,16.9,13.2,,0.6,0.3,0.9,.204,,1.4,2.9,4.2,0.3,horryro01
70,Josh Howard,SF,23,DAL,5,86,13.8,.331,.139,.306,17.1,18.9,17.9,6.6,3.5,5.1,14.6,22.2,,-0.1,0.1,0.0,.021,,-1.5,1.0,-0.5,0.0,howarjo01
71,Ryan Humphrey,PF,24,MEM,3,5,33.6,1.000,.000,.000,24.0,26.3,25.1,0.0,0.0,0.0,0.0,9.9,,0.0,0.0,0.0,.296,,13.4,-1.3,12.1,0.0,humphry01
72,Brandon Hunter,PF,23,BOS,3,10,17.9,1.000,.000,.000,24.0,10.9,17.1,20.0,0.0,7.3,50.0,9.4,,0.0,0.0,0.0,.106,,0.5,2.6,3.1,0.0,huntebr01
73,Lindsey Hunter,SG,33,DET,23,273,7.7,.398,.462,.185,2.1,11.7,6.9,13.4,3.7,1.2,15.6,14.5,,-0.2,0.6,0.4,.077,,-6.0,4.6,-1.3,0.1,hunteli01
74,Jim Jackson,SF,33,HOU,5,221,13.1,.473,.397,.164,1.7,24.3,13.6,8.7,1.2,0.3,10.3,19.1,,0.1,0.2,0.3,.061,,0.0,1.8,1.8,0.2,jacksji01
75,Mark Jackson,PG,38,HOU,5,38,3.2,.167,.500,.000,0.0,8.6,4.6,21.1,2.9,0.0,25.0,10.2,,-0.1,0.0,-0.1,-0.089,,-5.7,0.8,-4.9,0.0,jacksma01
76,Mike James,PG,28,DET,22,195,10.2,.475,.264,.302,4.1,11.1,7.6,23.0,1.4,0.0,20.0,18.2,,0.0,0.3,0.3,.076,,-2.3,0.4,-1.9,0.0,jamesmi01
77,Antawn Jamison,SF,27,DAL,5,109,22.1,.511,.140,.263,11.9,9.9,11.0,3.3,2.3,1.3,7.3,25.1,,0.4,0.1,0.4,.177,,2.6,-0.5,2.1,0.1,jamisan01
78,Richard Jefferson,SF,23,NJN,11,460,16.5,.530,.209,.684,3.7,13.2,8.7,19.0,1.6,1.3,17.3,25.5,,0.6,0.7,1.3,.132,,1.8,0.8,2.6,0.5,jefferi01
79,Anthony Johnson,PG,29,IND,16,332,10.9,.464,.290,.319,2.4,9.3,5.8,18.2,2.2,1.0,12.3,13.0,,0.3,0.5,0.8,.109,,-1.9,2.5,0.5,0.2,johnsan02
80,DerMarr Johnson,SF,23,NYK,3,17,-5.4,.000,.600,.000,0.0,15.9,6.9,18.4,0.0,5.0,0.0,13.1,,-0.1,0.0,-0.1,-0.259,,-8.5,-2.4,-10.9,0.0,johnsde03
81,Ervin Johnson,C,36,MIN,18,356,10.3,.533,.000,.421,9.2,17.5,13.6,5.6,1.7,2.1,11.8,6.8,,0.5,0.3,0.9,.116,,-2.1,2.6,0.5,0.2,johnser02
82,Damon Jones,PG,27,MIL,5,144,22.0,.682,.618,.176,1.5,14.6,7.9,46.7,1.9,0.0,19.7,14.7,,0.6,-0.1,0.5,.167,,5.7,1.0,6.7,0.3,jonesda01
83,Eddie Jones,SG,32,MIA,13,478,13.8,.491,.438,.327,0.7,10.6,5.6,11.7,2.1,2.0,9.8,19.4,,0.5,0.6,1.1,.110,,0.6,1.3,1.8,0.5,jonesed02
84,Fred Jones,SG,24,IND,14,263,12.1,.610,.431,.137,1.3,13.0,7.1,11.2,1.5,2.1,14.3,11.6,,0.4,0.4,0.8,.145,,-1.5,2.3,0.8,0.2,jonesfr01
85,Jumaine Jones,SG,24,BOS,2,28,4.7,.333,.333,.000,4.3,15.6,10.2,13.5,0.0,0.0,0.0,10.1,,0.0,0.0,0.0,-0.046,,-3.9,-1.9,-5.8,0.0,jonesju01
86,Jason Kidd*,PG,30,NJN,11,474,16.1,.456,.372,.411,4.2,13.3,9.0,39.1,2.8,1.0,22.0,19.4,,0.3,0.8,1.1,.112,,2.0,1.5,3.5,0.6,kiddja01
87,Kerry Kittles,SG,29,NJN,11,415,16.8,.530,.388,.254,3.0,9.9,6.6,11.6,2.9,1.8,6.9,18.2,,0.8,0.7,1.5,.171,,2.6,2.9,5.6,0.8,kittlke01
88,Brevin Knight,PG,28,MIL,5,101,14.3,.377,.000,.478,3.3,9.3,6.2,27.3,7.4,0.8,20.1,16.0,,-0.1,0.1,0.0,.016,,-1.7,5.4,3.7,0.1,knighbr01
89,Toni Kukoč*,PF,35,MIL,5,105,14.1,.560,.353,.235,4.2,11.1,7.6,7.4,1.5,1.4,13.8,19.2,,0.1,-0.1,0.1,.025,,1.6,-0.7,0.9,0.1,kukocto01
90,Voshon Lenard,SG,30,DEN,5,161,16.8,.524,.320,.187,2.6,7.1,4.6,12.9,1.3,0.0,10.0,24.7,,0.4,0.0,0.4,.106,,3.0,-0.4,2.6,0.2,lenarvo01
91,George Lynch,SF,33,NOH,7,147,17.1,.479,.211,.140,9.8,18.7,14.2,18.6,1.1,1.6,10.4,21.5,,0.2,0.2,0.4,.136,,1.0,1.8,2.8,0.2,lynchge01
92,Mark Madsen,C,28,MIN,17,222,10.6,.525,.000,.906,15.2,14.8,15.0,1.4,1.2,1.3,13.5,11.0,,0.4,0.1,0.5,.110,,-2.7,0.4,-2.3,0.0,madsema01
93,Jamaal Magloire,C,25,NOH,7,239,13.1,.485,.015,.418,7.4,23.0,15.1,4.2,0.7,2.4,12.2,17.7,,0.2,0.4,0.6,.116,,-1.7,0.0,-1.6,0.0,magloja01
94,Karl Malone*,PF,40,LAL,21,798,13.5,.484,.005,.335,5.4,21.6,13.5,16.1,1.7,0.2,15.8,18.1,,0.4,0.9,1.3,.079,,-0.4,0.5,0.1,0.4,malonka01
95,Stephon Marbury,PG,26,NYK,4,174,15.4,.452,.241,.301,3.0,9.3,5.7,32.3,2.1,0.0,13.0,27.8,,0.0,0.0,0.1,.014,,2.3,-1.6,0.7,0.1,marbust01
96,Darrick Martin,PG,32,MIN,16,182,9.2,.418,.392,.392,3.3,5.4,4.4,20.2,1.2,0.0,11.8,17.6,,0.1,0.0,0.1,.023,,-2.0,-0.4,-2.4,0.0,martida01
97,Kenyon Martin,PF,26,NJN,11,409,21.0,.583,.026,.421,7.5,26.0,17.3,6.9,1.7,2.6,15.1,24.5,,0.9,0.9,1.8,.210,,1.3,1.7,3.0,0.5,martike01
98,Desmond Mason,SF,26,MIL,5,198,8.7,.421,.027,.351,2.2,11.8,6.9,11.0,1.1,0.8,12.3,22.8,,-0.2,-0.1,-0.3,-0.070,,-1.8,-2.3,-4.0,-0.1,masonde01
99,Walter McCarty,PF,29,BOS,4,127,11.5,.609,.652,.000,2.8,15.5,9.4,12.3,0.8,1.1,14.8,10.0,,0.2,-0.1,0.1,.033,,1.0,0.0,1.0,0.1,mccarwa01
100,Stanislav Medvedenko,PF,24,LAL,21,237,13.9,.493,.000,.280,11.3,14.7,13.0,7.8,0.9,1.4,5.6,18.4,,0.5,0.2,0.7,.143,,-1.8,-0.2,-1.9,0.0,medvest01
101,Chris Mihm,C,24,BOS,4,65,11.7,.379,.000,.455,14.8,16.8,15.8,0.0,3.2,4.5,10.2,21.3,,-0.1,0.0,0.0,-0.024,,-4.2,-0.4,-4.7,0.0,mihmch01
102,Darko Miličić,C,18,DET,8,14,-14.8,.087,.000,1.000,8.2,16.3,12.3,11.1,4.0,0.0,34.2,29.6,,-0.2,0.0,-0.2,-0.528,,-19.7,-1.5,-21.3,-0.1,milicda01
103,Andre Miller,PG,27,DEN,5,174,18.1,.501,.028,.153,9.1,5.8,7.6,15.9,2.4,0.0,11.5,22.0,,0.4,0.0,0.4,.112,,1.8,0.1,1.9,0.2,millean02
104,Brad Miller,PF,27,SAC,12,366,18.0,.562,.077,.527,9.0,20.5,15.0,17.4,1.3,2.1,15.1,16.2,,0.9,0.4,1.2,.160,,1.3,1.8,3.1,0.5,millebr01
105,Mike Miller,SF,23,MEM,4,98,9.1,.425,.382,.088,0.0,16.1,7.7,5.9,2.8,0.0,12.4,20.3,,-0.1,-0.1,-0.2,-0.105,,-0.9,-1.9,-2.8,0.0,millemi01
106,Oliver Miller,C,33,MIN,8,31,-5.6,.307,.000,.500,0.0,17.7,9.3,4.8,0.0,7.2,38.1,12.0,,-0.1,0.0,-0.1,-0.126,,-16.0,2.7,-13.3,-0.1,milleol01
107,Reggie Miller*,SG,38,IND,16,455,16.1,.599,.571,.455,0.7,8.5,4.6,18.3,2.2,0.5,17.2,17.2,,1.0,0.6,1.6,.167,,2.2,1.9,4.1,0.7,millere01
108,Yao Ming*,C,23,HOU,5,185,14.9,.497,.000,.250,7.3,15.4,11.6,10.1,0.6,2.8,14.7,23.2,,0.1,0.2,0.3,.070,,-0.7,0.8,0.1,0.1,mingya01
109,Cuttino Mobley,SG,28,HOU,5,210,8.7,.453,.280,.133,2.9,9.9,6.6,13.0,0.8,1.1,18.5,22.5,,-0.2,0.1,-0.1,-0.032,,-2.3,-0.3,-2.6,0.0,moblecu01
110,Nazr Mohammed,C,26,NYK,4,97,16.8,.553,.000,.533,10.6,18.1,13.9,2.1,3.2,2.6,15.9,20.3,,0.1,0.1,0.2,.109,,-1.0,0.9,-0.1,0.0,mohamna01
111,Dikembe Mutombo*,C,37,NYK,3,38,9.7,.478,.000,.500,10.9,21.3,15.4,0.0,1.4,9.0,29.1,12.1,,0.0,0.0,0.0,.021,,-5.2,1.0,-4.3,0.0,mutomdi01
112,Boštjan Nachbar,SF,23,HOU,5,41,12.3,.625,.333,.556,3.0,13.3,8.5,8.8,1.3,0.0,15.2,15.6,,0.1,0.0,0.1,.161,,-2.6,3.3,0.8,0.0,nachbbo01
113,Eduardo Nájera,SF,27,DAL,5,57,14.9,.505,.000,.182,15.1,13.3,14.3,7.4,2.6,2.5,14.4,9.7,,0.1,0.0,0.2,.140,,-0.8,3.5,2.7,0.1,najered01
114,Steve Nash*,PG,29,DAL,5,197,15.5,.460,.229,.129,2.6,11.0,6.3,34.7,1.0,0.0,14.0,17.4,,0.4,0.0,0.4,.092,,1.1,-1.1,0.0,0.1,nashst01
115,Rasho Nesterović,C,27,SAS,10,261,9.8,.424,.015,.090,9.2,16.2,12.6,6.5,0.6,3.5,10.3,14.0,,0.1,0.3,0.4,.067,,-3.2,1.3,-1.8,0.0,nestera01
116,Dirk Nowitzki*,C,25,DAL,5,212,27.5,.561,.150,.420,5.3,23.5,13.4,5.7,1.6,4.4,4.8,23.4,,1.0,0.2,1.3,.287,,6.9,2.6,9.5,0.6,nowitdi01
117,Jermaine O'Neal,PF,25,IND,16,604,19.4,.479,.015,.404,5.4,22.1,13.7,7.0,0.7,4.7,8.3,27.9,,0.7,1.2,1.8,.147,,0.9,0.8,1.6,0.6,onealje01
118,Shaquille O'Neal*,C,31,LAL,22,917,24.8,.565,.000,.827,11.5,25.4,18.5,12.4,0.4,5.4,11.6,25.2,,2.6,1.3,3.9,.202,,4.5,1.0,5.5,1.7,onealsh01
119,Lamar Odom,PF,24,MIA,13,512,16.8,.512,.143,.396,7.2,17.0,12.1,15.1,1.6,1.7,16.4,23.9,,0.5,0.7,1.2,.116,,1.1,0.7,1.8,0.5,odomla01
120,Mehmet Okur,PF,24,DET,22,252,14.7,.529,.076,.394,7.3,20.4,13.9,6.1,1.1,3.0,16.2,17.4,,0.2,0.5,0.8,.143,,-0.7,1.6,0.9,0.2,okurme01
121,Michael Olowokandi,C,28,MIN,15,224,2.0,.383,.027,.216,8.6,17.6,13.3,1.4,0.5,3.6,29.6,12.1,,-0.4,0.2,-0.2,-0.047,,-8.6,0.3,-8.3,-0.4,olowomi01
122,Bo Outlaw,PF,32,MEM,4,61,-0.8,.114,.000,.571,2.0,6.5,4.1,15.4,1.8,2.8,25.5,9.5,,-0.2,-0.1,-0.3,-0.199,,-5.0,-0.1,-5.1,0.0,outlabo01
123,Scott Padgett,PF,27,HOU,4,14,16.9,.500,.600,.000,8.8,15.6,12.4,0.0,3.9,5.4,16.7,20.7,,0.0,0.0,0.0,.078,,2.9,4.6,7.5,0.0,padgesc01
124,Tony Parker*,PG,21,SAS,10,386,18.9,.502,.256,.208,1.5,5.2,3.2,35.5,1.9,0.2,14.5,26.1,,0.8,0.2,1.0,.130,,3.5,0.5,4.0,0.6,parketo01
125,Gary Payton*,PG,35,LAL,22,772,11.1,.431,.301,.151,2.9,8.0,5.4,25.3,1.7,0.4,12.4,14.3,,0.6,0.4,1.0,.061,,-0.3,0.1,-0.2,0.3,paytoga01
126,Anthony Peeler,SG,34,SAC,11,236,6.9,.381,.413,.095,3.3,12.0,7.8,9.8,3.0,0.6,17.6,15.1,,-0.3,0.2,-0.1,-0.028,,-3.6,1.1,-2.6,0.0,peelean01
127,Eric Piatkowski,SF,33,HOU,1,4,-11.7,.000,.000,.000,0.0,27.3,14.4,0.0,0.0,0.0,0.0,12.1,,0.0,0.0,0.0,-0.243,,-18.1,-0.6,-18.7,0.0,piatker01
128,Paul Pierce*,SG,26,BOS,4,162,11.7,.463,.224,.408,4.4,19.5,12.3,14.1,1.6,1.8,21.8,33.3,,-0.4,0.0,-0.4,-0.116,,-1.9,-2.4,-4.3,-0.1,piercpa01
129,Zoran Planinić,SG,21,NJN,6,15,-7.4,.174,.500,1.000,0.0,7.4,3.9,21.4,0.0,0.0,41.0,15.3,,-0.1,0.0,-0.1,-0.234,,-10.3,-2.9,-13.3,0.0,planizo01
130,Scot Pollard,C,28,IND,3,13,7.0,.266,.000,2.000,8.7,26.3,17.5,0.0,4.3,0.0,0.0,13.9,,0.0,0.0,0.0,.059,,-6.1,-0.2,-6.3,0.0,pollasc01
131,James Posey,SG,27,MEM,4,130,19.4,.541,.162,.568,7.4,14.2,10.6,5.9,3.9,1.3,11.5,19.9,,0.3,-0.1,0.3,.095,,2.6,0.6,3.2,0.2,poseyja01
132,Tayshaun Prince,SF,23,DET,23,795,15.3,.483,.231,.259,5.9,13.8,9.9,12.5,1.8,3.3,7.4,15.2,,1.3,1.5,2.8,.171,,0.9,3.1,4.0,1.2,princta01
133,Michael Redd,SG,24,MIL,5,192,10.5,.488,.241,.253,3.5,11.6,7.4,13.6,0.0,0.0,17.1,26.8,,-0.1,-0.2,-0.3,-0.072,,-0.1,-3.8,-3.9,-0.1,reddmi01
134,Rodney Rogers,PF,32,NJN,11,228,7.4,.415,.306,.278,4.9,22.4,14.1,10.1,1.4,1.0,17.4,20.2,,-0.3,0.4,0.1,.026,,-3.8,0.2,-3.6,-0.1,rogerro01
135,Malik Rose,PF,29,SAS,7,58,9.2,.282,.125,.250,23.7,10.7,17.5,16.4,3.8,2.9,31.1,20.9,,-0.2,0.1,-0.1,-0.070,,-3.7,0.5,-3.2,0.0,rosema01
136,Kareem Rush,SG,23,LAL,22,315,7.6,.517,.641,.038,0.0,5.9,3.0,9.2,1.8,0.8,15.0,14.4,,0.0,0.2,0.2,.025,,-1.6,0.3,-1.3,0.1,rushka01
137,Bryon Russell,SF,33,LAL,6,16,0.9,.000,.667,.000,7.3,0.0,3.6,18.3,3.5,0.0,0.0,9.1,,0.0,0.0,0.0,-0.091,,-4.7,-1.2,-5.9,0.0,russebr01
138,Daniel Santiago,C,27,MIL,1,1,-19.3,,,,0.0,0.0,0.0,0.0,0.0,0.0,,0.0,,0.0,0.0,0.0,-0.060,,-29.7,1.6,-28.0,0.0,santida01
139,Brian Scalabrine,PF,25,NJN,9,73,17.4,.764,.353,.353,11.8,7.6,9.6,2.9,2.2,0.0,16.9,15.3,,0.2,0.1,0.3,.208,,2.3,1.6,3.9,0.1,scalabr01
140,Brian Skinner,C,27,MIL,5,94,10.0,.514,.000,.571,9.4,17.4,13.3,0.0,0.6,2.4,21.0,16.4,,0.0,0.0,-0.1,-0.040,,-1.6,-2.1,-3.7,0.0,skinnbr01
141,Tamar Slay,SG,23,NJN,6,12,10.3,.340,.200,.400,0.0,18.5,9.7,0.0,4.5,0.0,0.0,23.1,,0.0,0.0,0.0,.047,,-1.7,3.0,1.3,0.0,slayta01
142,Jabari Smith,C,26,SAC,4,10,25.7,.665,.000,2.000,11.0,20.3,15.8,0.0,0.0,6.9,0.0,16.8,,0.1,0.0,0.1,.363,,5.3,4.3,9.6,0.0,smithja01
143,Joe Smith,PF,28,MIL,5,175,20.2,.543,.018,.236,14.5,18.1,16.2,2.2,1.2,4.3,9.0,17.6,,0.5,0.0,0.4,.120,,3.1,-0.9,2.2,0.2,smithjo02
144,Steve Smith,SG,34,NOH,5,46,21.4,.586,.423,.115,4.8,14.9,9.8,6.2,0.0,0.0,9.9,30.9,,0.1,0.0,0.1,.150,,7.5,0.1,7.5,0.1,smithst01
145,Darius Songaila,PF,25,SAC,7,85,10.8,.697,.000,.375,7.8,8.4,8.1,3.9,0.0,0.8,21.2,12.4,,0.2,0.0,0.2,.098,,-2.5,0.2,-2.3,0.0,songada01
146,Latrell Sprewell,SF,33,MIN,18,771,17.7,.521,.311,.249,1.7,9.7,5.9,17.5,2.0,1.2,12.1,23.9,,1.3,0.4,1.6,.102,,2.0,1.0,3.1,1.0,sprewla01
147,Michael Stewart,C,28,BOS,1,2,-19.0,,,,0.0,0.0,0.0,0.0,0.0,0.0,,0.0,,0.0,0.0,0.0,-0.056,,-26.7,2.5,-24.2,0.0,stewami01
148,Peja Stojaković,SF,26,SAC,12,517,14.6,.488,.369,.197,3.2,13.5,8.6,6.0,2.2,0.4,6.1,19.8,,0.6,0.4,1.0,.091,,1.3,-0.6,0.7,0.3,stojape01
149,Erick Strickland,PG,30,MIL,3,41,17.7,.509,.417,.333,0.0,14.3,6.9,39.7,2.6,0.0,17.9,18.9,,0.1,0.0,0.1,.070,,1.8,0.6,2.4,0.0,stricer01
150,Mike Sweetney,PF,21,NYK,4,57,12.0,.587,.000,.545,7.2,14.2,10.3,0.0,0.0,1.5,0.0,10.7,,0.1,0.0,0.1,.114,,-0.3,-2.3,-2.7,0.0,sweetmi01
151,Stromile Swift,PF,24,MEM,4,74,17.1,.407,.000,.308,9.7,23.1,16.1,7.8,2.3,7.0,9.2,21.7,,0.0,0.0,0.0,-0.008,,1.0,-0.3,0.7,0.1,swiftst01
152,Wally Szczerbiak,SF,26,MIN,12,298,15.5,.546,.259,.366,3.7,11.0,7.5,12.3,1.1,0.5,15.6,24.4,,0.5,0.1,0.6,.091,,0.3,-0.4,-0.1,0.1,szczewa02
153,Maurice Taylor,PF,27,HOU,5,115,12.7,.539,.000,.447,5.3,10.5,8.0,8.8,0.0,0.7,13.3,22.1,,0.2,0.0,0.2,.094,,-2.3,0.2,-2.1,0.0,tayloma01
154,Kurt Thomas,PF,31,NYK,4,139,14.5,.470,.000,.245,6.7,36.0,19.4,8.8,2.6,1.8,15.6,20.7,,0.0,0.2,0.1,.044,,-1.5,1.0,-0.5,0.1,thomaku01
155,Tim Thomas,SF,26,NYK,1,22,14.9,.492,.100,.500,4.7,24.6,13.3,29.7,0.0,0.0,14.1,28.9,,0.0,0.0,0.0,.062,,-0.6,-2.3,-2.9,0.0,thomati01
156,Jamaal Tinsley,PG,25,IND,16,422,15.8,.496,.439,.130,1.6,10.8,6.2,36.2,3.7,0.6,19.2,18.4,,0.5,0.8,1.2,.140,,-0.1,2.9,2.8,0.5,tinslja01
157,Robert Traylor,C,26,NOH,4,40,10.9,.484,.000,.333,2.8,25.7,14.1,4.9,4.1,2.0,16.2,14.4,,0.0,0.1,0.1,.123,,-4.5,3.8,-0.6,0.0,traylro01
158,Gary Trent,C,29,MIN,13,71,4.6,.368,.080,.320,10.2,9.2,9.7,4.8,0.0,0.0,9.5,21.0,,-0.1,0.0,-0.1,-0.058,,-5.6,-2.9,-8.5,-0.1,trentga01
159,Jake Tsakalidis,C,24,MEM,1,3,-21.8,1.136,,,0.0,0.0,0.0,0.0,0.0,0.0,77.3,63.9,,-0.1,0.0,-0.1,-1.006,,-34.2,-4.6,-38.8,0.0,tsakaja01
160,Hedo Türkoğlu,SF,24,SAS,10,271,8.5,.433,.519,.222,2.1,18.4,9.9,9.2,1.8,0.3,15.2,18.2,,-0.2,0.3,0.1,.022,,-2.2,0.9,-1.3,0.0,turkohe01
161,Keith Van Horn,SF,28,MIL,5,137,7.7,.395,.229,.125,4.0,15.4,9.5,9.2,2.7,1.7,16.5,20.5,,-0.3,0.0,-0.3,-0.094,,-2.3,-1.1,-3.4,0.0,vanhoke01
162,Dwyane Wade*,PG,22,MIA,13,510,17.7,.527,.042,.397,3.6,8.1,5.8,30.6,1.9,0.7,19.6,25.9,,0.6,0.5,1.1,.104,,1.3,0.2,1.5,0.5,wadedw01
163,Antoine Walker,PF,27,DAL,5,140,15.6,.382,.164,.115,14.2,20.8,17.1,13.4,2.1,1.6,12.3,20.8,,0.0,0.1,0.1,.051,,0.6,-0.5,0.1,0.1,walkean02
164,Samaki Walker,PF,27,MIA,4,11,-10.1,.000,.000,.000,0.0,10.4,5.2,0.0,0.0,0.0,0.0,8.7,,0.0,0.0,0.0,-0.182,,-12.5,-2.3,-14.8,0.0,walkesa01
165,Ben Wallace*,C,29,DET,23,924,18.6,.460,.015,.571,11.8,28.8,20.3,8.8,2.7,5.1,12.6,15.0,,0.8,2.8,3.6,.186,,1.1,4.2,5.3,1.7,wallabe01
166,Gerald Wallace,SF,21,SAC,3,20,5.6,.509,.000,.333,0.0,10.1,5.3,8.6,2.6,3.5,30.4,22.1,,-0.1,0.0,0.0,-0.095,,-7.8,2.9,-4.9,0.0,wallage01
167,Rasheed Wallace,PF,29,DET,23,803,15.3,.479,.245,.210,6.7,18.8,12.8,9.3,0.9,4.7,12.1,21.0,,0.6,1.6,2.3,.135,,-0.2,2.1,1.9,0.8,wallara01
168,Luke Walton,PF,23,LAL,17,134,11.5,.479,.448,.345,4.3,14.8,9.6,31.9,2.9,1.2,29.5,17.2,,0.0,0.2,0.2,.057,,-1.2,3.1,1.9,0.1,waltolu01
169,Charlie Ward,PG,33,SAS,5,13,39.1,.917,.500,.000,0.0,0.0,0.0,19.7,8.5,0.0,25.0,28.9,,0.1,0.0,0.1,.299,,14.0,10.9,24.9,0.1,wardch01
170,Earl Watson,PG,24,MEM,4,62,17.0,.582,.200,.200,7.7,10.6,9.1,22.1,4.5,0.0,26.9,17.8,,0.1,0.0,0.0,.035,,-0.5,1.1,0.6,0.0,watsoea01
171,Clarence Weatherspoon,PF,33,HOU,2,22,10.7,.458,.000,1.200,11.1,9.9,10.5,0.0,0.0,0.0,0.0,16.8,,0.0,0.0,0.0,.099,,-1.0,-1.2,-2.2,0.0,weathcl01
172,Chris Webber*,PF,30,SAC,12,446,17.6,.486,.020,.327,5.9,17.1,11.7,18.7,1.8,1.6,14.3,26.7,,0.2,0.4,0.6,.069,,0.7,1.1,1.8,0.4,webbech01
173,Bonzi Wells,SG,27,MEM,4,94,17.7,.544,.027,.378,2.6,14.0,8.0,9.7,2.4,0.9,17.3,27.4,,0.1,-0.1,0.0,-0.014,,0.9,-0.7,0.2,0.1,wellsbo01
174,Jiří Welsch,SG,24,BOS,4,104,11.1,.593,.174,.391,0.0,12.6,6.6,17.5,1.0,0.0,22.9,15.8,,0.1,-0.1,0.0,.003,,-1.6,-0.6,-2.2,0.0,welscji01
175,David Wesley,SG,33,NOH,7,243,6.1,.444,.405,.284,0.5,7.1,3.7,13.7,1.1,0.0,16.1,19.1,,-0.2,0.2,0.0,.005,,-3.7,-0.8,-4.5,-0.2,wesleda01
176,David West,PF,23,NOH,7,111,19.6,.608,.000,.464,8.0,22.7,15.2,15.2,1.0,2.9,17.2,17.2,,0.3,0.2,0.5,.207,,1.4,3.0,4.3,0.2,westda01
177,Rodney White,SF,23,DEN,4,26,-0.5,.267,.200,.000,4.1,19.4,11.1,0.0,4.0,0.0,11.8,28.8,,-0.2,0.0,-0.1,-0.232,,-9.5,-3.0,-12.4,-0.1,whitero02
178,Mike Wilks,PG,24,HOU,2,5,-3.6,,,,0.0,0.0,0.0,30.8,0.0,0.0,100.0,9.7,,0.0,0.0,0.0,-0.235,,-5.8,-4.2,-10.0,0.0,wilksmi01
179,Aaron Williams,C,32,NJN,11,149,4.4,.561,.000,.303,5.8,11.2,8.6,5.3,0.0,3.6,28.6,16.6,,-0.1,0.2,0.1,.019,,-8.3,0.6,-7.7,-0.2,williaa01
180,Frank Williams,PG,23,NYK,4,74,2.8,.393,.591,.227,1.4,1.8,1.6,12.1,2.1,0.0,14.2,17.0,,-0.1,0.0,-0.1,-0.069,,-5.7,-1.7,-7.4,-0.1,willifr02
181,Jason Williams,PG,28,MEM,4,130,11.2,.438,.457,.152,0.9,8.1,4.3,26.4,0.9,0.0,12.5,21.3,,0.0,-0.2,-0.2,-0.062,,0.8,-4.0,-3.2,0.0,willija02
182,Scott Williams,C,35,DAL,3,11,-5.8,.000,.000,.000,15.7,19.7,17.5,0.0,0.0,6.6,0.0,14.5,,-0.1,0.0,0.0,-0.204,,-11.1,-2.6,-13.7,0.0,willisc01
183,Shammond Williams,PG,28,NOH,3,18,5.4,.518,.200,.800,0.0,0.0,0.0,44.5,3.1,0.0,37.2,28.0,,0.0,0.0,0.0,-0.064,,-7.8,-0.3,-8.1,0.0,willish01
184,Corliss Williamson,PF,30,DET,22,327,8.7,.445,.008,.388,7.0,10.1,8.6,9.0,1.0,0.8,14.5,24.0,,-0.1,0.4,0.4,.057,,-4.4,-0.2,-4.5,-0.2,willico02
185,Kevin Willis,C,41,SAS,7,25,5.0,.355,.125,.125,0.0,29.9,14.3,0.0,2.2,0.0,0.0,15.9,,0.0,0.0,0.0,.017,,-6.3,1.8,-4.5,0.0,willike02
186,Loren Woods,C,25,MIA,1,2,0.0,,,,0.0,0.0,0.0,0.0,0.0,0.0,,0.0,,0.0,0.0,0.0,-0.005,,-2.0,0.9,-1.1,0.0,woodslo01
187,Metta World Peace,SF,24,IND,15,584,17.4,.466,.255,.328,4.6,14.5,9.5,17.4,2.0,2.2,11.1,27.5,,0.4,1.0,1.4,.114,,2.0,1.3,3.3,0.8,artesro01
188,Lorenzen Wright,C,28,MEM,4,100,7.5,.429,.000,.261,6.0,15.8,10.7,3.7,2.2,1.7,16.3,15.1,,-0.1,-0.1,-0.2,-0.076,,-3.3,-1.2,-4.5,-0.1,wrighlo02
189,Wang Zhizhi,C,26,MIA,3,7,-5.5,,,,0.0,0.0,0.0,22.5,0.0,0.0,100.0,6.8,,0.0,0.0,0.0,-0.168,,-9.4,2.4,-7.0,0.0,zhizhwa01