Rk,Player,Pos,Age,Tm,G,MP,PER,TS%,3PAr,FTr,ORB%,DRB%,TRB%,AST%,STL%,BLK%,TOV%,USG%,,OWS,DWS,WS,WS/48,,OBPM,DBPM,BPM,VORP,Player-additional
1,Hassan Adams,SG,22,NJN,6,9,0.5,.500,.000,.000,0.0,13.0,6.6,0.0,0.0,0.0,0.0,10.7,,0.0,0.0,0.0,.063,,-10.3,0.1,-10.2,0.0,adamsha01
2,Maurice Ager,SG,22,DAL,3,24,20.9,.644,.333,.667,4.6,9.5,7.0,0.0,0.0,0.0,0.0,21.1,,0.1,0.0,0.1,.179,,5.0,0.4,5.4,0.0,agerma01
3,Malik Allen,PF,28,CHI,5,34,-5.7,.167,.000,.000,13.9,10.2,12.0,4.8,1.6,2.4,20.0,20.4,,-0.2,0.0,-0.2,-0.229,,-12.1,-1.4,-13.5,-0.1,allenma01
4,Rafer Alston,PG,30,HOU,7,309,10.7,.477,.676,.176,2.3,15.4,9.0,21.0,2.3,0.7,17.6,15.2,,0.0,0.4,0.4,.063,,-2.6,2.6,0.0,0.2,alstora01
5,Carmelo Anthony,SF,22,DEN,5,210,22.1,.582,.184,.398,10.0,13.5,11.8,6.0,1.3,0.0,14.2,29.5,,0.5,0.1,0.6,.144,,5.8,-0.6,5.2,0.4,anthoca01
6,Rafael Araújo,C,26,UTA,5,28,12.6,.414,.000,1.500,12.5,33.7,23.1,5.5,1.9,0.0,0.0,21.3,,0.0,0.0,0.1,.114,,-2.8,-0.3,-3.1,0.0,araujra01
7,Trevor Ariza,SG,21,ORL,4,47,2.6,.310,.000,.250,12.8,10.0,11.4,17.4,1.2,0.0,18.4,22.3,,-0.2,0.0,-0.2,-0.173,,-6.7,-2.2,-8.9,-0.1,arizatr01
8,Carlos Arroyo,PG,27,ORL,3,40,12.6,.403,.143,.143,6.0,8.8,7.5,25.3,1.4,0.0,6.3,19.1,,0.0,0.0,0.0,.016,,-0.6,-0.7,-1.3,0.0,arroyca01
9,Kelenna Azubuike,SG,23,GSW,6,15,15.2,.515,.333,.667,7.2,23.1,14.9,0.0,3.4,0.0,0.0,11.4,,0.0,0.0,0.0,.157,,0.8,1.7,2.5,0.0,azubuke01
10,Marcus Banks,PG,25,PHO,2,7,7.4,.347,.500,1.000,0.0,0.0,0.0,17.6,0.0,0.0,0.0,18.6,,0.0,0.0,0.0,-0.008,,-4.4,-4.2,-8.5,0.0,banksma01
11,Leandro Barbosa,SG,24,PHO,11,349,13.0,.497,.373,.247,2.5,9.8,6.3,10.9,1.8,0.4,11.2,25.5,,0.0,0.3,0.3,.038,,-0.7,-0.4,-1.1,0.1,barbole01
12,J.J. Barea,PG,22,DAL,2,4,-10.3,.000,,,0.0,0.0,0.0,0.0,0.0,0.0,0.0,9.6,,0.0,0.0,0.0,-0.351,,-8.8,-5.7,-14.5,0.0,bareajo01
13,Andrea Bargnani,PF,21,TOR,6,181,14.1,.607,.370,.413,2.1,13.9,8.1,6.0,1.5,1.5,11.4,16.4,,0.3,0.1,0.4,.108,,0.5,0.0,0.5,0.1,bargnan01
14,Matt Barnes,PF,26,GSW,11,330,15.4,.565,.450,.180,8.5,12.9,10.6,12.8,2.4,0.9,15.6,17.1,,0.6,0.2,0.8,.114,,1.2,0.7,1.9,0.3,barnema02
15,Brent Barry,SG,35,SAS,19,225,8.5,.485,.817,.033,2.1,10.8,6.6,14.6,1.0,0.7,15.3,15.1,,0.0,0.2,0.2,.047,,-1.5,-0.4,-1.9,0.0,barrybr01
16,Tony Battie,PF,30,ORL,4,87,3.9,.380,.000,.222,4.2,17.6,11.0,1.8,0.0,0.0,0.0,11.0,,0.0,0.0,-0.1,-0.029,,-4.7,-1.4,-6.2,-0.1,battito01
17,Shane Battier,SF,28,HOU,7,272,12.8,.660,.843,.157,1.3,6.3,3.8,10.3,2.4,1.8,12.8,11.2,,0.4,0.3,0.8,.135,,1.3,3.6,5.0,0.5,battish01
18,Raja Bell,SG,30,PHO,11,438,8.4,.601,.517,.161,1.7,6.8,4.4,6.3,1.2,0.3,13.9,11.1,,0.4,0.2,0.6,.069,,-1.0,0.8,-0.2,0.2,bellra01
19,Andris Biedriņš,C,20,GSW,11,267,16.1,.697,.000,.811,7.7,21.6,14.4,2.9,1.5,5.0,15.2,9.8,,0.6,0.3,0.8,.148,,0.0,1.5,1.6,0.2,biedran01
20,Chauncey Billups,PG,30,DET,16,649,18.7,.612,.466,.585,1.3,8.5,4.9,25.8,1.6,0.2,15.9,21.4,,1.8,0.7,2.5,.183,,4.0,0.0,4.0,1.0,billuch01
21,Steve Blake,PG,26,DEN,5,180,8.9,.581,.516,.000,0.6,6.9,3.8,20.5,0.9,0.0,24.4,10.5,,0.1,0.0,0.1,.036,,-0.7,0.0,-0.7,0.1,blakest01
22,Andray Blatche,PF,20,WAS,2,25,17.6,.699,.000,.167,12.3,19.8,15.7,0.0,0.0,0.0,13.4,14.1,,0.1,0.0,0.1,.130,,2.3,-1.8,0.5,0.0,blatcan01
23,Matt Bonner,PF,26,SAS,9,25,2.5,.444,.571,.286,9.7,4.6,7.1,0.0,4.3,0.0,27.6,20.6,,-0.1,0.0,0.0,-0.055,,-8.7,0.2,-8.5,0.0,bonnema01
24,Josh Boone,PF,22,NJN,12,118,10.2,.521,.000,1.000,7.2,11.9,9.6,4.4,0.5,2.1,8.0,15.3,,0.1,0.2,0.3,.114,,-3.3,-0.3,-3.6,0.0,boonejo01
25,Calvin Booth,C,30,WAS,1,18,13.5,.667,.000,.000,11.4,13.8,12.5,9.2,3.0,0.0,25.0,10.5,,0.0,0.0,0.0,.093,,-1.1,1.9,0.8,0.0,boothca01
26,Carlos Boozer,PF,25,UTA,17,654,24.2,.576,.000,.341,9.6,27.6,18.6,15.1,1.4,0.7,12.8,27.3,,1.7,0.8,2.5,.181,,4.7,0.4,5.1,1.2,boozeca01
27,Chris Bosh*,C,22,TOR,6,222,18.0,.487,.055,.418,3.9,25.4,14.9,13.1,1.2,4.6,10.0,26.0,,0.1,0.3,0.3,.074,,0.1,0.3,0.4,0.1,boshch01
28,Bruce Bowen,SF,35,SAS,20,689,8.5,.534,.622,.050,2.1,11.6,6.9,5.7,2.2,0.4,10.3,9.3,,0.4,0.8,1.2,.086,,-1.7,2.9,1.2,0.6,bowenbr01
29,Ronnie Brewer,SG,21,UTA,8,41,17.1,.604,.000,1.300,5.7,11.5,8.6,8.0,1.3,0.0,11.3,19.4,,0.1,0.0,0.1,.138,,1.1,-0.3,0.8,0.0,brewero02
30,Dee Brown,PG,22,UTA,8,52,4.5,.346,.353,.235,2.2,4.5,3.4,27.1,0.0,0.0,17.6,19.6,,-0.1,0.0,-0.1,-0.112,,-3.1,-3.6,-6.7,-0.1,brownde03
31,Kwame Brown,C,24,LAL,5,133,11.2,.538,.000,.250,10.4,13.9,12.0,1.2,0.4,2.4,18.4,16.0,,0.1,0.0,0.0,.005,,-2.4,-0.8,-3.2,0.0,brownkw01
32,P.J. Brown,PF,37,CHI,10,228,15.2,.538,.000,.343,8.8,15.2,12.0,9.9,1.9,0.7,9.4,17.3,,0.4,0.3,0.7,.151,,-0.7,2.8,2.1,0.2,brownpj01
33,Shannon Brown,SG,21,CLE,1,0,,,,,,,,,,,,,,0.0,0.0,0.0,,,-5.6,0.3,-5.2,0.0,brownsh01
34,Kobe Bryant*,SG,28,LAL,5,215,24.1,.561,.215,.285,0.5,14.3,6.9,20.0,1.2,0.7,13.1,33.9,,0.6,-0.1,0.5,.121,,6.0,0.1,6.1,0.4,bryanko01
35,Greg Buckner,SG,30,DAL,6,44,-3.0,.063,.571,.286,5.0,10.3,7.6,6.4,2.3,2.1,20.2,9.8,,-0.2,0.0,-0.2,-0.170,,-9.6,0.2,-9.4,-0.1,buckngr01
36,Pat Burke,C,33,PHO,3,7,6.8,.500,.000,.000,0.0,15.7,8.3,0.0,0.0,10.9,0.0,12.9,,0.0,0.0,0.0,.091,,-10.7,5.2,-5.5,0.0,burkepa01
37,Andrew Bynum,C,19,LAL,5,55,16.9,.515,.000,.667,15.4,33.6,23.8,0.0,0.0,2.9,9.3,16.9,,0.1,0.0,0.1,.082,,0.1,-2.0,-1.9,0.0,bynuman01
38,José Calderón,PG,25,TOR,6,146,20.1,.544,.174,.087,1.7,6.6,4.2,50.1,1.8,0.0,17.3,28.7,,0.2,0.1,0.2,.075,,2.7,-1.7,1.0,0.1,caldejo01
39,Marcus Camby,C,32,DEN,5,184,13.7,.399,.000,.133,7.6,38.1,23.1,8.9,1.2,6.7,17.3,14.5,,-0.2,0.4,0.2,.056,,-1.4,3.4,2.0,0.2,cambyma01
40,Anthony Carter,PG,31,DEN,1,14,25.5,.901,.000,.250,0.0,8.1,4.1,34.5,0.0,0.0,18.4,18.0,,0.1,0.0,0.1,.221,,5.0,2.8,7.9,0.0,cartean01
41,Vince Carter,SG,30,NJN,12,487,16.9,.490,.230,.374,4.3,15.7,10.1,26.9,1.2,1.2,12.2,30.8,,0.1,0.8,0.9,.091,,2.0,-0.5,1.5,0.4,cartevi01
42,Jarron Collins,C,28,UTA,13,110,7.0,.455,.000,1.889,8.5,12.9,10.7,6.3,1.9,0.0,5.7,7.1,,0.1,0.1,0.2,.090,,-3.0,1.5,-1.5,0.0,collija03
43,Jason Collins,PF,28,NJN,12,329,1.8,.542,.000,.524,5.9,8.6,7.3,0.9,1.2,0.8,38.2,6.1,,-0.2,0.4,0.2,.030,,-6.2,0.6,-5.5,-0.3,collija04
44,Brian Cook,PF,26,LAL,5,51,4.5,.466,.389,.167,4.2,9.7,6.7,0.0,0.0,1.5,9.4,18.1,,0.0,0.0,0.0,-0.019,,-6.0,-2.3,-8.3,-0.1,cookbr01
45,Austin Croshere,PF,31,DAL,3,34,10.7,.545,.333,.333,9.7,10.0,9.8,0.0,0.0,0.0,12.7,20.2,,0.1,0.0,0.0,.047,,-1.0,-3.1,-4.1,0.0,croshau01
46,Erick Dampier,C,31,DAL,5,38,7.9,.644,.000,.667,25.9,24.0,25.0,4.0,0.0,0.0,50.8,9.0,,0.0,0.0,0.0,.004,,-3.9,-2.9,-6.8,0.0,dampier01
47,Antonio Daniels,SG,31,WAS,4,176,20.5,.561,.132,.553,1.2,11.3,5.7,43.3,1.5,0.4,12.9,14.6,,0.5,0.0,0.5,.141,,3.8,0.6,4.5,0.3,daniean01
48,Baron Davis,PG,27,GSW,11,445,26.8,.622,.351,.387,2.7,10.1,6.3,30.3,3.6,1.2,12.5,25.4,,2.0,0.3,2.3,.247,,5.8,2.8,8.6,1.2,davisba01
49,Dale Davis,C,37,DET,8,51,6.0,.410,.000,.500,11.6,16.5,14.0,3.2,2.2,3.2,17.0,11.1,,0.0,0.1,0.1,.078,,-6.2,1.7,-4.5,0.0,davisda01
50,Carlos Delfino,SG,24,DET,16,135,9.6,.467,.432,.162,5.3,13.3,9.3,10.6,2.1,0.6,15.0,16.7,,0.0,0.2,0.2,.054,,-1.8,0.8,-1.0,0.0,delfica01
51,Luol Deng,SF,21,CHI,10,410,21.7,.575,.006,.339,8.6,16.1,12.4,12.7,1.3,1.4,10.6,24.4,,1.1,0.5,1.6,.188,,3.6,1.8,5.4,0.8,denglu01
52,Boris Diaw,PF,24,PHO,10,235,11.4,.503,.102,.254,6.8,8.9,7.9,18.4,1.5,0.7,20.6,15.9,,0.1,0.2,0.3,.052,,-0.9,0.5,-0.4,0.1,diawbo01
53,Yakhouba Diawara,SG,24,DEN,1,1,0.0,,,,0.0,0.0,0.0,0.0,0.0,0.0,,0.0,,0.0,0.0,0.0,-0.021,,-3.9,-1.0,-4.9,0.0,diawaya01
54,DeSagana Diop,C,25,DAL,6,140,12.0,.581,.000,.467,12.5,20.3,16.3,2.2,1.1,6.7,18.1,6.9,,0.2,0.1,0.2,.078,,-1.7,1.7,0.0,0.1,diopde01
55,Juan Dixon,SG,28,TOR,6,63,3.5,.429,.381,.000,0.0,7.6,3.9,8.7,5.9,0.0,32.3,23.8,,-0.3,0.1,-0.2,-0.182,,-8.1,1.3,-6.7,-0.1,dixonju01
56,Michael Doleac,C,29,MIA,1,1,0.0,,,,0.0,0.0,0.0,0.0,0.0,0.0,,0.0,,0.0,0.0,0.0,-0.025,,-2.8,-0.5,-3.4,0.0,doleami01
57,Keyon Dooling,SG,26,ORL,4,65,16.9,.525,.120,.240,1.9,10.9,6.4,14.4,1.7,1.3,6.7,22.0,,0.1,0.0,0.1,.080,,0.2,1.8,2.0,0.1,doolike01
58,Chris Duhon,PG,24,CHI,9,172,7.5,.452,.613,.323,2.1,8.7,5.4,19.5,0.9,0.5,16.5,11.4,,0.0,0.1,0.2,.055,,-2.2,0.3,-1.9,0.0,duhonch01
59,Tim Duncan*,C,30,SAS,20,736,27.4,.556,.000,.446,12.0,24.5,18.4,17.7,1.0,6.3,12.9,29.5,,1.9,1.4,3.3,.214,,3.8,3.0,6.9,1.7,duncati01
60,Monta Ellis,SG,21,GSW,11,238,8.6,.466,.110,.341,3.6,8.2,5.9,6.8,2.1,0.7,17.5,21.2,,-0.3,0.1,-0.2,-0.041,,-4.2,-1.1,-5.3,-0.2,ellismo01
61,Francisco Elson,C,30,SAS,20,230,11.8,.625,.023,.455,11.6,20.1,15.9,1.4,1.9,2.0,26.5,14.8,,0.1,0.4,0.5,.103,,-4.1,1.4,-2.7,0.0,elsonfr01
62,Maurice Evans,SG,28,LAL,5,82,11.0,.481,.500,.000,3.9,7.5,5.6,5.5,1.2,0.0,0.0,13.7,,0.1,0.0,0.1,.050,,1.1,-0.8,0.3,0.0,evansma01
63,Jordan Farmar,PG,20,LAL,5,114,11.6,.515,.357,.250,0.9,14.0,7.0,10.2,2.7,0.7,13.9,13.7,,0.1,0.0,0.1,.038,,-2.3,2.6,0.3,0.1,farmajo01
64,Michael Finley,SF,33,SAS,20,538,15.0,.576,.590,.219,1.8,10.7,6.4,6.8,1.1,0.6,6.2,18.3,,1.2,0.5,1.6,.146,,2.3,0.8,3.1,0.7,finlemi01
65,Derek Fisher,SG,32,UTA,16,445,11.5,.540,.264,.372,1.0,5.6,3.3,14.7,1.9,0.4,11.9,16.1,,0.7,0.2,0.9,.097,,-1.2,1.1,0.0,0.2,fishede01
66,T.J. Ford,PG,23,TOR,6,136,27.3,.563,.132,.276,4.6,4.4,4.5,43.6,2.7,1.4,14.1,35.2,,0.3,0.1,0.4,.146,,7.2,0.2,7.4,0.3,fordtj01
67,Adonal Foyle,C,31,GSW,3,6,20.0,1.000,.000,.000,0.0,38.5,18.6,0.0,0.0,0.0,0.0,7.4,,0.0,0.0,0.0,.215,,6.4,1.7,8.2,0.0,foylead01
68,Devean George,SF,29,DAL,6,109,4.4,.357,.480,.400,4.0,14.6,9.2,5.5,2.8,1.7,19.2,14.5,,-0.2,0.0,-0.2,-0.072,,-5.2,0.9,-4.2,-0.1,georgde01
69,Daniel Gibson,PG,20,CLE,20,402,16.8,.611,.569,.371,2.6,6.8,4.7,9.7,1.7,0.8,6.3,17.2,,1.2,0.5,1.8,.211,,2.7,2.7,5.4,0.8,gibsoda01
70,Manu Ginóbili*,SG,29,SAS,20,602,21.9,.559,.401,.470,3.2,17.8,10.7,21.6,3.0,0.5,12.4,26.8,,1.6,1.0,2.6,.204,,3.3,2.6,6.0,1.2,ginobma01
71,Gordan Giriček,SG,29,UTA,17,307,7.0,.530,.286,.176,1.5,9.2,5.4,8.8,0.5,0.6,18.3,17.5,,0.0,0.1,0.1,.009,,-2.3,-1.0,-3.3,-0.1,giricgo01
72,Drew Gooden,PF,25,CLE,20,605,15.7,.523,.010,.194,9.5,21.7,15.5,6.6,0.9,1.3,11.0,19.5,,0.7,1.0,1.7,.137,,-0.9,0.7,-0.3,0.3,goodedr01
73,Ben Gordon,SG,23,CHI,10,395,16.0,.584,.374,.429,2.7,8.5,5.6,18.4,1.2,0.2,16.3,24.4,,0.7,0.4,1.1,.132,,1.8,0.3,2.1,0.4,gordobe01
74,Joey Graham,SF,24,TOR,6,109,1.8,.345,.048,.238,1.1,20.9,11.2,2.9,2.0,0.0,20.5,12.9,,-0.3,0.1,-0.2,-0.087,,-7.4,-0.7,-8.1,-0.2,grahajo01
75,Adrian Griffin,SF,32,CHI,4,9,-19.0,.000,.000,.000,13.1,0.0,6.5,0.0,6.0,0.0,0.0,30.8,,-0.1,0.0,-0.1,-0.569,,-19.2,-6.9,-26.0,-0.1,griffad01
76,Richard Hamilton,SG,28,DET,16,638,16.4,.517,.079,.353,5.9,7.0,6.4,18.7,1.2,0.3,9.6,24.3,,1.3,0.6,1.8,.138,,2.0,-0.6,1.4,0.6,hamilri01
77,Matt Harpring,SF,30,UTA,17,433,12.5,.504,.029,.346,8.9,13.3,11.1,8.7,0.9,0.7,12.3,18.5,,0.4,0.2,0.6,.070,,-0.1,-1.0,-1.0,0.1,harprma01
78,Al Harrington,PF,26,GSW,11,262,12.8,.504,.388,.306,7.0,15.0,10.9,3.8,1.0,2.1,8.3,20.5,,0.3,0.1,0.4,.068,,-0.6,-1.6,-2.2,0.0,harrial01
79,Devin Harris,PG,23,DAL,6,163,18.5,.554,.159,.302,0.7,7.7,4.1,35.3,1.9,0.6,11.2,21.4,,0.5,0.0,0.4,.124,,1.4,1.2,2.6,0.2,harride01
80,Udonis Haslem,PF,26,MIA,4,103,11.3,.526,.000,.320,4.6,20.8,12.4,6.7,0.5,1.5,6.6,14.0,,0.1,0.0,0.2,.074,,-0.9,0.4,-0.5,0.0,hasleud01
81,Chuck Hayes,PF,23,HOU,7,197,10.0,.677,.059,.294,8.4,17.9,13.2,2.7,2.5,1.1,26.7,6.5,,0.1,0.3,0.5,.111,,-2.8,2.7,-0.1,0.1,hayesch01
82,Jarvis Hayes,SF,25,WAS,4,139,8.6,.438,.413,.152,3.0,8.9,5.7,4.8,0.8,0.5,0.0,16.7,,0.0,-0.1,0.0,-0.007,,-1.2,-2.3,-3.5,-0.1,hayesja01
83,Brendan Haywood,C,27,WAS,3,34,17.1,.742,.000,.571,9.1,7.3,8.3,5.2,1.6,0.0,10.2,13.6,,0.1,0.0,0.1,.175,,-1.3,-0.7,-2.0,0.0,haywobr01
84,Luther Head,SG,24,HOU,7,141,4.4,.405,.639,.222,1.7,13.7,7.8,10.5,1.2,1.0,15.0,16.0,,-0.2,0.2,-0.1,-0.024,,-5.5,0.6,-4.9,-0.1,headlu01
85,Nenê,C,24,DEN,5,179,19.4,.624,.000,.340,14.3,10.8,12.5,12.7,0.9,1.3,17.6,19.1,,0.5,0.1,0.6,.148,,2.2,1.1,3.3,0.2,hilarne01
86,Grant Hill*,SG,34,ORL,4,143,16.8,.571,.000,.868,1.7,16.5,9.2,17.9,0.8,0.6,16.0,21.1,,0.2,0.0,0.2,.072,,1.4,0.7,2.0,0.1,hillgr01
87,Kirk Hinrich,PG,26,CHI,10,362,13.1,.471,.368,.222,1.3,12.1,6.8,37.3,1.3,0.7,15.2,19.3,,0.3,0.4,0.7,.091,,-0.5,1.1,0.6,0.2,hinriki01
88,Robert Horry,PF,36,SAS,18,361,14.2,.571,.617,.283,5.4,17.3,11.4,12.1,1.6,5.0,17.2,10.7,,0.5,0.6,1.1,.144,,1.1,4.9,6.0,0.7,horryro01
89,Eddie House,SG,28,NJN,4,18,-2.5,.313,.750,.000,0.0,13.0,6.6,9.8,3.0,0.0,20.0,26.8,,-0.1,0.0,-0.1,-0.223,,-9.4,-0.8,-10.2,0.0,houseed01
90,Dwight Howard,C,21,ORL,4,167,15.3,.540,.000,.786,11.6,30.3,21.1,7.2,0.7,2.0,23.1,21.2,,-0.1,0.1,0.0,.010,,-0.5,-0.8,-1.3,0.0,howardw01
91,Josh Howard,SF,26,DAL,6,248,22.5,.577,.182,.273,6.6,20.2,13.3,13.5,2.7,1.9,9.8,21.5,,0.7,0.1,0.8,.161,,4.0,2.2,6.2,0.5,howarjo01
92,Juwan Howard,PF,33,HOU,7,157,10.1,.439,.000,.314,7.5,15.2,11.4,8.4,1.7,0.0,9.1,13.6,,0.0,0.2,0.2,.065,,-2.3,0.7,-1.6,0.0,howarju01
93,Larry Hughes,SG,28,CLE,18,639,9.5,.450,.271,.317,1.6,11.5,6.5,12.4,2.2,1.1,15.6,20.2,,-0.6,1.0,0.4,.031,,-3.1,1.2,-1.9,0.0,hughela01
94,Kris Humphries,PF,21,TOR,6,69,4.7,.359,.000,.889,12.6,17.4,15.1,2.3,0.8,2.7,19.3,10.9,,-0.1,0.0,0.0,-0.011,,-5.9,-1.7,-7.6,-0.1,humphkr01
95,Lindsey Hunter,PG,36,DET,13,133,2.4,.346,.581,.161,1.8,7.2,4.5,19.4,2.5,0.6,23.1,15.7,,-0.3,0.2,-0.1,-0.040,,-6.5,0.4,-6.1,-0.1,hunteli01
96,Zydrunas Ilgauskas,C,31,CLE,20,649,18.0,.553,.000,.345,11.9,23.1,17.5,5.1,0.8,2.1,12.4,19.2,,1.2,1.2,2.3,.173,,0.4,0.2,0.7,0.4,ilgauzy01
97,Allen Iverson*,SG,31,DEN,5,223,13.0,.447,.149,.272,0.0,1.5,0.8,25.4,1.7,0.0,10.5,29.6,,0.0,0.0,0.0,.008,,1.2,-1.4,-0.2,0.1,iversal01
98,Luke Jackson,SF,25,TOR,3,11,35.6,1.136,,,11.3,43.6,27.8,13.4,4.9,0.0,27.5,16.0,,0.1,0.0,0.1,.576,,3.0,9.7,12.7,0.0,jackslu02
99,Stephen Jackson,SF,28,GSW,11,454,15.0,.549,.447,.540,1.4,8.6,4.9,14.2,2.4,1.4,17.1,23.4,,0.5,0.2,0.6,.066,,0.6,0.1,0.7,0.3,jacksst02
100,LeBron James,SF,22,CLE,20,893,23.9,.516,.188,.491,3.4,17.9,10.6,37.4,2.1,1.0,12.0,29.7,,2.1,1.6,3.7,.200,,5.3,2.8,8.1,2.2,jamesle01
101,Antawn Jamison,PF,30,WAS,4,173,26.5,.555,.252,.272,7.7,18.6,12.7,6.7,0.6,1.8,5.7,33.5,,0.5,0.0,0.5,.145,,6.8,-1.5,5.2,0.3,jamisan01
102,Šarūnas Jasikevičius,PG,30,GSW,4,6,6.9,.266,.000,2.000,0.0,0.0,0.0,44.2,0.0,0.0,0.0,13.9,,0.0,0.0,0.0,-0.001,,-1.7,-2.0,-3.7,0.0,jasiksa01
103,Richard Jefferson,SF,26,NJN,12,489,16.7,.599,.238,.393,1.0,15.1,8.2,10.8,1.0,0.8,12.1,22.1,,0.9,0.7,1.6,.156,,0.8,0.6,1.4,0.4,jefferi01
104,Damon Jones,PG,30,CLE,11,139,7.0,.476,.846,.115,0.8,6.8,3.8,13.1,0.0,0.0,0.0,9.5,,0.2,0.1,0.3,.101,,-1.6,0.5,-1.1,0.0,jonesda01
105,Eddie Jones,SG,35,MIA,3,66,5.9,.430,.667,.667,1.8,9.6,5.5,11.4,0.8,1.2,7.9,9.1,,0.0,0.0,0.0,.021,,-2.7,-0.6,-3.3,0.0,jonesed02
106,James Jones,SF,26,PHO,11,171,11.6,.673,.500,.306,2.1,7.7,5.1,2.5,0.6,0.9,8.9,11.8,,0.3,0.1,0.4,.115,,0.9,0.9,1.8,0.2,jonesja02
107,Jason Kapono,SF,25,MIA,4,77,8.0,.559,.235,.118,0.0,8.2,4.0,4.4,1.4,0.0,5.3,11.6,,0.1,0.0,0.1,.047,,-2.0,-0.7,-2.7,0.0,kaponja01
108,Jason Kidd*,PG,33,NJN,12,484,22.0,.550,.547,.169,5.8,26.2,16.2,49.5,2.5,0.9,20.5,19.9,,1.0,1.1,2.1,.207,,5.0,3.6,8.6,1.3,kiddja01
109,Andrei Kirilenko,SF,25,UTA,17,527,14.8,.541,.073,.528,6.2,13.7,9.9,12.9,1.5,7.2,18.8,15.9,,0.5,0.7,1.1,.102,,0.4,2.7,3.1,0.7,kirilan01
110,Linas Kleiza,PF,22,DEN,5,66,0.5,.288,.462,.154,0.0,13.7,7.0,4.6,0.0,0.0,0.0,9.7,,-0.1,0.0,-0.1,-0.045,,-5.1,-1.1,-6.2,-0.1,kleizli01
111,John Lucas III,PG,24,HOU,2,8,-12.7,.000,1.000,.000,0.0,0.0,0.0,0.0,6.8,0.0,66.7,18.2,,-0.1,0.0,-0.1,-0.445,,-14.6,-0.1,-14.7,0.0,lucasjo02
112,Shawn Marion,SF,28,PHO,11,455,18.5,.558,.224,.217,7.3,21.1,14.5,4.4,1.8,3.2,6.7,17.7,,0.8,0.7,1.5,.158,,2.5,1.7,4.2,0.7,mariosh01
113,Donyell Marshall,PF,33,CLE,19,204,9.8,.454,.652,.159,6.9,16.8,11.8,4.5,0.8,1.7,6.3,18.6,,0.1,0.3,0.4,.092,,-1.3,0.1,-1.2,0.0,marshdo01
114,Darrick Martin,PG,35,TOR,2,8,13.7,.347,1.000,1.000,0.0,15.0,7.6,36.9,0.0,0.0,0.0,17.4,,0.0,0.0,0.0,.040,,-0.1,-2.6,-2.6,0.0,martida01
115,Roger Mason,SG,26,WAS,4,56,10.0,.644,.625,.375,0.0,4.4,2.0,3.0,1.0,0.0,13.9,18.3,,0.1,0.0,0.1,.043,,-1.8,-1.1,-2.9,0.0,masonro01
116,Jason Maxiell,C,23,DET,14,146,18.6,.649,.030,.697,8.9,18.1,13.5,2.6,1.5,5.0,14.0,16.5,,0.3,0.3,0.6,.187,,0.8,3.1,4.0,0.2,maxieja01
117,Antonio McDyess,PF,32,DET,16,354,11.9,.396,.019,.245,13.7,24.4,19.0,9.0,1.7,3.4,12.6,18.3,,-0.2,0.7,0.6,.078,,-2.7,0.3,-2.4,0.0,mcdyean01
118,Tracy McGrady*,SG,27,HOU,7,280,21.2,.478,.225,.356,2.1,14.6,8.5,46.2,1.0,1.5,10.2,35.7,,0.3,0.3,0.6,.102,,4.7,0.8,5.6,0.5,mcgratr01
119,C.J. Miles,SG,19,UTA,1,3,9.5,.568,,,0.0,0.0,0.0,0.0,0.0,0.0,0.0,13.2,,0.0,0.0,0.0,.089,,0.3,-2.8,-2.5,0.0,milescj01
120,Darko Miličić,PF,21,ORL,4,115,20.5,.591,.000,.500,10.5,8.2,9.3,6.4,0.5,2.9,4.6,18.2,,0.4,0.0,0.3,.140,,3.4,0.4,3.9,0.2,milicda01
121,Paul Millsap,PF,21,UTA,17,263,18.3,.552,.013,.300,16.9,16.6,16.7,5.1,2.2,3.3,12.6,17.7,,0.5,0.3,0.8,.153,,0.9,0.3,1.3,0.2,millspa01
122,Yao Ming*,C,26,HOU,7,260,19.9,.557,.000,.600,10.5,21.4,16.0,5.7,0.2,1.4,17.3,35.7,,0.2,0.3,0.5,.100,,0.2,-1.1,-0.8,0.1,mingya01
123,Nazr Mohammed,C,29,DET,2,6,44.1,.753,.000,1.500,19.7,40.0,29.8,0.0,0.0,0.0,0.0,26.7,,0.1,0.0,0.1,.684,,15.2,-0.5,14.8,0.0,mohamna01
124,Mikki Moore,C,31,NJN,12,399,13.0,.599,.000,.290,7.0,12.9,10.0,6.5,1.4,1.4,15.1,16.0,,0.5,0.6,1.1,.134,,-1.6,0.8,-0.8,0.1,mooremi01
125,Alonzo Mourning*,C,36,MIA,4,55,20.0,.748,.000,1.182,2.1,16.1,8.9,3.6,0.0,4.3,5.6,15.2,,0.2,0.0,0.2,.177,,3.6,2.0,5.7,0.1,mournal01
126,Ronald Murray,SG,27,DET,12,136,6.2,.419,.065,.355,1.7,6.2,3.9,17.4,1.6,0.6,18.2,15.5,,-0.1,0.1,0.0,.002,,-3.7,-0.3,-4.1,-0.1,murraro01
127,Dikembe Mutombo*,C,40,HOU,7,40,20.3,1.042,.000,1.000,14.8,17.0,15.9,4.6,0.0,5.3,0.0,5.2,,0.2,0.1,0.2,.295,,2.4,4.4,6.8,0.1,mutomdi01
128,Boštjan Nachbar,SF,26,NJN,12,281,12.5,.568,.505,.232,2.2,12.5,7.5,11.9,1.3,0.3,14.7,21.0,,0.2,0.4,0.6,.102,,-0.5,0.3,-0.2,0.1,nachbbo01
129,Eduardo Nájera,PF,30,DEN,5,96,5.4,.252,.176,.118,13.3,20.0,16.7,3.2,1.1,0.8,10.1,9.6,,-0.1,0.1,0.0,-0.008,,-3.7,-0.5,-4.2,-0.1,najered01
130,Steve Nash*,PG,32,PHO,11,413,21.9,.577,.244,.288,1.2,8.3,4.9,55.8,0.5,0.2,21.0,24.9,,1.3,0.1,1.4,.165,,6.4,-1.2,5.2,0.8,nashst01
131,Jameer Nelson,PG,24,ORL,4,129,13.2,.520,.280,.220,3.7,7.3,5.5,18.1,1.3,0.0,14.1,23.9,,0.1,0.0,0.1,.028,,-0.2,-0.6,-0.8,0.0,nelsoja01
132,Rasho Nesterović,C,30,TOR,5,71,14.1,.521,.000,.200,17.6,22.0,19.8,7.3,0.0,2.6,19.7,13.8,,0.1,0.0,0.1,.084,,0.0,-1.2,-1.2,0.0,nestera01
133,Ira Newble,SF,32,CLE,6,10,-9.3,.000,1.000,.000,0.0,11.8,5.9,15.1,0.0,0.0,0.0,9.6,,0.0,0.0,0.0,-0.128,,-13.2,-0.5,-13.7,0.0,newblir01
134,Andrés Nocioni,PF,27,CHI,10,197,9.2,.468,.453,.209,1.8,18.8,10.4,7.8,0.5,2.1,12.2,25.1,,-0.2,0.3,0.1,.018,,-2.0,0.3,-1.7,0.0,nocioan01
135,Dirk Nowitzki*,PF,28,DAL,6,239,20.9,.509,.202,.532,11.5,20.5,15.9,10.4,2.4,3.2,10.8,23.7,,0.5,0.1,0.6,.128,,3.3,-0.2,3.1,0.3,nowitdi01
136,Shaquille O'Neal*,C,34,MIA,4,121,19.9,.529,.000,.458,15.6,18.8,17.1,9.8,0.4,3.9,16.5,33.2,,-0.1,0.1,0.0,.008,,1.6,-1.6,0.0,0.1,onealsh01
137,Fabricio Oberto,C,31,SAS,20,415,14.2,.628,.013,.263,11.9,15.8,13.9,5.5,0.8,0.7,10.1,11.3,,1.0,0.4,1.5,.168,,-0.3,0.8,0.5,0.3,obertfa01
138,Lamar Odom,PF,27,LAL,5,192,20.6,.508,.129,.282,11.1,28.8,19.3,9.9,0.5,2.5,9.5,23.8,,0.4,0.0,0.4,.095,,2.6,0.0,2.6,0.2,odomla01
139,Mehmet Okur,C,27,UTA,17,585,13.9,.496,.432,.230,7.4,19.2,13.2,8.1,2.2,2.6,10.6,17.3,,0.6,0.7,1.3,.106,,0.9,0.7,1.6,0.5,okurme01
140,Anthony Parker,SG,31,TOR,6,240,14.6,.575,.323,.629,1.6,14.5,8.2,4.4,2.0,0.8,8.1,17.3,,0.4,0.2,0.6,.116,,-0.3,0.8,0.5,0.2,parkean01
141,Smush Parker,PG,25,LAL,5,59,3.5,.305,.462,.308,7.2,6.3,6.8,6.7,2.6,1.3,16.9,13.1,,-0.1,0.0,-0.1,-0.079,,-6.0,1.1,-4.8,0.0,parkesm01
142,Tony Parker*,PG,24,SAS,20,751,18.7,.523,.060,.303,2.3,8.1,5.3,30.0,1.6,0.0,14.3,29.2,,0.9,0.6,1.6,.100,,1.8,-0.5,1.3,0.6,parketo01
143,Sasha Pavlović,SG,23,CLE,20,616,6.7,.447,.307,.190,2.5,7.3,4.9,9.5,1.7,0.7,14.9,18.8,,-0.7,0.8,0.1,.010,,-3.9,0.3,-3.6,-0.2,pavloal01
144,Gary Payton*,PG,38,MIA,2,32,-7.3,.000,.333,.000,0.0,15.8,7.6,13.5,0.0,0.0,57.1,10.3,,-0.2,0.0,-0.2,-0.258,,-10.9,-2.6,-13.5,-0.1,paytoga01
145,Morris Peterson,SF,29,TOR,6,183,8.3,.648,.414,.207,3.4,14.4,9.0,1.8,0.6,1.0,15.9,9.9,,0.2,0.1,0.2,.065,,-1.8,-0.9,-2.7,0.0,petermo01
146,Eric Piatkowski,SG,36,PHO,1,3,29.3,1.000,.000,.000,0.0,0.0,0.0,0.0,0.0,0.0,0.0,15.0,,0.0,0.0,0.0,.238,,7.2,0.6,7.8,0.0,piatker01
147,Mickaël Piétrus,SF,24,GSW,11,209,11.7,.509,.551,.735,6.7,16.0,11.2,4.3,1.2,3.4,9.7,15.2,,0.3,0.1,0.4,.086,,-1.7,0.1,-1.6,0.0,pietrmi01
148,Scot Pollard,C,31,CLE,3,3,-6.7,,,,0.0,0.0,0.0,0.0,0.0,0.0,,0.0,,0.0,0.0,0.0,.032,,-12.7,0.1,-12.6,0.0,pollasc01
149,James Posey,SF,30,MIA,4,139,11.5,.550,.731,.192,0.8,27.3,13.6,7.0,3.0,2.8,15.1,11.3,,0.0,0.2,0.2,.082,,-0.8,3.8,3.0,0.2,poseyja01
150,Josh Powell,PF,24,GSW,4,6,17.8,.568,,,18.0,0.0,9.3,0.0,0.0,13.0,0.0,6.5,,0.0,0.0,0.0,.147,,3.9,0.8,4.6,0.0,poweljo01
151,Tayshaun Prince,SF,26,DET,16,665,13.8,.503,.220,.270,4.8,13.7,9.2,16.5,1.3,0.6,11.8,18.4,,0.7,0.8,1.5,.106,,1.8,0.3,2.1,0.7,princta01
152,JJ Redick,PG,22,ORL,1,11,8.4,.750,.500,.000,0.0,0.0,0.0,29.0,0.0,0.0,33.3,13.2,,0.0,0.0,0.0,.031,,0.8,0.4,1.2,0.0,redicjj01
153,Jason Richardson,SG,26,GSW,11,428,17.6,.577,.482,.159,6.1,13.5,9.6,9.1,1.6,0.9,11.7,21.3,,0.9,0.2,1.0,.117,,2.5,-0.4,2.1,0.4,richaja01
154,Bernard Robinson,SF,26,NJN,1,6,1.6,.000,.000,.000,0.0,19.6,10.0,49.1,9.0,0.0,50.0,16.1,,0.0,0.0,0.0,-0.114,,-13.5,10.7,-2.7,0.0,robinbe01
155,Clifford Robinson,C,40,NJN,4,20,-4.2,.250,.333,.000,0.0,0.0,0.0,0.0,2.7,0.0,14.3,16.9,,-0.1,0.0,-0.1,-0.172,,-8.7,-2.8,-11.5,0.0,robincl02
156,Jalen Rose,SF,34,PHO,1,9,2.0,.250,.250,.000,0.0,12.2,6.4,31.7,0.0,0.0,0.0,20.1,,0.0,0.0,0.0,-0.089,,-9.9,-2.5,-12.5,0.0,roseja01
157,Michael Ruffin,PF,30,WAS,4,28,15.0,.333,.333,.000,18.3,17.7,18.0,0.0,5.8,0.0,0.0,5.1,,0.0,0.0,0.1,.129,,0.2,0.0,0.2,0.0,ruffimi01
158,Thabo Sefolosha,SG,22,CHI,9,99,7.9,.480,.308,.462,4.8,15.2,10.0,12.3,1.1,0.0,18.3,17.9,,-0.1,0.1,0.1,.029,,-3.6,0.7,-2.9,0.0,sefolth01
159,J.R. Smith,SG,21,DEN,4,47,9.3,.365,.545,.273,2.5,19.3,11.0,7.4,4.7,1.6,10.9,27.2,,-0.1,0.1,0.0,-0.037,,-5.3,2.8,-2.6,0.0,smithjr01
160,Eric Snow,PG,33,CLE,19,244,7.9,.362,.079,.368,3.3,10.2,6.7,19.4,2.5,0.7,15.3,10.3,,-0.1,0.4,0.3,.062,,-4.9,2.6,-2.2,0.0,snower01
161,Kirk Snyder,SF,23,HOU,3,9,-3.8,.333,.667,.000,0.0,12.6,6.4,0.0,0.0,0.0,25.0,21.6,,-0.1,0.0,0.0,-0.250,,-10.1,-3.3,-13.3,0.0,snydeki01
162,Darius Songaila,PF,28,WAS,4,90,14.1,.508,.049,.073,5.7,11.0,8.1,9.0,1.8,0.0,8.6,24.4,,0.0,0.0,0.0,.021,,-2.8,-1.3,-4.1,0.0,songada01
163,Vassilis Spanoulis,SG,24,HOU,1,3,69.4,.694,.000,1.000,0.0,37.8,19.3,100.0,0.0,0.0,0.0,46.6,,0.1,0.0,0.1,.956,,27.3,10.8,38.0,0.0,spanova01
164,Jerry Stackhouse,SF,32,DAL,6,169,14.2,.534,.470,.500,3.2,11.5,7.3,15.4,1.2,0.6,18.3,25.4,,0.1,-0.1,0.1,.024,,0.7,-1.8,-1.1,0.0,stackje01
165,DeShawn Stevenson,SG,25,WAS,4,122,0.0,.244,.413,.152,1.7,8.1,4.6,9.0,0.9,1.9,5.8,20.2,,-0.6,0.0,-0.6,-0.235,,-6.1,-4.2,-10.3,-0.3,stevede01
166,Amar'e Stoudemire,C,24,PHO,10,343,29.6,.591,.017,.523,10.7,29.2,20.4,3.2,1.9,4.2,8.2,30.7,,1.3,0.7,1.9,.269,,4.3,1.4,5.7,0.7,stoudam01
167,Mike Sweetney,C,24,CHI,1,3,-4.2,.347,.000,1.000,0.0,0.0,0.0,0.0,0.0,0.0,0.0,44.4,,0.0,0.0,0.0,-0.366,,-10.5,-5.6,-16.1,0.0,sweetmi01
168,Donell Taylor,SG,24,WAS,2,17,-1.3,.233,.000,.167,0.0,21.9,9.9,35.9,0.0,0.0,23.7,23.5,,-0.1,0.0,-0.1,-0.297,,-8.4,-2.2,-10.7,0.0,taylodo01
169,Jason Terry,SG,29,DAL,6,229,12.5,.510,.348,.196,1.4,5.5,3.4,17.7,1.1,0.8,14.5,22.2,,0.1,-0.1,0.0,.003,,0.2,-2.3,-2.0,0.0,terryja01
170,Etan Thomas,C,28,WAS,4,84,7.6,.477,.000,.529,2.4,29.5,14.7,1.9,1.3,2.7,22.3,15.2,,-0.1,0.1,-0.1,-0.040,,-5.7,-0.4,-6.1,-0.1,thomaet01
171,Kurt Thomas,C,34,PHO,11,212,17.3,.573,.000,.262,6.3,22.4,14.8,8.7,1.4,3.2,11.0,17.3,,0.4,0.3,0.7,.156,,0.6,3.4,4.1,0.3,thomaku01
172,Tyrus Thomas,PF,20,CHI,10,122,13.7,.470,.000,.732,11.6,20.9,16.3,9.0,4.4,3.3,21.7,26.2,,-0.2,0.3,0.1,.047,,-5.6,3.3,-2.3,0.0,thomaty01
173,Jake Tsakalidis,C,27,HOU,1,3,64.4,1.136,,,39.4,100.0,77.2,0.0,0.0,0.0,0.0,14.2,,0.1,0.0,0.1,1.011,,27.0,3.8,30.8,0.0,tsakaja01
174,Ronny Turiaf,C,24,LAL,4,48,14.8,.462,.000,.714,13.3,15.4,14.3,3.0,2.1,1.6,5.2,17.5,,0.1,0.0,0.1,.087,,-0.7,-1.4,-2.1,0.0,turiaro01
175,Hedo Türkoğlu,SF,27,ORL,4,156,13.1,.531,.180,.080,1.5,8.3,5.0,16.1,1.8,2.1,16.2,19.1,,0.0,0.0,0.0,.013,,0.1,1.1,1.2,0.1,turkohe01
176,Beno Udrih,PG,24,SAS,8,20,-14.1,.145,.333,.333,6.0,0.0,3.0,6.8,0.0,0.0,30.4,23.4,,-0.2,0.0,-0.2,-0.415,,-14.3,-7.6,-21.9,-0.1,udrihbe01
177,Anderson Varejão,C,24,CLE,20,447,14.9,.535,.044,.533,12.0,19.3,15.6,4.4,2.6,2.1,15.3,14.1,,0.5,1.0,1.4,.152,,-1.2,2.4,1.2,0.4,varejan01
178,Jacque Vaughn,PG,31,SAS,20,208,5.1,.408,.000,.120,0.6,4.4,2.6,21.1,1.0,0.0,17.3,14.5,,-0.2,0.1,0.0,-0.009,,-5.4,-0.4,-5.8,-0.2,vaughja01
179,Sasha Vujačić,SG,22,LAL,4,43,9.3,.611,.444,.000,4.9,5.7,5.3,10.3,1.2,0.0,25.0,12.1,,0.0,0.0,0.0,.006,,-2.0,-0.4,-2.4,0.0,vujacsa01
180,Dwyane Wade*,SG,25,MIA,4,162,15.2,.479,.060,.381,5.1,9.4,7.1,32.8,1.6,1.0,19.0,35.3,,-0.3,0.1,-0.2,-0.060,,1.5,-2.1,-0.6,0.1,wadedw01
181,Antoine Walker,PF,30,MIA,4,92,15.9,.562,.432,.297,2.6,9.6,6.0,12.3,1.1,0.9,8.7,23.6,,0.2,0.0,0.2,.094,,3.4,-0.1,3.3,0.1,walkean02
182,Ben Wallace*,C,32,CHI,10,369,16.1,.567,.019,1.019,9.3,20.7,15.0,6.4,2.2,3.8,11.5,10.9,,0.5,0.7,1.3,.164,,1.0,3.9,4.9,0.6,wallabe01
183,Rasheed Wallace,C,32,DET,16,573,17.3,.536,.365,.193,3.9,21.8,12.8,9.4,1.9,3.9,8.2,19.6,,0.9,1.2,2.0,.168,,2.1,2.7,4.8,1.0,wallara01
184,Luke Walton,SF,26,LAL,5,128,9.4,.477,.333,.111,7.5,11.5,9.4,14.9,2.8,0.6,28.4,17.9,,-0.1,0.0,-0.1,-0.051,,-1.9,0.8,-1.1,0.0,waltolu01
185,Chris Webber*,PF,33,DET,16,404,16.8,.535,.008,.389,10.5,19.0,14.7,11.7,1.9,1.8,14.5,20.6,,0.4,0.7,1.1,.134,,0.6,1.1,1.7,0.4,webbech01
186,Deron Williams,PG,22,UTA,17,657,18.9,.535,.211,.300,1.6,11.5,6.5,39.1,2.1,0.6,18.2,25.5,,1.0,0.5,1.5,.109,,3.3,0.0,3.3,0.9,willide01
187,Jason Williams,PG,31,MIA,4,112,8.3,.381,.607,.179,0.0,9.0,4.4,19.8,2.3,0.7,9.0,14.0,,-0.1,0.1,0.0,-0.012,,-1.2,-0.3,-1.5,0.0,willija02
188,Marcus Williams,PG,21,NJN,12,78,4.0,.380,.361,.139,4.7,10.5,7.7,31.7,0.7,0.0,23.9,31.0,,-0.4,0.1,-0.3,-0.173,,-6.1,-4.3,-10.4,-0.2,willima03
189,Shammond Williams,PG,31,LAL,4,80,6.8,.450,.400,.000,2.7,1.5,2.1,12.7,0.0,1.0,9.1,11.9,,0.0,-0.1,0.0,-0.017,,-2.1,-1.3,-3.4,0.0,willish01
190,Antoine Wright,SG,22,NJN,12,163,10.7,.569,.167,.278,3.7,13.0,8.4,1.1,1.7,2.0,11.0,13.4,,0.1,0.3,0.4,.115,,-2.1,1.6,-0.6,0.1,wrighan01
191,Dorell Wright,SF,21,MIA,1,1,0.0,,,,0.0,0.0,0.0,0.0,0.0,0.0,,0.0,,0.0,0.0,0.0,-0.025,,-3.1,-1.0,-4.1,0.0,wrighdo01