Rk,Player,Pos,Age,Tm,G,MP,PER,TS%,3PAr,FTr,ORB%,DRB%,TRB%,AST%,STL%,BLK%,TOV%,USG%,,OWS,DWS,WS,WS/48,,OBPM,DBPM,BPM,VORP,Player-additional
1,Arron Afflalo,SG,22,DET,12,84,6.7,.389,.111,.000,0.0,7.6,3.8,11.5,2.7,0.0,5.3,11.1,,0.0,0.1,0.0,.028,,-3.2,1.7,-1.5,0.0,afflaar01
2,Malik Allen,PF,29,DAL,3,18,-6.5,.000,.000,.000,0.0,0.0,0.0,0.0,0.0,0.0,0.0,2.6,,0.0,0.0,0.0,-0.108,,-9.2,-2.8,-12.1,0.0,allenma01
3,Ray Allen*,SG,32,BOS,26,987,14.9,.576,.447,.296,3.2,9.2,6.2,12.7,1.4,0.7,9.8,19.0,,2.0,1.1,3.1,.152,,2.2,0.8,3.0,1.3,allenra02
4,Tony Allen,SG,26,BOS,15,65,10.8,.549,.063,.313,2.0,3.8,2.9,8.2,1.7,0.0,5.2,14.2,,0.1,0.1,0.1,.100,,-2.2,1.0,-1.2,0.0,allento01
5,Rafer Alston,PG,31,HOU,4,126,18.0,.568,.521,.104,1.7,3.6,2.7,28.4,1.8,0.0,10.7,21.2,,0.3,0.1,0.4,.142,,4.3,1.9,6.2,0.3,alstora01
6,Lou Amundson,PF,25,PHI,2,10,33.9,.512,.000,.500,60.3,26.1,43.8,0.0,0.0,0.0,0.0,22.8,,0.1,0.0,0.1,.319,,9.8,-6.3,3.5,0.0,amundlo01
7,Carmelo Anthony,SF,23,DEN,4,146,14.9,.447,.091,.330,13.1,14.4,13.7,9.7,0.7,0.5,10.6,32.0,,0.0,-0.1,-0.1,-0.018,,0.8,-3.4,-2.6,0.0,anthoca01
8,Gilbert Arenas,PG,26,WAS,4,94,11.2,.521,.333,.333,0.0,8.8,4.4,22.6,1.2,0.0,16.2,25.1,,0.0,0.0,0.0,.012,,-0.5,-2.1,-2.6,0.0,arenagi01
9,Trevor Ariza,SF,22,LAL,8,45,15.5,.618,.333,.333,8.1,19.8,14.2,3.7,1.2,1.7,6.8,15.1,,0.1,0.1,0.1,.156,,2.0,1.7,3.8,0.1,arizatr01
10,Hilton Armstrong,C,23,NOH,8,72,14.5,.603,.000,.769,14.2,16.9,15.5,0.0,0.0,7.5,18.7,14.4,,0.1,0.1,0.2,.120,,-2.3,0.4,-1.9,0.0,armsthi01
11,Carlos Arroyo,PG,28,ORL,4,30,4.5,.615,.250,.500,0.0,7.7,3.9,19.9,0.0,0.0,38.1,12.5,,0.0,0.0,0.0,-0.011,,-5.0,-1.6,-6.6,0.0,arroyca01
12,Chucky Atkins,SG,33,DEN,1,3,-7.8,.000,1.000,.000,0.0,36.8,17.5,0.0,0.0,0.0,0.0,13.8,,0.0,0.0,0.0,-0.298,,-13.5,-2.2,-15.7,0.0,atkinch01
13,James Augustine,PF,23,ORL,1,2,54.8,1.000,.000,.000,0.0,57.7,29.3,0.0,0.0,0.0,0.0,23.9,,0.0,0.0,0.0,.466,,21.4,8.4,29.8,0.0,augusja01
14,Leandro Barbosa,SG,25,PHO,5,143,9.5,.434,.327,.200,1.6,14.9,8.2,10.0,1.1,0.0,6.3,20.6,,-0.1,0.1,0.0,.012,,-1.6,-0.9,-2.5,0.0,barbole01
15,J.J. Barea,PG,23,DAL,1,5,71.7,1.000,.500,.000,0.0,0.0,0.0,100.0,0.0,0.0,0.0,37.1,,0.1,0.0,0.1,.561,,41.3,11.5,52.8,0.1,bareajo01
16,Andrea Bargnani,PF,22,TOR,5,104,5.2,.401,.410,.051,1.1,6.6,3.8,3.0,2.0,2.8,4.8,18.6,,-0.2,0.0,-0.2,-0.079,,-5.3,-1.1,-6.4,-0.1,bargnan01
17,Brent Barry,SF,36,SAS,16,227,14.2,.696,.774,.283,1.0,8.1,4.6,12.1,1.4,0.6,13.1,14.5,,0.5,0.3,0.8,.161,,1.8,2.1,4.0,0.3,barrybr01
18,Brandon Bass,C,22,DAL,5,133,22.1,.617,.028,.694,15.9,12.4,14.2,2.8,1.2,1.6,6.0,17.4,,0.6,0.0,0.5,.198,,4.3,-0.5,3.8,0.2,bassbr01
19,Maceo Baston,PF,32,TOR,1,1,55.6,,,,0.0,0.0,0.0,0.0,53.1,0.0,,0.0,,0.0,0.0,0.0,.634,,21.8,67.0,88.8,0.0,bastoma01
20,Shane Battier,SF,29,HOU,6,246,9.4,.602,.556,.244,3.1,7.5,5.2,2.1,1.4,1.6,13.8,11.2,,0.2,0.2,0.4,.079,,-1.3,1.6,0.3,0.1,battish01
21,Raja Bell,SG,31,PHO,5,215,13.7,.772,.541,.432,3.2,12.1,7.6,7.7,0.5,0.3,10.2,10.5,,0.6,0.2,0.8,.176,,2.9,1.3,4.2,0.3,bellra01
22,Mike Bibby,PG,29,ATL,7,252,7.8,.455,.369,.492,1.5,9.1,5.4,16.7,0.9,0.6,14.1,17.4,,-0.1,-0.1,-0.2,-0.039,,-2.1,-2.9,-5.0,-0.2,bibbymi01
23,Chauncey Billups,PG,31,DET,15,480,20.8,.564,.372,.552,1.6,10.2,5.8,30.8,1.4,0.2,8.6,23.9,,1.6,0.4,2.0,.202,,5.2,0.0,5.2,0.9,billuch01
24,Andray Blatche,PF,21,WAS,6,89,7.9,.419,.048,.571,9.1,17.2,13.1,2.0,1.2,5.8,16.0,16.8,,-0.1,0.1,0.0,-0.020,,-5.3,-0.7,-6.0,-0.1,blatcan01
25,Keith Bogans,SG,27,ORL,10,293,7.6,.501,.662,.162,1.6,15.0,8.4,5.8,0.7,0.0,8.8,13.0,,0.1,0.2,0.3,.050,,-1.7,0.3,-1.4,0.0,boganke01
26,Matt Bonner,PF,27,SAS,2,9,26.8,.667,.000,.000,0.0,25.6,12.8,43.7,0.0,0.0,0.0,15.9,,0.0,0.0,0.1,.306,,7.8,7.6,15.4,0.0,bonnema01
27,Carlos Boozer,PF,26,UTA,12,441,13.8,.462,.000,.306,10.6,28.5,19.2,13.3,0.7,0.4,14.8,25.1,,-0.1,0.4,0.3,.029,,-0.5,-1.4,-1.9,0.0,boozeca01
28,Chris Bosh*,C,23,TOR,5,199,23.0,.558,.079,.472,11.4,14.3,12.8,16.0,2.1,1.0,10.8,27.9,,0.5,0.1,0.6,.141,,4.1,0.1,4.2,0.3,boshch01
29,Bruce Bowen,SF,36,SAS,17,508,7.0,.531,.581,.118,0.5,7.0,3.7,6.9,1.2,0.9,8.4,10.1,,0.2,0.5,0.7,.068,,-2.1,2.3,0.2,0.3,bowenbr01
30,Ryan Bowen,SF,32,NOH,9,39,8.8,.291,.167,.333,8.7,31.1,20.1,6.8,1.4,0.0,12.7,9.8,,0.0,0.1,0.0,.036,,-2.2,0.4,-1.8,0.0,bowenry01
31,Ronnie Brewer,SG,22,UTA,12,305,17.2,.560,.061,.255,6.2,8.2,7.2,10.6,2.1,1.1,3.5,16.8,,0.8,0.2,1.0,.154,,2.1,2.0,4.0,0.5,brewero02
32,Aaron Brooks,PG,23,HOU,6,50,5.8,.419,.400,.440,0.0,13.8,6.7,11.8,0.0,0.0,9.1,31.2,,-0.1,0.0,-0.1,-0.054,,-8.1,-1.6,-9.7,-0.1,brookaa01
33,Devin Brown,SG,29,CLE,8,92,7.3,.406,.500,.441,10.3,14.8,12.5,17.8,1.2,0.0,18.1,25.7,,-0.2,0.1,-0.1,-0.030,,-3.0,-1.7,-4.7,-0.1,brownde02
34,P.J. Brown,PF,38,BOS,25,341,8.2,.545,.018,.446,6.7,14.9,10.9,5.6,0.8,2.5,15.2,11.2,,0.3,0.5,0.7,.105,,-3.5,2.4,-1.1,0.1,brownpj01
35,Kobe Bryant*,SG,29,LAL,21,863,25.0,.577,.229,.419,2.5,13.0,8.0,26.9,2.1,0.7,11.3,33.0,,2.4,0.8,3.2,.178,,6.5,0.8,7.4,2.0,bryanko01
36,Caron Butler,SF,27,WAS,6,246,17.7,.556,.241,.356,4.7,11.5,8.1,18.5,2.4,0.4,13.7,22.7,,0.3,0.2,0.6,.109,,2.4,0.4,2.9,0.3,butleca01
37,José Calderón,PG,26,TOR,5,120,21.7,.565,.420,.100,3.8,13.3,8.5,49.3,0.4,0.0,10.3,22.4,,0.4,0.0,0.4,.159,,6.0,-1.0,5.0,0.2,caldejo01
38,Marcus Camby,C,33,DEN,4,124,10.1,.275,.048,.286,8.9,37.4,22.5,13.0,1.6,7.2,29.7,11.2,,-0.3,0.1,-0.1,-0.052,,-2.8,3.4,0.6,0.1,cambyma01
39,Rodney Carney,SF,23,PHI,6,84,15.9,.471,.323,.065,4.3,6.2,5.2,11.8,4.6,1.9,0.0,17.7,,0.1,0.1,0.3,.143,,2.5,3.8,6.3,0.2,carnero01
40,Anthony Carter,PG,32,DEN,4,61,7.3,.286,.357,.000,3.3,14.5,8.6,31.8,0.8,1.2,17.6,11.6,,-0.1,0.0,-0.1,-0.058,,-3.4,-0.1,-3.5,0.0,cartean01
41,Sam Cassell,PG,38,BOS,21,264,6.2,.397,.252,.153,1.0,6.1,3.6,16.9,1.7,0.3,9.2,23.8,,-0.4,0.3,-0.1,-0.022,,-4.6,-0.1,-4.7,-0.2,cassesa01
42,Tyson Chandler,C,25,NOH,12,412,15.7,.640,.000,.235,12.4,20.9,16.7,1.8,0.7,4.3,11.8,10.0,,0.9,0.5,1.4,.165,,0.4,-0.1,0.3,0.2,chandty01
43,Josh Childress,SF,24,ATL,7,205,13.6,.529,.048,.286,9.2,14.7,12.1,10.7,0.3,1.9,4.1,11.4,,0.3,0.0,0.3,.072,,2.6,-0.9,1.6,0.2,childjo01
44,Jarron Collins,C,29,UTA,5,20,7.1,.000,.000,.000,16.7,17.9,17.3,6.6,2.7,4.2,0.0,6.8,,0.0,0.0,0.0,.006,,-2.0,0.9,-1.0,0.0,collija03
45,Samuel Dalembert,C,26,PHI,6,193,13.6,.506,.000,.422,12.5,25.0,18.5,2.8,0.6,4.1,15.8,15.3,,0.1,0.2,0.3,.085,,-1.3,0.2,-1.1,0.0,dalemsa01
46,Erick Dampier,C,32,DAL,5,95,6.9,.421,.000,.588,13.4,11.1,12.3,0.0,0.6,2.3,12.3,11.9,,0.0,0.0,0.0,-0.021,,-4.8,-2.2,-7.0,-0.1,dampier01
47,Antonio Daniels,PG,32,WAS,6,154,12.7,.572,.129,.548,0.8,9.9,5.3,20.3,0.7,1.1,15.4,14.1,,0.2,0.1,0.3,.079,,0.1,-0.5,-0.4,0.1,daniean01
48,Glen Davis,C,22,BOS,17,137,8.4,.465,.029,.529,11.2,11.7,11.5,8.6,2.0,2.5,19.3,18.3,,-0.1,0.2,0.1,.046,,-4.9,1.4,-3.5,-0.1,davisgl01
49,Carlos Delfino,SG,25,TOR,5,121,14.1,.519,.405,.270,4.7,17.9,11.3,14.0,1.8,0.0,6.8,16.9,,0.2,0.0,0.2,.083,,0.1,0.9,1.0,0.1,delfica01
50,Boris Diaw,PF,25,PHO,5,178,15.6,.548,.109,.094,4.6,14.0,9.2,22.9,0.9,1.5,14.2,20.2,,0.2,0.2,0.4,.097,,1.0,1.8,2.8,0.2,diawbo01
51,Yakhouba Diawara,SG,25,DEN,3,8,8.8,.400,.400,.000,0.0,13.8,6.6,0.0,0.0,0.0,0.0,25.9,,0.0,0.0,0.0,-0.086,,-2.4,-3.1,-5.5,0.0,diawaya01
52,Juan Dixon,PG,29,DET,2,7,-12.3,.000,.000,.000,0.0,0.0,0.0,0.0,0.0,0.0,0.0,14.0,,0.0,0.0,0.0,-0.323,,-12.3,-7.8,-20.1,0.0,dixonju01
53,Keyon Dooling,PG,27,ORL,10,148,12.5,.527,.411,.268,1.6,6.2,4.0,8.0,2.2,0.5,8.7,22.1,,0.2,0.1,0.3,.090,,-1.3,0.8,-0.6,0.1,doolike01
54,Tim Duncan*,C,31,SAS,17,666,21.9,.488,.017,.382,10.6,32.1,21.4,15.9,1.2,3.8,10.4,28.2,,0.3,1.4,1.7,.123,,2.6,2.3,4.9,1.1,duncati01
55,Melvin Ely,C,29,NOH,7,59,1.2,.387,.000,.667,9.6,11.2,10.4,2.4,0.0,0.0,17.1,19.3,,-0.1,0.0,-0.1,-0.079,,-8.5,-3.4,-11.9,-0.1,elyme01
56,Maurice Evans,SG,29,ORL,10,282,12.3,.621,.522,.116,3.0,7.4,5.2,4.0,1.6,0.3,11.0,13.8,,0.4,0.1,0.6,.095,,1.8,0.6,2.4,0.3,evansma01
57,Reggie Evans,PF,27,PHI,6,148,11.4,.561,.000,.923,13.0,27.3,19.9,3.6,1.9,0.0,26.2,15.7,,0.0,0.2,0.2,.057,,-3.0,0.5,-2.5,0.0,evansre01
58,Jordan Farmar,PG,21,LAL,21,360,9.0,.488,.383,.139,2.4,8.0,5.3,11.7,1.0,0.8,12.2,17.8,,-0.1,0.2,0.1,.013,,-0.7,-1.2,-1.9,0.0,farmajo01
59,Michael Finley,SG,34,SAS,17,391,8.8,.514,.486,.084,0.3,9.4,4.9,7.0,0.7,0.6,5.1,14.3,,0.2,0.4,0.5,.066,,-1.1,0.8,-0.3,0.2,finlemi01
60,Derek Fisher,PG,33,LAL,21,663,13.8,.604,.342,.500,0.4,7.6,4.1,11.8,3.4,0.3,10.1,13.8,,1.1,0.7,1.8,.133,,0.2,2.8,3.0,0.8,fishede01
61,T.J. Ford,PG,24,TOR,5,124,17.6,.446,.138,.276,2.7,17.4,10.1,43.9,2.1,0.0,13.3,27.9,,0.0,0.0,0.1,.022,,1.0,-0.4,0.6,0.1,fordtj01
62,Adonal Foyle,C,32,ORL,3,11,-6.9,.333,.000,.000,0.0,31.5,16.0,0.0,0.0,0.0,40.0,21.7,,-0.1,0.0,-0.1,-0.314,,-13.7,-2.3,-16.0,0.0,foylead01
63,Kevin Garnett*,PF,31,BOS,26,987,23.0,.542,.018,.265,9.3,25.3,17.5,18.4,2.0,2.5,10.1,26.6,,2.1,2.0,4.1,.199,,4.3,2.3,6.6,2.1,garneke01
64,Pat Garrity,PF,31,ORL,2,6,-3.9,.174,.500,1.000,0.0,38.5,19.5,0.0,0.0,0.0,0.0,22.9,,0.0,0.0,0.0,-0.255,,-9.6,-4.1,-13.6,0.0,garripa01
65,Pau Gasol*,C,27,LAL,21,836,18.9,.568,.000,.391,8.0,18.7,13.6,16.7,0.7,3.6,12.4,19.6,,1.6,0.9,2.5,.146,,3.3,0.9,4.2,1.3,gasolpa01
66,Devean George,SF,30,DAL,5,62,13.6,.480,.429,.179,6.8,20.9,13.5,0.0,1.8,2.3,9.0,24.8,,0.0,0.0,0.0,-0.004,,-0.3,0.7,0.3,0.0,georgde01
67,Daniel Gibson,PG,21,CLE,11,284,12.3,.588,.538,.179,1.7,6.5,4.1,18.1,1.4,0.6,15.1,16.6,,0.3,0.3,0.7,.111,,0.6,0.6,1.3,0.2,gibsoda01
68,Manu Ginóbili*,SG,30,SAS,17,559,17.1,.570,.440,.332,2.9,10.3,6.6,21.6,1.0,0.7,15.0,26.8,,0.7,0.6,1.3,.112,,2.9,0.4,3.3,0.7,ginobma01
69,Gordan Giriček,SG,30,PHO,5,80,4.6,.430,.222,.222,0.0,10.4,5.1,3.6,1.3,0.0,13.2,13.1,,-0.1,0.1,0.0,-0.020,,-3.4,-0.8,-4.2,0.0,giricgo01
70,Marcin Gortat,C,23,ORL,8,48,10.6,.833,.000,.000,5.0,14.4,9.8,0.0,0.0,6.2,33.3,8.9,,0.0,0.0,0.1,.065,,-2.2,2.7,0.5,0.0,gortama01
71,Joey Graham,SF,25,TOR,2,2,-40.5,.000,.500,.000,0.0,0.0,0.0,0.0,0.0,0.0,0.0,46.1,,0.0,0.0,0.0,-1.194,,-31.7,-21.1,-52.8,0.0,grahajo01
72,Willie Green,SG,26,PHI,6,142,10.3,.472,.098,.275,1.7,5.5,3.5,17.1,2.0,2.2,13.6,21.8,,-0.1,0.1,0.0,.015,,-2.3,1.2,-1.1,0.0,greenwi01
73,Richard Hamilton,SG,29,DET,17,656,20.0,.559,.091,.354,3.6,10.4,7.0,20.4,2.0,1.1,12.7,28.2,,1.2,0.7,1.9,.140,,3.1,0.7,3.8,1.0,hamilri01
74,Matt Harpring,SF,31,UTA,12,209,11.9,.504,.048,.556,9.1,9.7,9.4,6.1,1.8,1.6,12.3,19.4,,0.2,0.1,0.3,.075,,-1.8,0.2,-1.6,0.0,harprma01
75,Mike Harris,PF,24,HOU,3,9,15.9,.521,.000,1.000,12.2,12.7,12.5,0.0,0.0,0.0,0.0,15.2,,0.0,0.0,0.0,.130,,2.0,-2.3,-0.3,0.0,harrimi01
76,Jason Hart,PG,29,UTA,2,6,8.0,.500,.500,.000,0.0,0.0,0.0,0.0,0.0,0.0,0.0,15.1,,0.0,0.0,0.0,.010,,-1.5,-2.0,-3.6,0.0,hartja01
77,Chuck Hayes,PF,24,HOU,6,108,11.0,.636,.182,.000,7.1,22.3,14.6,7.6,1.6,4.4,26.7,6.6,,0.1,0.2,0.3,.116,,-4.0,5.2,1.3,0.1,hayesch01
78,Jarvis Hayes,SF,26,DET,11,61,7.1,.383,.467,.000,8.2,25.3,16.7,11.7,0.9,2.7,11.8,27.3,,-0.2,0.1,-0.1,-0.049,,-3.5,-0.7,-4.2,0.0,hayesja01
79,Brendan Haywood,C,28,WAS,6,178,19.7,.655,.000,.568,8.5,17.8,13.1,5.4,1.2,4.4,9.8,16.4,,0.5,0.2,0.8,.203,,1.6,1.5,3.1,0.2,haywobr01
80,Luther Head,SG,25,HOU,5,44,-6.4,.134,.429,.143,2.5,2.6,2.6,14.0,2.6,1.8,21.2,20.4,,-0.3,0.0,-0.3,-0.309,,-10.9,-1.3,-12.2,-0.1,headlu01
81,Walter Herrmann,PF,28,DET,4,27,1.6,.434,.250,1.000,4.6,0.0,2.4,0.0,0.0,0.0,0.0,10.5,,0.0,0.0,0.0,.022,,-4.8,-2.7,-7.5,0.0,herrmwa01
82,Nenê,PF,25,DEN,3,30,17.1,.630,.000,.333,10.1,14.7,12.3,5.4,3.3,2.5,16.2,17.0,,0.1,0.0,0.1,.127,,-2.3,3.5,1.2,0.0,hilarne01
83,Grant Hill*,SF,35,PHO,3,68,11.3,.481,.000,.091,5.1,22.7,13.8,6.4,1.5,1.0,0.0,7.8,,0.1,0.1,0.2,.113,,0.5,1.0,1.5,0.1,hillgr01
84,Al Horford,C,21,ATL,7,277,14.9,.525,.000,.375,10.0,22.3,16.3,18.5,0.6,1.9,15.2,17.0,,0.3,0.1,0.4,.064,,1.1,1.0,2.1,0.3,horfoal01
85,Robert Horry,PF,37,SAS,15,154,4.4,.298,.611,.167,8.3,15.7,12.0,7.6,1.7,2.4,4.9,12.6,,-0.2,0.3,0.1,.022,,-5.9,2.8,-3.1,0.0,horryro01
86,Eddie House,PG,29,BOS,21,165,10.6,.437,.554,.143,1.5,15.0,8.4,18.3,1.7,0.5,6.3,18.5,,0.1,0.2,0.3,.086,,-0.7,1.2,0.6,0.1,houseed01
87,Dwight Howard,C,22,ORL,10,421,23.2,.589,.000,.669,17.0,26.9,22.0,3.8,1.0,6.0,16.6,21.8,,0.8,0.7,1.5,.172,,2.1,0.8,2.9,0.5,howardw01
88,Josh Howard,SF,27,DAL,5,171,7.7,.380,.139,.347,7.4,15.8,11.4,7.6,0.6,0.8,9.8,24.9,,-0.3,-0.1,-0.4,-0.101,,-3.0,-3.0,-6.0,-0.2,howarjo01
89,Juwan Howard,PF,34,DAL,3,11,-9.1,.133,.000,2.000,0.0,0.0,0.0,13.8,0.0,0.0,0.0,15.8,,-0.1,0.0,-0.1,-0.292,,-11.5,-3.1,-14.7,0.0,howarju01
90,Kris Humphries,PF,22,TOR,3,2,0.0,,,,0.0,0.0,0.0,0.0,0.0,0.0,,0.0,,0.0,0.0,0.0,-0.048,,-3.4,-1.9,-5.3,0.0,humphkr01
91,Lindsey Hunter,PG,37,DET,11,115,8.5,.500,.524,.000,2.2,8.9,5.5,19.1,3.9,0.0,19.2,11.1,,0.0,0.2,0.2,.086,,-3.8,3.7,-0.2,0.1,hunteli01
92,Steven Hunter,C,26,DEN,2,5,-1.9,.000,.000,.000,0.0,44.1,21.0,0.0,0.0,0.0,0.0,8.3,,0.0,0.0,0.0,-0.168,,-6.1,-2.5,-8.6,0.0,huntest01
93,Andre Iguodala,SF,24,PHI,6,234,10.6,.449,.203,.623,3.1,12.8,7.8,23.3,3.1,0.3,22.8,22.8,,-0.4,0.3,-0.1,-0.028,,-1.5,0.7,-0.9,0.1,iguodan01
94,Zydrunas Ilgauskas,C,32,CLE,13,393,17.2,.533,.000,.314,10.0,20.5,15.1,11.2,0.7,3.1,11.6,21.9,,0.5,0.7,1.2,.145,,0.8,1.0,1.8,0.4,ilgauzy01
95,D.J. Mbenga,C,27,LAL,7,30,15.2,.625,.000,.000,12.1,22.3,17.4,0.0,3.5,2.5,11.1,13.8,,0.1,0.1,0.1,.174,,-4.3,2.5,-1.8,0.0,mbengdj01
96,Allen Iverson*,SG,32,DEN,4,158,18.7,.502,.169,.398,2.5,5.6,4.0,20.4,1.2,0.5,6.7,27.4,,0.3,-0.1,0.2,.067,,4.0,-1.3,2.6,0.2,iversal01
97,Bobby Jackson,PG,34,HOU,6,138,5.5,.347,.343,.157,1.6,6.7,4.1,12.4,2.1,0.0,5.1,27.1,,-0.4,0.1,-0.3,-0.094,,-4.3,-1.1,-5.4,-0.1,jacksbo01
98,LeBron James,SF,23,CLE,13,552,24.3,.525,.255,.607,3.4,19.3,11.2,40.5,2.3,2.6,13.4,34.7,,1.0,1.2,2.2,.187,,6.7,3.4,10.1,1.7,jamesle01
99,Mike James,PG,32,NOH,4,28,13.0,.466,.417,.167,0.0,3.9,2.0,5.6,4.0,0.0,7.2,24.1,,0.0,0.0,0.0,.017,,1.1,0.7,1.7,0.0,jamesmi01
100,Antawn Jamison,PF,31,WAS,6,237,16.6,.466,.260,.292,9.3,26.3,17.7,5.0,1.8,2.9,8.5,23.9,,0.0,0.4,0.3,.067,,1.8,-0.6,1.2,0.2,jamisan01
101,Amir Johnson,PF,20,DET,8,43,23.2,.717,.083,.500,8.8,29.9,19.2,4.7,0.0,5.7,12.0,19.0,,0.1,0.1,0.2,.225,,1.6,3.0,4.7,0.1,johnsam01
102,Joe Johnson,SG,26,ATL,7,275,15.8,.540,.313,.287,4.1,7.9,6.1,23.2,0.4,0.0,11.0,25.2,,0.5,-0.2,0.3,.060,,4.3,-2.5,1.8,0.3,johnsjo02
103,Damon Jones,SG,31,CLE,5,26,-3.3,.300,.700,.000,0.0,0.0,0.0,6.7,0.0,0.0,9.1,20.1,,-0.1,0.0,-0.1,-0.148,,-4.4,-4.8,-9.2,0.0,jonesda01
104,Dwayne Jones,PF,24,CLE,5,20,6.6,.521,.000,1.000,11.9,24.8,18.2,0.0,0.0,4.3,25.8,9.2,,0.0,0.0,0.0,.082,,-6.3,0.1,-6.2,0.0,jonesdw02
105,Eddie Jones,SG,36,DAL,3,22,6.6,.466,.667,.167,0.0,16.0,7.6,8.0,2.5,0.0,13.4,15.7,,0.0,0.0,0.0,-0.025,,-4.2,1.2,-3.0,0.0,jonesed02
106,Solomon Jones,PF,23,ATL,7,29,6.9,.184,.000,.200,17.4,16.7,17.0,6.4,1.9,7.9,0.0,17.8,,-0.1,0.0,-0.1,-0.125,,-3.7,-0.1,-3.8,0.0,jonesso01
107,Jason Kapono,SF,26,TOR,5,152,18.6,.712,.453,.075,1.5,8.2,4.9,4.6,0.7,0.0,3.5,17.2,,0.5,-0.1,0.4,.131,,4.3,0.1,4.4,0.2,kaponja01
108,Coby Karl,SG,24,LAL,1,2,8.4,,,,0.0,0.0,0.0,65.6,0.0,0.0,,0.0,,0.0,0.0,0.0,.214,,-2.7,6.0,3.3,0.0,karlco01
109,Jason Kidd*,PG,34,DAL,5,180,15.3,.518,.342,.211,4.7,15.7,9.9,33.2,2.1,0.8,17.8,13.0,,0.2,0.0,0.3,.067,,1.0,1.2,2.2,0.2,kiddja01
110,Andrei Kirilenko,SF,26,UTA,12,387,13.7,.510,.193,.307,4.3,8.0,6.1,12.5,2.5,4.3,12.2,17.3,,0.3,0.4,0.7,.082,,0.6,2.2,2.8,0.5,kirilan01
111,Linas Kleiza,SF,23,DEN,4,122,15.4,.599,.341,.317,6.6,16.3,11.2,4.1,0.4,0.0,9.7,17.6,,0.3,-0.1,0.2,.081,,1.3,-1.1,0.2,0.1,kleizli01
112,Kyle Korver,SG,26,UTA,12,259,11.4,.560,.521,.342,2.2,9.7,5.8,4.2,0.8,2.6,8.7,16.1,,0.4,0.1,0.5,.092,,0.2,-0.1,0.1,0.1,korveky01
113,Carl Landry,PF,24,HOU,6,106,19.7,.515,.000,.615,15.6,14.1,14.8,0.0,3.7,2.2,5.7,15.7,,0.2,0.2,0.4,.182,,1.6,1.4,3.0,0.1,landrca01
114,Acie Law,PG,23,ATL,7,61,12.7,.847,.000,1.250,0.0,4.0,2.0,25.6,1.8,0.0,39.2,15.9,,0.1,0.0,0.0,.034,,-0.5,0.9,0.4,0.0,lawac01
115,Rashard Lewis,PF,28,ORL,10,417,18.3,.541,.417,.239,6.9,13.3,10.1,14.4,1.4,0.9,11.3,23.2,,0.8,0.3,1.1,.130,,3.7,0.3,4.0,0.6,lewisra02
116,Tyronn Lue,PG,30,DAL,2,2,18.4,.000,.000,.000,52.9,0.0,27.8,75.9,0.0,0.0,0.0,23.2,,0.0,0.0,0.0,-0.127,,9.5,-5.6,3.8,0.0,luety01
117,Sean Marks,C,32,PHO,1,3,0.0,,,,0.0,0.0,0.0,0.0,0.0,0.0,,0.0,,0.0,0.0,0.0,.010,,-3.5,-1.4,-4.9,0.0,marksse01
118,Kenyon Martin,PF,30,DEN,4,118,8.7,.466,.000,.235,11.1,11.2,11.1,6.4,1.7,1.3,19.3,16.3,,-0.1,0.0,-0.1,-0.034,,-3.8,-0.4,-4.2,-0.1,martike01
119,Roger Mason,PG,27,WAS,6,129,9.9,.475,.362,.170,0.0,4.6,2.3,9.0,1.3,0.7,3.8,19.5,,0.0,0.0,0.0,.018,,-1.3,-1.6,-2.9,0.0,masonro01
120,Jason Maxiell,C,24,DET,17,371,15.1,.608,.000,.500,7.1,16.3,11.6,7.2,2.3,4.9,12.3,11.8,,0.5,0.6,1.2,.152,,-0.2,3.4,3.2,0.5,maxieja01
121,Antonio McDyess,PF,33,DET,17,468,15.1,.575,.000,.235,12.9,21.4,17.1,6.0,1.2,1.4,13.2,15.9,,0.8,0.7,1.4,.148,,-0.2,0.3,0.1,0.3,mcdyean01
122,Tracy McGrady*,SG,28,HOU,6,247,24.4,.478,.164,.363,3.1,19.5,11.1,39.6,2.1,1.6,9.6,36.0,,0.2,0.4,0.6,.114,,5.3,3.0,8.3,0.6,mcgratr01
123,Dominic McGuire,SG,22,WAS,3,15,14.5,.568,,,7.7,15.7,11.7,10.0,3.6,5.8,0.0,2.8,,0.0,0.0,0.1,.167,,2.2,5.0,7.2,0.0,mcguido01
124,Chris Mihm,C,28,LAL,1,3,-42.9,.000,.000,.000,0.0,0.0,0.0,0.0,0.0,0.0,50.0,30.7,,-0.1,0.0,-0.1,-0.871,,-42.5,-6.3,-48.8,0.0,mihmch01
125,C.J. Miles,SG,20,UTA,7,26,8.2,.429,.571,.000,4.3,18.4,11.1,0.0,4.1,0.0,12.5,27.9,,-0.1,0.0,0.0,-0.055,,-3.7,0.5,-3.1,0.0,milescj01
126,Andre Miller,PG,31,PHI,6,229,11.3,.466,.034,.247,3.7,6.8,5.2,18.2,1.2,0.0,12.4,23.0,,-0.1,0.1,0.0,.008,,-0.4,-1.8,-2.3,0.0,millean02
127,Paul Millsap,PF,22,UTA,12,210,15.8,.527,.016,.403,12.2,13.7,12.9,3.2,1.8,6.3,11.0,17.7,,0.2,0.2,0.5,.108,,-1.5,1.4,-0.1,0.1,millspa01
128,Jamario Moon,SF,27,TOR,5,104,13.5,.459,.379,.034,7.6,18.6,13.1,5.7,3.1,2.8,6.4,13.9,,0.0,0.1,0.1,.051,,0.6,1.1,1.7,0.1,moonja01
129,Dikembe Mutombo*,C,41,HOU,6,123,17.0,.645,.000,.846,8.9,27.1,17.8,2.7,0.5,7.1,5.3,7.3,,0.3,0.2,0.5,.190,,0.0,4.4,4.5,0.2,mutomdi01
130,Eduardo Nájera,PF,31,DEN,4,78,7.8,.571,.357,.000,6.4,11.3,8.8,11.0,1.9,1.0,26.3,10.1,,0.0,0.0,0.0,.005,,-3.1,1.8,-1.3,0.0,najered01
131,Steve Nash*,PG,33,PHO,5,183,16.8,.538,.286,.171,0.6,8.4,4.5,36.4,0.6,0.4,13.7,22.0,,0.3,0.1,0.4,.103,,3.6,-1.5,2.1,0.2,nashst01
132,Jameer Nelson,PG,25,ORL,10,333,18.2,.627,.363,.327,1.4,12.8,7.2,24.9,0.5,0.4,14.0,21.5,,1.1,0.1,1.2,.173,,2.2,0.3,2.6,0.4,nelsoja01
133,Rasho Nesterović,C,31,TOR,5,77,6.7,.503,.000,.091,4.4,14.8,9.6,6.2,0.7,2.6,17.9,16.7,,-0.1,0.0,-0.1,-0.048,,-6.3,-1.1,-7.5,-0.1,nestera01
134,Ira Newble,SF,33,LAL,1,1,0.0,,,,0.0,0.0,0.0,0.0,0.0,0.0,,0.0,,0.0,0.0,0.0,-0.009,,-2.8,-1.7,-4.5,0.0,newblir01
135,Steve Novak,SF,24,HOU,3,21,20.3,1.000,.750,.000,5.2,5.5,5.3,0.0,0.0,3.8,0.0,9.1,,0.1,0.0,0.1,.246,,6.1,1.2,7.3,0.0,novakst01
136,Dirk Nowitzki*,PF,29,DAL,5,211,26.3,.588,.198,.571,5.0,27.9,15.8,20.9,0.3,2.4,8.1,27.2,,0.8,0.0,0.9,.196,,7.7,1.9,9.6,0.6,nowitdi01
137,Shaquille O'Neal*,C,35,PHO,5,150,18.9,.486,.000,1.280,10.1,26.1,18.0,5.4,1.7,5.9,10.3,26.9,,0.0,0.3,0.3,.102,,0.1,1.6,1.7,0.1,onealsh01
138,Fabricio Oberto,C,32,SAS,17,331,9.4,.625,.000,.217,5.2,19.5,12.4,9.3,1.0,1.1,21.7,9.3,,0.3,0.5,0.7,.107,,-3.2,3.0,-0.2,0.2,obertfa01
139,Lamar Odom,PF,28,LAL,21,786,15.9,.550,.050,.583,7.3,23.0,15.5,12.6,0.9,2.6,14.6,18.8,,0.9,1.0,1.9,.113,,1.2,1.0,2.2,0.8,odomla01
140,Mehmet Okur,C,28,UTA,12,462,16.3,.527,.327,.282,8.2,27.7,17.6,8.2,0.9,1.4,9.8,19.1,,0.7,0.4,1.2,.121,,2.5,0.3,2.8,0.6,okurme01
141,Kevin Ollie,SG,35,PHI,3,19,15.4,.410,.000,.500,0.0,6.9,3.3,26.5,5.9,0.0,0.0,12.0,,0.0,0.0,0.1,.143,,0.0,5.6,5.6,0.0,ollieke01
142,Zaza Pachulia,C,23,ATL,7,105,2.9,.423,.040,.840,10.8,12.7,11.8,3.5,1.1,0.0,20.8,19.6,,-0.2,0.0,-0.2,-0.094,,-6.8,-2.6,-9.4,-0.2,pachuza01
143,Jannero Pargo,SG,28,NOH,12,265,15.6,.482,.371,.207,2.1,10.4,6.3,16.6,2.5,0.7,8.0,25.2,,0.1,0.3,0.4,.064,,1.2,1.2,2.3,0.3,pargoja01
144,Anthony Parker,SG,32,TOR,5,196,10.8,.517,.347,.286,2.3,15.1,8.7,7.6,1.1,1.0,6.8,13.9,,0.2,0.0,0.2,.037,,-1.2,-0.2,-1.4,0.0,parkean01
145,Tony Parker*,PG,25,SAS,17,654,19.9,.549,.065,.304,1.8,9.3,5.6,31.6,1.3,0.1,12.6,29.0,,1.0,0.7,1.7,.122,,2.6,0.6,3.2,0.9,parketo01
146,Chris Paul,PG,22,NOH,12,486,30.7,.565,.095,.357,3.7,9.8,6.8,50.1,3.2,0.4,7.9,27.8,,2.4,0.5,2.9,.289,,8.2,3.1,11.3,1.6,paulch01
147,Sasha Pavlović,SG,24,CLE,8,111,5.7,.489,.346,.231,6.4,4.5,5.5,1.6,1.0,0.0,6.5,13.1,,0.1,0.1,0.2,.073,,-3.0,0.5,-2.5,0.0,pavloal01
148,Oleksiy Pecherov,C,22,WAS,3,8,21.5,.532,.000,2.000,0.0,14.7,7.3,0.0,6.8,10.8,0.0,11.3,,0.0,0.0,0.0,.211,,1.5,7.0,8.5,0.0,pecheol01
149,Kendrick Perkins,C,23,BOS,25,631,13.1,.621,.009,.557,10.5,19.8,15.2,3.4,1.3,4.4,19.0,12.4,,0.7,1.2,1.9,.145,,-1.6,2.2,0.6,0.4,perkike01
150,Morris Peterson,SG,30,NOH,12,277,11.4,.609,.500,.088,1.2,11.2,6.3,3.8,1.2,1.0,6.6,13.3,,0.4,0.2,0.6,.102,,-0.2,0.7,0.5,0.2,petermo01
151,Eric Piatkowski,SF,37,PHO,1,2,-8.9,,,,0.0,0.0,0.0,0.0,0.0,0.0,,0.0,,0.0,0.0,0.0,.018,,-17.8,0.8,-17.0,0.0,piatker01
152,Paul Pierce*,SF,30,BOS,26,990,17.4,.570,.322,.478,2.7,13.5,8.2,22.5,1.6,0.7,15.5,25.8,,1.6,1.3,3.0,.145,,2.6,1.0,3.6,1.4,piercpa01
153,James Posey,PF,31,BOS,26,573,14.2,.637,.739,.336,2.7,17.5,10.2,8.0,2.5,1.2,9.3,12.7,,1.2,1.0,2.2,.186,,1.7,3.7,5.3,1.1,poseyja01
154,Leon Powe,C,24,BOS,23,270,14.6,.568,.000,.904,15.1,13.8,14.4,2.6,0.0,1.0,10.5,20.4,,0.6,0.3,0.9,.162,,-1.5,-2.1,-3.6,-0.1,powele01
155,Ronnie Price,PG,24,UTA,12,68,15.7,.449,.452,.419,1.6,5.3,3.4,26.7,4.8,2.4,14.0,28.5,,0.0,0.1,0.1,.042,,1.0,2.8,3.8,0.1,pricero01
156,Tayshaun Prince,SF,27,DET,17,671,14.1,.527,.120,.163,6.0,11.9,8.9,14.7,1.2,1.0,12.6,18.6,,0.6,0.6,1.2,.088,,1.4,-0.2,1.2,0.5,princta01
157,Vladimir Radmanović,SF,27,LAL,21,481,11.7,.547,.517,.040,5.8,13.2,9.7,10.3,1.4,0.2,12.0,16.7,,0.4,0.4,0.8,.076,,0.8,0.0,0.7,0.3,radmavl01
158,Shavlik Randolph,PF,24,PHI,2,4,17.4,.543,.000,4.000,0.0,0.0,0.0,0.0,0.0,0.0,0.0,32.2,,0.0,0.0,0.0,.268,,-2.0,-1.4,-3.4,0.0,randosh01
159,Theo Ratliff,C,34,DET,12,131,8.5,.515,.000,.667,13.4,12.8,13.1,1.2,0.4,6.9,20.5,7.3,,0.1,0.2,0.3,.092,,-3.7,1.2,-2.5,0.0,ratlith01
160,JJ Redick,SG,23,ORL,2,10,-17.0,.000,.750,.000,0.0,11.5,5.9,0.0,0.0,0.0,0.0,19.1,,-0.1,0.0,-0.1,-0.424,,-14.4,-6.4,-20.9,0.0,redicjj01
161,Jeremy Richardson,SF,23,ATL,3,6,-8.9,.250,.000,.000,0.0,0.0,0.0,0.0,0.0,0.0,0.0,31.7,,0.0,0.0,0.0,-0.359,,-9.9,-6.5,-16.4,0.0,richaje01
162,Rajon Rondo,PG,21,BOS,26,831,15.8,.454,.076,.259,6.0,10.1,8.1,36.3,3.0,0.8,13.8,19.7,,0.7,1.3,2.1,.121,,0.9,2.7,3.6,1.2,rondora01
163,Luis Scola,PF,27,HOU,6,220,14.4,.510,.015,.522,12.0,16.7,14.3,6.8,1.0,0.4,12.7,20.4,,0.2,0.2,0.4,.095,,-1.9,0.0,-1.8,0.0,scolalu01
164,Brian Skinner,C,31,PHO,4,21,14.3,.532,.000,2.000,0.0,16.9,8.4,0.0,0.0,9.8,0.0,16.6,,0.0,0.0,0.1,.147,,-2.8,4.1,1.2,0.0,skinnbr01
165,J.R. Smith,SG,22,DEN,4,108,22.8,.681,.512,.558,0.9,6.1,3.4,11.3,1.8,0.0,8.5,22.5,,0.5,0.0,0.5,.206,,5.9,1.4,7.3,0.3,smithjr01
166,Jason Smith,PF,21,PHI,6,82,12.8,.506,.056,.222,5.9,17.5,11.5,6.6,0.7,4.8,9.2,12.4,,0.1,0.1,0.2,.094,,-0.6,1.8,1.2,0.1,smithja02
167,Joe Smith,PF,32,CLE,13,263,12.6,.514,.014,.297,9.0,18.8,13.8,4.5,1.1,2.3,6.7,16.2,,0.3,0.5,0.7,.136,,-2.3,0.8,-1.5,0.0,smithjo02
168,Josh Smith,PF,22,ATL,7,237,16.9,.512,.205,.500,3.7,19.4,11.7,18.2,2.8,6.4,19.5,26.7,,-0.2,0.3,0.1,.022,,-0.2,3.5,3.3,0.3,smithjo03
169,Darius Songaila,C,29,WAS,5,77,9.5,.566,.000,.789,6.0,13.7,9.9,9.2,0.7,0.0,19.0,19.6,,0.1,0.0,0.1,.063,,-4.2,-0.2,-4.4,0.0,songada01
170,Jerry Stackhouse,SG,33,DAL,5,102,4.1,.386,.316,.132,4.1,13.8,8.7,10.9,0.5,0.0,14.8,21.4,,-0.2,-0.1,-0.3,-0.132,,-5.6,-3.0,-8.6,-0.2,stackje01
171,DeShawn Stevenson,SG,26,WAS,6,196,12.9,.545,.600,.300,1.2,6.6,3.9,16.6,1.7,0.0,11.7,18.8,,0.2,0.1,0.3,.071,,1.9,-0.3,1.6,0.2,stevede01
172,Peja Stojaković,SF,30,NOH,12,455,13.4,.583,.383,.203,1.5,14.3,8.0,2.0,0.7,0.2,5.2,16.3,,0.7,0.3,1.0,.108,,1.3,-1.0,0.3,0.3,stojape01
173,Damon Stoudamire,PG,34,SAS,7,35,11.4,.398,.267,.200,6.6,16.4,11.5,9.7,1.5,0.0,5.8,23.7,,0.0,0.0,0.0,-0.006,,-0.5,1.4,0.9,0.0,stoudda01
174,Salim Stoudamire,PG,25,ATL,3,28,8.2,.607,.667,.222,0.0,4.3,2.2,0.0,2.0,0.0,23.3,21.9,,0.0,0.0,0.0,-0.058,,-0.7,-0.4,-1.1,0.0,stoudsa01
175,Amar'e Stoudemire,C,25,PHO,5,204,18.9,.517,.040,.303,8.5,17.4,12.9,1.9,1.8,4.0,11.1,28.6,,0.0,0.3,0.3,.077,,1.4,-0.7,0.8,0.1,stoudam01
176,D.J. Strawberry,SG,22,PHO,1,5,-32.2,.000,.250,.000,0.0,23.7,11.7,0.0,0.0,0.0,0.0,37.0,,-0.1,0.0,-0.1,-0.864,,-31.3,-11.2,-42.5,0.0,strawdj01
177,Rodney Stuckey,PG,21,DET,17,380,14.5,.491,.060,.500,3.6,7.1,5.3,25.8,2.7,0.4,14.0,21.2,,0.3,0.4,0.8,.095,,0.1,1.2,1.2,0.3,stuckro01
178,Wally Szczerbiak,SF,30,CLE,13,374,9.2,.510,.496,.224,1.3,6.3,3.7,9.7,0.3,0.2,6.8,18.8,,0.3,0.3,0.7,.085,,-0.6,-0.7,-1.3,0.1,szczewa02
179,Jason Terry,SG,30,DAL,5,180,16.3,.593,.533,.250,0.6,4.6,2.5,25.9,0.6,0.4,7.0,18.4,,0.6,-0.1,0.4,.113,,4.0,0.1,4.2,0.3,terryja01
180,Billy Thomas,SF,32,CLE,3,8,26.8,.750,1.000,.000,0.0,15.5,7.6,23.9,7.0,0.0,0.0,11.9,,0.0,0.0,0.1,.351,,9.8,8.8,18.6,0.0,thomabi01
181,Kurt Thomas,PF,35,SAS,17,268,9.2,.472,.000,.100,11.2,24.9,18.1,3.7,0.4,1.6,15.1,15.4,,-0.1,0.4,0.3,.057,,-4.4,1.0,-3.4,-0.1,thomaku01
182,Ronny Turiaf,C,25,LAL,19,187,5.3,.437,.000,.472,3.9,12.5,8.4,3.9,0.6,7.3,17.1,12.9,,-0.2,0.2,0.0,-0.001,,-5.5,1.8,-3.7,-0.1,turiaro01
183,Hedo Türkoğlu,SF,28,ORL,10,399,15.3,.543,.248,.326,4.2,14.5,9.4,23.8,1.1,0.4,19.1,23.8,,0.4,0.3,0.7,.082,,0.9,0.1,1.0,0.3,turkohe01
184,Ime Udoka,PF,30,SAS,16,236,15.3,.587,.563,.099,3.4,19.5,11.5,12.2,2.5,0.6,12.9,17.2,,0.3,0.4,0.7,.134,,1.3,4.4,5.6,0.5,udokaim01
185,Anderson Varejão,C,25,CLE,13,240,9.0,.419,.000,.389,9.9,24.2,16.9,6.7,1.9,0.4,12.5,14.3,,-0.1,0.5,0.3,.068,,-3.7,0.8,-2.9,-0.1,varejan01
186,Jacque Vaughn,PG,32,SAS,14,91,-2.6,.273,.045,.000,2.5,8.8,5.7,13.2,1.2,0.0,24.1,15.2,,-0.4,0.1,-0.3,-0.135,,-11.3,-0.4,-11.7,-0.2,vaughja01
187,Sasha Vujačić,SG,23,LAL,21,456,10.7,.557,.572,.254,2.1,9.3,5.9,5.5,1.4,0.7,10.5,17.3,,0.3,0.3,0.6,.066,,0.4,-0.5,0.0,0.2,vujacsa01
188,Ben Wallace*,PF,33,CLE,13,304,12.5,.490,.000,.606,12.5,21.2,16.8,8.3,1.5,3.9,14.3,7.6,,0.3,0.6,0.9,.143,,-0.6,2.8,2.2,0.3,wallabe01
189,Rasheed Wallace,C,33,DET,17,585,14.4,.511,.369,.192,4.1,19.6,11.7,8.6,1.8,4.6,11.6,20.9,,0.1,1.0,1.1,.091,,0.3,2.0,2.3,0.6,wallara01
190,Luke Walton,SF,27,LAL,21,353,13.2,.554,.268,.371,4.5,13.3,9.1,18.2,1.6,0.9,15.1,17.3,,0.4,0.3,0.7,.099,,-0.1,1.3,1.2,0.3,waltolu01
191,Bonzi Wells,SG,31,NOH,12,170,5.2,.369,.035,.105,2.7,17.5,10.2,7.2,1.3,1.6,9.1,18.8,,-0.4,0.2,-0.2,-0.059,,-6.4,-0.5,-6.9,-0.2,wellsbo01
192,David West,PF,27,NOH,12,485,21.6,.522,.009,.251,4.9,18.4,11.8,12.2,1.5,4.2,7.9,26.5,,0.7,0.7,1.4,.135,,2.9,1.3,4.2,0.8,westda01
193,Delonte West,PG,24,CLE,13,453,11.5,.551,.382,.373,2.1,9.6,5.8,21.7,1.8,1.1,20.0,16.8,,0.2,0.7,0.9,.097,,-0.8,1.3,0.5,0.3,westde01
194,Mario West,SG,23,ATL,6,6,7.3,.291,.000,.333,21.1,20.1,20.6,0.0,0.0,0.0,0.0,27.3,,0.0,0.0,0.0,-0.177,,0.2,-5.8,-5.6,0.0,westma02
195,Deron Williams,PG,23,UTA,12,513,21.6,.611,.306,.361,3.5,6.3,4.8,40.6,0.7,0.6,14.9,22.0,,1.9,0.0,1.9,.182,,7.4,-0.8,6.5,1.1,willide01
196,Lou Williams,PG,21,PHI,6,135,16.7,.492,.150,.500,2.7,8.7,5.6,18.9,2.5,0.0,8.7,27.8,,0.2,0.1,0.3,.096,,1.6,0.7,2.3,0.1,willilo02
197,Marvin Williams,SF,21,ATL,7,199,11.5,.542,.000,.621,7.0,10.3,8.7,5.1,0.6,1.1,15.0,20.7,,0.2,-0.1,0.1,.025,,-0.8,-1.9,-2.7,0.0,willima02
198,Loren Woods,C,29,HOU,1,1,140.3,1.000,.000,.000,100.0,0.0,56.1,0.0,0.0,0.0,0.0,47.5,,0.0,0.0,0.0,2.002,,65.6,2.1,67.7,0.0,woodslo01
199,Antoine Wright,SG,23,DAL,1,7,-14.2,,,,0.0,16.8,8.0,0.0,0.0,0.0,100.0,13.2,,-0.1,0.0,-0.1,-0.480,,-11.8,-6.9,-18.7,0.0,wrighan01
200,Julian Wright,SF,20,NOH,11,131,15.5,.504,.205,.136,5.2,10.1,7.7,6.1,4.2,0.7,9.7,19.2,,0.0,0.2,0.2,.085,,0.5,1.7,2.2,0.1,wrighju01
201,Nick Young,SG,22,WAS,4,17,1.3,.232,.222,.444,6.8,6.9,6.9,9.7,6.4,0.0,8.5,33.1,,-0.1,0.0,-0.1,-0.299,,-6.8,-1.0,-7.8,0.0,youngni01
202,Thaddeus Young,PF,19,PHI,6,160,17.5,.543,.100,.280,11.3,9.8,10.6,5.0,2.4,0.0,6.6,17.6,,0.3,0.1,0.5,.144,,3.0,0.2,3.2,0.2,youngth01