Rk,Player,Pos,Age,Tm,G,MP,PER,TS%,3PAr,FTr,ORB%,DRB%,TRB%,AST%,STL%,BLK%,TOV%,USG%,,OWS,DWS,WS,WS/48,,OBPM,DBPM,BPM,VORP,Player-additional
1,Arron Afflalo,SG,26,DEN,7,229,10.9,.471,.270,.203,2.2,8.7,5.5,12.4,1.2,0.6,10.0,17.2,,0.2,0.0,0.2,.042,,-1.0,-0.6,-1.6,0.0,afflaar01
2,Blake Ahearn,PG,27,UTA,3,8,33.9,.833,.333,.000,0.0,0.0,0.0,57.8,0.0,0.0,0.0,16.2,,0.1,0.0,0.1,.407,,17.3,3.7,21.0,0.0,ahearbl01
3,Cole Aldrich,C,23,OKC,5,25,19.8,.465,.000,.444,24.4,37.7,31.1,0.0,0.0,0.0,0.0,20.2,,0.1,0.0,0.1,.177,,0.8,-5.8,-5.0,0.0,aldrico01
4,Lavoy Allen,PF,22,PHI,12,236,17.1,.566,.000,.197,9.5,19.1,14.1,2.4,2.3,3.5,7.0,14.4,,0.4,0.5,0.9,.191,,0.0,2.6,2.6,0.3,allenla01
5,Ray Allen*,SG,36,BOS,18,616,10.0,.514,.551,.269,1.6,12.3,7.1,5.0,1.5,0.3,8.3,16.2,,0.2,0.8,1.0,.077,,-1.1,0.4,-0.7,0.2,allenra02
6,Tony Allen,SG,30,MEM,7,170,9.9,.457,.111,.378,5.6,10.4,7.9,5.2,2.9,3.6,16.0,17.0,,-0.1,0.3,0.2,.056,,-2.8,2.7,-0.1,0.1,allento01
7,Lou Amundson,PF,29,IND,11,94,12.3,.527,.000,.261,7.5,20.8,14.2,3.7,1.2,4.4,13.5,14.6,,0.1,0.2,0.2,.117,,-2.2,2.4,0.2,0.1,amundlo01
8,James Anderson,SG,22,SAS,8,31,16.3,.557,.444,.222,0.0,18.1,9.4,14.6,1.7,0.0,0.0,14.8,,0.1,0.0,0.1,.168,,2.3,2.4,4.7,0.1,anderja01
9,Ryan Anderson,PF,23,ORL,5,172,7.1,.510,.682,.159,5.9,9.5,7.7,4.3,1.0,0.9,16.0,16.0,,0.0,0.0,0.0,.010,,-2.5,-1.5,-4.0,-0.1,anderry01
10,Carmelo Anthony,SF,27,NYK,5,204,21.5,.489,.145,.331,7.4,17.4,12.2,14.1,1.6,0.5,9.0,36.2,,0.3,0.0,0.4,.091,,4.8,-0.1,4.7,0.3,anthoca01
11,Joel Anthony,C,29,MIA,17,329,9.9,.675,.000,.862,8.3,11.9,10.1,0.9,0.8,4.0,16.7,7.0,,0.6,0.4,0.9,.138,,-1.6,2.0,0.4,0.2,anthojo01
12,Gilbert Arenas,PG,30,MEM,6,23,-8.1,.250,.500,.000,0.0,5.5,2.7,7.5,0.0,0.0,11.1,18.1,,-0.1,0.0,-0.1,-0.165,,-13.7,-2.4,-16.0,-0.1,arenagi01
13,Ömer Aşık,C,25,CHI,6,128,8.6,.466,.000,1.214,7.0,16.6,11.9,9.6,0.4,5.8,27.1,10.7,,-0.1,0.3,0.1,.055,,-3.9,3.7,-0.2,0.1,asikom01
14,Jeff Ayres,C,24,IND,4,9,0.2,.333,.000,.000,0.0,25.6,12.9,0.0,0.0,0.0,0.0,15.4,,0.0,0.0,0.0,-0.017,,-9.3,-2.0,-11.4,0.0,pendeje02
15,Kelenna Azubuike,SG,28,DAL,1,5,21.6,.500,.333,.000,22.6,0.0,12.0,0.0,10.6,0.0,25.0,36.8,,0.0,0.0,0.0,-0.038,,8.2,6.4,14.5,0.0,azubuke01
16,Leandro Barbosa,SG,29,IND,11,223,5.3,.402,.274,.164,2.6,9.8,6.2,10.9,1.2,0.4,14.2,18.9,,-0.3,0.2,-0.1,-0.026,,-4.3,-0.6,-4.9,-0.2,barbole01
17,Matt Barnes,SF,31,LAL,11,185,4.2,.321,.525,.068,5.1,15.9,10.4,13.4,2.9,1.9,19.8,18.5,,-0.5,0.1,-0.4,-0.106,,-6.6,0.5,-6.1,-0.2,barnema02
18,Brandon Bass,PF,26,BOS,20,608,14.5,.544,.000,.366,5.3,14.9,10.3,4.4,1.3,1.3,6.9,17.6,,1.0,0.8,1.8,.144,,-0.1,0.9,0.8,0.4,bassbr01
19,Shane Battier,SF,33,MIA,23,768,8.5,.547,.786,.114,2.4,9.1,5.8,5.4,1.6,1.5,9.8,10.2,,0.8,0.8,1.5,.097,,-0.7,1.7,1.0,0.6,battish01
20,Rodrigue Beaubois,PG,23,DAL,2,12,-5.8,.000,.500,.000,0.0,10.7,5.0,25.4,0.0,0.0,33.3,11.5,,-0.1,0.0,-0.1,-0.265,,-9.2,-2.7,-12.0,0.0,beaubro01
21,Mike Bibby,PG,33,NYK,5,118,11.7,.555,.739,.130,3.0,19.4,10.8,19.6,0.5,0.0,14.1,11.4,,0.2,0.0,0.2,.076,,1.7,1.5,3.2,0.2,bibbymi01
22,DeJuan Blair,PF,22,SAS,10,76,22.9,.624,.000,.222,11.2,23.6,17.6,4.6,2.0,1.0,3.3,18.8,,0.3,0.1,0.4,.244,,3.1,2.2,5.2,0.1,blairde01
23,Steve Blake,PG,31,LAL,12,306,10.3,.576,.694,.113,2.7,9.3,5.9,13.6,1.4,0.5,18.7,11.8,,0.3,0.0,0.3,.042,,-1.4,0.4,-1.0,0.1,blakest01
24,Eric Bledsoe,PG,22,LAC,11,189,22.2,.621,.111,.254,7.8,9.1,8.5,23.6,3.7,1.7,17.6,21.7,,0.5,0.2,0.7,.168,,3.1,3.1,6.2,0.4,bledser01
25,Matt Bonner,PF,31,SAS,13,165,5.6,.453,.719,.156,1.5,15.6,8.8,7.5,0.6,1.8,8.1,10.5,,0.0,0.1,0.2,.049,,-2.8,1.2,-1.6,0.0,bonnema01
26,Carlos Boozer,PF,30,CHI,6,200,9.8,.435,.000,.078,5.6,26.0,16.1,17.4,1.4,0.7,19.8,27.0,,-0.5,0.4,-0.1,-0.032,,-2.9,0.7,-2.2,0.0,boozeca01
27,Chris Bosh*,PF,27,MIA,14,439,19.7,.574,.088,.351,10.2,19.7,15.1,3.3,0.7,2.6,10.5,20.8,,1.1,0.6,1.7,.183,,2.9,-0.4,2.5,0.5,boshch01
28,Avery Bradley,PG,21,BOS,10,248,6.9,.441,.324,.265,1.5,7.9,4.8,5.4,1.8,2.0,11.6,16.9,,-0.3,0.3,0.0,.007,,-3.9,0.5,-3.4,-0.1,bradlav01
29,Elton Brand,C,32,PHI,13,356,14.1,.495,.000,.323,6.6,13.7,9.9,3.6,1.7,4.3,5.8,16.1,,0.3,0.7,1.0,.135,,-0.9,1.7,0.8,0.3,brandel01
30,Corey Brewer,SF,25,DEN,7,116,18.7,.504,.370,.148,5.3,6.8,6.1,8.6,3.2,1.2,3.4,22.5,,0.3,0.1,0.4,.146,,2.1,1.7,3.8,0.2,breweco01
31,Ronnie Brewer,SG,26,CHI,5,83,4.2,.231,.000,.188,5.4,19.2,12.5,16.4,2.6,0.9,25.7,13.1,,-0.3,0.2,-0.1,-0.056,,-5.7,2.2,-3.5,0.0,brewero02
32,Kobe Bryant*,SG,33,LAL,12,476,24.4,.525,.199,.316,3.5,9.6,6.5,24.0,1.8,0.3,9.0,35.8,,1.4,0.0,1.4,.143,,5.7,-0.3,5.4,0.9,bryanko01
33,Alec Burks,SG,20,UTA,4,63,9.7,.381,.071,.500,7.6,11.4,9.3,8.3,1.7,0.0,8.1,25.6,,-0.1,0.0,-0.1,-0.057,,-1.5,-1.6,-3.0,0.0,burksal01
34,Caron Butler,SF,31,LAC,10,268,6.2,.434,.337,.174,1.8,11.9,6.9,6.3,1.2,0.6,13.9,20.7,,-0.4,0.1,-0.4,-0.067,,-3.6,-2.1,-5.7,-0.3,butleca01
35,Jimmy Butler,SG,22,CHI,3,4,-4.9,,,,0.0,0.0,0.0,0.0,0.0,0.0,,0.0,,0.0,0.0,0.0,.033,,-10.9,0.1,-10.8,0.0,butleji01
36,Andrew Bynum,C,24,LAL,12,451,22.9,.545,.000,.451,10.7,21.0,15.8,7.0,0.6,5.8,8.0,20.0,,1.3,0.3,1.6,.167,,3.4,0.5,4.0,0.7,bynuman01
37,Brian Cardinal,SF,34,DAL,2,9,16.8,.750,.500,.000,0.0,43.0,20.1,0.0,0.0,0.0,0.0,10.2,,0.0,0.0,0.0,.148,,4.5,3.6,8.1,0.0,cardibr01
38,DeMarre Carroll,SF,25,UTA,4,73,11.0,.500,.263,.000,9.2,13.1,10.9,7.4,1.4,1.1,13.6,13.1,,0.0,0.0,0.0,.025,,-1.5,0.9,-0.7,0.0,carrode01
39,Vince Carter,SG,35,DAL,4,107,6.2,.371,.244,.195,5.3,20.5,12.4,1.7,2.5,1.6,11.9,21.7,,-0.3,0.1,-0.2,-0.095,,-4.9,-0.4,-5.3,-0.1,cartevi01
40,Mario Chalmers,PG,25,MIA,23,819,13.2,.555,.442,.288,1.8,10.4,6.2,18.0,1.9,0.6,15.2,16.1,,1.2,0.9,2.1,.122,,0.1,1.2,1.3,0.7,chalmma01
41,Tyson Chandler,C,29,NYK,5,167,10.0,.491,.000,.600,12.6,20.5,16.4,4.2,2.3,4.0,32.2,13.2,,-0.2,0.1,0.0,-0.010,,-2.4,1.2,-1.2,0.0,chandty01
42,Earl Clark,PF,24,ORL,5,88,13.9,.474,.000,.389,10.3,33.3,21.6,2.1,1.3,4.4,15.9,13.9,,0.0,0.2,0.1,.078,,-1.7,1.8,0.2,0.0,clarkea01
43,Norris Cole,PG,23,MIA,19,170,5.1,.415,.324,.243,0.7,6.3,3.6,10.8,2.2,0.0,10.9,12.9,,-0.1,0.2,0.1,.032,,-5.6,1.2,-4.3,-0.1,coleno01
44,Jason Collins,C,33,ATL,5,85,-2.2,.545,.000,.000,5.2,11.6,8.2,0.0,0.6,0.0,47.6,11.9,,-0.2,0.1,-0.1,-0.067,,-9.8,0.6,-9.2,-0.1,collija04
45,Darren Collison,PG,24,IND,11,205,23.2,.599,.157,.329,1.7,6.2,4.0,30.9,3.7,0.0,12.1,20.6,,0.7,0.3,1.0,.242,,4.7,3.6,8.3,0.5,collida01
46,Nick Collison,PF,31,OKC,20,332,12.5,.638,.000,.137,11.0,13.1,12.1,8.5,1.9,1.2,18.2,9.3,,0.7,0.1,0.8,.119,,-0.4,0.9,0.5,0.2,collini01
47,Mike Conley,PG,24,MEM,7,277,15.7,.550,.289,.421,1.7,8.7,5.1,32.6,1.2,0.0,15.1,17.7,,0.6,0.2,0.8,.146,,2.4,0.3,2.7,0.3,conlemi01
48,Daequan Cook,SG,24,OKC,16,109,9.9,.475,.649,.054,0.0,9.7,4.9,5.7,1.5,0.0,0.0,16.3,,0.1,0.0,0.1,.036,,-0.4,-1.4,-1.8,0.0,cookda02
49,Dante Cunningham,PF,24,MEM,7,49,9.1,.364,.000,.000,14.5,12.9,13.7,0.0,1.1,3.5,8.3,11.3,,0.0,0.1,0.1,.052,,-0.7,-0.3,-1.0,0.0,cunnida01
50,Erick Dampier,C,36,ATL,4,55,11.8,.559,.000,.231,14.1,15.7,14.9,0.0,0.0,1.4,17.3,15.1,,0.0,0.1,0.1,.113,,-1.5,-0.8,-2.4,0.0,dampier01
51,Marquis Daniels,SG,31,BOS,15,92,12.4,.641,.105,.526,1.3,11.2,6.5,5.7,1.2,0.9,7.9,13.5,,0.2,0.1,0.3,.163,,-2.3,3.1,0.8,0.1,daniema01
52,Baron Davis,PG,32,NYK,4,97,6.0,.615,.609,.217,0.0,3.9,1.9,25.6,0.0,0.0,34.0,18.6,,0.0,-0.1,-0.1,-0.051,,-2.3,-1.7,-4.0,-0.1,davisba01
53,Glen Davis,PF,26,ORL,5,190,18.8,.481,.000,.247,13.7,14.2,13.9,4.9,0.9,2.4,8.4,27.7,,0.2,0.1,0.3,.068,,1.3,-1.1,0.2,0.1,davisgl01
54,Luol Deng,SF,26,CHI,6,228,14.3,.512,.278,.089,3.9,19.6,12.0,7.2,1.2,2.9,10.9,18.8,,0.1,0.4,0.5,.105,,1.3,2.1,3.3,0.3,denglu01
55,Boris Diaw,PF,29,SAS,14,346,14.5,.592,.257,.114,9.8,14.6,12.3,14.7,1.7,0.8,16.9,11.9,,0.8,0.3,1.1,.151,,1.7,1.7,3.4,0.5,diawbo01
56,Keyon Dooling,SG,31,BOS,20,212,9.9,.558,.583,.063,1.2,7.0,4.2,11.1,1.5,1.5,5.7,12.1,,0.3,0.3,0.5,.119,,-1.2,2.7,1.5,0.2,doolike01
57,Toney Douglas,PG,25,NYK,1,8,17.5,1.000,.000,.000,0.0,0.0,0.0,24.4,0.0,0.0,0.0,5.9,,0.0,0.0,0.0,.180,,5.3,-0.2,5.1,0.0,douglto01
58,Chris Duhon,PG,29,ORL,5,61,3.5,.255,.600,.400,0.0,13.5,6.6,23.9,4.5,1.3,54.3,10.3,,-0.2,0.1,-0.1,-0.095,,-7.2,3.7,-3.5,0.0,duhonch01
59,Tim Duncan*,C,35,SAS,14,463,22.9,.529,.005,.284,8.4,24.0,16.5,14.7,1.1,4.5,8.4,25.2,,1.1,0.7,1.8,.184,,2.8,2.2,5.0,0.8,duncati01
60,Kevin Durant,SF,23,OKC,20,837,27.5,.632,.287,.402,1.9,19.0,10.6,16.4,1.8,2.4,12.3,28.8,,3.5,0.6,4.0,.231,,7.3,0.8,8.1,2.2,duranke01
61,Devin Ebanks,SG,22,LAL,9,126,12.2,.435,.077,.205,5.8,11.3,8.5,7.9,1.3,3.9,4.5,16.0,,0.1,0.0,0.1,.041,,-2.0,1.7,-0.4,0.1,ebankde01
62,Jeremy Evans,SF,24,UTA,2,7,24.9,.532,.000,2.000,0.0,51.1,22.8,20.9,7.5,0.0,0.0,11.6,,0.0,0.0,0.0,.272,,3.3,8.7,11.9,0.0,evansje01
63,Reggie Evans,PF,31,LAC,11,198,11.5,.506,.000,2.667,12.5,37.1,24.8,0.8,2.5,2.4,21.6,10.1,,0.1,0.3,0.4,.097,,-2.1,1.0,-1.0,0.0,evansre01
64,Christian Eyenga,SF,22,LAL,3,9,22.5,.581,.000,.333,11.7,12.1,11.9,21.8,6.0,7.9,22.5,22.3,,0.0,0.0,0.0,.119,,-2.7,7.2,4.5,0.0,eyengch01
65,Kenneth Faried,PF,22,DEN,7,192,18.0,.559,.000,.200,13.4,23.2,18.4,3.3,1.4,3.0,17.7,18.1,,0.2,0.2,0.5,.121,,-0.2,-0.5,-0.7,0.1,farieke01
66,Derrick Favors,PF,20,UTA,4,116,18.5,.482,.000,.806,11.6,24.7,17.4,3.1,2.3,4.2,9.3,20.1,,0.1,0.1,0.2,.086,,1.3,0.9,2.2,0.1,favorde01
67,Landry Fields,SG,23,NYK,5,115,11.0,.528,.161,.226,4.1,12.1,7.9,12.0,1.4,0.0,20.9,17.7,,0.0,0.0,0.0,-0.005,,0.0,0.8,0.8,0.1,fieldla01
68,Derek Fisher,PG,37,OKC,20,446,10.4,.512,.407,.076,0.5,7.9,4.3,8.4,2.0,0.4,4.7,13.5,,0.5,0.1,0.6,.060,,-1.4,1.0,-0.4,0.2,fishede01
69,Randy Foye,SG,28,LAC,11,291,9.2,.521,.432,.176,1.7,7.6,4.6,9.6,1.1,0.8,13.1,15.2,,0.1,0.0,0.1,.024,,-0.4,-1.5,-2.0,0.0,foyera01
70,Enes Freedom,C,19,UTA,4,43,12.7,.426,.000,.063,17.9,22.2,19.8,4.5,0.0,7.5,19.6,20.6,,-0.1,0.0,0.0,-0.047,,-3.8,-0.7,-4.5,0.0,kanteen01
71,Danilo Gallinari,SF,23,DEN,7,222,13.4,.450,.245,.255,4.2,12.1,8.2,11.8,1.2,1.3,7.9,22.5,,0.2,0.1,0.3,.061,,0.0,-0.8,-0.8,0.1,gallida01
72,Kevin Garnett*,C,35,BOS,20,737,20.5,.541,.013,.250,5.2,27.3,16.6,8.5,1.7,3.2,11.0,26.5,,0.7,1.6,2.3,.149,,2.1,1.9,3.9,1.1,garneke01
73,Marc Gasol,C,27,MEM,7,261,19.5,.603,.014,.623,7.3,15.0,11.0,15.9,0.4,4.3,12.9,17.9,,0.8,0.3,1.1,.204,,2.9,2.8,5.7,0.5,gasolma01
74,Pau Gasol*,PF,31,LAL,12,444,17.0,.482,.035,.203,9.0,18.7,13.7,16.7,0.7,4.0,11.4,17.9,,0.6,0.2,0.8,.088,,1.3,1.0,2.3,0.5,gasolpa01
75,Rudy Gay,SF,25,MEM,7,279,14.6,.505,.167,.351,4.2,16.3,10.1,7.2,1.8,0.6,13.8,25.3,,0.2,0.3,0.5,.085,,0.5,0.1,0.6,0.2,gayru01
76,Paul George,SG,21,IND,11,371,12.5,.499,.432,.295,4.7,18.0,11.4,11.8,2.6,0.9,16.4,16.0,,0.2,0.6,0.8,.103,,-0.1,2.0,1.9,0.4,georgpa01
77,Taj Gibson,PF,26,CHI,6,137,19.8,.512,.000,.478,12.3,18.6,15.5,5.3,1.6,5.4,5.1,19.9,,0.3,0.3,0.6,.212,,1.7,2.4,4.1,0.2,gibsota01
78,Manu Ginóbili*,SG,34,SAS,14,390,17.0,.592,.469,.386,2.5,11.8,7.3,23.0,1.3,0.7,19.8,25.2,,0.7,0.3,1.0,.120,,2.0,-0.2,1.8,0.4,ginobma01
79,Andrew Goudelock,SG,23,LAL,4,10,19.7,.833,.333,.000,0.0,10.9,5.4,0.0,0.0,0.0,0.0,13.6,,0.0,0.0,0.0,.192,,5.3,0.3,5.7,0.0,goudean01
80,Danny Granger,SF,28,IND,11,420,12.9,.502,.420,.161,4.2,12.9,8.6,12.1,0.8,0.8,13.5,23.7,,0.3,0.4,0.7,.075,,1.7,-1.0,0.7,0.3,grangda01
81,Danny Green,SG,24,SAS,14,289,11.7,.540,.637,.110,1.3,16.3,9.1,7.9,1.3,2.5,13.6,17.8,,0.1,0.3,0.4,.065,,-0.1,1.2,1.1,0.2,greenda02
82,Willie Green,SG,30,ATL,5,63,5.7,.500,.308,.000,1.8,13.7,7.4,8.6,0.0,0.0,13.3,11.4,,0.0,0.1,0.1,.060,,-3.5,-0.2,-3.6,0.0,greenwi01
83,Blake Griffin,PF,22,LAC,11,393,20.8,.533,.006,.393,6.0,17.8,11.9,13.8,2.7,2.0,11.3,27.3,,0.6,0.4,1.0,.118,,2.4,0.5,2.8,0.5,griffbl01
84,Hamed Haddadi,C,26,MEM,4,21,22.2,.868,.000,1.000,28.2,24.1,26.2,8.3,0.0,8.3,25.8,8.6,,0.1,0.0,0.1,.270,,2.4,3.2,5.6,0.0,haddaha01
85,Jordan Hamilton,SF,21,DEN,2,5,24.9,.667,.000,.000,0.0,0.0,0.0,0.0,10.6,0.0,25.0,35.1,,0.0,0.0,0.0,.014,,-3.0,6.1,3.1,0.0,hamiljo02
86,Richard Hamilton,SG,33,CHI,6,171,13.6,.489,.086,.314,5.2,6.8,6.1,19.5,0.3,0.0,9.1,23.9,,0.2,0.2,0.4,.103,,1.3,-0.6,0.6,0.1,hamilri01
87,Tyler Hansbrough,PF,26,IND,11,164,8.7,.405,.000,.420,8.6,16.1,12.4,6.2,1.7,1.5,11.9,19.0,,-0.1,0.2,0.1,.035,,-3.4,0.2,-3.3,-0.1,hansbty01
88,James Harden,SG,22,OKC,20,630,20.9,.605,.364,.589,2.5,16.6,9.7,17.2,2.6,0.3,13.5,23.2,,2.0,0.4,2.4,.184,,2.9,0.6,3.5,0.9,hardeja01
89,Justin Harper,PF,22,ORL,1,5,-8.7,.000,.000,.000,0.0,0.0,0.0,0.0,0.0,0.0,0.0,9.8,,0.0,0.0,0.0,-0.266,,-8.6,-4.1,-12.7,0.0,harpeju01
90,Josh Harrellson,PF,22,NYK,4,25,10.6,.506,.111,.222,14.0,25.4,19.4,0.0,0.0,0.0,16.8,22.5,,0.0,0.0,0.0,.018,,-3.2,-0.7,-3.8,0.0,harrejo01
91,Al Harrington,PF,31,DEN,7,163,10.4,.417,.467,.200,4.4,14.0,9.3,5.6,1.0,0.4,3.5,22.8,,0.0,0.1,0.1,.035,,0.1,-2.1,-2.0,0.0,harrial01
92,Devin Harris,PG,28,UTA,4,120,9.6,.480,.313,.292,0.0,6.0,2.7,23.9,1.3,1.3,18.1,23.9,,-0.1,0.0,-0.1,-0.049,,-1.3,-1.1,-2.3,0.0,harride01
93,Terrel Harris,SG,24,MIA,4,10,23.3,.665,.500,2.000,0.0,35.5,18.2,0.0,0.0,0.0,0.0,18.0,,0.1,0.0,0.1,.316,,1.7,0.8,2.5,0.0,harrite01
94,Udonis Haslem,PF,31,MIA,22,452,10.6,.513,.000,.398,10.2,27.2,18.9,4.5,0.6,1.1,16.2,13.1,,0.4,0.7,1.0,.111,,-2.2,0.5,-1.6,0.0,hasleud01
95,Spencer Hawes,C,23,PHI,13,332,13.7,.507,.046,.241,5.8,24.3,14.6,12.2,0.7,2.5,15.6,20.4,,0.0,0.6,0.6,.089,,-0.9,1.3,0.5,0.2,hawessp01
96,Gordon Hayward,SF,21,UTA,4,123,7.1,.362,.364,.485,1.6,8.7,4.8,15.4,1.3,0.0,7.0,15.2,,0.0,0.0,-0.1,-0.036,,-2.3,-1.1,-3.4,0.0,haywago01
97,Lazar Hayward,SF,25,OKC,5,18,6.2,.667,.000,.000,0.0,26.2,13.3,0.0,0.0,0.0,25.0,10.4,,0.0,0.0,0.0,.004,,-5.5,-0.1,-5.6,0.0,haywala01
98,Brendan Haywood,C,32,DAL,4,61,7.2,.371,.000,.571,13.0,12.7,12.8,2.8,0.9,2.8,10.2,14.7,,0.0,0.0,0.0,-0.019,,-3.9,-1.5,-5.3,-0.1,haywobr01
99,Roy Hibbert,C,25,IND,11,340,20.8,.538,.010,.346,15.5,26.4,21.0,6.5,0.6,8.3,15.5,19.3,,0.5,0.7,1.3,.179,,1.7,2.0,3.7,0.5,hibbero01
100,George Hill,PG,25,IND,11,346,17.0,.591,.381,.438,3.0,5.3,4.2,16.5,2.1,0.7,14.9,19.7,,0.8,0.3,1.2,.163,,3.3,1.2,4.4,0.6,hillge01
101,Jordan Hill,C,24,LAL,12,217,14.1,.475,.000,.302,18.9,18.6,18.7,0.7,0.7,2.6,10.4,14.0,,0.3,0.1,0.4,.089,,-1.7,-2.3,-4.0,-0.1,hilljo01
102,Kirk Hinrich,SG,31,ATL,6,141,10.1,.551,.533,.067,3.1,7.0,5.0,7.6,1.5,0.0,6.1,11.2,,0.2,0.2,0.4,.133,,-0.6,1.6,1.0,0.1,hinriki01
103,Jrue Holiday,PG,21,PHI,13,494,18.0,.519,.274,.246,3.7,10.6,6.9,26.2,2.2,1.2,11.6,21.7,,0.7,0.8,1.5,.148,,3.1,2.4,5.5,0.9,holidjr01
104,Ryan Hollins,C,27,BOS,17,170,6.0,.434,.000,.346,11.6,7.4,9.4,7.5,0.0,3.8,18.9,10.6,,0.0,0.2,0.2,.050,,-4.7,0.4,-4.3,-0.1,holliry01
105,Al Horford,C,25,ATL,3,108,17.5,.613,.000,.235,5.1,22.9,13.5,15.9,2.0,2.9,24.2,22.0,,0.0,0.3,0.3,.128,,-0.3,3.3,2.9,0.1,horfoal01
106,Josh Howard,SF,31,UTA,4,63,10.2,.391,.118,.294,6.1,18.9,11.8,10.5,1.7,1.3,9.4,14.6,,0.0,0.0,0.0,-0.008,,-0.9,0.6,-0.3,0.0,howarjo01
107,Juwan Howard,PF,38,MIA,9,24,5.4,.400,.000,.571,0.0,4.9,2.5,0.0,0.0,0.0,0.0,17.5,,0.0,0.0,0.0,-0.006,,-3.5,-3.1,-6.6,0.0,howarju01
108,Serge Ibaka,PF,22,OKC,20,569,18.9,.558,.025,.226,10.1,14.1,12.1,3.4,1.0,8.6,5.9,15.3,,1.4,0.5,1.8,.155,,0.9,1.5,2.4,0.6,ibakase01
109,Andre Iguodala,SF,28,PHI,13,505,13.4,.478,.325,.371,3.6,13.4,8.2,17.2,2.0,0.8,9.8,18.4,,0.3,0.8,1.1,.104,,0.5,1.6,2.0,0.5,iguodan01
110,Royal Ivey,SG,30,OKC,5,21,16.8,.463,.455,.182,5.8,11.2,8.6,8.1,5.0,0.0,7.8,28.8,,0.0,0.0,0.0,.051,,-2.1,1.4,-0.7,0.0,iveyro01
111,Stephen Jackson,SF,33,SAS,14,299,14.9,.747,.606,.211,2.0,8.6,5.5,12.1,1.6,0.7,18.8,14.9,,0.8,0.2,1.0,.161,,2.3,2.4,4.7,0.5,jacksst02
112,LeBron James,SF,27,MIA,23,983,30.3,.576,.169,.466,6.8,20.5,13.8,28.1,2.4,1.3,11.8,33.4,,4.2,1.6,5.8,.284,,8.1,2.5,10.5,3.1,jamesle01
113,Al Jefferson,C,27,UTA,4,141,21.1,.523,.015,.059,4.8,22.8,12.8,16.6,1.9,1.7,6.7,23.0,,0.3,0.0,0.3,.101,,4.1,2.0,6.1,0.3,jeffeal01
114,Jared Jeffries,PF,30,NYK,5,34,3.9,.167,.000,.000,20.6,22.4,21.4,0.0,1.6,0.0,14.3,9.7,,-0.1,0.0,0.0,-0.062,,-4.4,-1.6,-6.0,0.0,jeffrja01
115,Yi Jianlian,PF,24,DAL,1,5,15.0,.291,.333,.333,0.0,51.5,24.1,0.0,10.6,0.0,0.0,31.7,,0.0,0.0,0.0,-0.132,,-1.5,5.5,3.9,0.0,jianlyi01
116,Ivan Johnson,PF,27,ATL,5,54,7.9,.357,.063,.313,14.3,22.9,18.4,0.0,3.0,0.0,14.2,18.8,,-0.1,0.1,0.0,.013,,-3.9,-0.2,-4.1,0.0,johnsiv01
117,Joe Johnson,SG,30,ATL,6,243,11.7,.458,.353,.235,2.7,7.6,5.0,17.4,1.8,0.3,12.4,25.4,,-0.2,0.4,0.2,.042,,1.0,-0.2,0.7,0.2,johnsjo02
118,Dahntay Jones,SF,31,IND,7,58,4.6,.403,.500,.389,8.1,6.0,7.0,8.2,0.9,0.0,12.5,19.2,,0.0,0.0,0.0,.018,,-4.1,-1.7,-5.8,-0.1,jonesda02
119,James Jones,SG,31,MIA,20,173,9.8,.538,.698,.233,3.6,10.3,7.0,1.8,0.9,0.5,7.8,14.2,,0.2,0.1,0.4,.100,,-0.2,0.2,-0.1,0.1,jonesja02
120,DeAndre Jordan,C,23,LAC,11,249,12.7,.494,.000,.600,8.9,19.7,14.3,2.6,1.5,5.7,12.2,11.2,,0.1,0.3,0.4,.071,,-0.8,0.7,-0.2,0.1,jordade01
121,Jerome Jordan,C,25,NYK,1,4,36.1,.500,.000,.000,58.3,0.0,30.4,0.0,0.0,0.0,0.0,23.7,,0.0,0.0,0.0,.245,,18.6,-10.0,8.6,0.0,jordaje01
122,Jason Kidd*,PG,38,DAL,4,144,16.7,.507,.634,.244,2.4,18.8,10.0,29.8,4.4,0.6,19.5,18.0,,0.1,0.1,0.2,.079,,1.6,4.0,5.6,0.3,kiddja01
123,Kyle Korver,SG,30,CHI,6,94,9.1,.503,.591,.091,1.2,10.2,5.8,15.6,1.7,2.4,17.9,13.8,,0.0,0.2,0.1,.074,,-1.8,1.7,-0.2,0.0,korveky01
124,Kosta Koufos,C,22,DEN,3,26,2.1,.333,.000,.000,15.8,26.7,21.3,0.0,0.0,2.7,50.0,10.1,,-0.1,0.0,0.0,-0.072,,-9.0,-2.3,-11.3,-0.1,koufoko01
125,Ty Lawson,PG,24,DEN,7,242,23.2,.567,.257,.174,1.7,5.7,3.8,30.5,1.5,0.3,6.4,22.7,,1.0,0.0,1.0,.196,,5.9,0.5,6.4,0.5,lawsoty01
126,Kawhi Leonard,SF,20,SAS,14,379,15.1,.623,.444,.178,5.8,19.2,12.8,3.1,2.3,1.1,11.8,13.5,,0.6,0.5,1.2,.146,,1.6,2.2,3.7,0.5,leonaka01
127,John Lucas III,PG,29,CHI,5,94,11.8,.526,.325,.050,2.4,5.7,4.1,18.5,0.0,0.0,12.8,23.2,,0.0,0.1,0.1,.062,,1.6,-1.8,-0.2,0.0,lucasjo02
128,Ian Mahinmi,C,25,DAL,4,70,23.5,.735,.000,.929,14.5,16.6,15.5,0.0,2.3,3.7,4.8,13.6,,0.4,0.0,0.4,.288,,2.8,2.3,5.1,0.1,mahinia01
129,Shawn Marion,SF,33,DAL,4,140,11.4,.529,.350,.250,7.3,21.2,13.8,5.3,0.4,3.1,18.4,17.9,,0.0,0.0,0.1,.019,,-1.3,-0.1,-1.4,0.0,mariosh01
130,Kenyon Martin,PF,34,LAC,11,193,12.9,.538,.000,.190,7.0,15.2,11.1,2.6,1.1,7.8,8.1,12.4,,0.2,0.2,0.4,.102,,-1.9,3.0,1.1,0.2,martike01
131,O.J. Mayo,SG,24,MEM,7,163,7.7,.420,.387,.435,1.5,17.8,9.4,16.3,3.0,0.5,19.6,26.1,,-0.3,0.3,-0.1,-0.023,,-4.1,0.9,-3.2,0.0,mayooj01
132,JaVale McGee,C,24,DEN,7,181,20.3,.466,.000,.491,13.1,24.1,18.7,4.1,1.5,8.7,5.8,16.6,,0.3,0.3,0.6,.159,,0.8,2.1,2.9,0.2,mcgeeja01
133,Tracy McGrady*,SF,32,ATL,6,90,6.5,.436,.154,.231,7.4,15.1,11.0,12.3,0.0,1.8,25.9,20.6,,-0.2,0.1,-0.1,-0.045,,-2.6,-1.0,-3.6,0.0,mcgratr01
134,Josh McRoberts,PF,24,LAL,6,16,-1.7,.250,.250,.000,0.0,27.3,13.4,9.3,0.0,4.4,33.3,17.0,,-0.1,0.0,-0.1,-0.237,,-8.8,-0.9,-9.7,0.0,mcrobjo01
135,Jodie Meeks,SG,24,PHI,13,102,10.3,.544,.500,.538,2.1,2.3,2.2,6.8,1.6,0.7,11.1,17.0,,0.1,0.1,0.2,.116,,-1.9,0.7,-1.2,0.0,meeksjo01
136,Andre Miller,SG,35,DEN,7,200,18.4,.496,.096,.205,7.2,12.4,9.8,32.5,2.4,0.4,17.6,21.2,,0.3,0.1,0.5,.109,,1.8,0.9,2.7,0.2,millean02
137,Mike Miller,SG,31,MIA,23,368,12.0,.578,.758,.111,3.0,15.8,9.6,7.5,1.3,0.4,10.4,15.1,,0.6,0.4,1.0,.136,,0.8,0.7,1.5,0.3,millemi01
138,Patty Mills,PG,23,SAS,8,31,19.3,.682,.455,.000,3.9,7.2,5.6,27.0,1.7,0.0,21.4,21.0,,0.1,0.0,0.1,.162,,4.7,-0.1,4.6,0.1,millspa02
139,Paul Millsap,PF,26,UTA,4,139,11.5,.393,.056,.296,11.7,23.2,16.8,2.7,0.4,5.8,12.8,21.8,,-0.2,0.1,-0.2,-0.058,,-1.2,-1.2,-2.4,0.0,millspa01
140,Nazr Mohammed,C,34,OKC,8,83,7.1,.507,.000,.250,10.3,12.8,11.5,1.8,0.0,3.0,10.1,11.2,,0.1,0.0,0.1,.054,,-5.4,-1.6,-7.0,-0.1,mohamna01
141,E'Twaun Moore,PG,22,BOS,9,21,3.1,.282,.250,.250,0.0,16.4,8.5,23.9,0.0,3.8,10.1,23.0,,-0.1,0.0,-0.1,-0.139,,-6.9,-0.9,-7.8,0.0,mooreet01
142,Darius Morris,PG,21,LAL,4,8,63.2,1.050,.333,1.333,0.0,0.0,0.0,100.0,0.0,0.0,17.4,32.6,,0.2,0.0,0.2,.922,,24.9,5.7,30.6,0.1,morrida01
143,Timofey Mozgov,C,25,DEN,7,99,11.9,.491,.000,.320,10.4,13.0,11.7,4.5,1.1,4.3,14.9,14.9,,0.1,0.1,0.1,.060,,-3.6,0.4,-3.2,0.0,mozgoti01
144,Troy Murphy,PF,31,LAL,4,15,5.4,1.500,1.000,.000,0.0,21.8,10.7,0.0,0.0,0.0,66.7,9.0,,0.0,0.0,0.0,-0.093,,-2.9,-1.4,-4.3,0.0,murphtr01
145,Gary Neal,SG,27,SAS,14,217,14.6,.598,.439,.159,0.6,8.8,4.8,14.3,0.5,0.0,11.1,21.2,,0.4,0.1,0.5,.116,,1.4,-0.1,1.3,0.2,nealga01
146,Jameer Nelson,PG,29,ORL,5,182,15.7,.481,.338,.216,0.6,11.6,6.0,38.3,1.2,0.4,11.0,24.5,,0.2,0.1,0.3,.070,,1.7,-0.1,1.5,0.2,nelsoja01
147,Joakim Noah,C,26,CHI,3,99,28.7,.730,.000,.423,10.2,20.4,15.4,17.6,1.1,3.0,3.1,15.0,,0.5,0.2,0.7,.345,,8.3,3.6,11.9,0.4,noahjo01
148,Steve Novak,PF,28,NYK,5,95,4.8,.667,.778,.000,3.7,16.0,9.6,0.0,0.0,1.0,25.0,6.0,,0.0,0.0,0.0,.008,,-1.1,-0.7,-1.8,0.0,novakst01
149,Dirk Nowitzki*,PF,33,DAL,4,154,22.5,.560,.078,.545,2.2,18.4,9.8,10.4,1.0,0.0,9.5,31.5,,0.5,0.0,0.4,.139,,3.7,-0.5,3.2,0.2,nowitdi01
150,Daniel Orton,PF,21,ORL,4,9,20.0,1.136,,,0.0,26.0,12.8,0.0,0.0,0.0,0.0,9.6,,0.1,0.0,0.1,.464,,-1.1,4.1,3.0,0.0,ortonda01
151,Jannero Pargo,PG,32,ATL,5,46,7.2,.381,.571,.000,2.4,10.8,6.3,25.0,2.4,0.0,12.5,25.0,,-0.1,0.1,0.0,-0.023,,-0.9,0.4,-0.5,0.0,pargoja01
152,Tony Parker*,PG,29,SAS,14,506,19.4,.535,.093,.391,1.9,9.3,5.8,31.9,1.3,0.0,14.3,28.3,,1.1,0.3,1.4,.134,,2.3,-1.1,1.1,0.4,parketo01
153,Chris Paul,PG,26,LAC,11,423,20.0,.525,.238,.287,1.8,14.5,8.1,37.7,3.8,0.2,18.9,26.0,,0.5,0.4,0.9,.103,,2.6,1.1,3.7,0.6,paulch01
154,Sasha Pavlović,SF,28,BOS,10,40,1.0,.389,.556,.000,6.2,8.6,7.4,4.0,1.4,2.0,30.8,15.9,,-0.1,0.0,-0.1,-0.100,,-6.6,-0.4,-7.0,-0.1,pavloal01
155,Kendrick Perkins,C,27,OKC,20,517,8.0,.470,.000,.281,8.2,20.3,14.4,3.6,0.7,4.0,22.5,11.7,,-0.1,0.3,0.1,.014,,-3.3,0.1,-3.2,-0.2,perkike01
156,Paul Pierce*,SF,34,BOS,20,778,16.1,.516,.280,.395,2.2,15.8,9.2,14.8,2.1,1.9,13.3,26.5,,0.3,1.3,1.7,.102,,1.3,1.2,2.4,0.9,piercpa01
157,Mickaël Piétrus,SG,29,BOS,20,393,4.3,.431,.740,.219,3.8,8.5,6.2,0.8,1.9,1.0,10.1,11.1,,-0.3,0.5,0.3,.031,,-4.1,0.8,-3.3,-0.1,pietrmi01
158,Dexter Pittman,C,23,MIA,3,8,-5.5,.000,.000,.000,0.0,0.0,0.0,17.3,0.0,10.2,0.0,12.0,,0.0,0.0,0.0,-0.170,,-9.9,3.8,-6.1,0.0,pittmde01
159,Quincy Pondexter,SF,23,MEM,7,114,12.5,.751,.222,.500,3.1,14.4,8.6,3.1,1.9,0.0,18.5,10.9,,0.2,0.1,0.4,.154,,-0.6,3.1,2.4,0.1,pondequ01
160,A.J. Price,PG,25,IND,4,7,21.4,.500,.000,.000,16.7,16.4,16.6,25.8,0.0,0.0,0.0,13.2,,0.0,0.0,0.0,.223,,5.6,0.2,5.8,0.0,priceaj01
161,Vladimir Radmanović,SF,31,ATL,2,15,-11.9,.000,.750,.000,0.0,8.2,3.9,10.2,0.0,0.0,0.0,12.8,,-0.1,0.0,-0.1,-0.231,,-12.1,-3.1,-15.2,0.0,radmavl01
162,Zach Randolph,PF,30,MEM,7,248,15.0,.464,.045,.398,12.9,21.4,17.0,4.7,1.5,1.4,9.6,21.4,,0.2,0.3,0.6,.110,,0.1,-0.4,-0.3,0.1,randoza01
163,JJ Redick,SG,27,ORL,5,123,15.3,.538,.432,.318,0.0,4.8,2.3,27.2,0.5,0.0,10.7,22.3,,0.2,0.0,0.2,.080,,2.3,-0.9,1.4,0.1,redicjj01
164,Jason Richardson,SG,31,ORL,5,148,12.6,.489,.509,.226,3.1,11.9,7.4,6.9,2.2,1.0,9.3,21.2,,0.0,0.1,0.1,.028,,0.4,0.6,1.0,0.1,richaja01
165,Quentin Richardson,SF,31,ORL,5,74,2.1,.400,.467,.000,0.0,34.9,17.1,4.8,0.7,0.0,28.6,13.9,,-0.2,0.1,-0.1,-0.082,,-7.5,0.8,-6.7,-0.1,richaqu01
166,Rajon Rondo,PG,25,BOS,19,810,22.0,.505,.100,.186,5.3,13.2,9.4,54.0,3.0,0.2,18.1,24.0,,1.3,1.3,2.6,.155,,4.4,2.1,6.4,1.7,rondora01
167,Derrick Rose,PG,23,CHI,1,37,22.9,.482,.261,.087,9.1,17.2,13.3,52.3,1.5,2.0,17.3,36.3,,0.0,0.1,0.1,.092,,6.4,-1.0,5.4,0.1,rosede01
168,Thabo Sefolosha,SG,27,OKC,20,446,11.7,.500,.480,.088,3.0,11.1,7.1,8.5,3.6,1.7,9.4,12.3,,0.4,0.4,0.7,.077,,-0.4,2.7,2.2,0.5,sefolth01
169,Josh Selby,PG,20,MEM,1,0,,,,,,,,,,,,,,0.0,0.0,0.0,,,-4.1,-1.1,-5.2,0.0,selbyjo01
170,Ramon Sessions,PG,25,LAL,12,380,8.2,.448,.219,.307,0.8,9.5,5.1,18.3,0.6,0.2,14.5,18.0,,-0.1,-0.1,-0.2,-0.027,,-3.6,-2.7,-6.3,-0.4,sessira01
171,Iman Shumpert,PG,21,NYK,1,19,-5.9,.000,.500,.000,0.0,6.7,3.2,0.0,2.9,0.0,33.3,7.5,,-0.1,0.0,-0.1,-0.189,,-9.8,-0.3,-10.2,0.0,shumpim01
172,Xavier Silas,SG,24,PHI,2,4,37.9,1.000,.000,.000,26.7,29.7,28.1,0.0,0.0,0.0,0.0,12.0,,0.0,0.0,0.0,.422,,14.0,2.1,16.2,0.0,silasxa01
173,Bobby Simmons,SF,31,LAC,4,32,5.9,.611,.444,.000,0.0,3.8,1.9,0.0,0.0,0.0,10.0,15.1,,0.0,0.0,0.0,.022,,-3.3,-2.8,-6.2,0.0,simmobo01
174,Ish Smith,PG,23,ORL,1,5,11.7,,,,0.0,23.4,11.5,0.0,0.0,15.4,,0.0,,0.0,0.0,0.0,.086,,1.3,8.0,9.3,0.0,smithis01
175,J.R. Smith,SG,26,NYK,5,175,5.4,.384,.368,.105,1.3,8.0,4.5,12.6,1.9,0.5,12.2,24.5,,-0.3,0.0,-0.4,-0.097,,-2.9,-0.4,-3.3,-0.1,smithjr01
176,Josh Smith,PF,26,ATL,5,196,15.8,.432,.045,.239,5.6,36.6,20.2,25.6,0.8,2.0,13.4,27.5,,-0.2,0.5,0.2,.059,,0.9,2.1,3.1,0.3,smithjo03
177,Marreese Speights,PF,24,MEM,7,100,19.1,.507,.000,.244,15.4,21.5,18.3,4.3,1.6,2.6,9.9,23.3,,0.2,0.2,0.3,.151,,0.5,0.0,0.5,0.1,speigma01
178,Tiago Splitter,C,27,SAS,13,168,16.6,.576,.000,.915,5.8,18.7,12.5,9.7,1.5,1.7,12.0,20.7,,0.3,0.2,0.5,.131,,-0.4,1.5,1.2,0.1,splitti01
179,Lance Stephenson,SG,21,IND,4,12,-11.0,.304,.222,.222,0.0,0.0,0.0,15.7,0.0,0.0,16.8,45.8,,-0.1,0.0,-0.1,-0.440,,-13.0,-9.4,-22.5,-0.1,stephla01
180,Greg Stiemsma,C,26,BOS,19,143,14.3,.678,.000,.333,7.7,25.7,17.0,5.7,1.5,6.2,16.2,8.4,,0.3,0.3,0.6,.197,,-2.0,4.6,2.6,0.2,stiemgr01
181,Julyan Stone,SG,23,DEN,2,5,33.2,.500,.000,.000,20.6,0.0,10.1,66.6,0.0,0.0,0.0,17.6,,0.0,0.0,0.0,.321,,12.3,0.0,12.3,0.0,stoneju01
182,Amar'e Stoudemire,PF,29,NYK,4,139,16.9,.631,.000,.778,6.7,16.4,11.4,4.4,2.0,0.7,19.9,20.5,,0.3,0.0,0.3,.104,,0.8,1.0,1.8,0.1,stoudam01
183,Jeff Teague,PG,23,ATL,6,225,14.3,.516,.233,.260,2.0,9.9,5.7,21.4,1.2,1.8,10.9,19.5,,0.3,0.4,0.7,.139,,1.3,1.5,2.8,0.3,teaguje01
184,Jason Terry,SG,34,DAL,4,139,12.5,.579,.455,.182,0.8,7.4,3.9,21.1,0.4,0.0,14.4,18.4,,0.2,-0.1,0.2,.052,,1.2,-1.3,-0.1,0.1,terryja01
185,Jamaal Tinsley,PG,33,UTA,4,65,3.3,.345,.200,.200,0.0,3.7,1.6,30.5,1.6,0.0,21.6,18.5,,-0.2,0.0,-0.2,-0.139,,-5.4,-2.5,-7.9,-0.1,tinslja01
186,Ronny Turiaf,C,29,MIA,12,121,8.4,.504,.000,.611,11.3,19.6,15.5,1.3,0.5,5.4,20.8,11.4,,0.0,0.2,0.2,.075,,-4.1,1.4,-2.7,0.0,turiaro01
187,Hedo Türkoğlu,SF,32,ORL,5,162,7.7,.458,.293,.268,2.8,7.2,5.0,13.7,1.7,1.9,16.4,16.6,,-0.1,0.1,0.0,-0.010,,-3.3,0.1,-3.2,-0.1,turkohe01
188,Evan Turner,SF,23,PHI,13,449,9.0,.414,.039,.312,3.3,22.2,12.3,13.1,1.5,1.0,14.6,21.9,,-0.8,0.8,0.0,.002,,-3.6,0.5,-3.1,-0.1,turneev01
189,Nikola Vučević,C,21,PHI,1,3,0.6,.266,.000,2.000,0.0,39.6,18.7,0.0,0.0,0.0,0.0,30.0,,0.0,0.0,0.0,-0.183,,-7.5,-7.4,-14.9,0.0,vucevni01
190,Dwyane Wade*,SG,30,MIA,23,907,22.0,.526,.080,.390,4.4,11.5,8.0,21.9,2.3,2.7,12.0,29.9,,1.8,1.3,3.1,.165,,3.9,1.4,5.3,1.7,wadedw01
191,Von Wafer,SG,26,ORL,1,6,23.2,.600,.000,.000,0.0,19.5,9.6,0.0,0.0,0.0,16.7,48.9,,0.0,0.0,0.0,-0.074,,0.9,-0.1,0.8,0.0,wafervo01
192,C.J. Watson,PG,27,CHI,6,164,7.3,.338,.276,.276,0.7,7.8,4.3,32.3,1.7,0.0,9.7,20.4,,-0.2,0.2,0.0,.002,,-2.8,-0.3,-3.1,0.0,watsocj01
193,David West,PF,31,IND,11,416,15.7,.502,.000,.297,5.9,20.2,13.1,9.8,1.0,1.2,9.2,20.5,,0.6,0.6,1.2,.134,,1.0,0.5,1.5,0.4,westda01
194,Delonte West,PG,28,DAL,4,88,13.5,.532,.231,.192,2.6,7.3,4.8,17.1,1.8,0.0,9.6,16.3,,0.1,0.0,0.1,.072,,0.6,0.3,0.9,0.1,westde01
195,Russell Westbrook,PG,23,OKC,20,767,22.6,.506,.160,.273,3.5,13.4,8.5,28.0,2.1,0.9,9.0,30.7,,1.8,0.3,2.1,.133,,3.9,-0.5,3.4,1.0,westbru01
196,Lou Williams,PG,25,PHI,13,358,12.8,.452,.338,.366,0.9,8.0,4.2,20.6,2.0,0.0,8.8,24.2,,0.0,0.5,0.5,.062,,0.1,0.1,0.2,0.2,willilo02
197,Marvin Williams,SF,25,ATL,6,145,12.4,.480,.356,.200,3.8,23.9,13.3,6.4,1.1,1.1,5.8,17.2,,0.1,0.3,0.4,.121,,1.3,0.9,2.2,0.2,willima02
198,Mo Williams,SG,29,LAC,11,229,14.2,.531,.351,.138,0.5,4.3,2.4,12.3,1.4,1.7,10.7,23.5,,0.2,0.0,0.2,.043,,1.8,-1.2,0.6,0.2,willima01
199,Sean Williams,C,25,BOS,2,6,-10.5,,,,0.0,19.1,9.9,0.0,0.0,0.0,100.0,8.2,,0.0,0.0,0.0,-0.207,,-15.6,-1.5,-17.0,0.0,willise01
200,Metta World Peace,SF,32,LAL,6,236,12.6,.522,.600,.267,1.3,8.3,4.8,9.3,3.0,1.2,6.9,13.8,,0.3,0.1,0.4,.084,,0.5,2.3,2.8,0.3,artesro01
201,Brandan Wright,C,24,DAL,4,27,2.7,.425,.000,.400,8.4,14.3,11.1,0.0,2.0,3.2,33.8,15.1,,-0.1,0.0,-0.1,-0.117,,-8.1,-0.8,-8.8,0.0,wrighbr03
202,Nick Young,SG,26,LAC,11,200,13.9,.607,.493,.269,0.6,6.7,3.7,2.6,0.8,1.6,8.5,19.8,,0.4,0.0,0.4,.101,,1.9,-0.8,1.1,0.2,youngni01
203,Sam Young,SF,26,PHI,2,4,-21.3,.000,.500,.000,0.0,0.0,0.0,0.0,0.0,0.0,0.0,23.9,,0.0,0.0,0.0,-0.551,,-15.3,-9.7,-25.0,0.0,youngsa01
204,Thaddeus Young,PF,23,PHI,13,277,14.5,.478,.000,.341,9.6,18.5,13.8,10.3,1.4,1.9,12.5,20.7,,0.1,0.5,0.6,.100,,-0.4,0.7,0.3,0.2,youngth01