Rk,Player,Pos,Age,Tm,G,MP,PER,TS%,3PAr,FTr,ORB%,DRB%,TRB%,AST%,STL%,BLK%,TOV%,USG%,,OWS,DWS,WS,WS/48,,OBPM,DBPM,BPM,VORP,Player-additional
1,Ray Allen*,SG,37,MIA,23,573,14.4,.598,.558,.314,2.9,10.8,6.9,8.3,1.2,0.4,12.1,18.8,,1.1,0.5,1.5,.129,,1.5,-0.8,0.7,0.4,allenra02
2,Tony Allen,SG,31,MEM,15,422,17.7,.512,.064,.464,9.9,16.2,12.9,11.3,3.9,1.0,11.2,18.7,,0.6,0.7,1.3,.148,,0.4,3.9,4.2,0.7,allento01
3,Chris Andersen,C,34,MIA,20,303,24.9,.815,.000,.860,13.3,17.6,15.5,1.7,1.6,6.2,12.3,14.3,,1.4,0.5,1.9,.309,,2.8,2.8,5.5,0.6,anderch01
4,James Anderson,SG,23,HOU,2,18,-1.4,.200,.600,.000,6.1,18.9,12.4,0.0,0.0,0.0,0.0,12.2,,0.0,0.0,-0.1,-0.140,,-7.5,-3.2,-10.7,0.0,anderja01
5,Carmelo Anthony,PF,28,NYK,12,481,20.4,.497,.184,.281,2.5,18.2,9.7,9.3,1.5,0.4,8.2,38.0,,0.4,0.8,1.1,.114,,4.1,-1.2,2.9,0.6,anthoca01
6,Joel Anthony,C,30,MIA,14,71,6.4,.300,.000,.000,17.7,18.8,18.3,0.0,1.5,4.8,23.1,8.9,,0.0,0.1,0.1,.047,,-4.9,-0.7,-5.6,-0.1,anthojo01
7,Darrell Arthur,PF,24,MEM,15,175,11.1,.509,.038,.170,9.1,17.3,13.0,6.2,0.6,1.9,10.9,17.0,,0.2,0.2,0.3,.086,,-3.4,1.2,-2.3,0.0,arthuda01
8,Ömer Aşık,C,26,HOU,6,208,16.9,.620,.000,1.205,11.1,25.1,18.0,2.4,0.7,4.2,16.7,15.2,,0.4,0.1,0.5,.123,,0.2,0.8,1.0,0.2,asikom01
9,D.J. Augustin,PG,25,IND,19,316,9.7,.579,.676,.437,0.8,4.6,2.8,7.1,1.2,0.0,10.6,14.0,,0.5,0.2,0.7,.106,,-1.1,0.8,-0.3,0.1,augusdj01
10,Gustavo Ayón,C,27,MIL,3,7,14.1,.500,.000,.000,0.0,0.0,0.0,0.0,0.0,0.0,0.0,26.9,,0.0,0.0,0.0,-0.045,,0.3,-3.9,-3.6,0.0,ayongu01
11,Jeff Ayres,PF,25,IND,9,71,2.0,.333,.042,.000,6.9,22.2,14.9,2.5,0.0,2.3,11.1,17.8,,-0.2,0.1,-0.1,-0.052,,-8.0,-1.5,-9.5,-0.1,pendeje02
12,Harrison Barnes,SF,20,GSW,12,461,13.8,.544,.321,.216,4.6,13.7,9.4,5.1,0.8,0.8,8.3,18.7,,0.7,0.3,1.0,.103,,0.5,-0.1,0.4,0.3,barneha02
13,Matt Barnes,SF,32,LAC,6,162,18.4,.678,.386,.432,5.7,17.6,11.9,3.2,1.3,0.9,8.7,17.2,,0.6,0.0,0.6,.166,,3.4,-0.3,3.1,0.2,barnema02
14,Brandon Bass,PF,27,BOS,6,204,9.3,.562,.000,.517,5.2,17.3,11.8,6.7,0.5,0.4,12.3,10.1,,0.2,0.3,0.5,.120,,-2.2,1.3,-0.8,0.1,bassbr01
15,Shane Battier,SF,34,MIA,22,392,7.4,.489,.946,.301,2.9,9.0,6.0,4.6,0.7,1.3,4.5,13.6,,0.4,0.3,0.6,.077,,-0.9,-1.1,-2.0,0.0,battish01
16,Jerryd Bayless,PG,24,MEM,15,320,11.5,.468,.431,.190,0.4,11.5,5.6,18.4,1.2,1.3,9.7,24.0,,0.0,0.3,0.3,.040,,-0.8,0.1,-0.7,0.1,bayleje01
17,Aron Baynes,C,26,SAS,4,23,10.6,.571,.000,.000,10.3,14.5,12.5,0.0,0.0,0.0,12.5,16.5,,0.0,0.0,0.0,.090,,-5.0,-2.5,-7.5,0.0,baynear01
18,Kent Bazemore,SG,23,GSW,9,16,-13.7,.102,.125,.500,7.4,26.7,17.5,17.1,3.2,0.0,17.0,32.8,,-0.2,0.0,-0.2,-0.514,,-19.6,-4.8,-24.4,-0.1,bazemke01
19,Marco Belinelli,SG,26,CHI,12,325,13.7,.547,.439,.308,0.0,13.6,6.6,16.6,0.8,0.0,11.0,19.8,,0.5,0.0,0.5,.079,,0.0,0.5,0.5,0.2,belinma01
20,Patrick Beverley,PG,24,HOU,6,200,14.6,.521,.369,.108,6.0,12.5,9.2,14.8,1.8,1.8,8.1,16.3,,0.4,0.0,0.4,.096,,1.0,1.2,2.2,0.2,beverpa01
21,Andris Biedriņš,C,26,GSW,3,17,6.4,,,,13.9,31.4,23.1,7.4,0.0,9.2,100.0,2.6,,0.0,0.0,0.0,.094,,-8.6,6.3,-2.4,0.0,biedran01
22,Chauncey Billups,SG,36,LAC,6,115,5.7,.453,.472,.306,2.3,10.8,6.7,8.2,0.5,0.7,16.4,20.6,,-0.1,-0.1,-0.2,-0.080,,-1.9,-4.0,-5.9,-0.1,billuch01
23,DeJuan Blair,PF,23,SAS,12,76,31.2,.619,.000,.265,9.4,26.3,18.1,18.7,3.5,1.0,2.6,24.2,,0.4,0.2,0.6,.348,,3.2,4.3,7.5,0.2,blairde01
24,Steve Blake,PG,32,LAL,2,75,12.1,.492,.429,.036,0.0,12.7,6.2,11.7,2.8,2.9,12.3,20.2,,0.0,0.0,0.0,-0.008,,-0.4,2.1,1.7,0.1,blakest01
25,Andray Blatche,C,26,BRK,7,138,21.7,.550,.000,.293,8.5,21.2,14.7,12.4,0.8,1.6,7.1,24.1,,0.4,0.1,0.5,.184,,2.9,0.1,3.0,0.2,blatcan01
26,Eric Bledsoe,PG,23,LAC,6,97,19.8,.553,.300,.400,2.7,16.6,9.9,32.1,1.1,2.4,12.4,20.1,,0.2,0.0,0.3,.124,,4.3,1.2,5.5,0.2,bledser01
27,Keith Bogans,SG,32,BRK,2,23,-2.3,.000,1.000,.000,0.0,10.6,5.2,11.8,0.0,0.0,50.0,4.1,,0.0,0.0,0.0,-0.063,,-7.7,-0.7,-8.4,0.0,boganke01
28,Andrew Bogut,C,28,GSW,12,327,16.1,.558,.000,.343,14.1,30.1,22.5,10.0,0.9,4.3,22.2,13.5,,0.3,0.5,0.8,.122,,-0.3,2.6,2.3,0.3,bogutan01
29,Matt Bonner,PF,32,SAS,20,267,12.7,.630,.542,.203,4.0,12.5,8.4,3.4,1.0,1.4,3.0,11.7,,0.6,0.3,0.9,.169,,0.1,1.2,1.2,0.2,bonnema01
30,Carlos Boozer,PF,31,CHI,12,431,16.7,.524,.006,.268,9.7,23.5,16.4,8.1,1.3,0.2,13.4,23.8,,0.4,0.2,0.6,.063,,0.3,-0.7,-0.4,0.2,boozeca01
31,Chris Bosh*,C,28,MIA,23,751,16.8,.524,.154,.250,6.4,20.8,13.7,7.6,1.7,4.1,9.2,18.9,,1.0,1.2,2.2,.140,,1.1,0.8,1.9,0.7,boshch01
32,Avery Bradley,PG,22,BOS,6,191,6.7,.457,.190,.095,2.1,5.8,4.1,8.5,3.2,0.5,20.1,14.6,,-0.3,0.3,0.0,.009,,-4.6,2.6,-2.0,0.0,bradlav01
33,Corey Brewer,SF,26,DEN,6,146,7.3,.421,.529,.309,2.2,7.1,4.4,7.6,2.0,0.6,8.3,24.6,,-0.2,0.0,-0.2,-0.051,,-3.7,-1.7,-5.4,-0.1,breweco01
34,Ronnie Brewer,SF,27,OKC,1,8,-0.5,,,,0.0,13.9,7.0,0.0,0.0,0.0,,0.0,,0.0,0.0,0.0,.026,,-4.1,1.0,-3.1,0.0,brewero02
35,Aaron Brooks,PG,28,HOU,6,67,11.7,.414,.265,.147,4.9,10.2,7.5,31.5,0.8,1.3,14.2,27.7,,-0.1,0.0,-0.1,-0.069,,-1.6,-2.0,-3.6,0.0,brookaa01
36,MarShon Brooks,SG,24,BRK,7,40,4.0,.450,.125,.250,2.9,12.2,7.5,11.3,0.0,0.0,25.3,14.0,,0.0,0.0,0.0,-0.041,,-4.8,-1.9,-6.8,0.0,brookma01
37,Caron Butler,SF,32,LAC,6,136,10.2,.539,.348,.065,1.0,13.7,7.5,0.0,0.8,1.1,11.3,19.0,,0.0,0.0,0.0,-0.011,,-0.6,-2.1,-2.6,0.0,butleca01
38,Jimmy Butler,SF,23,CHI,12,490,14.4,.575,.322,.478,2.2,13.7,7.8,10.7,1.7,1.0,10.3,15.0,,0.9,0.2,1.1,.105,,0.8,1.7,2.5,0.5,butleji01
39,Marcus Camby,PF,38,NYK,3,3,27.2,1.000,.000,.000,36.7,42.8,39.5,0.0,0.0,0.0,50.0,32.1,,0.0,0.0,0.0,.055,,-3.5,-0.1,-3.6,0.0,cambyma01
40,Mario Chalmers,PG,26,MIA,23,650,11.2,.523,.372,.290,1.9,8.0,5.0,17.5,1.8,0.1,15.6,18.2,,0.5,0.5,1.0,.076,,-1.4,-0.2,-1.6,0.1,chalmma01
41,Tyson Chandler,C,30,NYK,12,350,12.8,.576,.000,.308,12.6,17.6,14.9,1.9,1.3,4.0,15.7,9.6,,0.5,0.6,1.2,.161,,-1.3,-0.2,-1.5,0.0,chandty01
42,Wilson Chandler,PF,25,DEN,6,205,8.8,.443,.382,.158,2.6,17.8,9.4,6.1,1.9,1.2,7.9,18.4,,-0.1,0.1,0.0,.002,,-2.2,-0.4,-2.5,0.0,chandwi01
43,Earl Clark,PF,25,LAL,4,82,1.2,.368,.211,.000,2.8,14.5,8.5,1.9,0.6,0.9,24.0,14.3,,-0.3,0.0,-0.3,-0.159,,-6.8,-2.7,-9.5,-0.2,clarkea01
44,Norris Cole,PG,24,MIA,21,418,12.4,.584,.314,.186,1.8,9.6,5.8,16.1,2.0,0.4,17.2,15.5,,0.5,0.4,0.9,.103,,-0.2,1.1,0.9,0.3,coleno01
45,Nick Collison,C,32,OKC,11,178,16.1,.526,.000,.255,16.0,16.3,16.1,11.3,1.5,5.3,16.1,16.0,,0.3,0.3,0.6,.155,,-0.3,2.2,1.8,0.2,collini01
46,Mike Conley,PG,25,MEM,15,575,18.8,.496,.296,.431,2.4,13.0,7.4,33.8,2.5,0.7,11.7,23.6,,0.9,0.6,1.5,.127,,2.7,1.9,4.6,0.9,conlemi01
47,Daequan Cook,SG,25,CHI,6,36,-9.2,.150,.800,.000,0.0,10.5,5.1,16.3,1.5,0.0,28.6,18.4,,-0.2,0.0,-0.2,-0.309,,-12.6,-1.6,-14.2,-0.1,cookda02
48,Chris Copeland,PF,28,NYK,9,93,13.7,.599,.767,.067,2.4,9.7,5.7,1.9,3.0,0.0,11.5,18.1,,0.1,0.2,0.3,.147,,3.2,-0.1,3.1,0.1,copelch01
49,Jamal Crawford,SG,32,LAC,6,161,12.5,.486,.355,.177,1.6,7.7,4.8,10.6,1.0,0.5,5.6,21.3,,0.2,-0.1,0.1,.021,,1.3,-2.6,-1.3,0.0,crawfja01
50,Jordan Crawford,SG,24,BOS,5,59,1.6,.377,.522,.087,0.0,5.6,3.1,0.0,1.9,0.0,11.2,23.2,,-0.2,0.1,-0.2,-0.135,,-5.3,-1.6,-6.9,-0.1,crawfjo02
51,Stephen Curry,PG,24,GSW,12,497,20.5,.558,.451,.162,1.2,8.8,5.2,33.3,2.1,0.3,13.7,26.2,,1.3,0.3,1.7,.161,,4.5,0.2,4.7,0.8,curryst01
52,Samuel Dalembert,C,31,MIL,1,9,-15.5,.133,.000,2.000,12.9,29.0,20.4,0.0,5.9,0.0,34.7,30.1,,-0.1,0.0,-0.1,-0.544,,-22.3,-4.1,-26.4,-0.1,dalemsa01
53,Marquis Daniels,SF,32,MIL,3,33,14.9,.545,.182,.000,0.0,15.8,7.4,23.7,1.6,0.0,8.3,17.1,,0.0,0.0,0.0,.069,,-0.6,1.7,1.0,0.0,daniema01
54,Ed Davis,PF,23,MEM,8,48,7.8,.472,.000,.333,9.5,18.4,13.7,0.0,0.0,1.8,12.7,15.3,,0.0,0.0,0.0,.038,,-4.5,-2.4,-6.9,-0.1,davised01
55,Austin Daye,SF,24,MEM,4,20,4.1,.415,.125,.125,0.0,6.3,3.0,0.0,0.0,4.2,10.6,22.0,,0.0,0.0,0.0,-0.077,,-5.7,-2.8,-8.5,0.0,dayeau01
56,Nando De Colo,SG,25,SAS,5,14,17.0,.410,.750,.500,16.9,15.9,16.4,20.5,0.0,0.0,0.0,16.5,,0.0,0.0,0.1,.184,,1.1,-1.3,-0.2,0.0,decolna01
57,Carlos Delfino,SF,30,HOU,5,120,11.8,.539,.775,.100,0.9,10.4,5.6,14.1,1.3,0.7,10.7,17.2,,0.1,0.0,0.1,.053,,1.7,0.6,2.3,0.1,delfica01
58,Luol Deng,SF,27,CHI,5,224,8.3,.390,.214,.119,2.7,18.6,10.4,14.9,1.2,1.1,12.0,21.2,,-0.4,0.1,-0.3,-0.066,,-3.3,-0.8,-4.1,-0.1,denglu01
59,Boris Diaw,PF,30,SAS,16,273,10.1,.540,.241,.259,3.5,13.0,8.4,15.0,0.8,0.8,17.8,12.7,,0.2,0.3,0.5,.095,,-1.1,1.4,0.3,0.2,diawbo01
60,Keyon Dooling,PG,32,MEM,14,114,4.4,.507,.542,.250,0.0,5.5,2.6,5.6,0.5,0.0,10.1,12.1,,0.0,0.0,0.1,.032,,-4.9,-0.7,-5.5,-0.1,doolike01
61,Chris Duhon,PG,30,LAL,2,68,5.5,.500,.727,.000,1.7,3.5,2.6,15.6,1.5,1.1,31.3,11.0,,-0.1,0.0,-0.1,-0.060,,-3.5,-1.4,-4.9,0.0,duhonch01
62,Tim Duncan*,C,36,SAS,21,735,21.3,.523,.003,.305,8.7,24.2,16.7,9.6,1.3,3.5,10.3,26.1,,1.1,1.4,2.5,.161,,1.8,1.1,2.9,0.9,duncati01
63,Mike Dunleavy,SF,32,MIL,4,91,24.7,.721,.533,.300,3.8,18.7,10.8,17.4,1.2,0.0,8.1,19.1,,0.4,0.0,0.4,.224,,7.4,1.8,9.2,0.3,dunlemi02
64,Kevin Durant,SF,24,OKC,11,485,26.0,.574,.285,.455,1.6,21.1,11.5,29.2,1.5,2.1,12.7,31.9,,1.5,0.7,2.1,.210,,7.6,1.7,9.3,1.4,duranke01
65,Monta Ellis,SG,27,MIL,4,152,12.3,.459,.345,.291,1.5,9.5,5.2,27.1,3.5,0.6,18.4,23.6,,-0.2,0.1,-0.2,-0.050,,-1.1,0.7,-0.3,0.1,ellismo01
66,Reggie Evans,PF,32,BRK,7,209,12.3,.517,.000,.783,9.0,40.8,24.6,4.2,1.8,0.7,16.3,8.3,,0.2,0.4,0.5,.125,,-1.0,1.2,0.2,0.1,evansre01
67,Festus Ezeli,C,23,GSW,12,134,6.4,.540,.000,1.615,11.4,13.6,12.6,2.0,1.1,4.1,35.0,11.4,,-0.1,0.1,0.1,.018,,-5.9,1.3,-4.6,-0.1,ezelife01
68,Kenneth Faried,PF,23,DEN,5,145,15.6,.661,.000,.469,8.8,27.0,17.0,1.1,1.7,0.6,11.5,12.8,,0.3,0.1,0.4,.142,,0.3,-0.1,0.2,0.1,farieke01
69,Raymond Felton,PG,28,NYK,12,454,16.5,.490,.173,.148,4.1,6.8,5.4,23.4,2.4,1.1,10.4,20.4,,0.5,0.7,1.2,.127,,2.0,0.9,2.9,0.5,feltora01
70,Derek Fisher,SG,38,OKC,11,261,11.2,.638,.729,.171,0.4,6.8,3.7,5.1,1.4,0.3,9.6,14.6,,0.4,0.2,0.6,.114,,0.2,1.5,1.8,0.3,fishede01
71,Evan Fournier,SG,20,DEN,4,53,4.1,.463,.471,.471,0.0,0.0,0.0,11.4,1.9,0.0,22.6,21.4,,-0.1,0.0,-0.1,-0.104,,-5.4,-2.1,-7.5,-0.1,fournev01
72,Francisco García,SF,31,HOU,6,164,14.4,.613,.740,.100,2.0,11.8,6.8,9.4,1.2,2.7,7.1,15.1,,0.4,0.0,0.4,.113,,2.2,1.5,3.7,0.2,garcifr01
73,Kevin Garnett*,C,36,BOS,6,212,17.3,.563,.033,.283,5.6,37.9,23.2,22.4,1.3,2.5,22.0,20.8,,0.0,0.6,0.6,.145,,-0.7,4.1,3.4,0.3,garneke01
74,Marc Gasol,C,28,MEM,15,609,19.4,.527,.000,.439,4.7,21.2,12.5,14.5,1.2,4.6,6.9,20.1,,1.3,0.8,2.1,.168,,2.3,2.8,5.1,1.1,gasolma01
75,Pau Gasol*,PF,32,LAL,4,146,17.9,.493,.000,.212,5.5,31.9,18.4,32.5,0.7,1.5,18.6,22.4,,0.0,0.0,0.0,.013,,2.0,1.8,3.9,0.2,gasolpa01
76,Paul George,SF,22,IND,19,780,16.6,.548,.375,.462,2.5,18.1,10.6,23.9,1.8,0.9,18.4,24.4,,0.9,1.0,1.9,.118,,1.4,2.3,3.7,1.1,georgpa01
77,Taj Gibson,PF,27,CHI,12,206,12.3,.515,.030,.333,8.7,12.9,10.7,3.5,1.1,2.4,10.6,19.4,,0.2,0.1,0.3,.059,,-3.4,-0.1,-3.5,-0.1,gibsota01
78,Manu Ginóbili*,SG,35,SAS,21,560,16.5,.530,.497,.415,1.9,13.7,8.0,29.7,2.3,0.8,19.4,23.9,,0.5,0.8,1.3,.110,,1.2,1.6,2.8,0.7,ginobma01
79,Andrew Goudelock,SG,24,LAL,3,80,12.4,.488,.278,.056,1.4,6.0,3.6,7.2,3.3,0.0,9.8,23.9,,-0.1,0.0,-0.1,-0.030,,-3.2,0.1,-3.1,0.0,goudean01
80,Danny Green,SG,25,SAS,21,669,15.2,.605,.613,.081,3.2,11.5,7.5,7.4,1.8,2.6,9.0,15.0,,1.2,0.9,2.1,.154,,2.4,2.4,4.8,1.1,greenda02
81,Draymond Green,SF,22,GSW,12,223,13.9,.551,.411,.304,7.4,17.7,12.8,12.5,1.4,3.5,15.9,15.1,,0.3,0.3,0.6,.125,,-0.3,3.3,3.1,0.3,greendr01
82,Gerald Green,SF,27,IND,9,105,12.9,.540,.660,.040,2.3,10.7,6.7,6.1,0.0,0.8,10.5,25.3,,0.1,0.1,0.2,.073,,1.6,-0.9,0.7,0.1,greenge01
83,Jeff Green,PF,26,BOS,6,258,14.7,.582,.259,.529,3.1,11.1,7.4,12.3,0.4,1.3,15.3,24.5,,0.3,0.3,0.6,.113,,0.4,0.6,1.0,0.2,greenje02
84,Willie Green,SG,31,LAC,3,20,21.6,.773,.333,.667,0.0,18.6,9.6,15.8,2.7,0.0,0.0,9.4,,0.1,0.0,0.1,.224,,6.6,3.1,9.7,0.1,greenwi01
85,Blake Griffin,PF,23,LAC,6,158,16.3,.524,.000,.406,6.7,19.6,13.4,17.3,0.0,2.4,14.7,27.1,,0.2,0.0,0.1,.045,,1.0,-1.4,-0.4,0.1,griffbl01
86,Jordan Hamilton,SF,22,DEN,1,2,-19.7,.000,.000,.000,0.0,0.0,0.0,0.0,0.0,0.0,0.0,21.4,,0.0,0.0,0.0,-0.536,,-14.2,-10.6,-24.8,0.0,hamiljo02
87,Richard Hamilton,SG,34,CHI,4,68,7.6,.452,.259,.148,0.0,5.6,2.7,13.0,0.8,2.5,14.8,23.5,,-0.1,0.0,-0.1,-0.067,,-1.3,0.3,-0.9,0.0,hamilri01
88,Ben Hansbrough,PG,25,IND,6,22,-6.4,.000,.600,.000,5.6,10.2,8.0,20.4,0.0,3.7,28.6,14.9,,-0.1,0.0,-0.1,-0.254,,-9.1,-2.3,-11.4,-0.1,hansbbe01
89,Tyler Hansbrough,PF,27,IND,19,241,11.4,.479,.000,.710,18.3,11.7,14.9,3.7,1.4,0.0,15.6,18.7,,0.2,0.2,0.4,.073,,-2.9,-1.2,-4.1,-0.1,hansbty01
90,James Harden,SG,23,HOU,6,243,20.8,.548,.383,.574,2.3,16.3,9.2,21.0,2.5,2.2,15.8,31.0,,0.4,0.1,0.5,.100,,4.1,1.2,5.3,0.5,hardeja01
91,Devin Harris,SG,29,ATL,6,225,9.3,.459,.397,.397,1.0,7.5,4.1,16.9,2.3,0.4,14.0,18.2,,-0.2,0.2,0.1,.012,,-2.5,0.2,-2.3,0.0,harride01
92,Udonis Haslem,PF,32,MIA,22,357,14.2,.597,.000,.163,9.2,18.4,13.8,2.8,2.3,1.2,13.2,14.4,,0.5,0.5,1.1,.142,,-1.1,0.8,-0.3,0.2,hasleud01
93,John Henson,PF,22,MIL,4,33,-0.1,.273,.091,.000,0.0,31.7,14.9,5.0,3.2,0.0,15.4,18.6,,-0.2,0.0,-0.1,-0.180,,-9.6,-0.8,-10.4,-0.1,hensojo01
94,Roy Hibbert,C,26,IND,19,694,21.2,.576,.000,.438,15.9,15.9,15.9,7.6,0.2,4.4,13.3,21.8,,1.9,0.8,2.7,.187,,1.8,1.0,2.9,0.9,hibbero01
95,George Hill,PG,26,IND,18,685,14.6,.547,.459,.367,0.9,10.2,5.7,20.6,1.8,0.5,14.3,19.1,,1.2,0.6,1.8,.125,,1.4,1.3,2.7,0.8,hillge01
96,Grant Hill*,SF,40,LAC,1,20,7.4,.500,.000,.000,13.2,12.4,12.8,15.8,0.0,0.0,20.0,12.1,,0.0,0.0,0.0,.026,,-1.7,-1.2,-3.0,0.0,hillgr01
97,Jordan Hill,PF,25,LAL,3,31,17.7,.500,.000,.000,7.4,34.6,20.7,5.8,0.0,4.6,0.0,15.1,,0.0,0.0,0.1,.086,,1.2,-0.1,1.1,0.0,hilljo01
98,Kirk Hinrich,PG,32,CHI,4,162,12.7,.521,.297,.378,0.7,7.8,4.2,23.2,2.7,0.5,15.6,14.9,,0.2,0.1,0.2,.064,,-1.5,2.2,0.7,0.1,hinriki01
99,Ryan Hollins,C,28,LAC,5,37,9.7,.557,.000,.222,10.7,6.7,8.6,9.0,0.0,4.1,16.8,15.6,,0.0,0.0,0.0,.036,,-3.7,-0.1,-3.8,0.0,holliry01
100,Al Horford,C,26,ATL,6,218,19.1,.527,.000,.325,5.9,21.1,13.3,16.8,1.4,1.9,8.7,22.6,,0.3,0.3,0.6,.136,,2.3,1.3,3.6,0.3,horfoal01
101,Dwight Howard,C,27,LAL,4,126,19.0,.588,.000,.857,9.1,31.2,19.9,6.2,0.8,4.5,21.7,27.4,,0.0,0.1,0.0,.019,,-1.5,0.9,-0.6,0.0,howardw01
102,Kris Humphries,PF,27,BRK,7,83,13.6,.455,.000,.226,14.1,19.1,16.6,2.1,0.7,2.6,5.5,20.5,,0.1,0.1,0.1,.086,,-2.7,-1.6,-4.3,0.0,humphkr01
103,Serge Ibaka,PF,23,OKC,11,366,17.1,.484,.067,.178,12.1,16.1,14.1,3.9,0.0,7.8,4.6,19.1,,0.5,0.5,1.0,.131,,0.9,-0.1,0.8,0.3,ibakase01
104,Andre Iguodala,SG,29,DEN,6,243,19.9,.621,.382,.329,4.0,20.9,11.6,21.3,2.4,0.7,16.3,18.3,,0.6,0.1,0.7,.140,,4.3,2.3,6.6,0.5,iguodan01
105,Ersan İlyasova,PF,25,MIL,4,117,15.9,.491,.217,.043,9.9,21.2,15.2,11.5,2.3,0.8,11.3,21.3,,0.0,0.1,0.1,.037,,1.1,-0.5,0.5,0.1,ilyaser01
106,Jarrett Jack,SG,29,GSW,12,426,17.4,.588,.156,.312,1.9,11.5,7.0,21.6,1.3,0.7,17.8,22.3,,0.8,0.3,1.0,.118,,0.9,0.0,1.0,0.3,jackja01
107,Reggie Jackson,PG,22,OKC,11,368,15.4,.581,.361,.244,1.2,15.1,8.3,19.3,0.7,1.4,13.7,19.0,,0.6,0.3,1.0,.126,,1.5,1.0,2.4,0.4,jacksre01
108,LeBron James,PF,28,MIA,23,960,28.1,.585,.222,.405,4.8,19.7,12.4,30.5,2.3,1.6,12.1,29.2,,3.7,1.5,5.2,.260,,8.4,2.0,10.4,3.0,jamesle01
109,Antawn Jamison,PF,36,LAL,4,79,10.0,.566,.522,.261,1.4,9.1,5.2,2.1,0.7,1.8,10.5,17.0,,0.0,0.0,0.0,.015,,-1.1,-1.1,-2.3,0.0,jamisan01
110,Richard Jefferson,SF,32,GSW,7,39,12.2,.502,.333,1.000,6.0,13.7,10.1,3.7,1.3,2.0,0.0,14.8,,0.1,0.0,0.1,.110,,0.3,-0.2,0.1,0.0,jefferi01
111,John Jenkins,SG,21,ATL,4,24,-5.7,.000,.333,.000,0.0,9.3,4.6,18.4,0.0,0.0,40.0,9.9,,-0.1,0.0,-0.1,-0.203,,-9.4,-4.0,-13.3,-0.1,jenkijo01
112,Brandon Jennings,PG,23,MIL,4,133,9.9,.408,.491,.316,0.9,7.9,4.2,21.3,3.6,0.7,14.5,26.9,,-0.3,0.1,-0.3,-0.094,,-2.0,-0.8,-2.8,0.0,jennibr01
113,Ivan Johnson,PF,28,ATL,6,108,11.3,.531,.000,.692,8.9,11.4,10.1,4.9,1.9,2.3,15.0,17.6,,0.1,0.1,0.2,.089,,-3.5,0.9,-2.6,0.0,johnsiv01
114,Joe Johnson,SG,31,BRK,7,271,11.7,.486,.379,.087,1.7,8.1,4.9,12.1,1.6,0.0,10.1,20.7,,0.1,0.2,0.2,.042,,-0.7,-1.1,-1.8,0.0,johnsjo02
115,Orlando Johnson,SG,23,IND,12,28,1.9,.334,.273,.818,0.0,12.1,6.3,6.0,0.0,0.0,6.3,26.6,,-0.1,0.0,-0.1,-0.113,,-2.3,-3.4,-5.7,0.0,johnsor01
116,Dahntay Jones,SF,32,ATL,5,19,0.2,.410,.000,.500,0.0,5.9,2.9,0.0,0.0,0.0,17.0,14.7,,0.0,0.0,0.0,-0.090,,-6.7,-3.7,-10.4,0.0,jonesda02
117,Dwayne Jones,PF,29,GSW,2,2,0.0,,,,0.0,0.0,0.0,0.0,0.0,0.0,,0.0,,0.0,0.0,0.0,-0.012,,-4.6,-5.1,-9.7,0.0,jonesdw02
118,James Jones,SF,32,MIA,9,33,6.0,.643,.571,.000,0.0,11.0,5.6,0.0,0.0,2.6,22.2,13.2,,0.0,0.0,0.0,.019,,-0.7,-1.2,-1.9,0.0,jonesja02
119,Perry Jones,SF,21,OKC,1,5,-5.4,.000,.000,.000,0.0,22.3,11.2,0.0,0.0,0.0,0.0,9.2,,0.0,0.0,0.0,-0.182,,-7.5,-2.7,-10.2,0.0,jonespe01
120,Terrence Jones,PF,21,HOU,2,35,10.9,.353,.200,.300,15.7,32.4,23.9,4.8,0.0,2.5,8.1,15.5,,0.0,0.0,0.0,-0.015,,-0.7,-2.5,-3.1,0.0,joneste01
121,DeAndre Jordan,C,24,LAC,6,144,7.3,.424,.000,.409,13.8,19.8,16.9,1.0,0.4,5.3,25.7,11.8,,-0.1,0.0,-0.1,-0.038,,-2.8,-1.7,-4.5,-0.1,jordade01
122,Cory Joseph,PG,21,SAS,20,192,13.2,.485,.196,.196,4.9,13.3,9.3,19.7,1.7,0.8,14.1,17.5,,0.1,0.2,0.4,.088,,-1.8,1.3,-0.5,0.1,josepco01
123,Jason Kidd*,SG,39,NYK,12,247,5.1,.213,.680,.080,3.1,18.2,10.1,14.4,2.7,1.6,33.4,7.6,,-0.4,0.5,0.1,.014,,-4.0,1.9,-2.1,0.0,kiddja01
124,Kyle Korver,SF,31,ATL,6,177,10.1,.562,.694,.245,0.0,12.7,6.2,3.9,0.6,1.9,10.0,16.2,,0.1,0.1,0.2,.065,,-0.1,-0.5,-0.6,0.1,korveky01
125,Kosta Koufos,C,23,DEN,6,100,10.0,.462,.053,.316,9.6,15.6,12.3,4.3,1.5,3.4,8.5,10.1,,0.1,0.0,0.1,.064,,-1.4,0.5,-1.0,0.0,koufoko01
126,Carl Landry,PF,29,GSW,12,246,21.3,.578,.000,.520,10.5,17.4,14.1,11.9,1.5,0.6,13.4,25.7,,0.6,0.2,0.9,.168,,1.5,0.7,2.2,0.3,landrca01
127,Ty Lawson,PG,25,DEN,6,236,20.4,.518,.193,.303,2.3,8.3,5.0,35.6,2.1,0.0,9.5,24.7,,0.6,0.0,0.6,.127,,3.5,0.0,3.5,0.3,lawsoty01
128,Courtney Lee,SG,27,BOS,4,39,6.6,.444,.400,.800,0.0,5.6,3.1,4.6,2.8,0.0,0.0,8.8,,0.0,0.1,0.1,.091,,-4.7,2.6,-2.1,0.0,leeco01
129,David Lee,PF,29,GSW,6,65,16.5,.421,.000,.182,10.9,36.2,24.2,13.0,2.4,1.2,12.3,27.9,,-0.1,0.1,0.1,.038,,0.6,1.7,2.2,0.1,leeda02
130,Kawhi Leonard,SF,21,SAS,21,775,18.9,.611,.280,.232,7.7,20.1,14.1,4.6,2.6,1.1,9.0,15.6,,1.7,1.4,3.1,.194,,2.5,2.5,5.1,1.4,leonaka01
131,Jon Leuer,PF,23,MEM,5,11,21.4,.500,.000,.000,20.6,11.5,16.3,0.0,4.9,7.7,0.0,8.5,,0.0,0.0,0.1,.229,,3.0,3.4,6.4,0.0,leuerjo01
132,Rashard Lewis,PF,33,MIA,11,47,6.7,.407,.200,.100,2.7,15.5,9.2,14.9,2.3,3.6,22.3,27.7,,-0.2,0.1,-0.1,-0.120,,-7.3,-0.1,-7.4,-0.1,lewisra02
133,DeAndre Liggins,SG,24,OKC,8,68,3.2,.372,.556,.444,0.0,22.9,11.6,8.7,0.8,1.3,15.7,8.6,,-0.1,0.1,0.0,.008,,-5.9,1.2,-4.7,0.0,liggide01
134,Jeremy Lin,PG,24,HOU,4,84,-0.4,.322,.500,.083,0.0,10.8,5.3,14.8,1.2,1.1,24.3,17.2,,-0.3,0.0,-0.3,-0.173,,-7.5,-2.2,-9.7,-0.2,linje01
135,Brook Lopez,C,24,BRK,7,263,25.2,.548,.008,.358,12.9,10.7,11.8,7.3,1.2,5.8,10.1,28.4,,0.7,0.3,1.0,.189,,3.6,0.0,3.6,0.4,lopezbr01
136,Scott Machado,PG,22,GSW,5,8,6.8,.521,.000,1.000,0.0,13.4,7.0,18.7,0.0,0.0,25.8,21.6,,0.0,0.0,0.0,-0.040,,-5.6,-5.7,-11.4,0.0,machasc01
137,Shelvin Mack,PG,22,ATL,4,22,32.1,.556,.556,.000,14.6,20.4,17.4,63.8,0.0,0.0,0.0,19.4,,0.1,0.0,0.2,.361,,14.0,0.3,14.2,0.1,macksh01
138,Ian Mahinmi,C,26,IND,18,150,7.6,.434,.000,.345,16.4,16.5,16.4,1.1,0.0,7.1,26.4,14.1,,-0.2,0.2,0.0,.005,,-5.2,1.5,-3.7,-0.1,mahinia01
139,Kenyon Martin,C,35,NYK,12,253,16.2,.587,.000,.400,7.0,19.3,12.7,7.6,2.0,6.7,12.0,12.7,,0.4,0.6,1.0,.193,,-0.9,3.6,2.8,0.3,martike01
140,Kevin Martin,SG,29,OKC,11,323,14.2,.521,.357,.333,0.7,11.0,5.9,7.6,1.1,0.8,6.9,22.5,,0.4,0.2,0.6,.095,,0.9,-0.5,0.4,0.2,martike02
141,Luc Mbah a Moute,SF,26,MIL,4,136,9.3,.534,.174,.783,3.4,9.6,6.3,8.3,1.6,0.0,13.9,12.4,,0.1,0.0,0.1,.029,,-2.5,0.6,-2.0,0.0,mbahalu01
142,JaVale McGee,C,25,DEN,6,112,14.1,.552,.000,.581,16.2,16.3,16.2,0.0,1.8,4.5,22.0,19.0,,0.0,0.1,0.1,.030,,-2.7,-0.9,-3.6,0.0,mcgeeja01
143,Tracy McGrady*,SF,33,SAS,6,31,7.0,.000,.429,.000,3.8,25.1,14.8,29.3,3.5,7.4,22.2,13.7,,-0.1,0.1,-0.1,-0.094,,-5.8,2.7,-3.1,0.0,mcgratr01
144,Jodie Meeks,SG,25,LAL,1,20,1.6,.410,.500,.500,5.7,6.0,5.8,0.0,2.6,0.0,29.1,16.1,,-0.1,0.0,-0.1,-0.141,,-6.8,0.1,-6.7,0.0,meeksjo01
145,Andre Miller,PG,36,DEN,6,154,16.3,.519,.159,.391,7.6,7.6,7.6,25.5,0.6,0.0,16.5,26.9,,0.2,0.0,0.1,.037,,2.6,-2.9,-0.3,0.1,millean02
146,Mike Miller,SF,32,MIA,17,232,12.1,.644,.800,.000,1.6,15.7,8.8,10.0,1.9,0.7,10.0,10.4,,0.4,0.3,0.7,.146,,1.4,1.4,2.8,0.3,millemi01
147,Patty Mills,PG,24,SAS,9,31,13.5,.600,.700,.000,3.8,7.2,5.5,10.6,0.0,0.0,9.1,16.8,,0.1,0.0,0.1,.119,,0.7,-1.0,-0.3,0.0,millspa02
148,Nazr Mohammed,C,35,CHI,12,114,20.0,.522,.000,.171,14.6,20.0,17.2,6.7,1.0,5.1,6.4,19.5,,0.2,0.1,0.3,.134,,0.2,1.3,1.6,0.1,mohamna01
149,Darius Morris,PG,22,LAL,4,105,13.0,.539,.257,.257,1.1,4.5,2.8,20.2,1.0,0.0,13.3,20.0,,0.1,-0.1,0.0,.015,,-0.5,-1.4,-1.8,0.0,morrida01
150,Donatas Motiejūnas,PF,22,HOU,1,5,53.6,1.025,.000,.500,22.0,0.0,11.2,0.0,0.0,0.0,0.0,21.5,,0.1,0.0,0.1,.524,,22.4,2.6,25.0,0.0,motiedo01
151,Steve Nash*,PG,38,LAL,2,61,14.5,.496,.130,.217,3.7,5.9,4.8,26.6,0.0,0.0,10.6,21.6,,0.1,0.0,0.0,.014,,2.0,-3.0,-1.0,0.0,nashst01
152,Gary Neal,SG,28,SAS,21,390,9.0,.503,.489,.119,0.3,12.5,6.6,6.0,0.4,0.2,8.4,18.8,,0.1,0.3,0.4,.052,,-2.3,-0.6,-2.9,-0.1,nealga01
153,Joakim Noah,C,27,CHI,12,409,16.7,.474,.000,.328,15.1,19.5,17.2,11.7,1.3,5.3,15.0,18.5,,0.3,0.3,0.6,.074,,-0.3,1.2,0.9,0.3,noahjo01
154,Steve Novak,SF,29,NYK,9,50,15.1,.692,.692,.000,4.4,5.1,4.7,0.0,1.1,0.0,0.0,12.5,,0.2,0.1,0.2,.207,,3.2,0.2,3.4,0.1,novakst01
155,Lamar Odom,PF,33,LAC,6,107,10.4,.460,.467,.200,4.9,22.0,13.8,16.3,2.5,3.6,23.5,19.3,,-0.1,0.1,-0.1,-0.030,,-1.6,2.3,0.8,0.1,odomla01
156,Tony Parker*,PG,30,SAS,21,765,21.5,.521,.085,.307,2.2,7.8,5.1,34.6,1.7,0.3,11.3,28.9,,1.7,0.8,2.4,.152,,3.8,0.0,3.8,1.1,parketo01
157,Chandler Parsons,SF,24,HOU,6,238,13.5,.550,.430,.151,3.2,15.2,9.1,17.2,0.2,0.7,15.4,21.7,,0.2,-0.1,0.2,.035,,1.5,-1.0,0.5,0.1,parsoch01
158,Chris Paul,PG,27,LAC,6,224,29.2,.633,.207,.402,1.8,11.6,6.9,33.0,2.7,0.0,7.7,25.4,,1.2,0.0,1.2,.267,,8.3,1.4,9.7,0.7,paulch01
159,Kendrick Perkins,C,28,OKC,11,210,-0.6,.302,.026,.105,8.1,13.8,11.0,5.0,2.0,2.1,36.6,13.7,,-0.7,0.3,-0.5,-0.110,,-8.8,0.3,-8.5,-0.3,perkike01
160,Johan Petro,C,27,ATL,6,101,10.5,.520,.000,.074,4.2,20.0,11.9,7.3,0.5,3.3,9.7,14.5,,0.0,0.1,0.2,.079,,-3.3,1.5,-1.8,0.0,petrojo01
161,Paul Pierce*,SF,35,BOS,6,255,10.6,.484,.387,.274,2.1,13.0,8.0,29.1,1.1,1.0,21.2,30.1,,-0.6,0.4,-0.2,-0.030,,-1.2,-0.3,-1.6,0.0,piercpa01
162,Quincy Pondexter,SF,24,MEM,15,357,14.3,.625,.564,.298,2.9,10.3,6.4,5.4,1.7,0.5,7.8,15.1,,0.8,0.3,1.0,.141,,1.4,2.0,3.4,0.5,pondequ01
163,Pablo Prigioni,PG,35,NYK,11,230,13.8,.547,.698,.093,1.0,8.4,4.4,24.8,3.4,0.4,11.8,10.6,,0.4,0.4,0.8,.171,,0.7,2.6,3.4,0.3,prigipa01
164,Tayshaun Prince,SF,32,MEM,15,454,7.7,.400,.157,.190,3.0,12.5,7.5,10.6,0.8,0.9,7.1,14.5,,-0.2,0.3,0.1,.011,,-2.3,0.2,-2.0,0.0,princta01
165,Vladimir Radmanović,PF,32,CHI,1,10,53.8,1.500,1.000,.000,0.0,0.0,0.0,24.4,11.0,0.0,25.0,18.9,,0.1,0.0,0.1,.414,,24.5,14.9,39.4,0.1,radmavl01
166,Anthony Randolph,PF,23,DEN,5,30,34.1,.821,.000,1.000,0.0,26.1,11.7,0.0,3.3,0.0,11.2,25.4,,0.2,0.0,0.2,.317,,6.1,3.5,9.6,0.1,randoan01
167,Shavlik Randolph,PF,29,BOS,1,3,8.7,,,,0.0,100.0,60.0,0.0,0.0,0.0,,0.0,,0.0,0.0,0.0,.254,,-8.0,5.0,-3.0,0.0,randosh01
168,Zach Randolph,PF,31,MEM,15,554,17.7,.509,.005,.437,12.1,20.8,16.2,8.4,1.0,1.1,10.8,24.2,,0.7,0.6,1.3,.111,,0.7,-0.3,0.4,0.3,randoza01
169,JJ Redick,SG,28,MIL,4,69,8.3,.551,.480,.120,0.0,5.7,2.7,13.6,0.8,0.0,18.6,22.1,,0.0,0.0,-0.1,-0.042,,-3.0,-1.3,-4.4,0.0,redicjj01
170,Quentin Richardson,SF,32,NYK,5,14,12.6,.500,.833,.000,7.9,18.4,12.7,0.0,0.0,0.0,0.0,20.6,,0.0,0.0,0.0,.143,,2.5,-1.8,0.7,0.0,richaqu01
171,Nate Robinson,PG,28,CHI,12,404,15.6,.539,.399,.252,1.8,8.1,4.9,24.5,1.6,0.4,15.0,24.9,,0.5,0.0,0.5,.060,,1.1,-0.7,0.4,0.2,robinna01
172,Robert Sacre,C,23,LAL,2,4,10.7,.000,.000,.000,0.0,59.6,29.2,0.0,13.0,0.0,0.0,11.7,,0.0,0.0,0.0,-0.096,,-3.6,6.0,2.4,0.0,sacrero01
173,Larry Sanders,C,24,MIL,4,113,14.3,.568,.000,.333,11.3,25.4,17.9,8.4,1.4,4.0,24.1,20.8,,0.0,0.1,0.0,.015,,-3.7,1.1,-2.7,0.0,sandela01
174,Mike Scott,PF,24,ATL,4,20,25.2,.553,.100,.400,5.4,33.6,19.2,11.6,0.0,0.0,0.0,27.9,,0.1,0.0,0.1,.229,,4.7,-1.3,3.3,0.0,scottmi01
175,Thabo Sefolosha,SG,28,OKC,11,300,10.5,.478,.623,.180,4.9,13.4,9.2,11.8,2.1,1.4,10.8,11.3,,0.2,0.4,0.6,.093,,-0.2,1.7,1.5,0.3,sefolth01
176,Iman Shumpert,SG,22,NYK,12,337,14.2,.528,.420,.140,5.9,20.6,12.7,8.4,2.1,0.9,11.7,17.2,,0.3,0.7,1.0,.143,,0.6,1.7,2.3,0.4,shumpim01
177,Greg Smith,C,22,HOU,5,59,13.0,.630,.000,1.333,13.0,11.5,12.3,0.0,1.7,3.0,21.9,13.6,,0.1,0.0,0.1,.072,,-1.4,0.3,-1.1,0.0,smithgr02
178,Ish Smith,PG,24,MIL,4,11,0.8,.000,.000,.000,0.0,11.9,5.6,39.4,0.0,0.0,50.0,8.6,,0.0,0.0,0.0,-0.145,,-6.9,-3.0,-9.9,0.0,smithis01
179,J.R. Smith,SG,27,NYK,11,351,10.7,.432,.405,.264,1.9,16.8,8.8,8.0,1.7,1.4,9.9,27.7,,-0.5,0.6,0.1,.011,,-0.7,-1.2,-1.9,0.0,smithjr01
180,Josh Smith,PF,27,ATL,6,199,17.3,.482,.222,.400,5.4,19.7,12.4,21.8,2.9,1.2,13.1,29.1,,-0.1,0.3,0.2,.054,,1.1,1.9,3.0,0.3,smithjo03
181,Tiago Splitter,PF,28,SAS,19,388,13.5,.589,.012,.393,6.4,10.6,8.6,9.1,2.1,2.8,19.6,14.9,,0.4,0.6,1.0,.122,,-1.8,2.4,0.6,0.2,splitti01
182,Jerry Stackhouse,SF,38,BRK,4,28,-8.1,.213,.700,.400,4.2,13.1,8.5,0.0,0.0,0.0,14.5,23.1,,-0.2,0.0,-0.2,-0.294,,-10.9,-6.1,-17.0,-0.1,stackje01
183,Lance Stephenson,SG,22,IND,19,673,11.3,.483,.379,.219,2.6,21.8,12.6,16.6,1.9,0.2,16.3,15.4,,0.2,0.9,1.1,.076,,-1.8,2.7,0.9,0.5,stephla01
184,DeShawn Stevenson,SG,31,ATL,4,45,9.2,.900,1.000,.000,7.1,17.4,12.2,3.6,0.0,0.0,28.6,7.4,,0.1,0.0,0.1,.107,,-0.1,-1.5,-1.5,0.0,stevede01
185,Julyan Stone,PG,24,DEN,2,13,5.9,1.136,,,0.0,0.0,0.0,9.9,0.0,0.0,0.0,2.9,,0.0,0.0,0.0,.126,,-3.6,0.5,-3.1,0.0,stoneju01
186,Amar'e Stoudemire,PF,30,NYK,4,33,9.8,.508,.077,.308,13.3,19.5,16.2,0.0,0.0,0.0,16.9,25.9,,0.0,0.0,0.0,.066,,-3.1,-3.7,-6.9,0.0,stoudam01
187,Tyshawn Taylor,PG,22,BRK,2,2,-21.7,.000,.000,.000,0.0,0.0,0.0,0.0,0.0,0.0,0.0,23.5,,0.0,0.0,0.0,-0.550,,-16.8,-10.1,-27.0,0.0,tayloty01
188,Jeff Teague,PG,24,ATL,6,213,10.9,.429,.123,.346,1.5,7.4,4.4,25.4,2.2,0.8,13.0,23.9,,-0.2,0.2,0.0,-0.011,,-1.6,-0.9,-2.6,0.0,teaguje01
189,Marquis Teague,PG,19,CHI,8,72,4.4,.294,.294,.000,0.0,5.3,2.6,26.0,1.5,1.2,10.5,12.5,,-0.1,0.0,-0.1,-0.049,,-5.7,0.8,-4.9,-0.1,teaguma01
190,Mirza Teletović,PF,27,BRK,1,1,0.0,,,,0.0,0.0,0.0,0.0,0.0,0.0,,0.0,,0.0,0.0,0.0,-0.005,,-1.5,-2.9,-4.4,0.0,teletmi01
191,Jason Terry,SG,35,BOS,6,189,14.8,.612,.630,.204,0.0,7.6,4.1,13.9,1.2,0.9,7.8,17.2,,0.3,0.3,0.6,.147,,1.9,1.6,3.5,0.3,terryja01
192,Hasheem Thabeet,C,25,OKC,4,26,-0.7,.500,.000,.000,4.4,21.4,13.0,0.0,2.0,0.0,50.0,7.0,,0.0,0.0,0.0,-0.016,,-8.7,0.8,-7.9,0.0,thabeha01
193,Malcolm Thomas,PF,24,CHI,3,6,31.8,.357,.000,2.500,79.3,0.0,40.9,0.0,0.0,0.0,0.0,33.1,,0.0,0.0,0.0,.079,,17.1,-12.6,4.5,0.0,thomama01
194,Klay Thompson,SG,22,GSW,12,495,10.1,.515,.339,.034,2.1,9.9,6.2,7.0,1.2,1.1,12.0,18.1,,0.1,0.3,0.4,.042,,-1.3,0.1,-1.2,0.1,thompkl01
195,Anthony Tolliver,SF,27,ATL,6,68,15.2,.783,.786,.214,4.7,9.9,7.2,2.6,0.8,1.2,6.1,11.4,,0.2,0.0,0.2,.169,,3.9,1.3,5.2,0.1,tollian01
196,Ronny Turiaf,C,30,LAC,5,59,11.0,.680,.000,.400,9.0,8.4,8.7,0.0,0.9,3.9,14.5,11.3,,0.1,0.0,0.1,.081,,-2.1,0.7,-1.5,0.0,turiaro01
197,Ekpe Udoh,C,25,MIL,4,54,9.1,.444,.000,.000,6.4,7.3,6.8,3.0,2.0,3.4,0.0,7.9,,0.0,0.0,0.0,.036,,-2.1,0.9,-1.2,0.0,udohek01
198,Dwyane Wade*,SG,31,MIA,22,782,18.7,.498,.013,.254,6.1,9.9,8.1,24.2,2.7,2.5,14.2,25.3,,0.7,1.0,1.8,.108,,2.6,0.5,3.1,1.0,wadedw01
199,Gerald Wallace,SF,30,BRK,7,243,14.0,.554,.433,.299,2.4,11.5,6.9,11.5,1.8,1.5,10.6,16.4,,0.3,0.2,0.5,.109,,1.2,1.3,2.5,0.3,wallage01
200,C.J. Watson,PG,28,BRK,7,161,15.3,.498,.273,.218,3.6,9.1,6.3,13.7,1.7,0.5,1.6,17.9,,0.3,0.1,0.4,.127,,0.9,0.3,1.2,0.1,watsocj01
201,David West,PF,32,IND,19,689,16.1,.520,.012,.378,7.3,16.8,12.3,11.3,1.0,1.8,13.4,22.7,,0.8,0.8,1.6,.109,,1.0,0.7,1.7,0.6,westda01
202,Russell Westbrook,PG,24,OKC,2,68,25.6,.509,.220,.341,1.7,19.6,10.7,43.9,4.6,0.0,14.5,37.1,,0.1,0.1,0.2,.144,,1.7,2.1,3.8,0.1,westbru01
203,James White,SF,30,NYK,4,9,17.0,.500,.500,.000,12.2,14.3,13.2,0.0,0.0,0.0,0.0,21.4,,0.0,0.0,0.0,.144,,-0.6,-2.2,-2.8,0.0,whiteja02
204,Chris Wilcox,C,30,BOS,2,6,5.0,,,,0.0,36.7,20.0,0.0,0.0,0.0,,0.0,,0.0,0.0,0.0,.103,,-3.9,0.4,-3.4,0.0,wilcoch01
205,Deron Williams,PG,28,BRK,7,292,20.6,.572,.406,.425,0.4,8.8,4.5,34.6,1.3,1.0,14.3,23.7,,0.8,0.2,1.0,.169,,4.9,-0.6,4.4,0.5,willide01
206,Terrence Williams,SF,25,BOS,5,48,0.6,.230,.300,.200,2.7,20.7,12.5,23.1,0.0,1.8,26.9,15.8,,-0.2,0.1,-0.1,-0.130,,-7.4,-0.5,-7.9,-0.1,willite01
207,Metta World Peace,SF,33,LAL,3,84,4.5,.312,.500,.071,8.2,7.1,7.6,9.4,1.2,0.9,9.4,17.7,,-0.2,0.0,-0.2,-0.128,,-3.2,-2.5,-5.7,-0.1,artesro01
208,Tony Wroten,SG,19,MEM,6,17,5.4,.313,.182,.364,6.7,22.3,14.1,20.4,3.2,0.0,13.6,40.5,,-0.1,0.0,-0.1,-0.224,,-6.2,-1.8,-8.0,0.0,wroteto01
209,Sam Young,SG,27,IND,15,130,8.1,.472,.417,.333,10.4,15.6,13.1,5.1,1.7,0.6,20.3,12.4,,0.0,0.1,0.2,.055,,-2.8,1.7,-1.1,0.0,youngsa01