Rk,Player,Pos,Age,Tm,G,MP,PER,TS%,3PAr,FTr,ORB%,DRB%,TRB%,AST%,STL%,BLK%,TOV%,USG%,,OWS,DWS,WS,WS/48,,OBPM,DBPM,BPM,VORP,Player-additional
1,Steven Adams,C,20,OKC,18,331,11.0,.635,.000,.511,8.0,16.9,12.7,1.9,0.2,5.4,15.4,9.0,,0.3,0.4,0.7,.099,,-1.7,1.5,-0.2,0.2,adamsst01
2,LaMarcus Aldridge,PF,28,POR,11,441,21.0,.509,.012,.300,7.5,21.2,14.4,7.0,0.8,3.0,6.3,30.1,,0.6,0.3,0.9,.097,,2.7,-0.7,2.1,0.4,aldrila01
3,Lavoy Allen,PF,24,IND,4,15,14.3,.500,.000,.000,8.2,31.5,20.1,11.8,0.0,0.0,0.0,13.0,,0.0,0.0,0.0,.144,,0.8,-1.0,-0.2,0.0,allenla01
4,Ray Allen*,SG,38,MIA,20,527,12.8,.581,.594,.259,3.4,13.2,8.5,9.7,1.5,0.7,13.1,17.8,,0.6,0.3,0.9,.080,,1.1,-0.9,0.2,0.3,allenra02
5,Tony Allen,SG,32,MEM,7,230,15.6,.529,.097,.292,10.7,15.8,13.1,7.6,2.8,0.4,12.9,18.6,,0.2,0.3,0.5,.097,,-0.1,2.2,2.1,0.2,allento01
6,Chris Andersen,C,35,MIA,18,317,17.7,.624,.018,.667,11.3,32.9,22.5,2.5,0.9,5.3,10.9,13.3,,0.7,0.5,1.2,.175,,1.0,0.1,1.2,0.3,anderch01
7,Alan Anderson,SF,31,BRK,12,261,9.3,.508,.500,.290,4.6,11.2,7.7,9.1,2.1,0.0,12.5,15.0,,0.1,0.1,0.2,.044,,-2.4,0.6,-1.8,0.0,anderal01
8,Pero Antić,C,31,ATL,7,170,-1.1,.242,.595,.190,6.3,12.1,9.0,5.0,1.6,1.5,14.9,14.6,,-0.6,0.3,-0.3,-0.098,,-7.8,-2.0,-9.8,-0.3,anticpe01
9,Trevor Ariza,SF,28,WAS,11,407,17.6,.626,.519,.250,6.0,22.0,13.9,8.0,2.3,0.8,10.5,15.5,,0.8,0.9,1.7,.202,,3.3,1.9,5.2,0.7,arizatr01
10,Hilton Armstrong,C,29,GSW,7,17,5.4,.450,.125,.250,19.8,6.9,13.5,20.9,0.0,10.1,31.1,32.3,,-0.1,0.0,-0.1,-0.218,,-12.3,0.0,-12.3,0.0,armsthi01
11,Ömer Aşık,C,27,HOU,6,163,9.1,.510,.000,.091,13.8,19.4,16.5,3.5,1.0,2.0,24.3,11.8,,0.0,0.1,0.1,.026,,-3.7,-0.3,-4.0,-0.1,asikom01
12,D.J. Augustin,PG,26,CHI,5,141,9.5,.411,.361,.264,3.2,3.4,3.3,32.2,1.2,0.0,10.1,30.5,,-0.2,0.1,-0.1,-0.031,,-0.5,-2.5,-3.0,0.0,augusdj01
13,Jeff Ayres,PF,26,SAS,17,65,13.0,.515,.000,.615,11.1,22.8,17.1,10.5,0.0,0.0,5.7,12.5,,0.1,0.1,0.2,.158,,0.5,0.6,1.0,0.1,pendeje02
14,Harrison Barnes,SF,21,GSW,7,156,9.9,.500,.438,.333,5.0,15.8,10.3,7.6,0.3,1.6,8.3,16.4,,0.1,0.0,0.1,.033,,0.1,-0.1,0.0,0.1,barneha02
15,Matt Barnes,SF,33,LAC,13,404,9.7,.529,.561,.178,6.0,10.6,8.2,8.0,1.5,0.6,12.8,14.2,,0.2,0.2,0.4,.047,,0.0,-0.5,-0.5,0.2,barnema02
16,Will Barton,SG,23,POR,7,81,17.4,.614,.324,.176,6.8,9.3,8.0,6.5,0.6,1.8,14.1,23.1,,0.1,0.0,0.1,.085,,4.7,1.3,6.0,0.2,bartowi01
17,Shane Battier,SF,35,MIA,16,202,5.8,.656,.769,.192,0.7,5.7,3.3,3.7,1.4,0.5,15.1,8.4,,0.1,0.1,0.2,.049,,-1.7,-0.3,-2.0,0.0,battish01
18,Nicolas Batum,SF,25,POR,11,459,14.5,.562,.423,.106,2.4,17.3,9.9,18.3,1.5,0.8,15.9,16.9,,0.4,0.2,0.7,.070,,2.5,0.8,3.3,0.6,batumni01
19,Aron Baynes,C,27,SAS,14,101,11.5,.563,.042,.417,14.3,21.5,18.0,0.0,1.5,0.0,19.8,16.3,,0.1,0.2,0.2,.108,,-3.3,-0.2,-3.5,0.0,baynear01
20,Bradley Beal,SG,20,WAS,11,458,17.0,.531,.299,.277,3.8,10.2,7.0,19.9,2.1,1.2,10.4,22.9,,0.6,0.8,1.4,.152,,3.3,1.4,4.7,0.8,bealbr01
21,Michael Beasley,SF,25,MIA,4,23,14.6,.486,.000,.300,12.0,11.2,11.6,16.7,0.0,0.0,8.1,27.4,,0.0,0.0,0.0,.031,,0.3,-2.3,-2.0,0.0,beaslmi01
22,Marco Belinelli,SF,27,SAS,23,356,11.0,.575,.384,.222,1.4,15.4,8.6,7.6,0.4,0.0,9.9,15.7,,0.4,0.4,0.8,.107,,-1.2,-0.1,-1.4,0.1,belinma01
23,Patrick Beverley,PG,25,HOU,6,202,8.9,.478,.440,.200,6.9,6.7,6.8,7.6,0.8,0.8,6.8,12.3,,0.2,0.0,0.2,.048,,-0.7,-0.4,-1.0,0.0,beverpa01
24,Bismack Biyombo,C,21,CHA,3,48,11.2,.524,.000,1.200,12.6,16.3,14.4,3.3,0.0,3.7,0.0,7.6,,0.1,0.0,0.1,.103,,-1.0,-0.6,-1.6,0.0,biyombi01
25,DeJuan Blair,PF,24,DAL,6,81,28.8,.611,.000,.481,18.7,36.0,26.6,2.0,7.7,0.0,13.3,21.0,,0.2,0.2,0.4,.255,,3.6,3.8,7.4,0.2,blairde01
26,Steve Blake,PG,33,GSW,6,45,3.1,.442,.833,.083,2.5,7.8,5.1,6.3,0.0,0.0,13.9,13.7,,0.0,0.0,-0.1,-0.064,,-2.6,-3.7,-6.3,0.0,blakest01
27,Andray Blatche,PF,27,BRK,12,172,19.7,.541,.034,.517,17.5,27.0,22.0,4.1,1.9,1.1,12.3,23.1,,0.3,0.2,0.5,.141,,0.3,-1.5,-1.2,0.0,blatcan01
28,Matt Bonner,PF,33,SAS,22,136,8.8,.593,.571,.190,1.8,10.1,6.0,10.8,0.8,0.6,8.1,8.5,,0.2,0.1,0.3,.122,,0.0,2.2,2.2,0.1,bonnema01
29,Trevor Booker,PF,26,WAS,9,146,12.6,.474,.069,.207,12.6,18.3,15.5,8.8,0.7,5.0,8.7,11.2,,0.1,0.3,0.5,.152,,-1.5,1.1,-0.4,0.1,booketr01
30,Carlos Boozer,PF,32,CHI,5,121,11.7,.471,.000,.191,7.4,30.6,18.6,8.1,0.5,0.0,12.1,23.0,,-0.1,0.2,0.1,.035,,-2.7,-0.7,-3.4,0.0,boozeca01
31,Chris Bosh*,C,29,MIA,20,686,18.2,.596,.323,.210,4.8,16.5,10.9,5.4,1.4,2.7,5.3,19.7,,1.4,0.6,2.0,.140,,2.9,-0.8,2.1,0.7,boshch01
32,Elton Brand,C,34,ATL,7,81,9.8,.282,.000,.417,9.3,24.0,16.2,12.2,0.7,6.4,0.0,8.2,,0.0,0.2,0.2,.106,,-1.5,2.0,0.5,0.1,brandel01
33,Reggie Bullock,SF,22,LAC,2,5,23.0,1.000,.000,.000,0.0,0.0,0.0,32.2,0.0,0.0,0.0,8.7,,0.0,0.0,0.0,.262,,8.8,4.0,12.8,0.0,bullore01
34,Caron Butler,SF,33,OKC,18,419,6.8,.470,.546,.259,3.1,12.1,7.8,5.4,0.6,0.4,8.4,14.3,,0.0,0.2,0.3,.030,,-1.7,-1.0,-2.7,-0.1,butleca01
35,Jimmy Butler,SG,24,CHI,5,218,11.4,.507,.351,.404,3.1,11.0,6.9,8.8,1.5,0.0,4.3,15.5,,0.2,0.2,0.4,.096,,-0.9,1.2,0.3,0.1,butleji01
36,Rasual Butler,SG,34,IND,11,70,9.1,.598,.800,.133,0.0,10.1,5.2,2.3,0.8,1.3,5.9,11.8,,0.1,0.1,0.1,.093,,0.6,0.1,0.7,0.0,butlera01
37,José Calderón,PG,32,DAL,7,191,13.1,.550,.354,.015,1.1,4.6,2.7,24.7,0.3,0.0,9.7,17.1,,0.4,0.0,0.3,.085,,2.1,-1.3,0.7,0.1,caldejo01
38,DeMarre Carroll,SF,27,ATL,7,246,10.0,.576,.449,.224,5.2,10.8,7.9,8.3,1.1,1.1,12.9,11.7,,0.2,0.3,0.5,.107,,-0.4,0.1,-0.3,0.1,carrode01
39,Vince Carter,SG,37,DAL,7,190,17.5,.593,.456,.206,4.0,12.0,7.7,13.7,0.8,0.9,7.5,19.0,,0.5,0.1,0.6,.141,,5.0,0.2,5.1,0.3,cartevi01
40,Mario Chalmers,PG,27,MIA,20,535,10.2,.525,.387,.225,0.5,10.6,5.7,20.7,2.0,1.1,19.7,14.5,,0.1,0.4,0.5,.044,,-1.5,-0.3,-1.8,0.0,chalmma01
41,Victor Claver,SF,25,POR,2,7,-9.7,.000,,,0.0,76.7,38.7,0.0,0.0,0.0,36.2,17.3,,-0.1,0.0,-0.1,-0.421,,-12.8,-1.7,-14.6,0.0,clavevi01
42,Norris Cole,PG,25,MIA,20,404,7.3,.544,.513,.192,0.3,6.7,3.6,13.5,1.2,0.2,18.3,13.1,,0.1,0.1,0.2,.021,,-2.2,-1.1,-3.2,-0.1,coleno01
43,Darren Collison,PG,26,LAC,13,249,13.9,.501,.133,.500,4.4,8.1,6.2,18.3,1.2,0.3,9.9,21.2,,0.3,0.0,0.4,.070,,0.5,-1.3,-0.7,0.1,collida01
44,Nick Collison,PF,33,OKC,17,183,9.4,.494,.172,.345,7.8,15.3,11.8,10.5,1.1,2.9,15.2,9.8,,0.1,0.2,0.3,.084,,-1.9,1.6,-0.3,0.1,collini01
45,Mike Conley,PG,26,MEM,7,267,17.7,.489,.265,.255,2.0,11.9,6.7,37.0,2.8,0.3,11.7,22.1,,0.2,0.3,0.5,.088,,2.0,1.9,3.9,0.4,conlemi01
46,Chris Copeland,SF,29,IND,12,82,10.6,.563,.571,.321,1.5,5.8,3.7,2.2,2.0,3.4,13.5,22.0,,0.0,0.1,0.1,.055,,-1.2,-1.1,-2.3,0.0,copelch01
47,Jamal Crawford,SG,33,LAC,13,313,16.7,.531,.462,.257,1.8,5.3,3.5,13.8,1.9,0.5,7.3,28.5,,0.4,0.1,0.5,.079,,3.7,-1.1,2.6,0.4,crawfja01
48,Jordan Crawford,SG,25,GSW,6,57,11.0,.472,.212,.424,7.9,10.3,9.1,6.0,0.9,0.0,11.3,33.0,,0.0,0.0,0.0,-0.037,,-2.0,-3.4,-5.4,0.0,crawfjo02
49,Jae Crowder,SF,23,DAL,7,81,6.9,.528,.389,.000,5.3,12.5,8.6,3.4,1.3,1.0,14.3,11.7,,0.0,0.0,0.1,.034,,-3.0,0.5,-2.5,0.0,crowdja01
50,Stephen Curry,PG,25,GSW,7,296,18.8,.599,.491,.362,1.5,8.3,4.8,31.9,2.0,0.3,16.2,23.1,,0.8,0.0,0.8,.131,,4.3,0.2,4.4,0.5,curryst01
51,Samuel Dalembert,C,32,DAL,7,135,17.2,.523,.000,.625,18.4,33.8,25.5,0.0,0.8,6.0,11.6,11.6,,0.2,0.2,0.4,.146,,0.4,-0.1,0.4,0.1,dalemsa01
52,Troy Daniels,SG,22,HOU,4,68,17.5,.807,.882,.294,4.7,10.0,7.3,2.2,1.5,0.0,9.4,13.3,,0.3,0.0,0.3,.209,,3.8,1.2,5.0,0.1,danietr01
53,Ed Davis,PF,24,MEM,7,25,16.9,.287,.000,.100,34.2,32.9,33.6,0.0,2.2,10.4,16.1,22.9,,-0.1,0.1,0.0,-0.028,,-2.4,-2.5,-4.9,0.0,davised01
54,Glen Davis,PF,28,LAC,13,158,13.1,.610,.000,.000,9.8,16.6,13.1,8.6,0.9,1.6,14.6,13.2,,0.2,0.1,0.3,.097,,-0.6,0.8,0.2,0.1,davisgl01
55,Austin Daye,SF,25,SAS,1,6,-11.5,.000,.000,.000,0.0,19.0,9.8,0.0,0.0,0.0,0.0,15.5,,0.0,0.0,0.0,-0.315,,-12.0,-6.7,-18.7,0.0,dayeau01
56,Nando De Colo,SF,26,TOR,1,4,-5.4,,,,0.0,29.3,15.2,0.0,0.0,0.0,,0.0,,0.0,0.0,0.0,.051,,-17.6,2.6,-15.0,0.0,decolna01
57,DeMar DeRozan,SG,24,TOR,7,282,18.2,.550,.154,.675,1.3,10.8,6.3,17.0,1.5,0.6,10.6,28.3,,0.6,0.2,0.8,.136,,2.3,-0.2,2.1,0.3,derozde01
58,Boris Diaw,PF,31,SAS,23,604,15.3,.582,.281,.300,5.0,16.3,10.8,18.7,1.2,0.4,13.8,16.2,,1.1,0.8,2.0,.155,,1.9,1.9,3.8,0.9,diawbo01
59,Toney Douglas,PG,27,MIA,10,29,12.9,.506,.667,.222,4.8,13.3,9.2,27.2,0.0,0.0,9.2,19.2,,0.1,0.0,0.1,.096,,3.9,-1.1,2.8,0.0,douglto01
60,Chris Douglas-Roberts,SF,27,CHA,4,70,18.9,.857,.500,.875,3.5,11.2,7.2,5.2,0.0,0.0,15.3,17.8,,0.3,0.0,0.3,.211,,1.8,1.2,3.1,0.1,douglch01
61,Jared Dudley,SF,28,LAC,7,45,4.3,.409,.545,.000,0.0,15.9,7.6,5.9,1.1,0.0,0.0,10.6,,0.0,0.0,0.0,.011,,-2.7,-0.5,-3.2,0.0,dudleja01
62,Tim Duncan*,C,37,SAS,23,752,21.1,.568,.007,.351,10.4,22.2,16.4,9.6,0.5,3.1,7.3,21.9,,2.0,1.2,3.2,.204,,2.5,0.7,3.1,1.0,duncati01
63,Mike Dunleavy,SF,33,CHI,5,163,15.5,.593,.491,.113,3.4,9.5,6.4,14.0,1.0,0.5,8.2,17.9,,0.3,0.1,0.4,.123,,3.1,0.8,3.9,0.2,dunlemi02
64,Kevin Durant,SF,25,OKC,19,815,22.6,.570,.296,.386,3.7,19.1,11.8,18.3,1.2,2.3,12.7,31.6,,1.5,0.9,2.5,.145,,6.1,0.4,6.4,1.7,duranke01
65,Wayne Ellington,SG,26,DAL,2,14,13.0,.581,1.000,.333,0.0,18.1,8.3,21.2,0.0,0.0,22.5,28.6,,0.0,0.0,0.0,.023,,2.0,-2.0,-0.1,0.0,ellinwa01
66,Monta Ellis,SG,28,DAL,7,249,15.4,.508,.268,.244,2.6,5.6,4.0,13.2,1.9,0.3,9.6,28.2,,0.2,0.1,0.3,.048,,1.2,-0.9,0.3,0.1,ellismo01
67,Landry Fields,SF,25,TOR,3,26,11.0,.000,.000,.000,9.8,22.5,16.4,5.6,8.3,3.5,33.3,5.4,,0.0,0.1,0.0,.062,,-1.2,9.1,8.0,0.1,fieldla01
68,Derek Fisher,SG,39,OKC,19,299,7.9,.459,.562,.205,2.4,9.7,6.2,8.0,2.3,0.0,7.0,13.1,,0.1,0.3,0.3,.053,,-2.3,1.0,-1.3,0.0,fishede01
69,Jamaal Franklin,SG,22,MEM,2,4,-11.1,.174,.000,1.000,0.0,29.4,14.0,0.0,0.0,0.0,0.0,33.1,,0.0,0.0,0.0,-0.428,,-13.7,-7.6,-21.3,0.0,frankja01
70,Joel Freeland,C,26,POR,9,24,-3.5,.129,.000,.667,18.3,17.9,18.1,5.4,2.1,3.0,50.8,14.4,,-0.1,0.0,-0.1,-0.214,,-11.7,-0.6,-12.3,-0.1,freeljo01
71,Francisco García,SF,32,HOU,2,22,6.3,.451,.500,.667,4.9,5.1,5.0,0.0,0.0,0.0,0.0,15.0,,0.0,0.0,0.0,.028,,-3.0,-1.5,-4.4,0.0,garcifr01
72,Kevin Garnett*,C,37,BRK,12,250,17.2,.568,.032,.365,9.1,30.3,19.2,10.8,2.0,1.9,15.1,16.8,,0.3,0.3,0.6,.123,,0.5,1.8,2.3,0.3,garneke01
73,Marc Gasol,C,29,MEM,7,299,14.7,.462,.009,.293,4.6,16.1,10.1,18.4,2.2,1.7,8.4,22.0,,0.0,0.4,0.4,.065,,0.4,1.9,2.4,0.3,gasolma01
74,Paul George,SF,23,IND,19,781,20.5,.578,.410,.406,2.1,20.0,11.2,17.8,2.9,0.8,11.7,26.3,,1.3,1.5,2.7,.169,,3.3,2.5,5.9,1.6,georgpa01
75,Taj Gibson,PF,28,CHI,5,154,26.5,.625,.000,.632,15.3,7.8,11.6,2.8,0.7,6.0,9.9,25.3,,0.5,0.2,0.7,.221,,5.0,1.4,6.4,0.3,gibsota01
76,Manu Ginóbili*,SG,36,SAS,23,586,20.3,.593,.443,.397,1.8,12.9,7.5,25.1,3.2,0.3,15.7,26.2,,1.2,1.0,2.2,.184,,2.9,2.4,5.3,1.1,ginobma01
77,Drew Gooden,C,32,WAS,10,146,9.5,.409,.105,.211,15.8,17.5,16.7,4.5,1.1,2.2,8.8,14.7,,0.0,0.3,0.3,.097,,-4.1,-1.6,-5.7,-0.1,goodedr01
78,Marcin Gortat,C,29,WAS,11,382,16.3,.526,.000,.347,10.9,22.2,16.5,7.5,0.7,3.0,12.8,19.3,,0.3,0.8,1.0,.130,,1.1,-0.4,0.7,0.3,gortama01
79,Danny Granger,SF,30,LAC,13,134,3.6,.387,.550,.225,1.6,16.0,8.6,3.0,2.2,0.6,6.4,15.2,,-0.2,0.1,-0.1,-0.025,,-5.9,-0.8,-6.7,-0.2,grangda01
80,Danny Green,SG,26,SAS,23,529,16.5,.650,.635,.069,2.0,13.0,7.6,5.9,3.1,2.6,10.9,16.1,,0.9,1.0,1.9,.172,,2.5,3.7,6.2,1.1,greenda02
81,Draymond Green,SF,23,GSW,7,228,16.2,.588,.483,.400,8.9,20.5,14.6,13.0,2.6,4.5,19.4,16.4,,0.3,0.2,0.5,.109,,0.9,4.2,5.0,0.4,greendr01
82,Willie Green,SG,32,LAC,5,19,12.8,.425,.800,.400,0.0,43.9,21.1,6.9,7.9,0.0,14.5,15.7,,0.0,0.1,0.0,.094,,-4.6,7.1,2.5,0.0,greenwi01
83,Blake Griffin,PF,24,LAC,13,478,21.7,.554,.030,.410,8.1,15.2,11.5,18.2,1.7,2.5,10.1,27.9,,1.1,0.3,1.4,.143,,3.9,0.5,4.4,0.8,griffbl01
84,Jorge Gutiérrez,PG,25,BRK,2,3,33.7,.568,,,40.1,0.0,21.0,0.0,0.0,0.0,0.0,28.7,,0.0,0.0,0.0,.361,,11.3,-3.3,8.0,0.0,gutiejo01
85,Tyler Hansbrough,PF,28,TOR,3,29,5.2,.621,.000,2.000,8.7,16.1,12.6,5.3,0.0,0.0,26.2,12.4,,0.0,0.0,0.0,.070,,-6.7,-0.4,-7.1,0.0,hansbty01
86,James Harden,SG,24,HOU,6,263,18.3,.519,.406,.376,2.0,9.9,5.9,21.5,2.4,0.3,11.9,28.5,,0.5,0.1,0.6,.111,,4.0,0.2,4.2,0.4,hardeja01
87,Al Harrington,PF,33,WAS,7,59,5.2,.470,.467,.467,2.0,29.6,15.7,0.0,2.8,0.0,18.1,17.7,,-0.1,0.1,0.0,.037,,-8.7,1.4,-7.2,-0.1,harrial01
88,Devin Harris,PG,30,DAL,7,176,15.7,.575,.379,.121,0.6,11.5,5.6,24.0,0.6,0.9,13.7,20.6,,0.3,0.0,0.3,.092,,2.8,-0.4,2.4,0.2,harride01
89,Udonis Haslem,PF,33,MIA,16,169,9.8,.483,.000,.270,9.8,22.1,16.2,3.7,0.3,1.7,2.4,12.8,,0.2,0.1,0.3,.084,,-2.4,-1.4,-3.8,-0.1,hasleud01
90,Chuck Hayes,C,30,TOR,5,38,9.1,.338,.000,.250,13.3,12.3,12.8,8.4,4.3,0.0,10.1,12.2,,0.0,0.1,0.0,.052,,-2.8,0.8,-1.9,0.0,hayesch01
91,Gerald Henderson,SG,26,CHA,4,119,8.0,.438,.243,.459,1.0,16.5,8.4,12.9,1.8,0.7,11.9,20.2,,-0.2,0.1,-0.1,-0.032,,-5.0,0.5,-4.5,-0.1,hendege02
92,Roy Hibbert,C,27,IND,19,542,12.1,.511,.007,.388,10.0,13.3,11.7,5.4,0.4,4.4,12.7,17.7,,0.2,0.7,0.9,.084,,-2.6,0.3,-2.2,0.0,hibbero01
93,Nenê,PF,31,WAS,10,325,12.2,.458,.000,.188,2.8,16.1,9.4,15.6,1.5,2.8,10.2,24.2,,-0.3,0.7,0.3,.048,,-0.8,0.9,0.1,0.2,hilarne01
94,George Hill,PG,27,IND,19,687,12.8,.561,.433,.343,2.3,10.0,6.2,14.2,1.8,0.5,12.0,16.5,,0.7,0.9,1.5,.107,,-0.2,1.2,1.0,0.5,hillge01
95,Solomon Hill,SF,22,IND,1,1,0.0,,,,0.0,0.0,0.0,0.0,0.0,0.0,,0.0,,0.0,0.0,0.0,.018,,-2.8,-0.3,-3.0,0.0,hillso01
96,Kirk Hinrich,PG,33,CHI,5,167,8.2,.476,.339,.071,0.7,10.0,5.2,24.4,1.3,0.5,16.0,19.8,,-0.1,0.1,0.0,.005,,-3.1,0.8,-2.2,0.0,hinriki01
97,Ryan Hollins,PF,29,LAC,5,9,-3.2,.338,.000,.250,12.3,26.5,19.1,0.0,0.0,0.0,18.4,26.2,,0.0,0.0,0.0,-0.190,,-14.1,-6.3,-20.3,0.0,holliry01
98,Dwight Howard,C,28,HOU,6,231,27.2,.581,.000,.604,12.5,26.9,19.5,8.5,0.9,6.0,12.4,28.2,,0.7,0.2,0.9,.185,,4.3,1.5,5.7,0.4,howardw01
99,Serge Ibaka,PF,24,OKC,17,581,16.6,.633,.088,.231,6.4,15.7,11.3,3.5,1.0,5.4,11.0,14.3,,1.0,0.7,1.7,.143,,1.1,1.7,2.8,0.7,ibakase01
100,Andre Iguodala,SF,30,GSW,7,248,12.6,.601,.242,.532,2.3,13.2,7.6,18.7,1.8,0.7,21.5,16.7,,0.2,0.1,0.3,.049,,0.0,1.5,1.5,0.2,iguodan01
101,Reggie Jackson,PG,23,OKC,19,531,11.8,.582,.329,.273,2.9,11.9,7.7,14.4,0.5,0.6,17.4,18.7,,0.5,0.3,0.7,.067,,-0.1,-0.9,-1.0,0.1,jacksre01
102,Bernard James,C,28,DAL,2,8,12.1,,,,13.5,0.0,7.3,0.0,6.5,0.0,,0.0,,0.0,0.0,0.0,.131,,1.6,1.0,2.6,0.0,jamesbe01
103,LeBron James,PF,29,MIA,20,763,31.0,.668,.253,.471,2.5,21.4,12.3,25.6,2.6,1.4,12.9,31.6,,3.4,0.9,4.3,.269,,8.5,1.8,10.3,2.4,jamesle01
104,Al Jefferson,C,29,CHA,3,106,19.2,.507,.000,.094,6.8,27.1,16.6,4.1,0.5,4.2,1.8,25.3,,0.1,0.1,0.2,.082,,2.2,0.1,2.3,0.1,jeffeal01
105,Amir Johnson,PF,26,TOR,7,191,16.4,.672,.038,.231,10.6,15.9,13.4,7.3,0.8,1.9,17.3,17.0,,0.4,0.2,0.5,.137,,0.6,0.6,1.3,0.2,johnsam01
106,James Johnson,SF,26,MEM,3,28,21.4,.490,.333,.667,15.3,8.4,12.0,0.0,1.9,0.0,0.0,31.8,,0.1,0.0,0.1,.160,,8.1,-0.6,7.5,0.1,johnsja01
107,Joe Johnson,SG,32,BRK,12,469,20.3,.626,.288,.234,2.3,10.5,6.2,14.5,0.7,0.6,8.6,23.1,,1.4,0.1,1.5,.153,,4.4,-0.5,3.8,0.7,johnsjo02
108,James Jones,SF,33,MIA,15,126,16.2,.641,.800,.075,3.3,8.2,5.8,6.7,1.3,1.5,0.0,16.7,,0.4,0.1,0.4,.167,,4.4,-0.5,3.9,0.2,jonesja02
109,Perry Jones,PF,22,OKC,11,55,7.0,.472,.556,.000,6.5,11.7,9.3,3.0,0.0,1.4,5.3,15.7,,0.0,0.0,0.0,.037,,-2.5,-2.1,-4.5,0.0,jonespe01
110,Terrence Jones,PF,22,HOU,6,138,17.9,.519,.026,.308,13.2,16.4,14.7,8.7,1.9,1.8,4.3,14.3,,0.3,0.1,0.4,.140,,2.5,0.7,3.2,0.2,joneste01
111,DeAndre Jordan,C,25,LAC,13,442,16.5,.648,.000,1.206,10.7,32.3,21.1,3.2,1.4,6.3,19.3,11.7,,0.5,0.7,1.2,.130,,0.6,1.8,2.4,0.5,jordade01
112,Cory Joseph,SG,22,SAS,17,87,18.3,.559,.086,.514,1.4,10.5,6.1,16.5,1.8,0.0,8.5,25.0,,0.2,0.1,0.3,.159,,0.5,1.9,2.3,0.1,josepco01
113,Michael Kidd-Gilchrist,SF,20,CHA,4,91,12.0,.541,.037,.370,10.6,25.8,17.9,12.0,0.0,2.0,20.3,20.7,,0.0,0.1,0.0,.017,,-3.3,0.8,-2.5,0.0,kiddgmi01
114,Andrei Kirilenko,PF,32,BRK,10,144,14.4,.556,.000,1.133,8.4,12.0,10.1,10.3,3.9,2.0,11.8,8.6,,0.2,0.2,0.4,.138,,1.0,3.3,4.3,0.2,kirilan01
115,Kyle Korver,SG,32,ATL,7,250,12.1,.659,.818,.182,0.9,17.0,8.4,3.9,0.8,0.7,13.4,15.3,,0.3,0.4,0.6,.122,,1.5,-0.1,1.4,0.2,korveky01
116,Kosta Koufos,C,24,MEM,7,45,19.1,.507,.000,.250,16.6,20.9,18.7,7.8,2.4,5.8,14.5,21.2,,0.0,0.1,0.1,.117,,-0.5,2.3,1.8,0.0,koufoko01
117,Ognjen Kuzmić,C,23,GSW,3,8,5.7,,,,14.0,43.9,28.7,0.0,0.0,0.0,,0.0,,0.0,0.0,0.0,.098,,-1.9,-1.9,-3.7,0.0,kuzmiog01
118,Jeremy Lamb,SG,21,OKC,11,100,14.4,.457,.333,.095,4.8,12.9,9.1,12.2,3.6,0.7,6.4,21.3,,0.0,0.1,0.1,.072,,-0.1,1.2,1.2,0.1,lambje01
119,Shane Larkin,PG,21,DAL,2,10,-9.7,.000,.333,.000,0.0,12.7,5.8,24.5,0.0,0.0,25.0,18.0,,-0.1,0.0,-0.1,-0.384,,-12.1,-6.9,-19.0,0.0,larkish01
120,Courtney Lee,SG,28,MEM,7,224,8.8,.515,.317,.300,1.4,5.8,3.5,8.0,1.2,0.8,8.1,15.2,,0.1,0.1,0.2,.043,,-1.9,0.2,-1.6,0.0,leeco01
121,David Lee,PF,30,GSW,7,217,15.6,.568,.000,.247,12.4,21.6,16.9,13.6,0.9,0.0,16.6,20.1,,0.3,0.1,0.4,.081,,0.3,-0.1,0.2,0.1,leeda02
122,Kawhi Leonard,SF,22,SAS,23,736,18.7,.606,.310,.301,5.1,19.2,12.3,7.8,2.7,1.5,9.7,18.9,,1.5,1.5,2.9,.191,,1.9,2.8,4.7,1.3,leonaka01
123,Meyers Leonard,C,21,POR,4,9,-7.8,.000,.000,.000,0.0,23.8,12.1,0.0,0.0,0.0,0.0,9.8,,0.0,0.0,0.0,-0.214,,-8.2,-2.6,-10.8,0.0,leoname01
124,Jon Leuer,PF,24,MEM,3,23,22.1,.571,.286,.286,9.3,30.7,19.5,14.7,2.3,0.0,0.0,15.7,,0.1,0.0,0.1,.252,,6.1,0.8,6.9,0.1,leuerjo01
125,Rashard Lewis,SF,34,MIA,18,319,9.9,.547,.694,.047,1.7,13.3,7.7,2.5,1.2,1.8,5.4,14.7,,0.1,0.2,0.3,.052,,-0.3,-0.6,-0.8,0.1,lewisra02
126,Damian Lillard,PG,23,POR,11,466,19.3,.578,.370,.349,2.8,10.1,6.5,25.8,1.2,0.2,12.1,23.4,,1.2,0.1,1.3,.130,,5.2,-0.3,4.9,0.8,lillada01
127,Jeremy Lin,PG,25,HOU,6,177,12.4,.500,.377,.262,4.2,9.6,6.8,22.0,0.9,0.5,16.0,19.5,,0.2,0.0,0.1,.039,,0.2,-1.0,-0.8,0.1,linje01
128,Shaun Livingston,PG,28,BRK,12,325,13.1,.567,.012,.430,3.0,13.9,8.2,20.9,0.9,1.5,17.7,18.7,,0.3,0.1,0.5,.068,,-1.4,0.4,-1.0,0.1,livinsh01
129,Robin Lopez,C,25,POR,11,367,15.3,.530,.000,.409,14.0,15.8,14.9,3.7,0.8,4.0,9.6,13.7,,0.6,0.2,0.8,.103,,0.8,-0.2,0.6,0.2,lopezro01
130,Kyle Lowry,PG,27,TOR,7,271,17.4,.567,.394,.450,4.2,10.4,7.4,23.5,1.2,0.0,13.3,26.1,,0.6,0.2,0.7,.130,,3.4,-1.3,2.1,0.3,lowryky01
131,Shelvin Mack,PG,23,ATL,7,118,19.1,.545,.574,.255,2.7,10.3,6.3,45.1,1.8,0.0,10.3,23.0,,0.3,0.2,0.4,.183,,5.1,1.1,6.2,0.2,macksh01
132,Ian Mahinmi,C,27,IND,19,241,8.6,.530,.000,.667,11.3,11.3,11.3,1.9,1.1,6.1,22.3,9.1,,0.1,0.4,0.5,.092,,-4.0,2.1,-1.9,0.0,mahinia01
133,Shawn Marion,SF,35,DAL,7,193,12.5,.462,.305,.186,7.8,15.1,11.2,9.7,1.6,0.4,7.3,16.1,,0.1,0.1,0.2,.057,,0.7,0.1,0.9,0.1,mariosh01
134,Cartier Martin,SF,29,ATL,3,15,15.0,.667,.000,.000,7.2,16.2,11.4,0.0,7.1,0.0,25.0,12.4,,0.0,0.0,0.0,.146,,-1.2,5.4,4.1,0.0,martica01
135,Wesley Matthews,SG,27,POR,11,426,9.7,.533,.500,.235,1.8,9.1,5.5,5.1,1.7,0.9,12.8,17.7,,0.1,0.1,0.2,.021,,-1.3,-0.3,-1.5,0.1,matthwe02
136,CJ McCollum,SG,22,POR,6,24,-12.3,.168,.455,.182,0.0,4.5,2.3,0.0,0.0,0.0,7.8,23.6,,-0.2,0.0,-0.2,-0.392,,-12.5,-5.3,-17.9,-0.1,mccolcj01
137,Josh McRoberts,PF,26,CHA,4,154,12.8,.615,.515,.303,0.8,22.1,11.0,16.1,1.4,0.6,13.8,13.4,,0.2,0.1,0.3,.096,,-0.3,1.9,1.6,0.1,mcrobjo01
138,Andre Miller,SG,37,WAS,11,108,9.5,.489,.073,.220,2.1,9.7,5.9,15.6,1.5,0.0,15.1,23.2,,-0.1,0.2,0.1,.025,,-3.2,-1.3,-4.5,-0.1,millean02
139,Mike Miller,SF,33,MEM,7,173,10.1,.555,.690,.214,1.2,16.3,8.4,8.2,1.9,0.0,9.8,13.5,,0.1,0.2,0.3,.085,,0.0,1.4,1.4,0.1,millemi01
140,Patty Mills,PG,25,SAS,23,351,16.2,.573,.560,.092,1.0,10.4,5.8,14.6,2.5,0.2,8.7,21.3,,0.5,0.5,1.1,.146,,1.7,1.8,3.5,0.5,millspa02
141,Paul Millsap,PF,28,ATL,7,267,19.9,.533,.262,.544,8.4,25.0,16.2,15.7,2.0,4.2,13.5,25.7,,0.2,0.6,0.9,.154,,3.0,2.0,5.0,0.5,millspa01
142,Nazr Mohammed,C,36,CHI,2,5,-8.2,.000,.000,.000,22.4,23.9,23.1,0.0,0.0,0.0,0.0,9.6,,0.0,0.0,0.0,-0.063,,-17.5,-3.9,-21.4,0.0,mohamna01
143,Mike Muscala,PF,22,ATL,2,5,-16.9,.000,.000,.000,0.0,0.0,0.0,0.0,0.0,0.0,0.0,18.6,,0.0,0.0,0.0,-0.441,,-12.6,-8.7,-21.3,0.0,muscami01
144,Gary Neal,SG,29,CHA,4,104,3.1,.416,.353,.137,3.5,6.3,4.8,7.3,0.0,0.0,12.9,28.5,,-0.4,0.0,-0.4,-0.165,,-5.9,-4.8,-10.7,-0.2,nealga01
145,Nemanja Nedović,SG,22,GSW,1,0,,,,,,,,,,,,,,0.0,0.0,0.0,,,-1000.0,0.0,-1000.0,0.0,nedovne01
146,Joakim Noah,C,28,CHI,5,210,13.1,.536,.000,.415,8.0,27.9,17.6,19.0,1.3,2.6,28.2,15.5,,-0.1,0.4,0.3,.060,,-1.6,2.7,1.1,0.2,noahjo01
147,Steve Novak,PF,30,TOR,4,15,-1.4,.000,1.000,.000,0.0,39.0,20.3,9.8,0.0,0.0,0.0,9.4,,-0.1,0.0,0.0,-0.136,,-6.5,-1.5,-8.0,0.0,novakst01
148,Dirk Nowitzki*,PF,35,DAL,7,263,13.9,.480,.095,.246,2.1,24.6,12.4,6.9,1.2,1.8,9.7,26.5,,-0.2,0.2,0.1,.011,,-0.5,-0.8,-1.3,0.0,nowitdi01
149,Jermaine O'Neal,PF,35,GSW,7,84,18.4,.591,.000,.250,16.1,16.7,16.4,2.0,0.6,3.1,10.1,20.0,,0.2,0.0,0.2,.118,,1.1,-0.7,0.4,0.1,onealje01
150,Greg Oden,C,26,MIA,3,7,10.6,,,,0.0,18.4,9.5,19.4,8.0,0.0,,0.0,,0.0,0.0,0.0,.194,,-0.6,9.0,8.4,0.0,odengr01
151,Jannero Pargo,PG,34,CHA,1,3,-2.3,,,,0.0,43.5,20.9,47.4,0.0,0.0,100.0,15.9,,0.0,0.0,0.0,-0.330,,-11.7,-4.8,-16.4,0.0,pargoja01
152,Tony Parker*,PG,31,SAS,23,719,15.8,.531,.101,.202,0.8,6.4,3.7,26.1,1.1,0.2,14.1,28.3,,0.3,0.7,1.1,.071,,0.2,-1.6,-1.4,0.1,parketo01
153,Chandler Parsons,SF,25,HOU,6,250,14.8,.520,.343,.143,2.6,15.8,9.0,9.0,0.8,0.6,4.3,19.9,,0.5,0.0,0.5,.104,,1.7,-0.2,1.4,0.2,parsoch01
154,Patrick Patterson,PF,24,TOR,7,199,17.4,.653,.375,.375,7.6,20.6,14.4,8.2,0.8,1.4,9.7,14.6,,0.5,0.2,0.7,.172,,4.1,0.7,4.8,0.3,pattepa01
155,Chris Paul,PG,28,LAC,13,472,23.6,.583,.355,.269,2.8,10.8,6.7,45.4,3.9,0.0,15.0,23.9,,1.5,0.5,1.9,.195,,6.4,2.4,8.8,1.3,paulch01
156,Kendrick Perkins,C,29,OKC,19,384,6.6,.581,.000,.333,10.3,19.3,15.0,5.4,0.5,1.2,32.6,9.1,,0.0,0.3,0.4,.044,,-3.9,0.7,-3.2,-0.1,perkike01
157,Paul Pierce*,SF,36,BRK,12,368,15.1,.573,.411,.248,1.3,18.0,9.3,11.6,2.1,1.0,12.3,21.7,,0.4,0.3,0.7,.089,,0.6,0.8,1.4,0.3,piercpa01
158,Mason Plumlee,C,23,BRK,10,114,4.5,.460,.000,1.125,5.3,21.0,12.7,2.6,1.5,5.9,27.3,14.1,,-0.2,0.1,-0.1,-0.039,,-8.4,-0.3,-8.6,-0.2,plumlma01
159,Otto Porter Jr.,SF,20,WAS,3,6,0.6,.333,.333,.000,0.0,0.0,0.0,0.0,0.0,0.0,0.0,23.6,,0.0,0.0,0.0,-0.114,,-3.5,-2.8,-6.3,0.0,porteot01
160,Tayshaun Prince,SF,33,MEM,7,113,5.2,.404,.154,.000,3.8,6.2,5.0,8.4,0.5,0.0,3.7,11.0,,0.0,0.0,0.0,-0.001,,-3.5,-0.4,-3.9,-0.1,princta01
161,Zach Randolph,PF,32,MEM,6,234,13.6,.447,.010,.394,7.8,17.6,12.4,11.0,1.2,0.4,7.6,25.9,,-0.1,0.2,0.1,.018,,0.6,-0.5,0.0,0.1,randoza01
162,JJ Redick,SG,29,LAC,13,351,14.4,.599,.489,.195,1.3,6.1,3.6,8.4,1.6,0.0,8.3,19.5,,0.6,0.1,0.7,.095,,2.6,-0.8,1.8,0.3,redicjj01
163,Luke Ridnour,PG,32,CHA,4,36,9.9,.385,.462,.000,0.0,14.5,7.0,56.3,0.0,2.5,23.5,22.5,,-0.1,0.0,-0.1,-0.071,,0.4,-0.3,0.1,0.0,ridnolu01
164,Andre Roberson,SG,22,OKC,2,9,-10.7,.000,.000,.000,0.0,23.9,12.6,0.0,0.0,0.0,0.0,15.2,,-0.1,0.0,-0.1,-0.313,,-9.9,-5.2,-15.1,0.0,roberan03
165,Thomas Robinson,PF,22,POR,11,122,10.9,.469,.000,.226,9.0,15.8,12.4,7.3,2.1,3.0,12.8,14.1,,0.0,0.1,0.1,.052,,-2.5,2.0,-0.5,0.0,robinth01
166,Terrence Ross,SG,22,TOR,7,158,0.9,.356,.511,.106,0.8,9.6,5.4,2.1,2.1,1.7,14.0,17.0,,-0.5,0.2,-0.3,-0.096,,-6.5,-1.2,-7.7,-0.2,rosste01
167,John Salmons,SG,34,TOR,6,77,3.3,.373,.706,.059,0.0,9.1,4.7,10.5,1.4,0.0,5.4,11.2,,-0.1,0.0,0.0,-0.003,,-4.7,0.1,-4.6,0.0,salmojo01
168,Dennis Schröder,PG,20,ATL,2,7,34.3,1.250,.500,.000,0.0,34.7,16.3,0.0,0.0,0.0,0.0,13.3,,0.0,0.0,0.0,.314,,12.1,6.1,18.1,0.0,schrode01
169,Luis Scola,PF,33,IND,18,243,13.1,.480,.029,.210,5.6,15.1,10.4,7.4,1.3,1.1,5.8,24.4,,-0.1,0.3,0.3,.054,,-2.1,-0.6,-2.7,0.0,scolalu01
170,Mike Scott,PF,25,ATL,7,146,10.0,.477,.492,.222,2.2,12.5,7.0,4.3,0.4,0.0,2.8,22.7,,0.0,0.2,0.1,.046,,1.0,-2.4,-1.4,0.0,scottmi01
171,Thabo Sefolosha,SG,29,OKC,15,236,9.0,.490,.418,.091,3.5,10.9,7.4,6.6,2.2,0.0,10.9,12.4,,0.0,0.2,0.2,.047,,-1.3,1.2,-0.1,0.1,sefolth01
172,Kevin Séraphin,C,24,WAS,4,6,-24.8,.000,.000,.000,19.2,19.4,19.3,0.0,0.0,0.0,25.0,31.5,,-0.1,0.0,-0.1,-0.654,,-22.0,-10.4,-32.4,0.0,serapke01
173,Donald Sloan,SG,26,IND,4,15,9.3,.400,.571,.571,0.0,7.9,4.0,35.3,3.6,0.0,18.6,35.0,,-0.1,0.0,0.0,-0.132,,-1.2,-1.3,-2.5,0.0,sloando01
174,Tony Snell,SG,22,CHI,5,46,-0.3,.222,.556,.000,0.0,15.6,7.5,6.9,1.2,1.7,10.0,10.5,,-0.1,0.1,-0.1,-0.073,,-8.1,1.0,-7.1,-0.1,snellto01
175,Marreese Speights,C,26,GSW,7,68,23.3,.533,.000,.333,14.9,22.4,18.6,8.5,1.5,5.0,4.6,27.1,,0.1,0.1,0.2,.146,,2.1,0.5,2.6,0.1,speigma01
176,Tiago Splitter,C,29,SAS,23,516,19.1,.659,.010,.710,10.5,21.0,15.9,12.6,1.6,1.7,12.1,13.4,,1.7,0.9,2.6,.239,,2.0,3.1,5.1,0.9,splitti01
177,Lance Stephenson,SG,23,IND,19,705,13.5,.536,.305,.223,4.2,18.0,11.2,20.3,1.2,0.5,16.0,19.9,,0.3,1.0,1.2,.085,,0.3,0.6,0.9,0.5,stephla01
178,Jeff Teague,PG,25,ATL,7,242,17.1,.521,.241,.357,2.2,10.5,6.1,32.2,1.5,1.4,13.9,28.9,,0.1,0.4,0.5,.095,,2.9,-0.4,2.6,0.3,teaguje01
179,Mirza Teletović,SF,28,BRK,12,220,16.8,.567,.683,.146,8.2,15.1,11.5,2.4,1.3,0.9,5.4,20.5,,0.4,0.1,0.5,.115,,3.9,-1.8,2.1,0.2,teletmi01
180,Garrett Temple,SG,27,WAS,10,9,9.7,1.250,.500,.000,0.0,0.0,0.0,0.0,0.0,0.0,33.3,15.8,,0.0,0.0,0.0,.111,,-5.0,4.1,-0.9,0.0,templga01
181,Hasheem Thabeet,C,26,OKC,2,7,-9.8,,,,0.0,0.0,0.0,0.0,0.0,0.0,,0.0,,0.0,0.0,0.0,.004,,-13.7,1.8,-11.9,0.0,thabeha01
182,Klay Thompson,SG,23,GSW,7,257,12.0,.530,.449,.245,1.7,9.1,5.4,15.2,1.4,1.7,12.1,20.5,,0.2,0.0,0.2,.045,,0.5,0.6,1.1,0.2,thompkl01
183,Marcus Thornton,SG,26,BRK,10,124,14.2,.476,.389,.333,6.8,12.8,9.7,1.5,0.9,0.8,3.1,25.2,,0.1,0.0,0.1,.038,,0.9,-2.9,-2.0,0.0,thornma01
184,Anthony Tolliver,PF,28,CHA,4,21,15.6,.904,1.000,1.500,5.8,18.7,12.0,7.3,0.0,0.0,0.0,7.5,,0.1,0.0,0.1,.228,,2.1,1.6,3.7,0.0,tollian01
185,Hedo Türkoğlu,SF,34,LAC,5,41,15.1,.615,.769,.000,0.0,14.5,7.0,3.6,3.7,0.0,0.0,13.8,,0.1,0.0,0.1,.137,,3.2,1.3,4.4,0.1,turkohe01
186,Evan Turner,SF,25,IND,12,149,9.8,.524,.200,.143,0.0,20.6,10.5,21.3,1.5,0.0,22.8,15.8,,-0.1,0.2,0.1,.045,,-2.6,1.8,-0.8,0.0,turneev01
187,Beno Udrih,SG,31,MEM,7,115,13.2,.542,.267,.289,1.9,10.2,5.8,19.3,1.4,0.0,15.1,23.9,,0.0,0.1,0.1,.034,,-0.4,0.4,0.0,0.0,udrihbe01
188,Jonas Valančiūnas,C,21,TOR,7,200,14.8,.648,.000,.449,12.0,28.7,20.7,1.9,0.0,3.2,24.5,18.2,,0.1,0.2,0.3,.079,,-1.0,-0.5,-1.5,0.0,valanjo01
189,Greivis Vásquez,PG,27,TOR,7,190,14.5,.522,.422,.141,2.0,14.2,8.3,35.1,1.1,0.5,12.8,19.3,,0.3,0.1,0.4,.105,,1.9,0.3,2.2,0.2,vasqugr01
190,Dwyane Wade*,SG,32,MIA,20,693,18.5,.560,.086,.324,3.2,11.3,7.4,20.7,2.4,0.7,14.5,27.4,,0.7,0.5,1.2,.086,,1.6,-0.7,0.9,0.5,wadedw01
191,Kemba Walker,PG,23,CHA,4,153,19.6,.620,.436,.327,0.8,12.0,6.2,29.4,2.8,1.7,19.3,24.3,,0.2,0.2,0.3,.110,,4.1,2.3,6.4,0.3,walkeke02
192,John Wall,PG,23,WAS,11,420,14.1,.462,.195,.415,1.4,10.8,6.1,32.7,2.3,1.5,15.7,25.9,,-0.2,0.8,0.6,.067,,0.9,0.0,1.0,0.3,walljo01
193,C.J. Watson,PG,29,IND,19,342,10.2,.523,.444,.311,1.1,12.8,7.1,8.9,2.5,0.3,12.0,16.6,,0.0,0.5,0.5,.068,,-3.2,1.6,-1.6,0.0,watsocj01
194,Earl Watson,PG,34,POR,4,14,-4.5,.000,1.000,.000,0.0,7.7,3.9,9.2,0.0,0.0,50.0,6.3,,0.0,0.0,0.0,-0.163,,-8.0,-2.2,-10.2,0.0,watsoea01
195,Martell Webster,SF,27,WAS,11,195,7.2,.467,.634,.220,2.4,12.5,7.4,4.0,1.1,2.1,8.2,11.9,,0.0,0.3,0.3,.077,,-1.9,0.2,-1.8,0.0,webstma02
196,David West,PF,33,IND,19,687,15.5,.528,.041,.249,4.3,17.9,11.3,20.8,1.1,2.0,13.7,22.4,,0.3,1.0,1.3,.093,,0.2,1.4,1.6,0.6,westda01
197,Russell Westbrook,PG,25,OKC,19,735,24.9,.539,.251,.412,7.3,13.6,10.6,40.5,2.9,0.6,15.0,34.3,,1.6,0.9,2.5,.166,,6.3,1.3,7.6,1.8,westbru01
198,D.J. White,PF,27,CHA,1,3,-9.4,,,,0.0,87.1,41.8,0.0,0.0,0.0,100.0,15.9,,0.0,0.0,0.0,-0.441,,-18.8,0.3,-18.6,0.0,whitedj01
199,Deron Williams,PG,29,BRK,12,428,14.6,.506,.349,.296,2.0,9.6,5.6,28.0,1.7,0.5,13.6,22.7,,0.4,0.2,0.5,.061,,0.9,-1.3,-0.4,0.2,willide01
200,Lou Williams,PG,27,ATL,7,133,10.3,.508,.320,.320,0.0,14.6,6.9,12.3,2.8,0.7,18.6,24.5,,-0.2,0.3,0.0,.009,,-2.8,0.5,-2.3,0.0,willilo02
201,Mo Williams,PG,31,POR,8,187,4.6,.462,.356,.186,1.2,5.7,3.5,12.2,0.8,0.0,18.0,18.3,,-0.2,0.0,-0.3,-0.068,,-4.8,-3.0,-7.9,-0.3,willima01
202,Brandan Wright,C,26,DAL,6,90,22.1,.799,.000,.333,6.0,9.9,7.8,13.7,1.2,5.4,8.8,11.3,,0.4,0.1,0.4,.225,,4.5,4.2,8.7,0.2,wrighbr03
203,Dorell Wright,SF,28,POR,8,88,14.2,.566,.632,.789,2.5,17.1,9.9,4.9,1.7,7.5,16.3,15.3,,0.0,0.1,0.1,.080,,0.7,2.6,3.3,0.1,wrighdo01
204,Cody Zeller,C,21,CHA,4,53,6.9,.372,.000,.444,11.4,9.9,10.7,5.8,0.0,5.0,15.7,11.5,,0.0,0.0,0.0,-0.010,,-3.2,-0.8,-4.0,0.0,zelleco01