,,,,Voting,Voting,Voting,Voting,,Per Game,Per Game,Per Game,Per Game,Per Game,Per Game,Shooting,Shooting,Shooting,Advanced,Advanced,-additional
Rank,Player,Age,Tm,First,Pts Won,Pts Max,Share,G,MP,PTS,TRB,AST,STL,BLK,FG%,3P%,FT%,WS,WS/48,-9999
1,Joel Embiid,28,PHI,73.0,915.0,1000,0.915,66,34.6,33.1,10.2,4.2,1.0,1.7,.548,.330,.857,12.3,.259,embiijo01
2,Nikola Jokić,27,DEN,15.0,674.0,1000,0.674,69,33.7,24.5,11.8,9.8,1.3,0.7,.632,.383,.822,14.9,.308,jokicni01
3,Giannis Antetokounmpo,28,MIL,12.0,606.0,1000,0.606,63,32.1,31.1,11.8,5.7,0.8,0.8,.553,.275,.645,8.6,.204,antetgi01
4,Jayson Tatum,24,BOS,0.0,280.0,1000,0.280,74,36.9,30.1,8.8,4.6,1.1,0.7,.466,.350,.854,10.5,.185,tatumja01
5,Shai Gilgeous-Alexander,24,OKC,0.0,46.0,1000,0.046,68,35.5,31.4,4.8,5.5,1.6,1.0,.510,.345,.905,11.4,.226,gilgesh01
6,Donovan Mitchell,26,CLE,0.0,30.0,1000,0.030,68,35.8,28.3,4.3,4.4,1.5,0.4,.484,.386,.867,8.9,.176,mitchdo01
7,Domantas Sabonis,26,SAC,0.0,27.0,1000,0.027,79,34.6,19.1,12.3,7.3,0.8,0.5,.615,.373,.742,12.6,.221,sabondo01
8,Luka Dončić,23,DAL,0.0,10.0,1000,0.010,66,36.2,32.4,8.6,8.0,1.4,0.5,.496,.342,.742,10.2,.204,doncilu01
9,Stephen Curry,34,GSW,0.0,5.0,1000,0.005,56,34.7,29.4,6.1,6.3,0.9,0.4,.493,.427,.915,7.8,.192,curryst01
10,Jimmy Butler,33,MIA,0.0,3.0,1000,0.003,64,33.4,22.9,5.9,5.3,1.8,0.3,.539,.350,.850,12.3,.277,butleji01
11,De'Aaron Fox,25,SAC,0.0,2.0,1000,0.002,73,33.4,25.0,4.2,6.1,1.1,0.3,.512,.324,.780,7.4,.146,foxde01
12T,Jalen Brunson,26,NYK,0.0,1.0,1000,0.001,68,35.0,24.0,3.5,6.2,0.9,0.2,.491,.416,.829,8.7,.175,brunsja01
12T,Ja Morant,23,MEM,0.0,1.0,1000,0.001,61,31.9,26.2,5.9,8.1,1.1,0.3,.466,.307,.748,6.0,.148,moranja01