,,,,,,,,,,% of FGA by Distance,% of FGA by Distance,% of FGA by Distance,% of FGA by Distance,% of FGA by Distance,% of FGA by Distance,,FG% by Distance,FG% by Distance,FG% by Distance,FG% by Distance,FG% by Distance,FG% by Distance,,% of FG Ast'd,% of FG Ast'd,,Dunks,Dunks,,Corner 3s,Corner 3s,,Heaves,Heaves,-additional
Rk,Player,Pos,Age,Tm,G,MP,FG%,Dist.,,2P,0-3,3-10,10-16,16-3P,3P,,2P,0-3,3-10,10-16,16-3P,3P,,2P,3P,,%FGA,#,,%3PA,3P%,,Att.,#,-9999
1,Arron Afflalo,SG,23,DET,4,66,.476,16.2,,.524,.238,.048,.048,.190,.476,,.727,.600,1.000,1.000,.750,.200,,.750,1.000,,.000,0,,.900,.222,,0,0,afflaar01
2,LaMarcus Aldridge,PF,23,POR,6,237,.490,14.3,,.962,.125,.163,.288,.385,.038,,.500,.846,.353,.533,.425,.250,,.540,1.000,,.077,8,,.250,.000,,1,0,aldrila01
3,Ray Allen*,SG,33,BOS,14,565,.403,17.2,,.515,.175,.073,.087,.180,.485,,.453,.389,.467,.611,.432,.350,,.604,.943,,.005,0,,.270,.259,,0,0,allenra02
4,Tony Allen,SG,27,BOS,10,60,.500,4.3,,1.000,.625,.125,.250,.000,.000,,.500,.600,.000,.500,,,,.750,,,.000,0,,,,,0,0,allento01
5,Rafer Alston,PG,32,ORL,23,740,.380,15.2,,.595,.258,.122,.050,.165,.405,,.422,.375,.500,.429,.435,.319,,.129,.861,,.000,0,,.221,.320,,2,0,alstora01
6,Chris Andersen,C,30,DEN,15,328,.630,3.0,,.981,.796,.056,.056,.074,.019,,.642,.674,.333,.667,.500,.000,,.618,,,.241,12,,1.000,.000,,0,0,anderch01
7,Carmelo Anthony,SF,24,DEN,16,612,.453,12.1,,.795,.351,.084,.115,.245,.205,,.477,.549,.556,.378,.392,.364,,.443,.833,,.053,16,,.091,.500,,2,0,anthoca01
8,Joel Anthony,C,26,MIA,6,88,.800,3.6,,1.000,.600,.200,.200,.000,.000,,.800,1.000,1.000,.000,,,,.500,,,.200,1,,,,,0,0,anthojo01
9,Trevor Ariza,SF,23,LAL,23,722,.497,13.5,,.546,.357,.097,.027,.065,.454,,.515,.606,.278,.800,.250,.476,,.596,.950,,.108,17,,.357,.467,,0,0,arizatr01
10,Hilton Armstrong,C,24,NOH,4,53,.462,5.0,,1.000,.692,.000,.154,.154,.000,,.462,.667,,.000,.000,,,.833,,,.385,4,,,,,0,0,armsthi01
11,Renaldo Balkman,PF,24,DEN,8,20,.333,7.2,,.833,.667,.000,.000,.167,.167,,.400,.500,,,.000,.000,,.500,,,.167,1,,1.000,.000,,0,0,balkmre01
12,J.J. Barea,SG,24,DAL,10,221,.437,10.0,,.775,.451,.155,.042,.127,.225,,.473,.531,.273,.667,.444,.313,,.115,.400,,.000,0,,.063,1.000,,0,0,bareajo01
13,Brent Barry,SG,37,HOU,4,35,.500,20.8,,.200,.200,.000,.000,.000,.800,,1.000,1.000,,,,.375,,1.000,1.000,,.100,1,,.125,1.000,,0,0,barrybr01
14,Brandon Bass,C,23,DAL,10,192,.550,8.3,,1.000,.317,.200,.383,.100,.000,,.550,.632,.333,.609,.500,,,.727,,,.150,9,,,,,0,0,bassbr01
15,Tony Battie,PF,32,ORL,21,128,.467,12.2,,1.000,.178,.133,.222,.467,.000,,.467,.750,.500,.600,.286,,,.810,,,.089,3,,,,,0,0,battito01
16,Shane Battier,SG,30,HOU,13,496,.407,18.0,,.333,.210,.037,.037,.049,.667,,.593,.706,.000,.333,.750,.315,,.500,1.000,,.012,1,,.481,.308,,0,0,battish01
17,Nicolas Batum,SF,20,POR,6,63,.556,14.7,,.556,.333,.000,.111,.111,.444,,.600,.667,,1.000,.000,.500,,.667,1.000,,.111,1,,.750,.667,,0,0,batumni01
18,Jerryd Bayless,PG,20,POR,2,11,.333,8.9,,.833,.500,.167,.000,.167,.167,,.400,.667,.000,,.000,.000,,.000,,,.000,0,,.000,,,0,0,bayleje01
19,Michael Beasley,PF,20,MIA,7,178,.386,13.4,,.852,.261,.102,.102,.386,.148,,.400,.609,.333,.333,.294,.308,,.333,.750,,.023,1,,.462,.333,,0,0,beaslmi01
20,Mike Bibby,PG,30,ATL,11,390,.462,19.3,,.547,.085,.075,.057,.330,.453,,.397,.556,.500,.000,.400,.542,,.435,.885,,.000,0,,.125,.333,,0,0,bibbymi01
21,Chauncey Billups,PG,32,DEN,16,619,.457,17.9,,.523,.183,.041,.066,.234,.477,,.447,.500,.500,.308,.435,.468,,.196,.477,,.000,0,,.096,.556,,0,0,billuch01
22,Steve Blake,PG,28,POR,6,231,.489,18.0,,.467,.178,.044,.044,.200,.533,,.571,.875,.500,1.000,.222,.417,,.250,.700,,.000,0,,.167,.500,,0,0,blakest01
23,Matt Bonner,PF,28,SAS,5,100,.217,16.1,,.435,.174,.174,.087,.000,.565,,.200,.250,.250,.000,,.231,,.000,1.000,,.000,0,,.308,.000,,0,0,bonnema01
24,Carlos Boozer,PF,27,UTA,5,186,.528,8.2,,1.000,.375,.167,.194,.264,.000,,.528,.556,.583,.643,.368,,,.632,,,.042,3,,,,,0,0,boozeca01
25,Bruce Bowen,SF,37,SAS,5,130,.538,19.5,,.308,.077,.077,.000,.154,.692,,.500,.000,.000,,1.000,.556,,1.000,1.000,,.000,0,,.778,.714,,0,0,bowenbr01
26,Ryan Bowen,SF,33,NOH,1,2,.000,0.0,,1.000,1.000,.000,.000,.000,.000,,.000,.000,,,,,,,,,.000,0,,,,,0,0,bowenry01
27,Ronnie Brewer,SF,23,UTA,5,158,.408,12.3,,.959,.347,.020,.082,.510,.041,,.426,.647,.000,.250,.320,.000,,.800,,,.163,8,,.000,,,0,0,brewero02
28,Aaron Brooks,PG,24,HOU,13,444,.453,14.7,,.624,.288,.088,.100,.147,.376,,.472,.531,.267,.529,.440,.422,,.120,.556,,.000,0,,.125,.375,,2,0,brookaa01
29,Devin Brown,SG,30,NOH,3,33,.375,14.9,,.500,.375,.000,.000,.125,.500,,.750,.667,,,1.000,.000,,.333,,,.000,0,,.250,.000,,0,0,brownde02
30,Kwame Brown,C,26,DET,3,48,.375,3.1,,1.000,.625,.375,.000,.000,.000,,.375,.400,.333,,,,,.333,,,.000,0,,,,,0,0,brownkw01
31,Shannon Brown,SG,23,LAL,21,276,.434,12.5,,.699,.349,.084,.108,.157,.301,,.414,.379,.571,.556,.308,.480,,.667,.917,,.024,2,,.200,.600,,0,0,brownsh01
32,Kobe Bryant*,SG,30,LAL,23,940,.457,14.6,,.800,.189,.102,.192,.317,.200,,.483,.590,.407,.451,.464,.349,,.195,.459,,.021,11,,.113,.667,,2,0,bryanko01
33,Rasual Butler,SF,29,NOH,5,158,.459,19.0,,.486,.081,.054,.027,.324,.514,,.389,.667,.000,1.000,.333,.526,,.429,.800,,.000,0,,.737,.571,,0,0,butlera01
34,Andrew Bynum,C,21,LAL,23,400,.457,5.1,,1.000,.433,.394,.157,.016,.000,,.457,.545,.420,.350,.000,,,.621,,,.134,16,,,,,0,0,bynuman01
35,Will Bynum,PG,26,DET,4,78,.462,14.3,,.897,.256,.077,.051,.513,.103,,.486,.600,.333,1.000,.400,.250,,.176,1.000,,.000,0,,.000,,,1,0,bynumwi01
36,Matt Carroll,SG,28,DAL,4,14,.500,6.3,,1.000,.500,.000,.500,.000,.000,,.500,1.000,,.000,,,,.000,,,.000,0,,,,,0,0,carroma01
37,Anthony Carter,PG,33,DEN,16,228,.408,12.5,,.755,.367,.061,.061,.265,.245,,.486,.556,.667,.333,.385,.167,,.667,1.000,,.000,0,,.333,.250,,0,0,cartean01
38,Mario Chalmers,PG,22,MIA,7,231,.400,15.8,,.580,.260,.080,.020,.220,.420,,.483,.769,.000,.000,.364,.286,,.143,.500,,.020,1,,.048,.000,,0,0,chalmma01
39,Tyson Chandler,C,26,NOH,4,94,.500,1.1,,1.000,.833,.167,.000,.000,.000,,.500,.600,.000,,,,,1.000,,,.417,5,,,,,0,0,chandty01
40,Speedy Claxton,PG,30,ATL,1,3,,,,,,,,,,,,,,,,,,,,,,0,,,,,0,0,claxtsp01
41,Jarron Collins,C,30,UTA,3,35,.200,12.0,,1.000,.200,.200,.000,.600,.000,,.200,1.000,.000,,.000,,,.000,,,.000,0,,,,,0,0,collija03
42,Brian Cook,PF,28,HOU,6,32,.267,18.2,,.400,.133,.200,.000,.067,.600,,.333,.500,.333,,.000,.222,,.500,1.000,,.000,0,,.000,,,0,0,cookbr01
43,Daequan Cook,SF,21,MIA,7,161,.310,22.3,,.286,.071,.000,.048,.167,.714,,.333,.667,,.000,.286,.300,,.750,1.000,,.000,0,,.067,.000,,1,0,cookda02
44,Samuel Dalembert,C,27,PHI,6,133,.640,4.3,,1.000,.640,.160,.080,.120,.000,,.640,.688,.500,1.000,.333,,,.563,,,.160,4,,,,,0,0,dalemsa01
45,Erick Dampier,C,33,DAL,10,255,.611,3.0,,1.000,.722,.194,.000,.083,.000,,.611,.615,.571,,.667,,,.636,,,.194,7,,,,,0,0,dampier01
46,Antonio Daniels,PG,33,NOH,5,64,.154,12.3,,.692,.385,.077,.000,.231,.308,,.111,.200,.000,,.000,.250,,1.000,1.000,,.000,0,,.000,,,0,0,daniean01
47,Glen Davis,C,23,BOS,14,510,.491,9.7,,1.000,.417,.086,.120,.377,.000,,.491,.644,.400,.476,.348,,,.802,,,.034,6,,,,,0,0,davisgl01
48,Yakhouba Diawara,SF,26,MIA,5,21,.333,15.1,,.667,.333,.000,.000,.333,.333,,.500,1.000,,,.000,.000,,.000,,,.333,1,,.000,,,0,0,diawaya01
49,Tim Duncan*,C,32,SAS,5,164,.532,7.6,,1.000,.299,.377,.221,.104,.000,,.532,.696,.345,.588,.625,,,.439,,,.078,5,,,,,0,0,duncati01
50,Maurice Evans,SF,30,ATL,11,265,.431,15.1,,.569,.277,.031,.062,.200,.431,,.541,.556,.000,.750,.538,.286,,.700,.750,,.092,6,,.607,.235,,0,0,evansma01
51,Reggie Evans,PF,28,PHI,5,36,.222,1.5,,1.000,.889,.000,.111,.000,.000,,.222,.250,,.000,,,,1.000,,,.000,0,,,,,0,0,evansre01
52,Jordan Farmar,PG,22,LAL,20,260,.391,16.9,,.552,.218,.046,.115,.172,.448,,.458,.526,.500,.600,.267,.308,,.318,.833,,.011,1,,.179,.571,,1,0,farmajo01
53,Rudy Fernández,SG,23,POR,6,162,.429,17.4,,.457,.171,.086,.086,.114,.543,,.438,.500,.333,.333,.500,.421,,.286,.875,,.029,1,,.158,.333,,0,0,fernaru01
54,Michael Finley,SF,35,SAS,5,143,.441,15.2,,.559,.294,.000,.147,.118,.441,,.421,.500,,.400,.250,.467,,.500,1.000,,.059,2,,.400,.667,,0,0,finlemi01
55,Derek Fisher,PG,34,LAL,22,635,.394,17.5,,.581,.175,.038,.088,.281,.419,,.473,.393,.500,.571,.489,.284,,.636,.842,,.000,0,,.358,.333,,0,0,fishede01
56,Adonal Foyle,C,33,ORL,2,4,.000,11.5,,1.000,.000,.000,1.000,.000,.000,,.000,,,.000,,,,,,,.000,0,,,,,0,0,foylead01
57,Channing Frye,PF,25,POR,4,36,.357,16.1,,1.000,.214,.000,.000,.786,.000,,.357,.333,,,.364,,,.800,,,.000,0,,,,,0,0,fryech01
58,Thomas Gardner,SG,23,ATL,3,19,.385,16.9,,.538,.231,.077,.077,.154,.462,,.286,.333,1.000,.000,.000,.500,,.500,1.000,,.000,0,,.167,.000,,0,0,gardnth01
59,Pau Gasol*,C,28,LAL,23,931,.580,5.9,,1.000,.446,.308,.149,.098,.000,,.580,.691,.565,.463,.296,,,.488,,,.138,35,,,,,0,0,gasolpa01
60,Daniel Gibson,PG,22,CLE,14,172,.325,22.4,,.300,.050,.000,.000,.250,.700,,.250,.000,,,.300,.357,,.667,.900,,.000,0,,.464,.462,,0,0,gibsoda01
61,Drew Gooden,PF,27,SAS,4,71,.333,11.9,,.939,.273,.152,.333,.182,.061,,.355,.667,.000,.364,.167,.000,,.636,,,.061,2,,.500,.000,,1,0,goodedr01
62,Ben Gordon,SG,25,CHI,7,304,.388,16.3,,.657,.142,.119,.119,.276,.343,,.398,.474,.250,.375,.432,.370,,.286,.647,,.000,0,,.109,.400,,0,0,gordobe01
63,Marcin Gortat,PF,24,ORL,24,271,.654,2.9,,1.000,.731,.173,.058,.038,.000,,.654,.711,.444,.667,.500,,,.941,,,.269,13,,,,,0,0,gortama01
64,Aaron Gray,C,24,CHI,2,9,.000,10.3,,1.000,.000,.500,.500,.000,.000,,.000,,.000,.000,,,,,,,.000,0,,,,,0,0,grayaa01
65,Gerald Green,SG,23,DAL,6,26,.286,18.0,,.643,.071,.071,.214,.286,.357,,.333,1.000,.000,.333,.250,.200,,.333,1.000,,.000,0,,.200,.000,,0,0,greenge01
66,Willie Green,SG,27,PHI,6,148,.412,16.6,,.784,.098,.059,.216,.412,.216,,.425,.400,.333,.455,.429,.364,,.647,1.000,,.000,0,,.545,.333,,0,0,greenwi01
67,Richard Hamilton,SG,30,DET,4,154,.356,14.3,,.831,.220,.034,.153,.424,.169,,.388,.538,.000,.333,.360,.200,,.421,1.000,,.000,0,,.400,.250,,0,0,hamilri01
68,Matt Harpring,SG,32,UTA,5,49,.500,11.8,,.955,.273,.091,.182,.409,.045,,.524,.667,.000,.500,.556,.000,,.909,,,.045,1,,.000,,,0,0,harprma01
69,Jason Hart,PG,30,DEN,9,19,.500,17.1,,1.000,.000,.000,.000,1.000,.000,,.500,,,,.500,,,.000,,,.000,0,,,,,0,0,hartja01
70,Udonis Haslem,PF,28,MIA,7,204,.543,11.6,,1.000,.261,.065,.261,.413,.000,,.543,.750,.667,.500,.421,,,.880,,,.109,5,,,,,0,0,hasleud01
71,Chuck Hayes,C,25,HOU,13,173,.476,7.5,,.905,.476,.333,.095,.000,.095,,.526,.500,.571,.500,,.000,,.600,,,.000,0,,.000,,,1,0,hayesch01
72,Walter Herrmann,SF,29,DET,4,22,.375,17.1,,.500,.125,.125,.250,.000,.500,,.250,1.000,.000,.000,,.500,,.000,1.000,,.000,0,,.500,.500,,0,0,herrmwa01
73,Nenê,C,26,DEN,16,525,.548,4.4,,1.000,.643,.135,.071,.151,.000,,.548,.667,.235,.333,.421,,,.826,,,.198,23,,,,,0,0,hilarne01
74,George Hill,PG,22,SAS,4,76,.333,14.8,,.619,.238,.048,.143,.190,.381,,.308,.200,1.000,.333,.250,.375,,.750,1.000,,.048,1,,.750,.500,,0,0,hillge01
75,Kirk Hinrich,SG,28,CHI,7,210,.468,18.3,,.516,.177,.000,.048,.290,.484,,.500,.455,,.667,.500,.433,,.438,.923,,.000,0,,.400,.583,,0,0,hinriki01
76,Ryan Hollins,C,24,DAL,9,84,.571,2.4,,1.000,.786,.071,.143,.000,.000,,.571,.727,.000,.000,,,,.750,,,.357,5,,,,,0,0,holliry01
77,Al Horford,C,22,ATL,9,252,.424,9.4,,.983,.288,.237,.186,.271,.017,,.431,.765,.286,.273,.313,.000,,.680,,,.102,5,,.000,,,0,0,horfoal01
78,Eddie House,PG,30,BOS,14,232,.519,21.2,,.519,.052,.013,.013,.442,.481,,.550,.500,1.000,.000,.559,.486,,.909,1.000,,.000,0,,.297,.455,,0,0,houseed01
79,Dwight Howard,C,23,ORL,23,903,.601,3.1,,.993,.612,.362,.019,.000,.007,,.605,.720,.402,.800,,.000,,.534,,,.254,64,,.000,,,1,0,howardw01
80,Josh Howard,SF,28,DAL,10,295,.438,14.0,,.750,.180,.180,.164,.227,.250,,.500,.652,.478,.524,.379,.250,,.396,.875,,.016,2,,.438,.286,,0,0,howarjo01
81,Lindsey Hunter,PG,38,CHI,6,24,.333,24.7,,.000,.000,.000,.000,.000,1.000,,,,,,,.333,,,1.000,,.000,0,,.000,,,0,0,hunteli01
82,Othello Hunter,PF,22,ATL,4,14,.667,0.4,,1.000,1.000,.000,.000,.000,.000,,.667,.667,,,,,,.500,,,.667,2,,,,,0,0,hunteot01
83,Andre Iguodala,SF,25,PHI,6,269,.449,14.8,,.714,.296,.071,.041,.306,.286,,.471,.586,.143,.250,.467,.393,,.242,.909,,.102,10,,.214,.500,,2,0,iguodan01
84,Zydrunas Ilgauskas,C,33,CLE,14,407,.449,13.4,,.906,.239,.109,.087,.471,.094,,.480,.697,.533,.333,.385,.154,,.783,1.000,,.058,8,,.923,.167,,0,0,ilgauzy01
85,D.J. Mbenga,C,28,LAL,7,16,.167,13.5,,1.000,.167,.000,.333,.500,.000,,.167,1.000,,.000,.000,,,1.000,,,.167,1,,,,,0,0,mbengdj01
86,Royal Ivey,SG,27,PHI,6,45,.273,17.8,,.364,.182,.091,.000,.091,.636,,.250,.500,.000,,.000,.286,,1.000,1.000,,.000,0,,.571,.500,,0,0,iveyro01
87,Darnell Jackson,PF,23,CLE,5,25,.200,11.4,,1.000,.200,.000,.600,.200,.000,,.200,.000,,.000,1.000,,,1.000,,,.200,0,,,,,0,0,jacksda01
88,LeBron James,SF,24,CLE,14,580,.510,13.1,,.740,.365,.080,.058,.237,.260,,.571,.702,.320,.444,.486,.333,,.326,.481,,.093,29,,.086,.000,,0,0,jamesle01
89,Amir Johnson,PF,21,DET,3,13,1.000,1.2,,1.000,1.000,.000,.000,.000,.000,,1.000,1.000,,,,,,.000,,,1.000,1,,,,,0,0,johnsam01
90,Anthony Johnson,PG,34,ORL,19,280,.376,14.2,,.647,.188,.224,.141,.094,.353,,.418,.625,.368,.250,.375,.300,,.174,.667,,.024,2,,.233,.571,,0,0,johnsan02
91,Joe Johnson,SG,27,ATL,11,429,.417,12.3,,.792,.238,.226,.137,.190,.208,,.436,.450,.474,.391,.406,.343,,.155,.500,,.012,2,,.371,.308,,0,0,johnsjo02
92,Linton Johnson,PF,28,CHI,3,10,.500,8.6,,1.000,.500,.000,.000,.500,.000,,.500,1.000,,,.000,,,.000,,,.000,0,,,,,0,0,johnsli01
93,Dahntay Jones,SG,28,DEN,16,280,.481,8.6,,.848,.519,.101,.038,.190,.152,,.522,.585,.250,.333,.533,.250,,.600,1.000,,.152,10,,.917,.273,,1,0,jonesda02
94,James Jones,SF,28,MIA,7,235,.531,21.6,,.313,.063,.000,.031,.219,.688,,.600,.500,,1.000,.571,.500,,.667,1.000,,.000,0,,.318,.714,,0,0,jonesja02
95,Solomon Jones,C,24,ATL,9,77,.500,7.5,,1.000,.500,.083,.083,.333,.000,,.500,.500,1.000,.000,.500,,,.667,,,.083,1,,,,,0,0,jonesso01
96,Jason Kidd*,PG,35,DAL,10,386,.458,19.8,,.434,.072,.060,.060,.241,.566,,.472,.667,.400,.000,.550,.447,,.294,.810,,.000,0,,.255,.750,,0,0,kiddja01
97,Tarence Kinsey,SG,24,CLE,9,11,.333,15.4,,1.000,.000,.000,.333,.667,.000,,.333,,,1.000,.000,,,1.000,,,.000,0,,,,,0,0,kinseta01
98,Andrei Kirilenko,PF,27,UTA,5,136,.468,9.9,,.894,.447,.085,.043,.319,.106,,.500,.524,.750,.500,.400,.200,,.857,1.000,,.064,3,,.000,,,0,0,kirilan01
99,Linas Kleiza,SF,24,DEN,14,210,.470,17.6,,.394,.197,.076,.015,.106,.606,,.538,.692,.400,.000,.429,.425,,.786,1.000,,.030,2,,.425,.647,,0,0,kleizli01
100,Brevin Knight,PG,33,UTA,5,17,.000,10.1,,1.000,.333,.000,.333,.333,.000,,.000,.000,,.000,.000,,,,,,.000,0,,,,,0,0,knighbr01
101,Kyle Korver,SF,27,UTA,5,136,.391,20.3,,.435,.065,.000,.065,.304,.565,,.300,1.000,,.667,.071,.462,,.833,1.000,,.022,1,,.423,.545,,0,0,korveky01
102,Carl Landry,PF,25,HOU,13,240,.557,7.1,,.971,.557,.143,.057,.214,.029,,.574,.641,.700,.500,.333,.000,,.718,,,.171,9,,.500,.000,,1,0,landrca01
103,Acie Law,PG,24,ATL,6,28,.333,13.6,,.667,.333,.111,.000,.222,.333,,.333,.333,.000,,.500,.333,,.000,1.000,,.000,0,,.667,.500,,0,0,lawac01
104,Courtney Lee,SG,23,ORL,21,550,.435,13.6,,.714,.325,.052,.104,.234,.286,,.500,.520,.500,.375,.528,.273,,.400,1.000,,.026,3,,.545,.292,,1,0,leeco01
105,Rashard Lewis,PF,29,ORL,24,986,.448,15.0,,.621,.170,.175,.178,.098,.379,,.481,.492,.541,.387,.529,.394,,.529,.923,,.011,4,,.288,.500,,1,0,lewisra02
106,Kyle Lowry,PG,22,HOU,13,254,.333,11.2,,.746,.444,.063,.032,.206,.254,,.362,.357,.500,.000,.385,.250,,.294,1.000,,.000,0,,.500,.375,,0,0,lowryky01
107,Tyronn Lue,PG,31,ORL,1,4,1.000,24.6,,.500,.000,.000,.000,.500,.500,,1.000,,,,1.000,1.000,,.000,.000,,.000,0,,.000,,,0,0,luety01
108,Jamaal Magloire,C,30,MIA,6,47,.333,0.9,,1.000,1.000,.000,.000,.000,.000,,.333,.333,,,,,,1.000,,,.333,1,,,,,0,0,magloja01
109,Stephon Marbury,PG,31,BOS,14,166,.303,15.2,,.818,.182,.152,.091,.394,.182,,.315,.250,.500,.167,.308,.250,,.529,.667,,.000,0,,.250,.000,,0,0,marbust01
110,Sean Marks,C,33,NOH,5,80,.462,4.3,,.923,.769,.077,.000,.077,.077,,.500,.600,.000,,.000,.000,,.833,,,.385,5,,.000,,,0,0,marksse01
111,Donyell Marshall,PF,35,PHI,6,50,.375,21.1,,.313,.063,.063,.063,.125,.688,,.400,1.000,.000,1.000,.000,.364,,.500,1.000,,.063,1,,.182,.500,,0,0,marshdo01
112,Kenyon Martin,PF,31,DEN,16,538,.497,8.6,,.967,.404,.199,.099,.265,.033,,.507,.705,.500,.200,.325,.200,,.811,1.000,,.166,24,,.200,1.000,,0,0,martike01
113,Roger Mason,SG,28,SAS,5,108,.375,21.5,,.406,.063,.000,.000,.344,.594,,.385,.500,,,.364,.368,,.000,.429,,.000,0,,.158,.000,,0,0,masonro01
114,Jason Maxiell,C,25,DET,4,64,.500,7.7,,1.000,.500,.100,.100,.300,.000,,.500,.800,.000,.000,.333,,,.200,,,.200,2,,,,,0,0,maxieja01
115,Antonio McDyess,PF,34,DET,4,136,.523,15.8,,1.000,.136,.023,.023,.818,.000,,.523,.500,.000,.000,.556,,,.913,,,.000,0,,,,,0,0,mcdyean01
116,C.J. Miles,SG,21,UTA,5,58,.300,17.4,,.600,.150,.000,.150,.300,.400,,.333,.333,,.333,.333,.250,,.750,1.000,,.000,0,,.375,.333,,0,0,milescj01
117,Andre Miller,PG,32,PHI,6,258,.475,11.3,,.901,.267,.119,.287,.228,.099,,.495,.630,.583,.414,.391,.300,,.311,1.000,,.000,0,,.300,.000,,0,0,millean02
118,Brad Miller,C,32,CHI,7,186,.471,11.6,,.863,.373,.098,.157,.235,.137,,.432,.579,.400,.250,.333,.714,,.842,1.000,,.020,1,,.429,.667,,1,0,millebr01
119,Paul Millsap,PF,23,UTA,5,155,.510,3.9,,1.000,.673,.102,.102,.122,.000,,.510,.606,.400,.400,.167,,,.800,,,.122,6,,,,,0,0,millspa01
120,Yao Ming*,C,28,HOU,9,323,.545,7.8,,1.000,.293,.374,.202,.131,.000,,.545,.724,.568,.250,.538,,,.593,,,.111,11,,,,,0,0,mingya01
121,Jamario Moon,SF,28,MIA,3,40,1.000,17.5,,.600,.200,.000,.000,.400,.400,,1.000,1.000,,,1.000,1.000,,.000,1.000,,.000,0,,.500,1.000,,0,0,moonja01
122,Mikki Moore,C,33,BOS,10,66,.500,6.7,,1.000,.600,.100,.100,.200,.000,,.500,.500,1.000,.000,.500,,,.600,,,.100,1,,,,,0,0,mooremi01
123,Randolph Morris,C,23,ATL,3,8,.000,13.6,,1.000,.000,.000,1.000,.000,.000,,.000,,,.000,,,,,,,.000,0,,,,,0,0,morrira01
124,Ronald Murray,SG,29,ATL,11,341,.341,16.6,,.593,.236,.041,.146,.171,.407,,.384,.414,.400,.611,.143,.280,,.357,.786,,.016,2,,.240,.250,,2,0,murraro01
125,Dikembe Mutombo*,C,42,HOU,2,20,,,,,,,,,,,,,,,,,,,,,,0,,,,,0,0,mutomdi01
126,Jameer Nelson,PG,26,ORL,5,90,.348,15.6,,.739,.174,.130,.087,.348,.261,,.412,.250,1.000,.000,.375,.167,,.286,1.000,,.000,0,,.333,.500,,0,0,nelsoja01
127,Joakim Noah,C,23,CHI,7,271,.510,1.8,,1.000,.863,.118,.000,.020,.000,,.510,.500,.667,,.000,,,.538,,,.255,10,,,,,0,0,noahjo01
128,Dirk Nowitzki*,PF,30,DAL,10,394,.518,13.0,,.876,.212,.112,.229,.324,.124,,.550,.667,.474,.513,.527,.286,,.415,.833,,.012,2,,.000,,,0,0,nowitdi01
129,Jermaine O'Neal,C,30,MIA,6,162,.549,9.5,,1.000,.137,.353,.451,.059,.000,,.549,.714,.444,.609,.333,,,.536,,,.039,1,,,,,0,0,onealje01
130,Fabricio Oberto,C,33,SAS,2,22,.667,6.1,,1.000,.500,.167,.333,.000,.000,,.667,1.000,.000,.500,,,,.750,,,.000,0,,,,,0,0,obertfa01
131,Greg Oden,C,21,POR,6,96,.524,2.5,,1.000,.619,.381,.000,.000,.000,,.524,.692,.250,,,,,.545,,,.333,6,,,,,0,0,odengr01
132,Lamar Odom,PF,29,LAL,23,735,.524,8.4,,.830,.495,.180,.024,.131,.170,,.526,.588,.595,.400,.222,.514,,.556,.889,,.083,15,,.229,.750,,0,0,odomla01
133,Mehmet Okur,C,29,UTA,2,43,.167,15.8,,.750,.167,.083,.083,.417,.250,,.111,.000,.000,.000,.200,.333,,1.000,1.000,,.000,0,,.000,,,0,0,okurme01
134,Travis Outlaw,SF,24,POR,6,170,.318,16.0,,.758,.091,.106,.303,.258,.242,,.340,.500,.286,.300,.353,.250,,.353,1.000,,.045,3,,.438,.571,,1,0,outlatr01
135,Zaza Pachulia,C,24,ATL,11,260,.415,4.6,,1.000,.623,.170,.113,.094,.000,,.415,.545,.222,.167,.200,,,.636,,,.075,4,,,,,0,0,pachuza01
136,Tony Parker*,PG,26,SAS,5,181,.546,10.4,,.870,.407,.120,.074,.269,.130,,.596,.682,.385,.250,.655,.214,,.196,1.000,,.000,0,,.286,.500,,0,0,parketo01
137,Chris Paul,PG,23,NOH,5,201,.411,11.8,,.781,.342,.123,.123,.192,.219,,.439,.640,.556,.333,.071,.313,,.080,.200,,.000,0,,.063,.000,,0,0,paulch01
138,Sasha Pavlović,SF,25,CLE,11,91,.500,13.0,,.600,.400,.050,.100,.050,.400,,.667,.750,1.000,.500,.000,.250,,.500,1.000,,.000,0,,.125,.000,,0,0,pavloal01
139,Kendrick Perkins,C,24,BOS,14,512,.575,5.2,,.992,.480,.370,.094,.047,.008,,.579,.590,.617,.333,.667,.000,,.575,,,.063,8,,.000,,,1,0,perkike01
140,Morris Peterson,SG,31,NOH,2,21,.200,23.0,,.400,.000,.000,.000,.400,.600,,.000,,,,.000,.333,,,1.000,,.000,0,,.333,.000,,0,0,petermo01
141,Johan Petro,C,23,DEN,10,26,.222,6.6,,1.000,.556,.111,.111,.222,.000,,.222,.200,1.000,.000,.000,,,.500,,,.000,0,,,,,0,0,petrojo01
142,Paul Pierce*,SF,31,BOS,14,556,.430,14.6,,.742,.249,.045,.176,.271,.258,,.463,.564,.200,.538,.367,.333,,.303,.895,,.014,3,,.140,.375,,0,0,piercpa01
143,Mickaël Piétrus,SG,26,ORL,24,618,.483,16.2,,.448,.259,.057,.046,.086,.552,,.603,.756,.300,.125,.600,.385,,.617,.838,,.063,10,,.563,.370,,0,0,pietrmi01
144,James Posey,SG,32,NOH,5,123,.375,15.7,,.525,.275,.025,.075,.150,.475,,.476,.636,.000,.333,.333,.263,,.200,1.000,,.025,1,,.211,.250,,0,0,poseyja01
145,Leon Powe,PF,25,BOS,2,24,.429,2.8,,1.000,.857,.000,.143,.000,.000,,.429,.500,,.000,,,,.333,,,.000,0,,,,,0,0,powele01
146,Josh Powell,PF,26,LAL,14,73,.423,11.6,,.962,.269,.077,.308,.308,.038,,.400,.571,.000,.375,.375,1.000,,.800,1.000,,.038,1,,.000,,,0,0,poweljo01
147,Ronnie Price,PG,25,UTA,2,16,.300,11.9,,.700,.500,.000,.000,.200,.300,,.429,.400,,,.500,.000,,.000,,,.100,1,,.000,,,0,0,pricero01
148,Tayshaun Prince,SF,28,DET,4,129,.259,14.2,,.815,.148,.185,.148,.333,.185,,.273,.500,.200,.000,.333,.200,,.500,1.000,,.037,1,,.800,.250,,0,0,princta01
149,Gabe Pruitt,SG,22,BOS,4,11,.000,22.2,,.667,.000,.000,.000,.667,.333,,.000,,,,.000,.000,,,,,.000,0,,.000,,,0,0,pruitga01
150,Joel Przybilla,C,29,POR,6,162,.556,0.3,,1.000,.944,.056,.000,.000,.000,,.556,.529,1.000,,,,,.600,,,.056,1,,,,,0,0,przybjo01
151,Chris Quinn,PG,25,MIA,5,24,.429,18.0,,.857,.143,.000,.000,.714,.143,,.500,1.000,,,.400,.000,,.667,,,.000,0,,.000,,,0,0,quinnch01
152,Theo Ratliff,C,35,PHI,6,94,.818,2.7,,1.000,.727,.182,.000,.091,.000,,.818,1.000,.500,,.000,,,1.000,,,.545,6,,,,,0,0,ratlith01
153,JJ Redick,SG,24,ORL,16,327,.373,19.7,,.373,.133,.036,.072,.133,.627,,.323,.455,.333,.333,.182,.404,,.600,.952,,.000,0,,.192,.500,,0,0,redicjj01
154,Jeremy Richardson,SF,24,ORL,1,2,.000,21.6,,1.000,.000,.000,.000,1.000,.000,,.000,,,,.000,,,,,,.000,0,,,,,0,0,richaje01
155,Anthony Roberson,PG,25,CHI,1,4,.750,18.9,,.500,.250,.000,.000,.250,.500,,.500,.000,,,1.000,1.000,,1.000,.000,,.000,0,,.000,,,0,0,roberan02
156,Sergio Rodríguez,PG,22,POR,5,27,.333,5.0,,1.000,.667,.167,.000,.167,.000,,.333,.250,1.000,,.000,,,.500,,,.000,0,,,,,0,0,rodrise01
157,Rajon Rondo,PG,22,BOS,14,577,.417,9.6,,.892,.417,.161,.108,.206,.108,,.437,.548,.361,.292,.348,.250,,.310,.667,,.022,5,,.250,.167,,1,0,rondora01
158,Derrick Rose,PG,20,CHI,7,313,.492,11.2,,.967,.358,.100,.108,.400,.033,,.509,.535,.500,.538,.479,.000,,.288,,,.008,1,,.000,,,0,0,rosede01
159,Brandon Roy,SG,24,POR,6,238,.459,12.7,,.861,.287,.090,.172,.311,.139,,.457,.686,.636,.381,.237,.471,,.125,.500,,.025,2,,.059,1.000,,1,0,roybr01
160,Michael Ruffin,PF,32,POR,1,5,.000,0.0,,1.000,1.000,.000,.000,.000,.000,,.000,.000,,,,,,,,,.000,0,,,,,0,0,ruffimi01
161,John Salmons,SF,29,CHI,7,313,.402,13.8,,.645,.318,.065,.121,.140,.355,,.449,.559,.286,.385,.333,.316,,.484,.500,,.019,2,,.184,.429,,0,0,salmojo01
162,Brian Scalabrine,C,30,BOS,12,246,.423,20.0,,.442,.077,.058,.038,.269,.558,,.391,.250,.333,.500,.429,.448,,.889,1.000,,.000,0,,.517,.467,,0,0,scalabr01
163,Luis Scola,PF,28,HOU,13,424,.494,9.0,,1.000,.404,.128,.077,.391,.000,,.494,.556,.450,.417,.459,,,.610,,,.006,1,,,,,0,0,scolalu01
164,James Singleton,PF,27,DAL,9,42,.500,19.5,,.500,.100,.000,.000,.400,.500,,.600,.000,,,.750,.400,,1.000,1.000,,.100,0,,.400,.500,,0,0,singlja01
165,J.R. Smith,SG,23,DEN,16,435,.454,18.7,,.454,.196,.041,.062,.155,.546,,.568,.684,.625,.500,.433,.358,,.380,.842,,.036,7,,.123,.385,,2,0,smithjr01
166,Joe Smith,C,33,CLE,13,218,.460,11.6,,.900,.300,.120,.140,.340,.100,,.444,.667,.500,.286,.294,.600,,.850,1.000,,.080,3,,1.000,.600,,0,0,smithjo02
167,Josh Smith,PF,23,ATL,11,410,.421,9.4,,.906,.346,.245,.094,.220,.094,,.451,.709,.359,.067,.314,.133,,.738,1.000,,.138,17,,.267,.000,,0,0,smithjo03
168,Marreese Speights,C,21,PHI,3,29,.429,12.6,,1.000,.286,.000,.143,.571,.000,,.429,.000,,1.000,.500,,,1.000,,,.000,0,,,,,0,0,speigma01
169,Peja Stojaković,SF,31,NOH,5,162,.367,17.7,,.469,.163,.041,.122,.143,.531,,.435,.625,.000,.333,.429,.308,,.800,1.000,,.000,0,,.192,.400,,0,0,stojape01
170,Rodney Stuckey,PG,22,DET,4,128,.393,13.6,,.869,.295,.082,.098,.393,.131,,.453,.667,.200,.500,.333,.000,,.333,,,.016,1,,.000,,,1,0,stuckro01
171,Wally Szczerbiak,SF,31,CLE,12,154,.444,17.4,,.667,.111,.111,.111,.333,.333,,.583,1.000,.750,.250,.500,.167,,.643,1.000,,.056,2,,.250,.000,,0,0,szczewa02
172,Jason Terry,SG,31,DAL,10,325,.389,18.4,,.532,.095,.111,.095,.230,.468,,.403,.333,.500,.333,.414,.373,,.370,.818,,.000,0,,.254,.467,,1,0,terryja01
173,Kurt Thomas,PF,36,SAS,5,80,.455,10.2,,1.000,.364,.000,.364,.273,.000,,.455,.750,,.000,.667,,,1.000,,,.000,0,,,,,0,0,thomaku01
174,Tim Thomas,PF,31,CHI,2,15,.300,18.5,,.600,.100,.000,.200,.300,.400,,.333,1.000,,.000,.333,.250,,1.000,1.000,,.100,1,,.250,.000,,0,0,thomati01
175,Tyrus Thomas,PF,22,CHI,7,195,.438,8.9,,.984,.469,.063,.172,.281,.016,,.444,.433,.500,.364,.500,.000,,.750,,,.141,8,,.000,,,1,0,thomaty01
176,Hedo Türkoğlu,SF,29,ORL,24,934,.427,14.4,,.719,.214,.139,.153,.214,.281,,.443,.524,.439,.489,.333,.386,,.223,.656,,.000,0,,.133,.636,,0,0,turkohe01
177,Ime Udoka,SF,31,SAS,5,104,.350,15.2,,.600,.250,.050,.100,.200,.400,,.500,.400,1.000,.500,.500,.125,,.333,1.000,,.000,0,,.375,.333,,0,0,udokaim01
178,Anderson Varejão,PF,26,CLE,14,420,.500,5.0,,1.000,.622,.171,.073,.134,.000,,.500,.647,.357,.000,.273,,,.780,,,.073,4,,,,,0,0,varejan01
179,Jacque Vaughn,PG,33,SAS,2,21,.400,14.7,,1.000,.000,.200,.400,.400,.000,,.400,,1.000,.500,.000,,,.000,,,.000,0,,,,,0,0,vaughja01
180,Sasha Vujačić,SG,24,LAL,23,250,.264,19.9,,.440,.110,.022,.055,.253,.560,,.200,.400,.000,.400,.087,.314,,.750,1.000,,.022,2,,.353,.389,,0,0,vujacsa01
181,Dwyane Wade*,SG,27,MIA,7,285,.439,15.5,,.677,.232,.077,.116,.252,.323,,.476,.528,.500,.389,.462,.360,,.280,.111,,.058,8,,.060,.333,,2,0,wadedw01
182,Von Wafer,SG,23,HOU,13,181,.424,14.4,,.761,.207,.130,.141,.283,.239,,.429,.526,.417,.462,.346,.409,,.400,.889,,.065,5,,.136,.667,,0,0,wafervo01
183,Henry Walker,SF,21,BOS,4,10,.000,2.7,,1.000,.500,.500,.000,.000,.000,,.000,.000,.000,,,,,,,,.500,0,,,,,0,0,walkebi01
184,Ben Wallace*,PF,34,CLE,14,176,.615,1.1,,1.000,.923,.000,.077,.000,.000,,.615,.667,,.000,,,,.875,,,.615,6,,,,,0,0,wallabe01
185,Rasheed Wallace,C,34,DET,4,122,.367,16.1,,.733,.133,.067,.267,.267,.267,,.318,.250,.500,.250,.375,.500,,.429,1.000,,.000,0,,.375,.667,,0,0,wallara01
186,Luke Walton,SF,28,LAL,21,332,.427,12.4,,.787,.253,.213,.147,.173,.213,,.458,.579,.500,.364,.308,.313,,.556,1.000,,.013,1,,.438,.429,,1,0,waltolu01
187,David West,PF,28,NOH,5,178,.400,10.3,,1.000,.300,.138,.238,.325,.000,,.400,.500,.273,.368,.385,,,.625,,,.038,3,,,,,0,0,westda01
188,Delonte West,SG,25,CLE,14,591,.465,13.4,,.771,.248,.102,.185,.236,.229,,.504,.641,.438,.483,.405,.333,,.311,.833,,.019,3,,.472,.235,,0,0,westde01
189,Mario West,SG,24,ATL,11,46,.200,8.0,,.900,.600,.200,.000,.100,.100,,.222,.333,.000,,.000,.000,,.000,,,.100,0,,.000,,,0,0,westma02
190,James White,SF,26,HOU,5,12,.333,14.0,,.778,.222,.111,.111,.333,.222,,.286,.000,1.000,.000,.333,.500,,1.000,.000,,.000,0,,.500,.000,,0,0,whiteja02
191,Deron Williams,PG,24,UTA,5,211,.414,14.2,,.643,.329,.043,.071,.200,.357,,.444,.522,.333,.600,.286,.360,,.400,.667,,.029,2,,.040,.000,,0,0,willide01
192,Lou Williams,SG,22,PHI,6,149,.412,14.1,,.686,.314,.020,.118,.235,.314,,.429,.375,1.000,.333,.500,.375,,.267,1.000,,.020,1,,.250,.250,,0,0,willilo02
193,Marvin Williams,SF,22,ATL,6,97,.345,12.2,,.793,.310,.207,.069,.207,.207,,.391,.667,.333,.000,.167,.167,,.667,.000,,.069,2,,.500,.000,,1,0,willima02
194,Mo Williams,PG,26,CLE,14,541,.408,18.5,,.520,.117,.092,.082,.230,.480,,.441,.391,.444,.438,.467,.372,,.333,.857,,.000,0,,.351,.545,,2,1,willima01
195,Metta World Peace,SF,29,HOU,13,488,.394,16.7,,.591,.256,.030,.059,.246,.409,,.475,.577,.167,.417,.420,.277,,.175,.565,,.015,3,,.169,.286,,2,0,artesro01
196,Antoine Wright,SF,24,DAL,10,167,.488,14.7,,.512,.326,.047,.023,.116,.488,,.591,.643,.500,.000,.600,.381,,.308,.750,,.000,0,,.571,.333,,0,0,wrighan01
197,Dorell Wright,SF,23,MIA,1,3,,,,,,,,,,,,,,,,,,,,,,0,,,,,0,0,wrighdo01
198,Julian Wright,SF,21,NOH,4,32,.429,5.2,,1.000,.571,.143,.143,.143,.000,,.429,.250,.000,1.000,1.000,,,.667,,,.143,1,,,,,0,0,wrighju01
199,Thaddeus Young,PF,20,PHI,6,229,.443,11.1,,.829,.271,.257,.086,.214,.171,,.448,.737,.444,.167,.200,.417,,.423,1.000,,.014,1,,.250,.333,,0,0,youngth01