,,,,,,,,,,% of FGA by Distance,% of FGA by Distance,% of FGA by Distance,% of FGA by Distance,% of FGA by Distance,% of FGA by Distance,,FG% by Distance,FG% by Distance,FG% by Distance,FG% by Distance,FG% by Distance,FG% by Distance,,% of FG Ast'd,% of FG Ast'd,,Dunks,Dunks,,Corner 3s,Corner 3s,,Heaves,Heaves,-additional
Rk,Player,Pos,Age,Tm,G,MP,FG%,Dist.,,2P,0-3,3-10,10-16,16-3P,3P,,2P,0-3,3-10,10-16,16-3P,3P,,2P,3P,,%FGA,#,,%3PA,3P%,,Att.,#,-9999
1,Arron Afflalo,SG,24,DEN,6,120,.625,12.6,,.563,.344,.156,.031,.031,.438,,.778,1.000,.600,.000,.000,.429,,.571,1.000,,.000,0,,.786,.455,,0,0,afflaar01
2,LaMarcus Aldridge,PF,24,POR,6,229,.430,13.3,,.978,.183,.108,.204,.484,.022,,.429,.882,.400,.579,.200,.500,,.641,1.000,,.065,6,,.500,1.000,,0,0,aldrila01
3,Malik Allen,PF,31,DEN,4,11,.000,7.2,,1.000,.000,1.000,.000,.000,.000,,.000,,.000,,,,,,,,.000,0,,,,,0,0,allenma01
4,Ray Allen*,SG,34,BOS,24,925,.431,17.1,,.523,.201,.049,.063,.211,.477,,.472,.541,.400,.316,.469,.386,,.667,.929,,.007,2,,.303,.477,,0,0,allenra02
5,Tony Allen,SG,28,BOS,24,391,.480,5.3,,.949,.673,.143,.071,.061,.051,,.505,.561,.357,.286,.500,.000,,.787,,,.082,8,,.400,.000,,1,0,allento01
6,Lou Amundson,PF,27,PHO,16,194,.528,2.8,,1.000,.750,.083,.139,.028,.000,,.528,.556,.000,.600,1.000,,,.632,,,.167,6,,,,,0,0,amundlo01
7,Chris Andersen,PF,31,DEN,6,116,.529,4.2,,1.000,.765,.000,.059,.176,.000,,.529,.538,,1.000,.333,,,.889,,,.235,3,,,,,0,0,anderch01
8,Ryan Anderson,PF,21,ORL,9,89,.310,13.2,,.517,.448,.000,.034,.034,.483,,.333,.385,,.000,.000,.286,,.600,1.000,,.034,1,,.286,.500,,0,0,anderry01
9,Carmelo Anthony,SF,25,DEN,6,254,.464,11.4,,.862,.362,.051,.188,.261,.138,,.487,.560,.429,.462,.417,.316,,.276,.833,,.014,2,,.211,.250,,1,0,anthoca01
10,Joel Anthony,C,27,MIA,5,79,.714,1.0,,1.000,1.000,.000,.000,.000,.000,,.714,.714,,,,,,.800,,,.286,2,,,,,0,0,anthojo01
11,Carlos Arroyo,PG,30,MIA,5,115,.462,17.3,,.962,.077,.038,.115,.731,.038,,.480,.000,.000,.333,.579,.000,,.583,,,.000,0,,1.000,.000,,0,0,arroyca01
12,D.J. Augustin,PG,22,CHA,4,73,.294,16.2,,.647,.235,.000,.059,.353,.353,,.273,.500,,1.000,.000,.333,,.000,1.000,,.000,0,,.167,1.000,,0,0,augusdj01
13,Jeff Ayres,C,22,POR,3,17,.500,2.7,,1.000,.750,.000,.250,.000,.000,,.500,.667,,.000,,,,.500,,,.750,2,,,,,0,0,pendeje02
14,Leandro Barbosa,PG,27,PHO,16,250,.417,13.5,,.660,.340,.087,.039,.194,.340,,.456,.514,.222,.000,.550,.343,,.129,.750,,.000,0,,.286,.400,,0,0,barbole01
15,J.J. Barea,PG,25,DAL,6,105,.405,10.9,,.730,.378,.243,.054,.054,.270,,.407,.643,.222,.000,.000,.400,,.273,.750,,.000,0,,.500,.200,,1,0,bareajo01
16,Matt Barnes,SF,29,ORL,14,326,.400,12.8,,.573,.413,.067,.013,.080,.427,,.419,.484,.200,.000,.333,.375,,.889,.917,,.080,5,,.500,.375,,0,0,barnema02
17,Brandon Bass,PF,24,ORL,7,42,.538,10.6,,1.000,.154,.308,.385,.154,.000,,.538,1.000,.250,.800,.000,,,.143,,,.077,1,,,,,0,0,bassbr01
18,Nicolas Batum,SF,21,POR,6,139,.459,16.7,,.432,.324,.000,.000,.108,.568,,.500,.583,,,.250,.429,,.625,.889,,.108,4,,.524,.273,,1,0,batumni01
19,Jerryd Bayless,SG,21,POR,6,166,.431,11.9,,.769,.354,.169,.015,.231,.231,,.440,.609,.273,1.000,.267,.400,,.409,1.000,,.046,2,,.200,.667,,0,0,bayleje01
20,Michael Beasley,PF,21,MIA,5,135,.449,9.2,,.959,.429,.082,.204,.245,.041,,.447,.524,.000,.400,.500,.500,,.571,1.000,,.082,4,,.000,,,0,0,beaslmi01
21,Rodrigue Beaubois,PG,21,DAL,4,31,.474,11.8,,.684,.316,.158,.158,.053,.316,,.538,.667,.667,.333,.000,.333,,.143,.000,,.000,0,,.000,,,0,0,beaubro01
22,Charlie Bell,SG,30,MIL,3,8,.000,30.4,,.500,.000,.000,.000,.500,.500,,.000,,,,.000,.000,,,,,.000,0,,.000,,,0,0,bellch01
23,Mike Bibby,PG,31,ATL,11,292,.450,20.4,,.575,.038,.025,.038,.475,.425,,.478,.667,.000,.333,.500,.412,,.545,.929,,.000,0,,.324,.545,,0,0,bibbymi01
24,Chauncey Billups,PG,33,DEN,6,207,.446,14.8,,.627,.265,.072,.108,.181,.373,,.500,.636,.667,.333,.333,.355,,.192,.636,,.000,0,,.129,.500,,0,0,billuch01
25,DeJuan Blair,PF,20,SAS,10,91,.500,1.8,,1.000,.813,.188,.000,.000,.000,,.500,.500,.500,,,,,.563,,,.094,2,,,,,0,0,blairde01
26,Keith Bogans,SF,29,SAS,8,55,.200,15.1,,.400,.300,.100,.000,.000,.600,,.250,.333,.000,,,.167,,1.000,1.000,,.000,0,,.167,.000,,0,0,boganke01
27,Matt Bonner,PF,29,SAS,10,173,.432,18.4,,.386,.091,.159,.091,.045,.614,,.529,.500,.429,1.000,.000,.370,,.333,1.000,,.000,0,,.222,.333,,0,0,bonnema01
28,Carlos Boozer,PF,28,UTA,10,402,.530,8.0,,1.000,.440,.107,.185,.268,.000,,.530,.635,.389,.581,.378,,,.640,,,.060,8,,,,,0,0,boozeca01
29,Primož Brezec,C,30,MIL,4,25,.571,8.8,,1.000,.286,.286,.286,.143,.000,,.571,1.000,.500,.500,.000,,,.750,,,.000,0,,,,,0,0,brezepr01
30,Derrick Brown,SF,22,CHA,2,1,1.000,0.0,,1.000,1.000,.000,.000,.000,.000,,1.000,1.000,,,,,,1.000,,,.000,0,,,,,0,0,brownde04
31,Devin Brown,SG,31,CHI,1,2,1.000,0.0,,1.000,1.000,.000,.000,.000,.000,,1.000,1.000,,,,,,1.000,,,.000,0,,,,,0,0,brownde02
32,Shannon Brown,SG,24,LAL,23,324,.393,15.2,,.701,.280,.084,.065,.271,.299,,.440,.567,.333,.286,.379,.281,,.636,1.000,,.056,6,,.281,.333,,2,0,brownsh01
33,Kobe Bryant*,SG,31,LAL,23,923,.458,15.1,,.744,.160,.143,.198,.243,.256,,.487,.549,.521,.475,.435,.374,,.270,.612,,.014,7,,.084,.364,,2,0,bryanko01
34,Caron Butler,SG,29,DAL,6,202,.434,14.1,,.768,.222,.131,.091,.323,.232,,.474,.682,.231,.333,.469,.304,,.556,.571,,.051,4,,.522,.333,,1,0,butleca01
35,Andrew Bynum,C,22,LAL,23,561,.537,2.6,,1.000,.651,.295,.054,.000,.000,,.537,.608,.455,.125,,,,.675,,,.228,33,,,,,0,0,bynuman01
36,Marcus Camby,C,35,POR,6,178,.421,10.0,,.974,.474,.079,.079,.342,.026,,.432,.500,.333,.000,.462,.000,,.563,,,.079,2,,.000,,,1,0,cambyma01
37,Matt Carroll,SG,29,DAL,1,5,1.000,19.3,,1.000,.000,.000,.000,1.000,.000,,1.000,,,,1.000,,,1.000,,,.000,0,,,,,0,0,carroma01
38,Anthony Carter,PG,34,DEN,1,7,.000,21.7,,1.000,.000,.000,.000,1.000,.000,,.000,,,,.000,,,,,,.000,0,,,,,0,0,cartean01
39,Vince Carter,SG,33,ORL,14,480,.402,14.1,,.723,.239,.109,.185,.190,.277,,.466,.545,.600,.324,.429,.235,,.194,.917,,.022,4,,.196,.300,,1,0,cartevi01
40,Mario Chalmers,PG,23,MIA,5,131,.450,18.6,,.500,.175,.100,.075,.150,.500,,.550,.429,.750,.667,.500,.350,,.364,1.000,,.000,0,,.200,.250,,1,0,chalmma01
41,Tyson Chandler,C,27,CHA,4,60,.545,3.1,,1.000,.727,.182,.000,.091,.000,,.545,.750,.000,,.000,,,.833,,,.273,3,,,,,0,0,chandty01
42,Earl Clark,PF,22,PHO,3,13,.333,9.8,,1.000,.333,.000,.333,.333,.000,,.333,1.000,,.000,.000,,,1.000,,,.333,1,,,,,0,0,clarkea01
43,Jarron Collins,C,31,PHO,11,115,.333,9.0,,1.000,.333,.200,.333,.133,.000,,.333,.400,.333,.200,.500,,,1.000,,,.000,0,,,,,0,0,collija03
44,Jason Collins,C,31,ATL,3,10,.600,6.2,,1.000,.600,.000,.200,.200,.000,,.600,.667,,1.000,.000,,,.667,,,.000,0,,,,,0,0,collija04
45,Nick Collison,C,29,OKC,6,129,.333,5.1,,.958,.708,.042,.042,.167,.042,,.348,.412,.000,.000,.250,.000,,.625,,,.083,2,,.000,,,0,0,collini01
46,Jamal Crawford,SG,29,ATL,11,351,.364,15.8,,.675,.195,.071,.117,.292,.325,,.365,.433,.636,.278,.289,.360,,.316,.833,,.006,0,,.360,.333,,0,0,crawfja01
47,Dante Cunningham,PF,22,POR,5,42,.600,11.8,,.933,.333,.067,.133,.400,.067,,.643,.800,1.000,.500,.500,.000,,.667,,,.067,1,,.000,,,0,0,cunnida01
48,Erick Dampier,C,34,DAL,5,118,.000,2.2,,1.000,.750,.250,.000,.000,.000,,.000,.000,.000,,,,,,,,.000,0,,,,,0,0,dampier01
49,Marquis Daniels,SF,29,BOS,11,37,.385,11.1,,.846,.154,.308,.308,.077,.154,,.364,1.000,.250,.000,1.000,.500,,.500,1.000,,.000,0,,1.000,.500,,0,0,daniema01
50,Glen Davis,PF,24,BOS,24,483,.476,7.4,,.976,.565,.089,.073,.250,.024,,.488,.586,.364,.333,.355,.000,,.831,,,.024,3,,.333,.000,,0,0,davisgl01
51,Carlos Delfino,SF,27,MIL,7,226,.356,15.8,,.493,.247,.096,.041,.110,.507,,.306,.556,.143,.000,.000,.405,,.364,1.000,,.014,1,,.541,.400,,0,0,delfica01
52,Luol Deng,SF,24,CHI,5,203,.463,13.6,,.850,.250,.100,.075,.425,.150,,.529,.650,.500,.667,.441,.083,,.583,1.000,,.050,3,,.667,.000,,0,0,denglu01
53,Boris Diaw,PF,27,CHA,4,152,.500,14.1,,.679,.214,.214,.107,.143,.321,,.684,.833,.667,.667,.500,.111,,.692,1.000,,.036,1,,.000,,,0,0,diawbo01
54,Travis Diener,PG,27,POR,2,7,,,,,,,,,,,,,,,,,,,,,,0,,,,,0,0,dienetr01
55,Goran Dragić,PG,23,PHO,16,237,.430,14.4,,.600,.280,.120,.060,.140,.400,,.500,.571,.500,.500,.357,.325,,.200,.462,,.010,0,,.175,.571,,0,0,dragigo01
56,Jared Dudley,SF,24,PHO,16,377,.465,17.7,,.314,.244,.035,.012,.023,.686,,.556,.571,.333,1.000,.500,.424,,.400,1.000,,.000,0,,.407,.458,,0,0,dudleja01
57,Tim Duncan*,C,33,SAS,10,373,.520,6.7,,.987,.360,.380,.200,.047,.013,,.520,.722,.456,.367,.143,.500,,.558,1.000,,.073,8,,.000,,,0,0,duncati01
58,Kevin Durant,SF,21,OKC,6,231,.350,14.5,,.715,.228,.089,.187,.211,.285,,.375,.464,.364,.304,.346,.286,,.576,.600,,.057,6,,.029,.000,,1,0,duranke01
59,Maurice Evans,SF,31,ATL,11,148,.297,13.6,,.730,.297,.081,.054,.297,.270,,.296,.273,.333,.500,.273,.300,,.500,1.000,,.027,1,,.600,.167,,0,0,evansma01
60,Jordan Farmar,PG,23,LAL,23,301,.404,16.6,,.468,.255,.053,.053,.106,.532,,.409,.500,.200,.200,.400,.400,,.500,.900,,.021,2,,.300,.600,,1,0,farmajo01
61,Raymond Felton,PG,25,CHA,4,130,.405,13.6,,.690,.357,.024,.071,.238,.310,,.448,.467,1.000,.333,.400,.308,,.385,1.000,,.000,0,,.000,,,0,0,feltora01
62,Rudy Fernández,SG,24,POR,6,119,.444,23.0,,.148,.037,.000,.037,.074,.852,,.250,.000,,1.000,.000,.478,,.000,.818,,.000,0,,.043,.000,,0,0,fernaru01
63,Kyrylo Fesenko,C,23,UTA,10,181,.433,1.5,,1.000,.733,.233,.033,.000,.000,,.433,.500,.286,.000,,,,.769,,,.200,6,,,,,0,0,fesenky01
64,Michael Finley,SF,36,BOS,18,108,.250,21.6,,.450,.000,.000,.100,.350,.550,,.222,,,.500,.143,.273,,.500,1.000,,.000,0,,.182,.500,,0,0,finlemi01
65,Derek Fisher,PG,35,LAL,23,754,.448,17.9,,.590,.148,.055,.071,.317,.410,,.509,.481,.600,.538,.500,.360,,.455,.926,,.000,0,,.240,.278,,0,0,fishede01
66,Channing Frye,C,26,PHO,16,435,.364,21.6,,.271,.068,.042,.025,.136,.729,,.406,.500,.400,.333,.375,.349,,.769,1.000,,.008,1,,.163,.429,,0,0,fryech01
67,Dan Gadzuric,C,31,MIL,7,76,.529,5.7,,1.000,.529,.176,.118,.176,.000,,.529,.667,.000,.000,1.000,,,.778,,,.118,2,,,,,0,0,gadzuda01
68,Sundiata Gaines,PG,23,UTA,5,7,.833,12.9,,.833,.333,.000,.167,.333,.167,,.800,1.000,,1.000,.500,1.000,,.000,1.000,,.000,0,,.000,,,0,0,gainesu01
69,Kevin Garnett*,PF,33,BOS,23,766,.495,10.1,,.993,.282,.223,.173,.316,.007,,.498,.612,.478,.385,.474,.000,,.664,,,.050,13,,.000,,,0,0,garneke01
70,Pau Gasol*,C,29,LAL,23,913,.539,6.9,,.990,.408,.265,.193,.124,.010,,.545,.632,.481,.475,.500,.000,,.539,,,.078,22,,.333,.000,,0,0,gasolpa01
71,Daniel Gibson,PG,23,CLE,5,23,.286,20.4,,.429,.000,.143,.000,.286,.571,,.333,,1.000,,.000,.250,,.000,1.000,,.000,0,,.500,.500,,0,0,gibsoda01
72,Taj Gibson,PF,24,CHI,5,145,.421,10.2,,1.000,.263,.184,.289,.263,.000,,.421,.600,.286,.364,.400,,,.750,,,.105,3,,,,,0,0,gibsota01
73,Manu Ginóbili*,SG,32,SAS,10,352,.414,14.8,,.571,.257,.121,.086,.107,.429,,.475,.611,.353,.417,.333,.333,,.237,.900,,.014,2,,.200,.417,,1,0,ginobma01
74,Marcin Gortat,C,25,ORL,14,212,.654,1.9,,1.000,.731,.231,.038,.000,.000,,.654,.737,.500,.000,,,,.706,,,.269,5,,,,,0,0,gortama01
75,Joey Graham,SF,27,DEN,4,29,.588,8.4,,.824,.529,.059,.118,.118,.176,,.643,.667,1.000,.000,1.000,.333,,.778,1.000,,.118,2,,1.000,.333,,0,0,grahajo01
76,Stephen Graham,SG,27,CHA,2,5,.000,17.2,,.750,.000,.250,.000,.500,.250,,.000,,.000,,.000,.000,,,,,.000,0,,.000,,,0,0,grahast01
77,Jeff Green,PF,23,OKC,6,224,.329,12.8,,.614,.386,.071,.057,.100,.386,,.349,.407,.400,.000,.286,.296,,.600,1.000,,.071,4,,.222,.500,,0,0,greenje02
78,James Harden,SG,20,OKC,6,120,.387,13.8,,.484,.387,.065,.000,.032,.516,,.400,.333,.500,,1.000,.375,,.500,1.000,,.032,1,,.500,.375,,0,0,hardeja01
79,Udonis Haslem,PF,29,MIA,5,142,.351,10.8,,1.000,.243,.189,.216,.351,.000,,.351,.444,.286,.125,.462,,,.846,,,.081,2,,,,,0,0,hasleud01
80,Brendan Haywood,C,30,DAL,6,139,.571,1.6,,1.000,.810,.190,.000,.000,.000,,.571,.647,.250,,,,,.500,,,.238,4,,,,,0,0,haywobr01
81,J.J. Hickson,PF,21,CLE,11,79,.636,5.3,,1.000,.591,.182,.091,.136,.000,,.636,.846,.250,.500,.333,,,.929,,,.136,3,,,,,0,0,hicksjj01
82,Nenê,C,27,DEN,5,169,.621,3.3,,1.000,.759,.069,.069,.103,.000,,.621,.773,.000,.500,.000,,,.778,,,.310,8,,,,,0,0,hilarne01
83,George Hill,PG,23,SAS,10,344,.451,14.4,,.716,.196,.118,.137,.265,.284,,.479,.550,.417,.429,.481,.379,,.429,1.000,,.010,1,,.931,.370,,0,0,hillge01
84,Grant Hill*,SF,37,PHO,16,452,.480,13.4,,.870,.154,.130,.317,.268,.130,,.523,.684,.438,.538,.455,.188,,.536,1.000,,.024,3,,.875,.214,,0,0,hillgr01
85,Kirk Hinrich,SG,29,CHI,5,196,.423,19.6,,.692,.019,.077,.038,.558,.308,,.389,.000,.000,.500,.448,.500,,.429,1.000,,.000,0,,.125,1.000,,0,0,hinriki01
86,Al Horford,C,23,ATL,11,388,.523,8.8,,.992,.320,.273,.117,.281,.008,,.520,.634,.400,.533,.500,1.000,,.606,1.000,,.070,8,,.000,,,0,0,horfoal01
87,Dwight Howard,C,24,ORL,14,497,.614,3.0,,1.000,.543,.436,.021,.000,.000,,.614,.697,.492,1.000,,,,.605,,,.264,36,,,,,0,0,howardw01
88,Juwan Howard,C,36,POR,6,87,.526,10.8,,1.000,.211,.211,.421,.158,.000,,.526,.750,.500,.500,.333,,,.500,,,.000,0,,,,,0,0,howarju01
89,Larry Hughes,SG,31,CHA,4,58,.471,20.4,,.412,.118,.059,.000,.235,.588,,.571,.500,1.000,,.500,.400,,.500,1.000,,.000,0,,.000,,,0,0,hughela01
90,Serge Ibaka,PF,20,OKC,6,153,.571,8.5,,1.000,.343,.229,.143,.286,.000,,.571,.750,.625,.600,.300,,,.650,,,.143,5,,,,,0,0,ibakase01
91,Zydrunas Ilgauskas,C,34,CLE,7,69,.385,12.7,,1.000,.308,.000,.077,.615,.000,,.385,.500,,.000,.375,,,.800,,,.000,0,,,,,0,0,ilgauzy01
92,D.J. Mbenga,C,29,LAL,3,12,.333,13.8,,1.000,.000,.000,.833,.167,.000,,.333,,,.200,1.000,,,1.000,,,.000,0,,,,,0,0,mbengdj01
93,Ersan İlyasova,PF,22,MIL,7,157,.480,11.3,,.720,.400,.120,.040,.160,.280,,.528,.550,.667,.500,.375,.357,,.632,1.000,,.000,0,,.214,.667,,0,0,ilyaser01
94,Royal Ivey,SG,28,MIL,3,11,.333,11.9,,.667,.500,.000,.167,.000,.333,,.500,.667,,.000,,.000,,.000,,,.000,0,,.500,.000,,0,0,iveyro01
95,Stephen Jackson,SG,31,CHA,4,156,.358,12.7,,.731,.388,.090,.030,.224,.269,,.429,.462,.167,.500,.467,.167,,.429,1.000,,.045,3,,.222,.000,,1,0,jacksst02
96,LeBron James,SF,25,CLE,11,460,.502,12.8,,.763,.351,.118,.038,.256,.237,,.534,.689,.440,.375,.389,.400,,.360,.350,,.062,13,,.100,.200,,0,0,jamesle01
97,Antawn Jamison,PF,33,CLE,11,375,.467,11.9,,.715,.343,.168,.073,.131,.285,,.551,.660,.522,.400,.389,.256,,.778,1.000,,.029,4,,.231,.222,,0,0,jamisan01
98,Othyus Jeffers,SG,24,UTA,6,10,.167,0.0,,1.000,1.000,.000,.000,.000,.000,,.167,.167,,,,,,1.000,,,.000,0,,,,,0,0,jeffeot01
99,Richard Jefferson,SF,29,SAS,10,334,.486,11.6,,.929,.329,.129,.100,.371,.071,,.508,.696,.444,.571,.346,.200,,.667,1.000,,.100,6,,.200,.000,,1,0,jefferi01
100,Brandon Jennings,PG,20,MIL,7,249,.408,13.6,,.658,.342,.117,.050,.150,.342,,.468,.488,.643,.333,.333,.293,,.135,.417,,.000,0,,.049,.000,,0,0,jennibr01
101,Anthony Johnson,PG,35,ORL,1,5,.500,12.1,,.500,.500,.000,.000,.000,.500,,1.000,1.000,,,,.000,,.000,,,.000,0,,1.000,.000,,0,0,johnsan02
102,James Johnson,PF,22,CHI,4,20,.000,13.5,,.500,.500,.000,.000,.000,.500,,.000,.000,,,,.000,,,,,.000,0,,.000,,,0,0,johnsja01
103,Joe Johnson,SG,28,ATL,11,440,.387,13.9,,.794,.166,.196,.126,.307,.206,,.430,.545,.410,.280,.443,.220,,.221,.667,,.015,3,,.244,.400,,1,0,johnsjo02
104,Dwayne Jones,PF,26,PHO,2,10,.500,0.0,,1.000,1.000,.000,.000,.000,.000,,.500,.500,,,,,,1.000,,,.500,1,,,,,0,0,jonesdw02
105,James Jones,SF,29,MIA,1,9,.000,24.1,,.000,.000,.000,.000,.000,1.000,,,,,,,.000,,,,,.000,0,,.000,,,0,0,jonesja02
106,Jason Kidd*,PG,36,DAL,6,243,.304,18.2,,.391,.152,.087,.065,.087,.609,,.278,.286,.250,.000,.500,.321,,.400,.889,,.000,0,,.179,.200,,0,0,kiddja01
107,Andrei Kirilenko,SF,28,UTA,2,30,.500,9.0,,.900,.500,.100,.000,.300,.100,,.556,.800,.000,,.333,.000,,.600,,,.200,2,,.000,,,0,0,kirilan01
108,Kyle Korver,SG,28,UTA,10,210,.525,19.1,,.623,.098,.016,.033,.475,.377,,.553,.667,1.000,.500,.517,.478,,.762,.909,,.000,0,,.391,.333,,0,0,korveky01
109,Kosta Koufos,C,20,UTA,9,31,.400,7.5,,1.000,.300,.500,.000,.200,.000,,.400,.333,.400,,.500,,,.250,,,.000,0,,,,,0,0,koufoko01
110,Nenad Krstić,C,26,OKC,6,129,.405,10.5,,1.000,.351,.108,.162,.378,.000,,.405,.538,.500,.167,.357,,,.667,,,.027,1,,,,,0,0,krstine01
111,Ty Lawson,PG,22,DEN,6,118,.429,8.6,,.714,.600,.057,.000,.057,.286,,.440,.476,.000,,.500,.400,,.182,1.000,,.029,1,,.100,1.000,,0,0,lawsoty01
112,Rashard Lewis,PF,30,ORL,14,512,.462,17.4,,.476,.140,.098,.119,.119,.524,,.559,.550,.571,.647,.471,.373,,.289,.964,,.007,1,,.373,.393,,0,0,lewisra02
113,Robin Lopez,C,21,PHO,6,104,.543,3.3,,1.000,.686,.200,.057,.057,.000,,.543,.583,.286,.500,1.000,,,.684,,,.171,6,,,,,0,0,lopezro01
114,Jamaal Magloire,C,31,MIA,1,5,.000,3.0,,1.000,.500,.500,.000,.000,.000,,.000,.000,.000,,,,,,,,.000,0,,,,,0,0,magloja01
115,Ian Mahinmi,C,23,SAS,2,19,.500,6.2,,1.000,.500,.167,.167,.167,.000,,.500,1.000,.000,.000,.000,,,.667,,,.167,1,,,,,0,0,mahinia01
116,Shawn Marion,SF,31,DAL,6,148,.407,6.2,,.932,.390,.441,.085,.017,.068,,.436,.565,.385,.200,.000,.000,,.667,,,.034,1,,.750,.000,,0,0,mariosh01
117,Kenyon Martin,PF,32,DEN,6,205,.480,7.8,,.980,.560,.080,.100,.240,.020,,.490,.643,.750,.000,.250,.000,,.667,,,.200,9,,.000,,,1,0,martike01
118,Roger Mason,SG,29,SAS,6,61,.083,21.3,,.417,.083,.000,.000,.333,.583,,.000,.000,,,.000,.143,,,1.000,,.000,0,,.286,.000,,0,0,masonro01
119,Wesley Matthews,SG,23,UTA,10,371,.386,12.8,,.584,.376,.099,.030,.079,.416,,.407,.526,.300,.000,.125,.357,,.542,.933,,.069,6,,.357,.467,,0,0,matthwe02
120,Eric Maynor,PG,22,OKC,6,76,.300,12.6,,.700,.250,.200,.150,.100,.300,,.357,.000,.250,1.000,.500,.167,,.000,.000,,.000,0,,.000,,,0,0,maynoer01
121,Luc Mbah a Moute,PF,23,MIL,7,178,.520,4.6,,.960,.740,.080,.060,.080,.040,,.542,.649,.250,.000,.250,.000,,.577,,,.020,1,,.000,,,0,0,mbahalu01
122,Antonio McDyess,PF,35,SAS,10,247,.532,14.0,,1.000,.210,.016,.113,.661,.000,,.532,.769,.000,.286,.512,,,.909,,,.097,6,,,,,0,0,mcdyean01
123,C.J. Miles,SF,22,UTA,10,337,.443,15.1,,.566,.255,.113,.075,.123,.434,,.533,.741,.333,.500,.308,.326,,.531,1.000,,.028,3,,.065,.333,,0,0,milescj01
124,Andre Miller,PG,33,POR,6,210,.405,10.4,,.905,.351,.149,.135,.270,.095,,.403,.423,.364,.600,.300,.429,,.370,1.000,,.000,0,,.000,,,0,0,millean02
125,Brad Miller,C,33,CHI,5,93,.370,10.3,,.852,.333,.222,.074,.222,.148,,.435,.333,.500,.500,.500,.000,,.800,,,.000,0,,.000,,,0,0,millebr01
126,Patty Mills,PG,21,POR,3,12,.500,6.3,,.750,.750,.000,.000,.000,.250,,.333,.333,,,,1.000,,1.000,1.000,,.000,0,,.000,,,0,0,millspa02
127,Paul Millsap,PF,24,UTA,10,323,.574,6.9,,.984,.475,.197,.139,.172,.016,,.583,.690,.583,.235,.571,.000,,.714,,,.025,3,,.500,.000,,1,0,millspa01
128,Nazr Mohammed,C,32,CHA,4,48,.579,6.0,,1.000,.474,.211,.211,.105,.000,,.579,.889,.250,.250,.500,,,.545,,,.000,0,,,,,0,0,mohamna01
129,Jamario Moon,SF,29,CLE,11,113,.583,17.4,,.333,.250,.042,.042,.000,.667,,.750,.833,.000,1.000,,.500,,1.000,.875,,.125,3,,.500,.375,,0,0,moonja01
130,Randolph Morris,PF,24,ATL,3,10,.500,0.8,,1.000,1.000,.000,.000,.000,.000,,.500,.500,,,,,,1.000,,,.000,0,,,,,0,0,morrira01
131,Adam Morrison,SF,25,LAL,2,13,.444,12.4,,.778,.222,.333,.000,.222,.222,,.571,1.000,.333,,.500,.000,,.500,,,.000,0,,.000,,,0,0,morriad01
132,Byron Mullens,PF,20,OKC,1,4,.000,17.2,,1.000,.000,.000,.500,.500,.000,,.000,,,.000,.000,,,,,,.000,0,,,,,0,0,mulleby01
133,Ronald Murray,SG,30,CHI,5,97,.405,14.6,,.676,.297,.054,.027,.297,.324,,.440,.636,.000,.000,.364,.333,,.273,.500,,.054,2,,.083,.000,,0,0,murraro01
134,Eduardo Nájera,PF,33,DAL,5,36,.250,15.2,,.375,.375,.000,.000,.000,.625,,.667,.667,,,,.000,,.000,,,.000,0,,.200,.000,,0,0,najered01
135,Steve Nash*,PG,35,PHO,16,539,.518,15.1,,.738,.152,.152,.173,.262,.262,,.567,.724,.517,.576,.500,.380,,.075,.526,,.000,0,,.040,.500,,0,0,nashst01
136,Jameer Nelson,PG,27,ORL,14,479,.479,16.3,,.558,.263,.058,.079,.158,.442,,.547,.600,.545,.600,.433,.393,,.155,.424,,.000,0,,.083,.714,,0,0,nelsoja01
137,Joakim Noah,C,24,CHI,5,188,.528,5.7,,1.000,.547,.208,.057,.189,.000,,.528,.621,.545,.667,.200,,,.571,,,.113,6,,,,,0,0,noahjo01
138,Dirk Nowitzki*,PF,31,DAL,6,233,.547,12.7,,.934,.142,.151,.358,.283,.066,,.545,.733,.500,.605,.400,.571,,.426,1.000,,.000,0,,.143,1.000,,0,0,nowitdi01
139,Jermaine O'Neal,C,31,MIA,5,117,.205,10.3,,1.000,.227,.205,.341,.227,.000,,.205,.500,.000,.200,.100,,,.889,,,.091,4,,,,,0,0,onealje01
140,Shaquille O'Neal*,C,37,CLE,11,243,.516,3.2,,1.000,.624,.355,.022,.000,.000,,.516,.621,.333,.500,,,,.583,,,.194,17,,,,,0,0,onealsh01
141,Lamar Odom,PF,30,LAL,23,667,.469,9.0,,.789,.474,.191,.041,.082,.211,,.529,.663,.432,.250,.125,.244,,.469,.900,,.046,7,,.195,.375,,1,0,odomla01
142,Mehmet Okur,C,30,UTA,1,11,1.000,12.4,,.500,.500,.000,.000,.000,.500,,1.000,1.000,,,,1.000,,.000,1.000,,.000,0,,.000,,,0,0,okurme01
143,Kevin Ollie,PG,37,OKC,1,5,.000,12.5,,1.000,.000,.000,1.000,.000,.000,,.000,,,.000,,,,,,,.000,0,,,,,0,0,ollieke01
144,Zaza Pachulia,C,25,ATL,11,161,.514,6.9,,1.000,.486,.171,.143,.200,.000,,.514,.706,.333,.600,.143,,,.556,,,.057,2,,,,,0,0,pachuza01
145,Jannero Pargo,PG,30,CHI,2,8,.200,16.0,,.600,.200,.000,.400,.000,.400,,.000,.000,,.000,,.500,,,1.000,,.000,0,,.000,,,0,0,pargoja01
146,Anthony Parker,SG,34,CLE,11,331,.469,19.4,,.313,.109,.109,.016,.078,.688,,.500,.571,.429,.000,.600,.455,,.700,1.000,,.016,1,,.477,.524,,0,0,parkean01
147,Tony Parker*,PG,27,SAS,10,335,.474,10.0,,.981,.286,.260,.136,.299,.019,,.470,.545,.550,.381,.370,.667,,.169,1.000,,.000,0,,.333,.000,,0,0,parketo01
148,Kendrick Perkins,C,25,BOS,23,575,.510,4.7,,.990,.563,.292,.094,.042,.010,,.516,.630,.321,.556,.250,.000,,.673,,,.063,6,,.000,,,1,0,perkike01
149,Johan Petro,C,24,DEN,6,45,.545,5.9,,1.000,.455,.273,.091,.182,.000,,.545,.600,1.000,.000,.000,,,.667,,,.182,1,,,,,0,0,petrojo01
150,Paul Pierce*,SF,32,BOS,24,930,.438,15.1,,.696,.226,.065,.134,.271,.304,,.457,.553,.455,.378,.418,.392,,.271,.900,,.015,4,,.167,.353,,0,0,piercpa01
151,Mickaël Piétrus,SF,27,ORL,14,282,.438,22.6,,.238,.088,.013,.000,.138,.763,,.368,.571,1.000,,.182,.459,,.571,.929,,.038,3,,.426,.538,,2,0,pietrmi01
152,Leon Powe,SF,26,CLE,3,9,.250,7.4,,1.000,.500,.000,.500,.000,.000,,.250,.500,,.000,,,,1.000,,,.000,0,,,,,0,0,powele01
153,Josh Powell,PF,27,LAL,13,40,.375,14.1,,.875,.250,.000,.250,.375,.125,,.429,1.000,,.000,.333,.000,,.667,,,.250,2,,1.000,.000,,0,0,poweljo01
154,Ronnie Price,PG,26,UTA,10,90,.292,16.3,,.708,.250,.083,.083,.292,.292,,.294,.333,.000,.500,.286,.286,,.600,.500,,.000,0,,.000,,,1,0,pricero01
155,Theo Ratliff,C,36,CHA,4,47,.375,9.6,,1.000,.375,.000,.250,.375,.000,,.375,.667,,.500,.000,,,1.000,,,.250,2,,,,,0,0,ratlith01
156,JJ Redick,SG,25,ORL,14,269,.423,17.9,,.507,.155,.056,.085,.211,.493,,.417,.455,.500,.333,.400,.429,,.533,.800,,.000,0,,.286,.100,,0,0,redicjj01
157,Chris Richard,PF,25,CHI,2,5,,,,,,,,,,,,,,,,,,,,,,0,,,,,0,0,richach01
158,Jason Richardson,SG,29,PHO,16,533,.502,14.9,,.547,.278,.103,.045,.121,.453,,.525,.694,.217,.300,.481,.475,,.547,.896,,.045,10,,.416,.595,,0,0,richaja01
159,Quentin Richardson,SF,29,MIA,5,149,.400,17.3,,.511,.089,.178,.111,.133,.489,,.391,1.000,.375,.200,.167,.409,,.556,.889,,.044,2,,.136,1.000,,0,0,richaqu01
160,Luke Ridnour,PG,28,MIL,7,121,.467,17.0,,.689,.111,.089,.067,.422,.311,,.516,.600,.250,1.000,.474,.357,,.188,.600,,.000,0,,.071,1.000,,0,0,ridnolu01
161,Nate Robinson,PG,25,BOS,17,128,.375,17.1,,.484,.203,.078,.078,.125,.516,,.419,.385,.600,.600,.250,.333,,.231,.545,,.000,0,,.091,.333,,0,0,robinna01
162,Rajon Rondo,PG,23,BOS,24,975,.463,8.4,,.926,.451,.190,.083,.202,.074,,.470,.578,.387,.370,.348,.375,,.366,.667,,.012,3,,.125,.333,,0,0,rondora01
163,Derrick Rose,PG,21,CHI,5,212,.456,10.7,,.952,.264,.232,.136,.320,.048,,.462,.394,.586,.412,.450,.333,,.236,1.000,,.000,0,,.000,,,0,0,rosede01
164,Brandon Roy,SG,25,POR,3,83,.303,16.0,,.636,.242,.061,.061,.273,.364,,.381,.625,.000,.500,.222,.167,,.375,1.000,,.000,0,,.167,.000,,1,0,roybr01
165,John Salmons,SG,30,MIL,7,285,.404,12.6,,.789,.321,.073,.165,.229,.211,,.465,.514,.500,.556,.320,.174,,.225,1.000,,.009,1,,.217,.200,,0,0,salmojo01
166,Brian Scalabrine,PF,31,BOS,1,1,,,,,,,,,,,,,,,,,,,,,,0,,,,,0,0,scalabr01
167,Thabo Sefolosha,SG,25,OKC,6,127,.296,14.0,,.519,.370,.000,.074,.074,.481,,.357,.500,,.000,.000,.231,,.400,1.000,,.074,1,,.538,.286,,0,0,sefolth01
168,J.R. Smith,SG,24,DEN,6,159,.368,19.2,,.456,.175,.053,.053,.175,.544,,.385,.700,.000,.333,.200,.355,,.300,.818,,.070,3,,.097,1.000,,1,0,smithjr01
169,Joe Smith,PF,34,ATL,5,24,.000,10.7,,1.000,.333,.000,.333,.333,.000,,.000,.000,,.000,.000,,,,,,.000,0,,,,,0,0,smithjo02
170,Josh Smith,PF,24,ATL,11,392,.481,6.9,,.953,.519,.202,.047,.186,.047,,.488,.582,.385,.167,.417,.333,,.433,1.000,,.101,13,,.167,1.000,,0,0,smithjo03
171,Jerry Stackhouse,SG,35,MIL,7,144,.326,15.7,,.651,.256,.023,.186,.186,.349,,.321,.455,.000,.250,.250,.333,,.556,1.000,,.047,2,,.400,.833,,1,0,stackje01
172,DeShawn Stevenson,SG,28,DAL,2,6,.000,24.0,,.000,.000,.000,.000,.000,1.000,,,,,,,.000,,,,,.000,0,,.333,.000,,0,0,stevede01
173,Amar'e Stoudemire,PF,27,PHO,16,584,.519,7.2,,.983,.406,.310,.100,.167,.017,,.528,.639,.446,.500,.425,.000,,.629,,,.130,28,,.500,.000,,1,0,stoudam01
174,Jeff Teague,PG,21,ATL,9,59,.333,14.9,,.762,.238,.143,.048,.333,.238,,.313,.600,.000,1.000,.143,.400,,.000,.500,,.000,0,,.000,,,0,0,teaguje01
175,Garrett Temple,SG,23,SAS,6,15,.333,23.2,,.000,.000,.000,.000,.000,1.000,,,,,,,.333,,,1.000,,.000,0,,1.000,.333,,0,0,templga01
176,Jason Terry,SG,32,DAL,6,174,.377,17.2,,.565,.116,.101,.174,.174,.435,,.359,.375,.429,.500,.167,.400,,.714,.833,,.000,0,,.433,.538,,1,0,terryja01
177,Etan Thomas,C,31,OKC,2,17,.833,1.7,,1.000,.667,.333,.000,.000,.000,,.833,.750,1.000,,,,,.800,,,.333,2,,,,,0,0,thomaet01
178,Kurt Thomas,C,37,MIL,7,199,.486,12.5,,1.000,.200,.114,.257,.429,.000,,.486,.857,.750,.222,.400,,,.824,,,.000,0,,,,,0,0,thomaku01
179,Tyrus Thomas,C,23,CHA,4,68,.625,9.6,,1.000,.375,.125,.042,.458,.000,,.625,.778,.333,.000,.636,,,.933,,,.125,3,,,,,0,0,thomaty01
180,Anderson Varejão,PF,27,CLE,11,255,.417,4.6,,.979,.646,.167,.104,.063,.021,,.426,.516,.250,.200,.333,.000,,.850,,,.083,3,,.000,,,0,0,varejan01
181,Sasha Vujačić,SG,25,LAL,10,76,.435,21.5,,.348,.087,.000,.000,.261,.652,,.500,.000,,,.667,.400,,1.000,1.000,,.000,0,,.400,.167,,0,0,vujacsa01
182,Dwyane Wade*,SG,28,MIA,5,210,.564,13.0,,.664,.355,.091,.100,.118,.336,,.644,.795,.500,.364,.538,.405,,.298,.200,,.091,10,,.027,.000,,0,0,wadedw01
183,Gerald Wallace,SF,27,CHA,4,164,.477,10.2,,.750,.523,.023,.000,.205,.250,,.485,.391,1.000,,.667,.455,,.500,1.000,,.023,1,,.545,.667,,0,0,wallage01
184,Rasheed Wallace,C,35,BOS,24,410,.416,16.7,,.560,.112,.168,.152,.128,.440,,.471,.643,.476,.263,.563,.345,,.758,1.000,,.040,5,,.200,.545,,0,0,wallara01
185,Luke Walton,SF,29,LAL,16,96,.304,18.3,,.609,.087,.043,.261,.217,.391,,.357,.000,.000,.500,.400,.222,,.400,1.000,,.000,0,,.778,.286,,1,0,waltolu01
186,Hakim Warrick,PF,27,CHI,3,31,.182,12.4,,.909,.273,.000,.182,.455,.091,,.200,.000,,.500,.200,.000,,.500,,,.000,0,,.000,,,0,0,warriha01
187,Kyle Weaver,SG,23,OKC,1,12,.250,11.0,,.750,.500,.000,.000,.250,.250,,.333,.000,,,1.000,.000,,.000,,,.000,0,,.000,,,0,0,weaveky01
188,Martell Webster,SF,23,POR,6,152,.423,15.1,,.673,.269,.038,.096,.269,.327,,.486,.786,.000,.200,.357,.294,,.471,1.000,,.038,2,,.294,.200,,1,0,webstma02
189,Delonte West,SG,26,CLE,11,269,.418,14.7,,.716,.224,.045,.179,.269,.284,,.521,.467,.000,.583,.611,.158,,.280,1.000,,.030,2,,.421,.250,,0,0,westde01
190,Mario West,SG,25,ATL,7,20,.750,11.2,,.750,.750,.000,.000,.000,.250,,1.000,1.000,,,,.000,,.333,,,.250,1,,.000,,,0,0,westma02
191,Russell Westbrook,PG,21,OKC,6,212,.473,10.5,,.868,.374,.077,.220,.198,.132,,.481,.559,.571,.500,.278,.417,,.132,.800,,.055,5,,.167,.000,,0,0,westbru01
192,Deron Williams,PG,25,UTA,10,398,.450,14.0,,.658,.322,.087,.074,.174,.342,,.480,.521,.692,.273,.385,.392,,.255,.650,,.000,0,,.098,.200,,2,0,willide01
193,Jason Williams,PG,34,ORL,14,192,.342,19.4,,.368,.184,.000,.026,.158,.632,,.500,.857,,.000,.167,.250,,.000,.500,,.000,0,,.208,.000,,0,0,willija02
194,Jawad Williams,PG,26,CLE,3,4,.000,26.5,,.000,.000,.000,.000,.000,1.000,,,,,,,.000,,,,,.000,0,,.000,,,0,0,willija04
195,Marvin Williams,SF,23,ATL,11,345,.392,8.7,,.975,.430,.165,.089,.291,.025,,.390,.441,.308,.286,.391,.500,,.500,1.000,,.063,4,,.500,.000,,0,0,willima02
196,Mo Williams,PG,27,CLE,11,411,.409,17.0,,.591,.142,.102,.110,.236,.409,,.467,.611,.385,.286,.500,.327,,.400,.824,,.008,1,,.192,.200,,0,0,willima01
197,Shelden Williams,PF,26,BOS,8,57,.444,5.9,,1.000,.667,.000,.222,.111,.000,,.444,.500,,.500,.000,,,1.000,,,.222,1,,,,,0,0,willish02
198,Metta World Peace,SF,30,LAL,23,839,.398,15.6,,.539,.287,.047,.047,.157,.461,,.489,.589,.417,.333,.375,.291,,.418,.794,,.016,4,,.385,.311,,0,0,artesro01
199,Dorell Wright,SF,24,MIA,5,112,.360,16.2,,.680,.240,.040,.000,.400,.320,,.412,.500,.000,,.400,.250,,.286,1.000,,.040,1,,.625,.200,,0,0,wrighdo01