,,,,,,,,,,% of FGA by Distance,% of FGA by Distance,% of FGA by Distance,% of FGA by Distance,% of FGA by Distance,% of FGA by Distance,,FG% by Distance,FG% by Distance,FG% by Distance,FG% by Distance,FG% by Distance,FG% by Distance,,% of FG Ast'd,% of FG Ast'd,,Dunks,Dunks,,Corner 3s,Corner 3s,,Heaves,Heaves,-additional
Rk,Player,Pos,Age,Tm,G,MP,FG%,Dist.,,2P,0-3,3-10,10-16,16-3P,3P,,2P,0-3,3-10,10-16,16-3P,3P,,2P,3P,,%FGA,#,,%3PA,3P%,,Att.,#,-9999
1,Arron Afflalo,SG,25,DEN,3,85,.353,14.2,,.647,.265,.118,.147,.118,.353,,.409,.444,.250,.200,.750,.250,,.333,1.000,,.000,0,,.250,.333,,0,0,afflaar01
2,LaMarcus Aldridge,PF,25,POR,6,258,.461,10.0,,1.000,.243,.261,.226,.270,.000,,.461,.714,.333,.462,.355,,,.604,,,.087,10,,,,,0,0,aldrila01
3,Malik Allen,PF,32,ORL,1,7,.000,14.9,,1.000,.000,.000,1.000,.000,.000,,.000,,,.000,,,,,,,.000,0,,,,,0,0,allenma01
4,Ray Allen*,SG,35,BOS,9,361,.523,17.8,,.486,.165,.046,.064,.211,.514,,.472,.611,.200,.714,.348,.571,,.560,.844,,.018,2,,.286,.688,,0,0,allenra02
5,Tony Allen,SG,29,MEM,13,350,.426,7.3,,.931,.505,.188,.089,.149,.069,,.447,.588,.211,.111,.467,.143,,.571,1.000,,.079,8,,.857,.167,,0,0,allento01
6,Chris Andersen,C,32,DEN,5,73,.636,9.1,,1.000,.545,.000,.091,.364,.000,,.636,.667,,.000,.750,,,.714,,,.364,3,,,,,0,0,anderch01
7,Ryan Anderson,PF,22,ORL,6,147,.267,17.5,,.333,.300,.033,.000,.000,.667,,.200,.222,.000,,,.300,,.000,.833,,.000,0,,.100,.000,,0,0,anderry01
8,Carmelo Anthony,SF,26,NYK,4,156,.375,13.1,,.705,.352,.045,.136,.170,.295,,.387,.484,.000,.250,.400,.346,,.292,.667,,.034,3,,.154,.250,,0,0,anthoca01
9,Joel Anthony,C,28,MIA,21,575,.367,3.4,,1.000,.531,.449,.020,.000,.000,,.367,.538,.182,.000,,,,.667,,,.102,4,,,,,0,0,anthojo01
10,Gilbert Arenas,PG,29,ORL,5,81,.429,13.2,,.714,.333,.143,.048,.190,.286,,.500,.714,.333,.500,.250,.250,,.000,.333,,.000,0,,.083,.000,,0,0,arenagi01
11,Trevor Ariza,SF,25,NOH,6,241,.412,12.4,,.753,.235,.247,.071,.200,.247,,.438,.550,.429,.167,.412,.333,,.500,1.000,,.035,3,,.333,.571,,0,0,arizatr01
12,Hilton Armstrong,C,26,ATL,8,35,.200,1.7,,1.000,.800,.200,.000,.000,.000,,.200,.250,.000,,,,,.000,,,.200,1,,,,,0,0,armsthi01
13,Darrell Arthur,PF,22,MEM,13,201,.459,9.1,,.988,.329,.212,.212,.235,.012,,.452,.500,.389,.611,.300,1.000,,.711,1.000,,.106,6,,.000,,,0,0,arthuda01
14,Ömer Aşık,C,24,CHI,15,148,.462,1.9,,1.000,.846,.154,.000,.000,.000,,.462,.545,.000,,,,,1.000,,,.385,5,,,,,0,0,asikom01
15,J.J. Barea,PG,26,DAL,21,390,.419,12.0,,.709,.320,.262,.064,.064,.291,,.459,.582,.378,.455,.182,.320,,.018,.375,,.000,0,,.100,.600,,2,0,bareajo01
16,Matt Barnes,SF,30,LAL,10,131,.395,11.0,,.684,.474,.105,.000,.105,.316,,.500,.667,.250,,.000,.167,,.615,1.000,,.026,1,,.417,.200,,0,0,barnema02
17,Earl Barron,C,29,POR,1,0,,,,,,,,,,,,,,,,,,,,,,0,,,,,0,0,barroea01
18,Brandon Bass,PF,25,ORL,6,139,.421,13.6,,1.000,.184,.053,.211,.553,.000,,.421,.714,.000,.375,.381,,,.813,,,.132,4,,,,,0,0,bassbr01
19,Tony Battie,C,34,PHI,5,38,.429,12.2,,1.000,.000,.286,.429,.286,.000,,.429,,1.000,.333,.000,,,.667,,,.000,0,,,,,0,0,battito01
20,Shane Battier,SF,32,MEM,13,339,.439,14.5,,.561,.227,.258,.061,.015,.439,,.568,.600,.529,.500,1.000,.276,,.429,1.000,,.000,0,,.552,.250,,2,0,battish01
21,Nicolas Batum,SF,22,POR,6,151,.413,18.3,,.435,.196,.130,.065,.043,.565,,.600,.556,.667,.667,.500,.269,,.333,.857,,.043,2,,.346,.111,,1,0,batumni01
22,Marco Belinelli,SG,24,NOH,6,173,.365,17.7,,.587,.095,.095,.175,.222,.413,,.405,.667,.500,.455,.214,.308,,.800,1.000,,.016,1,,.269,.286,,0,0,belinma01
23,Mike Bibby,PG,32,MIA,20,415,.281,21.7,,.313,.031,.021,.052,.208,.688,,.333,.667,.000,.600,.250,.258,,.200,1.000,,.000,0,,.318,.238,,0,0,bibbymi01
24,Chauncey Billups,PG,34,NYK,1,35,.273,20.2,,.455,.091,.000,.091,.273,.545,,.200,.000,,1.000,.000,.333,,.000,.500,,.000,0,,.167,.000,,0,0,billuch01
25,DeJuan Blair,PF,21,SAS,4,50,.333,3.5,,1.000,.571,.381,.048,.000,.000,,.333,.583,.000,.000,,,,.571,,,.048,0,,,,,0,0,blairde01
26,Steve Blake,PG,30,LAL,9,145,.304,22.2,,.217,.043,.043,.000,.130,.783,,.200,.000,.000,,.333,.333,,.000,.833,,.000,0,,.333,.333,,0,0,blakest01
27,Keith Bogans,SG,30,CHI,16,307,.406,21.7,,.145,.087,.014,.014,.029,.855,,.300,.500,.000,.000,.000,.424,,1.000,1.000,,.000,0,,.525,.323,,0,0,boganke01
28,Matt Bonner,PF,30,SAS,6,123,.480,20.6,,.280,.000,.160,.080,.040,.720,,.857,,1.000,1.000,.000,.333,,.500,1.000,,.000,0,,.278,.400,,0,0,bonnema01
29,Carlos Boozer,C,29,CHI,16,507,.433,7.7,,.994,.421,.213,.185,.174,.006,,.435,.453,.342,.394,.548,.000,,.714,,,.067,10,,1.000,.000,,0,0,boozeca01
30,Chris Bosh*,PF,26,MIA,21,834,.474,10.4,,.986,.313,.175,.162,.337,.014,,.481,.626,.314,.426,.459,.000,,.652,,,.065,18,,.000,,,0,0,boshch01
31,Elton Brand,PF,31,PHI,5,185,.548,10.3,,1.000,.177,.210,.532,.081,.000,,.548,.727,.615,.515,.200,,,.500,,,.032,2,,,,,0,0,brandel01
32,Corey Brewer,SG,24,DAL,6,23,.444,14.2,,.667,.333,.222,.000,.111,.333,,.500,.667,.500,,.000,.333,,.333,1.000,,.111,1,,.667,.500,,0,0,breweco01
33,Ronnie Brewer,SG,25,CHI,16,260,.480,12.6,,.860,.340,.100,.040,.380,.140,,.488,.765,.000,.000,.421,.429,,.810,1.000,,.100,5,,.286,.500,,0,0,brewero02
34,Shannon Brown,SG,25,LAL,10,166,.459,15.9,,.590,.230,.098,.033,.230,.410,,.583,.857,.667,.500,.286,.280,,.476,1.000,,.049,3,,.320,.250,,0,0,brownsh01
35,Kobe Bryant*,SG,32,LAL,10,354,.446,14.6,,.780,.113,.204,.253,.210,.220,,.490,.619,.500,.468,.436,.293,,.366,.583,,.022,4,,.073,.000,,0,0,bryanko01
36,Rasual Butler,SG,31,CHI,3,7,1.000,25.9,,.000,.000,.000,.000,.000,1.000,,,,,,,1.000,,,1.000,,.000,0,,.000,,,0,0,butlera01
37,Andrew Bynum,C,23,LAL,10,320,.543,5.1,,1.000,.429,.400,.152,.019,.000,,.543,.689,.405,.438,1.000,,,.579,,,.095,10,,,,,0,0,bynuman01
38,Marcus Camby,C,36,POR,6,167,.455,6.2,,.955,.545,.182,.091,.136,.045,,.429,.583,.250,.000,.333,1.000,,.556,1.000,,.091,2,,1.000,1.000,,0,0,cambyma01
39,Brian Cardinal,SF,33,DAL,9,37,.750,23.8,,.000,.000,.000,.000,.000,1.000,,,,,,,.750,,,1.000,,.000,0,,.500,1.000,,0,0,cardibr01
40,Anthony Carter,PG,35,NYK,4,49,.533,12.8,,.800,.267,.200,.000,.333,.200,,.583,.500,.333,,.800,.333,,.429,1.000,,.000,0,,.000,,,0,0,cartean01
41,Mario Chalmers,PG,24,MIA,21,511,.435,19.6,,.323,.105,.105,.065,.048,.677,,.550,.846,.538,.125,.500,.381,,.364,.938,,.000,0,,.452,.421,,1,0,chalmma01
42,Tyson Chandler,C,28,DAL,21,680,.582,2.7,,1.000,.786,.153,.010,.051,.000,,.582,.662,.400,.000,.000,,,.754,,,.296,27,,,,,0,0,chandty01
43,Wilson Chandler,SF,23,DEN,5,115,.276,16.3,,.759,.138,.069,.172,.379,.241,,.318,.500,.500,.200,.273,.143,,.286,1.000,,.000,0,,.429,.000,,0,0,chandwi01
44,Earl Clark,SF,23,ORL,1,6,.333,13.1,,1.000,.333,.000,.000,.667,.000,,.333,1.000,,,.000,,,.000,,,.000,0,,,,,0,0,clarkea01
45,Jason Collins,C,32,ATL,12,158,.643,7.0,,1.000,.643,.000,.143,.214,.000,,.643,.556,,1.000,.667,,,.778,,,.071,1,,,,,0,0,collija04
46,Darren Collison,PG,23,IND,5,146,.391,11.9,,.870,.196,.261,.130,.283,.130,,.350,.333,.333,.333,.385,.667,,.214,.250,,.000,0,,.333,.500,,0,0,collida01
47,Nick Collison,C,30,OKC,17,413,.632,4.6,,1.000,.711,.105,.053,.132,.000,,.632,.611,.625,.250,.900,,,.625,,,.171,13,,,,,0,0,collini01
48,Mike Conley,PG,23,MEM,13,507,.388,13.1,,.798,.246,.175,.104,.273,.202,,.411,.511,.281,.421,.400,.297,,.183,.818,,.000,0,,.054,.500,,0,0,conlemi01
49,Daequan Cook,SG,23,OKC,17,195,.393,24.1,,.179,.054,.018,.000,.107,.821,,.600,1.000,1.000,,.333,.348,,.833,1.000,,.018,1,,.522,.417,,4,0,cookda02
50,Jamal Crawford,SG,30,ATL,12,358,.394,18.1,,.613,.097,.116,.090,.310,.387,,.421,.533,.389,.357,.417,.350,,.350,.667,,.000,0,,.233,.500,,0,0,crawfja01
51,Glen Davis,C,25,BOS,9,191,.391,10.5,,.978,.239,.261,.174,.304,.022,,.400,.364,.333,.375,.500,.000,,.611,,,.000,0,,.000,,,0,0,davisgl01
52,Luol Deng,SF,25,CHI,16,687,.426,13.9,,.704,.274,.143,.078,.209,.296,,.469,.603,.394,.389,.375,.324,,.658,.909,,.022,5,,.382,.346,,1,1,denglu01
53,Toney Douglas,SG,24,NYK,4,112,.366,16.0,,.561,.220,.098,.098,.146,.439,,.348,.444,.250,.250,.333,.389,,.250,.571,,.000,0,,.222,.250,,0,0,douglto01
54,Chris Duhon,PG,28,ORL,1,4,.500,25.7,,.000,.000,.000,.000,.000,1.000,,,,,,,.500,,,1.000,,.000,0,,.000,,,0,0,duhonch01
55,Tim Duncan*,C,34,SAS,6,212,.478,6.2,,1.000,.435,.319,.145,.101,.000,,.478,.700,.273,.500,.143,,,.576,,,.116,7,,,,,0,0,duncati01
56,Mike Dunleavy,SG,30,IND,5,72,.350,20.5,,.500,.100,.000,.050,.350,.500,,.400,.500,,1.000,.286,.300,,.750,1.000,,.000,0,,.100,1.000,,0,0,dunlemi02
57,Kevin Durant,SF,22,OKC,17,722,.449,15.5,,.684,.180,.125,.165,.214,.316,,.500,.758,.419,.421,.392,.339,,.542,.811,,.081,26,,.083,.333,,0,0,duranke01
58,Patrick Ewing,SF,26,NOH,2,2,1.000,24.2,,.000,.000,.000,.000,.000,1.000,,,,,,,1.000,,,1.000,,.000,0,,1.000,1.000,,0,0,ewingpa02
59,Raymond Felton,SG,26,DEN,5,152,.360,14.0,,.680,.200,.240,.040,.200,.320,,.412,.400,.417,.500,.400,.250,,.286,.500,,.000,0,,.188,.000,,0,0,feltora01
60,Rudy Fernández,SG,25,POR,6,81,.222,17.0,,.444,.222,.056,.167,.000,.556,,.125,.250,.000,.000,,.300,,1.000,.667,,.000,0,,.100,.000,,0,0,fernaru01
61,Landry Fields,SG,22,NYK,4,71,.200,13.5,,.733,.200,.267,.067,.200,.267,,.273,.667,.000,.000,.333,.000,,1.000,,,.000,0,,.250,.000,,0,0,fieldla01
62,Derek Fisher,PG,36,LAL,10,325,.433,15.3,,.746,.224,.134,.015,.373,.254,,.440,.600,.444,.000,.360,.412,,.591,.857,,.000,0,,.176,.667,,0,0,fishede01
63,Gary Forbes,SF,25,DEN,1,2,.000,1.1,,1.000,1.000,.000,.000,.000,.000,,.000,.000,,,,,,,,,.000,0,,,,,0,0,forbega01
64,T.J. Ford,PG,27,IND,2,14,1.000,33.3,,.667,.000,.000,.000,.667,.333,,1.000,,,,1.000,1.000,,.500,1.000,,.000,0,,.000,,,1,1,fordtj01
65,Jeff Foster,C,34,IND,5,93,.583,7.6,,1.000,.417,.250,.083,.250,.000,,.583,.600,.333,1.000,.667,,,.857,,,.000,0,,,,,0,0,fosteje01
66,Danilo Gallinari,SF,22,DEN,5,148,.432,15.0,,.659,.273,.045,.136,.205,.341,,.414,.417,.000,.333,.556,.467,,.250,1.000,,.068,2,,.200,.000,,0,0,gallida01
67,Kevin Garnett*,PF,34,BOS,9,328,.441,10.2,,.992,.236,.268,.189,.299,.008,,.444,.667,.441,.333,.342,.000,,.571,,,.047,6,,.000,,,0,0,garneke01
68,Marc Gasol,C,26,MEM,13,519,.511,7.3,,.986,.312,.418,.135,.121,.014,,.518,.614,.492,.526,.353,.000,,.653,,,.028,3,,.000,,,0,0,gasolma01
69,Pau Gasol*,C,30,LAL,10,358,.420,8.3,,.982,.295,.330,.277,.080,.018,,.418,.515,.459,.323,.222,.500,,.565,1.000,,.027,3,,1.000,.500,,0,0,gasolpa01
70,Paul George,SG,20,IND,5,133,.303,12.9,,.606,.394,.091,.030,.091,.394,,.350,.308,.333,1.000,.333,.231,,.286,1.000,,.091,3,,.462,.333,,0,0,georgpa01
71,Taj Gibson,PF,25,CHI,16,284,.566,10.0,,.987,.382,.158,.092,.355,.013,,.573,.793,.500,.143,.481,.000,,.721,,,.132,9,,.000,,,1,0,gibsota01
72,Manu Ginóbili*,SG,33,SAS,5,174,.443,15.6,,.600,.243,.143,.071,.143,.400,,.524,.765,.200,.600,.400,.321,,.409,.778,,.014,1,,.321,.222,,2,1,ginobma01
73,Danny Granger,SF,27,IND,5,183,.478,15.1,,.744,.244,.044,.133,.322,.256,,.522,.727,.500,.417,.414,.348,,.286,1.000,,.011,1,,.174,.250,,0,0,grangda01
74,Aaron Gray,C,26,NOH,6,87,.692,4.7,,1.000,.462,.462,.000,.077,.000,,.692,.833,.500,,1.000,,,.889,,,.000,0,,,,,0,0,grayaa01
75,Danny Green,SG,23,SAS,4,7,.333,22.1,,.333,.167,.000,.000,.167,.667,,.500,1.000,,,.000,.250,,1.000,1.000,,.167,1,,.250,.000,,0,0,greenda02
76,Jeff Green,SF,24,BOS,9,173,.434,13.3,,.698,.264,.264,.057,.113,.302,,.432,.643,.286,.333,.333,.438,,.688,1.000,,.057,3,,.688,.545,,1,0,greenje02
77,Willie Green,SG,29,NOH,6,84,.389,15.2,,.750,.083,.194,.194,.278,.250,,.444,.667,.714,.429,.200,.222,,.583,1.000,,.028,1,,.333,.333,,0,0,greenwi01
78,Hamed Haddadi,C,25,MEM,9,31,.300,10.9,,.900,.300,.500,.100,.000,.100,,.333,1.000,.000,.000,,.000,,.667,,,.200,2,,.000,,,1,0,haddaha01
79,Tyler Hansbrough,PF,25,IND,5,164,.333,9.3,,1.000,.417,.150,.100,.333,.000,,.333,.320,.444,.333,.300,,,.700,,,.050,3,,,,,0,0,hansbty01
80,James Harden,SG,21,OKC,17,537,.475,16.0,,.453,.295,.058,.022,.079,.547,,.683,.707,.625,.333,.727,.303,,.233,.913,,.058,8,,.197,.333,,0,0,hardeja01
81,Al Harrington,PF,30,DEN,5,70,.455,14.4,,.545,.273,.136,.091,.045,.455,,.417,.667,.000,.000,1.000,.500,,.800,1.000,,.045,1,,.400,.500,,0,0,harrial01
82,Udonis Haslem,PF,30,MIA,12,290,.397,10.4,,1.000,.294,.132,.279,.294,.000,,.397,.700,.222,.316,.250,,,.926,,,.088,5,,,,,0,0,hasleud01
83,Spencer Hawes,C,22,PHI,5,98,.364,9.0,,.970,.273,.333,.212,.152,.030,,.375,.667,.273,.286,.200,.000,,.750,,,.091,2,,.000,,,0,0,hawessp01
84,Brendan Haywood,C,31,DAL,18,275,.581,2.7,,1.000,.710,.226,.065,.000,.000,,.581,.727,.286,.000,,,,.667,,,.323,9,,,,,0,0,haywobr01
85,Roy Hibbert,C,24,IND,5,132,.444,7.6,,1.000,.400,.289,.111,.200,.000,,.444,.556,.308,.400,.444,,,.600,,,.044,2,,,,,0,0,hibbero01
86,Nenê,C,28,DEN,5,162,.478,5.2,,1.000,.652,.109,.174,.065,.000,,.478,.533,.400,.250,.667,,,.636,,,.261,8,,,,,0,0,hilarne01
87,George Hill,PG,24,SAS,6,189,.400,13.3,,.700,.320,.140,.120,.120,.300,,.457,.500,.143,.833,.333,.267,,.375,.750,,.020,1,,.467,.429,,1,0,hillge01
88,Kirk Hinrich,PG,30,ATL,6,173,.500,18.3,,.635,.096,.077,.058,.404,.365,,.545,.600,.500,.667,.524,.421,,.444,1.000,,.000,0,,.053,1.000,,0,0,hinriki01
89,Jrue Holiday,PG,20,PHI,5,188,.414,14.9,,.638,.224,.121,.138,.155,.362,,.351,.615,.143,.125,.333,.524,,.308,.818,,.000,0,,.333,.429,,0,0,holidjr01
90,Al Horford,C,24,ATL,12,468,.423,13.0,,.985,.197,.153,.124,.511,.015,,.430,.778,.381,.235,.357,.000,,.810,,,.080,11,,.000,,,0,0,horfoal01
91,Eddie House,SG,32,MIA,7,48,.235,22.3,,.412,.000,.000,.118,.294,.588,,.143,,,.000,.200,.300,,1.000,1.000,,.000,0,,.300,.333,,0,0,houseed01
92,Dwight Howard,C,25,ORL,6,258,.630,4.8,,.988,.432,.519,.037,.000,.012,,.638,.857,.476,.333,,.000,,.490,,,.198,16,,.000,,,1,0,howardw01
93,Juwan Howard,PF,37,MIA,11,60,.444,6.6,,1.000,.222,.556,.222,.000,.000,,.444,.500,.200,1.000,,,,.750,,,.000,0,,,,,0,0,howarju01
94,Serge Ibaka,PF,21,OKC,17,490,.462,10.0,,.993,.331,.172,.138,.352,.007,,.465,.688,.280,.400,.373,.000,,.687,,,.117,17,,1.000,.000,,0,0,ibakase01
95,Andre Iguodala,SF,27,PHI,5,182,.423,15.0,,.731,.288,.000,.077,.365,.269,,.500,.733,,.000,.421,.214,,.368,1.000,,.173,9,,.286,.250,,0,0,iguodan01
96,Zydrunas Ilgauskas,C,35,MIA,9,104,.467,8.2,,1.000,.400,.233,.100,.267,.000,,.467,.500,.571,.333,.375,,,.571,,,.033,1,,,,,0,0,ilgauzy01
97,D.J. Mbenga,C,30,NOH,5,26,1.000,6.5,,1.000,.500,.000,.500,.000,.000,,1.000,1.000,,1.000,,,,.500,,,.000,0,,,,,0,0,mbengdj01
98,Royal Ivey,SG,29,OKC,2,6,1.000,22.6,,.000,.000,.000,.000,.000,1.000,,,,,,,1.000,,,1.000,,.000,0,,1.000,1.000,,0,0,iveyro01
99,Jarrett Jack,SG,27,NOH,6,111,.353,14.0,,.853,.147,.235,.176,.294,.147,,.414,.200,.625,.333,.400,.000,,.333,,,.000,0,,.200,.000,,0,0,jackja01
100,LeBron James,SF,26,MIA,21,922,.466,13.1,,.772,.279,.155,.118,.220,.228,,.500,.702,.414,.364,.378,.353,,.278,.500,,.078,28,,.094,.375,,0,0,jamesle01
101,Richard Jefferson,SF,30,SAS,6,176,.387,18.6,,.452,.161,.065,.000,.226,.548,,.429,.600,.000,,.429,.353,,.833,1.000,,.032,1,,.294,.800,,0,0,jefferi01
102,Jared Jeffries,PF,29,NYK,4,85,.478,2.3,,1.000,.826,.130,.043,.000,.000,,.478,.474,.667,.000,,,,.727,,,.043,1,,,,,0,0,jeffrja01
103,Armon Johnson,PG,21,POR,2,0,,,,,,,,,,,,,,,,,,,,,,0,,,,,0,0,johnsar02
104,Chris Johnson,C,25,POR,4,19,1.000,0.4,,1.000,1.000,.000,.000,.000,.000,,1.000,1.000,,,,,,1.000,,,1.000,1,,,,,0,0,johnsch03
105,Joe Johnson,SG,29,ATL,12,497,.439,15.0,,.788,.106,.202,.167,.313,.212,,.442,.524,.500,.455,.371,.429,,.290,.667,,.010,2,,.238,.200,,0,0,johnsjo02
106,Trey Johnson,SG,26,LAL,3,12,.200,20.3,,.800,.000,.000,.000,.800,.200,,.250,,,,.250,.000,,1.000,,,.000,0,,.000,,,0,0,johnstr01
107,Dahntay Jones,SG,30,IND,3,50,.450,9.5,,.850,.350,.300,.050,.150,.150,,.529,.571,.500,1.000,.333,.000,,.111,,,.000,0,,.667,.000,,0,0,jonesda02
108,James Jones,SF,30,MIA,12,272,.471,22.6,,.275,.000,.020,.020,.235,.725,,.500,,1.000,1.000,.417,.459,,.429,1.000,,.000,0,,.486,.444,,0,0,jonesja02
109,Jason Kidd*,PG,37,DAL,21,744,.398,21.3,,.286,.075,.050,.031,.130,.714,,.457,.500,.125,.400,.571,.374,,.190,.837,,.000,0,,.113,.231,,1,0,kiddja01
110,Kyle Korver,SG,29,CHI,16,276,.388,20.7,,.469,.041,.041,.031,.357,.531,,.348,.500,.000,.333,.371,.423,,.813,.955,,.010,1,,.231,.333,,0,0,korveky01
111,Kosta Koufos,C,21,DEN,1,2,1.000,4.2,,1.000,.000,1.000,.000,.000,.000,,1.000,,1.000,,,,,.000,,,.000,0,,,,,0,0,koufoko01
112,Nenad Krstić,C,27,BOS,7,56,.625,11.2,,1.000,.375,.125,.000,.500,.000,,.625,1.000,.000,,.500,,,.800,,,.125,1,,,,,0,0,krstine01
113,Carl Landry,PF,27,NOH,6,213,.456,7.6,,1.000,.412,.250,.118,.221,.000,,.456,.643,.294,.500,.267,,,.839,,,.118,8,,,,,0,0,landrca01
114,Ty Lawson,PG,23,DEN,5,167,.500,11.2,,.788,.404,.154,.058,.173,.212,,.512,.714,.250,.333,.333,.455,,.048,1.000,,.000,0,,.273,.667,,1,0,lawsoty01
115,Jamaal Magloire,C,32,MIA,3,18,.400,2.2,,1.000,1.000,.000,.000,.000,.000,,.400,.400,,,,,,.500,,,.400,1,,,,,0,0,magloja01
116,Ian Mahinmi,C,24,DAL,6,33,.600,9.1,,1.000,.200,.200,.600,.000,.000,,.600,1.000,.000,.667,,,,.667,,,.000,0,,,,,0,0,mahinia01
117,Shawn Marion,SF,32,DAL,21,690,.467,6.1,,.978,.373,.458,.129,.018,.022,,.477,.631,.408,.310,.250,.000,,.600,,,.084,18,,.600,.000,,1,0,mariosh01
118,Kenyon Martin,PF,33,DEN,5,148,.480,9.0,,1.000,.260,.340,.120,.280,.000,,.480,.615,.412,.333,.500,,,.750,,,.100,4,,,,,0,0,martike01
119,Roger Mason,SG,30,NYK,3,55,.389,21.5,,.278,.056,.000,.056,.167,.722,,.400,.000,,1.000,.333,.385,,.500,.600,,.000,0,,.462,.333,,0,0,masonro01
120,Wesley Matthews,SG,24,POR,6,202,.474,13.3,,.632,.263,.211,.053,.105,.368,,.528,.733,.417,.000,.500,.381,,.632,1.000,,.018,1,,.429,.556,,0,0,matthwe02
121,Eric Maynor,PG,23,OKC,17,220,.377,15.8,,.675,.169,.299,.091,.117,.325,,.385,.615,.304,.143,.444,.360,,.050,.778,,.000,0,,.080,.000,,5,0,maynoer01
122,O.J. Mayo,SG,23,MEM,13,362,.388,14.6,,.634,.254,.127,.112,.142,.366,,.376,.529,.235,.067,.474,.408,,.500,1.000,,.022,3,,.347,.529,,2,0,mayooj01
123,Antonio McDyess,PF,36,SAS,6,145,.417,13.3,,1.000,.250,.028,.139,.583,.000,,.417,.556,.000,.200,.429,,,.867,,,.056,1,,,,,0,0,mcdyean01
124,Josh McRoberts,PF,23,IND,5,79,.333,6.6,,.958,.500,.250,.042,.167,.042,,.348,.417,.333,.000,.250,.000,,.500,,,.000,0,,.000,,,0,0,mcrobjo01
125,Jodie Meeks,SG,23,PHI,5,125,.419,19.5,,.419,.129,.032,.032,.226,.581,,.385,.500,.000,.000,.429,.444,,.600,1.000,,.000,0,,.222,.500,,0,0,meeksjo01
126,Andre Miller,PG,34,POR,6,194,.493,11.3,,.851,.313,.194,.149,.194,.149,,.509,.714,.308,.300,.538,.400,,.207,1.000,,.000,0,,.100,.000,,0,0,millean02
127,Mike Miller,SG,30,MIA,18,215,.340,20.7,,.302,.151,.038,.019,.094,.698,,.438,.500,.500,.000,.400,.297,,.286,1.000,,.019,1,,.243,.333,,1,0,millemi01
128,Patty Mills,PG,22,POR,2,5,.000,13.0,,.500,.500,.000,.000,.000,.500,,.000,.000,,,,.000,,,,,.000,0,,.000,,,0,0,millspa02
129,Nazr Mohammed,C,33,OKC,14,148,.412,7.1,,1.000,.500,.118,.235,.147,.000,,.412,.471,.250,.375,.400,,,.786,,,.118,3,,,,,0,0,mohamna01
130,Troy Murphy,PF,30,BOS,1,3,,,,,,,,,,,,,,,,,,,,,,0,,,,,0,0,murphtr01
131,Gary Neal,SG,26,SAS,6,111,.370,17.5,,.587,.065,.196,.109,.217,.413,,.444,1.000,.111,.400,.600,.263,,.250,.800,,.000,0,,.263,.000,,0,0,nealga01
132,Jameer Nelson,PG,28,ORL,6,216,.378,14.8,,.683,.305,.122,.073,.183,.317,,.446,.600,.400,.167,.333,.231,,.080,.667,,.000,0,,.154,.250,,3,0,nelsoja01
133,Joakim Noah,C,25,CHI,16,529,.411,3.4,,1.000,.710,.250,.000,.040,.000,,.411,.409,.419,,.400,,,.588,,,.129,13,,,,,0,0,noahjo01
134,Andrés Nocioni,SF,31,PHI,1,10,.000,22.0,,.333,.000,.000,.000,.333,.667,,.000,,,,.000,.000,,,,,.000,0,,.500,.000,,0,0,nocioan01
135,Steve Novak,SF,27,SAS,1,6,,,,,,,,,,,,,,,,,,,,,,0,,,,,0,0,novakst01
136,Dirk Nowitzki*,PF,32,DAL,21,826,.485,12.5,,.874,.179,.162,.321,.212,.126,,.488,.648,.344,.472,.488,.460,,.485,.957,,.023,9,,.200,.200,,0,0,nowitdi01
137,Jermaine O'Neal,C,32,BOS,9,197,.488,6.9,,1.000,.395,.279,.209,.116,.000,,.488,.471,.583,.444,.400,,,.714,,,.047,1,,,,,0,0,onealje01
138,Shaquille O'Neal*,C,38,BOS,2,12,.500,4.4,,1.000,.500,.500,.000,.000,.000,,.500,1.000,.000,,,,,1.000,,,.000,0,,,,,0,0,onealsh01
139,Lamar Odom,PF,31,LAL,10,286,.459,10.5,,.796,.367,.245,.082,.102,.204,,.526,.667,.542,.250,.200,.200,,.537,.750,,.000,0,,.050,1.000,,1,0,odomla01
140,Emeka Okafor,C,28,NOH,6,188,.645,6.0,,1.000,.290,.516,.194,.000,.000,,.645,.889,.563,.500,,,,.850,,,.194,6,,,,,0,0,okafoem01
141,Zaza Pachulia,C,26,ATL,11,195,.478,5.6,,1.000,.522,.217,.130,.130,.000,,.478,.583,.200,.667,.333,,,.636,,,.043,1,,,,,0,0,pachuza01
142,Tony Parker*,PG,28,SAS,6,221,.462,9.2,,.914,.344,.280,.097,.194,.086,,.494,.656,.423,.444,.333,.125,,.238,1.000,,.000,0,,.500,.000,,0,0,parketo01
143,Chris Paul,PG,25,NOH,6,250,.545,14.7,,.753,.117,.195,.260,.182,.247,,.569,.556,.533,.550,.643,.474,,.030,.556,,.000,0,,.211,.500,,0,0,paulch01
144,Kendrick Perkins,C,26,OKC,17,479,.453,3.9,,1.000,.563,.359,.016,.063,.000,,.453,.556,.304,.000,.500,,,.517,,,.031,2,,,,,0,0,perkike01
145,Paul Pierce*,SF,33,BOS,9,343,.459,14.5,,.682,.250,.068,.182,.182,.318,,.465,.541,.200,.444,.481,.447,,.468,.905,,.007,1,,.085,.750,,0,0,piercpa01
146,Quincy Pondexter,SF,22,NOH,3,9,.167,18.7,,.500,.333,.167,.000,.000,.500,,.333,.500,.000,,,.000,,1.000,,,.167,1,,.667,.000,,1,0,pondequ01
147,Leon Powe,C,27,MEM,4,14,.250,9.5,,1.000,.375,.125,.125,.375,.000,,.250,.333,.000,.000,.333,,,1.000,,,.000,0,,,,,0,0,powele01
148,Josh Powell,PF,28,ATL,9,48,.556,8.6,,1.000,.444,.000,.333,.222,.000,,.556,.500,,.667,.500,,,.800,,,.111,1,,,,,0,0,poweljo01
149,A.J. Price,PG,24,IND,5,80,.371,19.7,,.543,.057,.114,.086,.286,.457,,.316,.500,.500,.000,.300,.438,,.167,.286,,.000,0,,.000,,,1,0,priceaj01
150,Zach Randolph,PF,29,MEM,13,515,.446,8.2,,.964,.281,.379,.161,.143,.036,,.454,.540,.424,.444,.375,.250,,.408,.500,,.000,0,,.250,.000,,0,0,randoza01
151,Theo Ratliff,C,37,LAL,1,1,,,,,,,,,,,,,,,,,,,,,,0,,,,,0,0,ratlith01
152,JJ Redick,SG,26,ORL,6,120,.357,17.1,,.643,.143,.095,.095,.310,.357,,.519,.667,.250,.750,.462,.067,,.500,1.000,,.024,1,,.133,.000,,0,0,redicjj01
153,Jason Richardson,SG,30,ORL,5,153,.333,15.6,,.510,.275,.078,.059,.098,.490,,.346,.500,.250,.000,.200,.320,,.667,1.000,,.020,1,,.400,.300,,0,0,richaja01
154,Quentin Richardson,SF,30,ORL,6,98,.533,23.0,,.333,.133,.000,.000,.200,.667,,.600,1.000,,,.333,.500,,.667,1.000,,.133,2,,.200,1.000,,1,0,richaqu01
155,Nate Robinson,PG,26,OKC,3,12,.286,23.1,,.143,.000,.000,.143,.000,.857,,.000,,,.000,,.333,,,.500,,.000,0,,.167,.000,,0,0,robinna01
156,Rajon Rondo,PG,24,BOS,9,345,.477,7.2,,.972,.533,.140,.084,.215,.028,,.490,.596,.267,.333,.435,.000,,.333,,,.009,1,,.333,.000,,0,0,rondora01
157,Derrick Rose,PG,22,CHI,16,649,.396,13.5,,.731,.303,.176,.064,.189,.269,,.451,.570,.333,.333,.408,.248,,.177,.560,,.029,11,,.030,.000,,5,0,rosede01
158,Brandon Roy,SG,26,POR,6,138,.500,16.1,,.682,.114,.159,.159,.250,.318,,.600,1.000,.286,.571,.636,.286,,.167,.500,,.000,0,,.214,.000,,0,0,roybr01
159,Brandon Rush,SG,25,IND,5,55,.462,17.7,,.692,.231,.000,.000,.462,.308,,.333,.667,,,.167,.750,,.667,1.000,,.077,1,,.500,1.000,,0,0,rushbr01
160,Thabo Sefolosha,SG,26,OKC,17,344,.463,14.1,,.612,.343,.030,.060,.179,.388,,.659,.870,.500,.500,.333,.154,,.630,1.000,,.075,4,,.577,.200,,0,0,sefolth01
161,Ish Smith,PG,22,MEM,5,10,.667,8.8,,1.000,.000,.333,.667,.000,.000,,.667,,1.000,.500,,,,.000,,,.000,0,,,,,0,0,smithis01
162,J.R. Smith,SF,25,DEN,5,76,.356,17.7,,.533,.178,.067,.089,.200,.467,,.292,.500,.000,.250,.222,.429,,.429,.889,,.022,1,,.381,.500,,0,0,smithjr01
163,Jason Smith,C,24,NOH,6,58,.467,16.8,,1.000,.000,.067,.267,.667,.000,,.467,,.000,.500,.500,,,1.000,,,.000,0,,,,,0,0,smithja02
164,Joe Smith,PF,35,LAL,5,11,.000,16.8,,1.000,.000,.000,.000,1.000,.000,,.000,,,,.000,,,,,,.000,0,,,,,0,0,smithjo02
165,Josh Smith,PF,25,ATL,12,438,.404,11.0,,.860,.310,.263,.041,.246,.140,,.449,.698,.400,.286,.214,.125,,.591,1.000,,.082,13,,.292,.000,,0,0,smithjo03
166,Marreese Speights,C,23,PHI,2,21,.167,9.8,,1.000,.333,.167,.167,.333,.000,,.167,.250,.000,.000,.250,,,1.000,,,.250,1,,,,,0,0,speigma01
167,Tiago Splitter,C,26,SAS,3,50,.625,2.4,,1.000,.750,.250,.000,.000,.000,,.625,.750,.250,,,,,.600,,,.000,0,,,,,0,0,splitti01
168,DeShawn Stevenson,SG,29,DAL,21,332,.349,22.0,,.181,.060,.048,.012,.060,.819,,.133,.200,.000,.000,.200,.397,,.500,.815,,.000,0,,.324,.545,,1,0,stevede01
169,Peja Stojaković,SF,33,DAL,19,350,.408,20.1,,.358,.067,.067,.058,.167,.642,,.465,.500,.375,.714,.400,.377,,.750,.966,,.000,0,,.338,.346,,1,0,stojape01
170,Amar'e Stoudemire,C,28,NYK,4,134,.382,8.2,,1.000,.400,.200,.109,.291,.000,,.382,.545,.273,.167,.313,,,.429,,,.055,3,,,,,0,0,stoudam01
171,Pape Sy,SF,22,ATL,4,11,.667,9.2,,1.000,.333,.333,.000,.333,.000,,.667,1.000,1.000,,.000,,,.500,,,.333,1,,,,,0,0,sypa01
172,Jeff Teague,PG,22,ATL,8,238,.514,9.5,,.903,.333,.292,.083,.194,.097,,.554,.667,.619,.500,.286,.143,,.306,1.000,,.042,3,,.000,,,0,0,teaguje01
173,Jason Terry,SG,33,DAL,21,684,.478,16.4,,.646,.112,.123,.164,.246,.354,,.497,.633,.515,.477,.439,.442,,.512,.881,,.011,3,,.368,.514,,0,0,terryja01
174,Etan Thomas,C,32,ATL,1,7,.000,1.7,,1.000,1.000,.000,.000,.000,.000,,.000,.000,,,,,,,,,.500,0,,,,,0,0,thomaet01
175,Kurt Thomas,PF,38,CHI,7,74,.556,13.6,,.889,.222,.056,.222,.389,.111,,.625,.750,1.000,.750,.429,.000,,.800,,,.056,1,,.000,,,0,0,thomaku01
176,Ronny Turiaf,C,28,NYK,4,75,.667,1.5,,1.000,.917,.083,.000,.000,.000,,.667,.727,.000,,,,,.750,,,.000,0,,,,,0,0,turiaro01
177,Hedo Türkoğlu,SF,31,ORL,6,209,.294,16.0,,.559,.235,.059,.118,.147,.441,,.342,.500,.250,.250,.200,.233,,.385,.286,,.015,1,,.200,.333,,0,0,turkohe01
178,Evan Turner,SG,22,PHI,5,97,.447,11.2,,.868,.316,.158,.211,.184,.132,,.394,.500,.333,.250,.429,.800,,.692,1.000,,.026,1,,.200,.000,,0,0,turneev01
179,Greivis Vásquez,PG,24,MEM,13,142,.512,12.2,,.732,.268,.317,.049,.098,.268,,.567,.455,.538,1.000,.750,.364,,.000,.500,,.000,0,,.000,,,0,0,vasqugr01
180,Dwyane Wade*,SG,29,MIA,21,828,.485,10.6,,.861,.327,.223,.147,.164,.139,,.520,.713,.398,.345,.459,.269,,.305,.500,,.080,28,,.077,.750,,2,0,wadedw01
181,Von Wafer,SG,25,BOS,3,5,.000,13.9,,.500,.500,.000,.000,.000,.500,,.000,.000,,,,.000,,,,,.000,0,,.000,,,0,0,wafervo01
182,Henry Walker,SG,23,NYK,4,89,.300,14.9,,.633,.300,.167,.067,.100,.367,,.316,.222,.600,.000,.333,.273,,.333,1.000,,.033,0,,.273,.333,,1,0,walkebi01
183,Gerald Wallace,PF,28,POR,6,226,.448,9.6,,.746,.522,.104,.030,.090,.254,,.540,.657,.286,.500,.167,.176,,.444,1.000,,.045,3,,.235,.000,,0,0,wallage01
184,Luke Walton,SF,30,LAL,1,4,.000,23.5,,.000,.000,.000,.000,.000,1.000,,,,,,,.000,,,,,.000,0,,.500,.000,,0,0,waltolu01
185,C.J. Watson,PG,26,CHI,16,136,.339,17.1,,.732,.143,.071,.054,.464,.268,,.390,.750,.250,.667,.269,.200,,.125,.333,,.000,0,,.200,.333,,0,0,watsocj01
186,Delonte West,PG,27,BOS,9,170,.468,16.5,,.596,.170,.064,.191,.170,.404,,.536,.375,.667,.556,.625,.368,,.133,1.000,,.064,1,,.316,.500,,0,0,westde01
187,Russell Westbrook,PG,22,OKC,17,638,.394,11.2,,.860,.315,.166,.166,.213,.140,,.410,.528,.351,.333,.342,.292,,.132,.286,,.015,4,,.104,.400,,0,0,westbru01
188,Damien Wilkins,SF,31,ATL,8,39,.538,8.8,,.846,.538,.077,.154,.077,.154,,.636,.714,.000,.500,1.000,.000,,.429,,,.154,1,,.000,,,0,0,wilkida02
189,Lou Williams,SG,24,PHI,5,130,.327,15.9,,.615,.192,.173,.077,.173,.385,,.344,.600,.444,.000,.111,.300,,.364,.500,,.000,0,,.150,.333,,0,0,willilo02
190,Marvin Williams,SF,24,ATL,12,216,.393,14.7,,.804,.268,.071,.054,.411,.196,,.422,.400,.250,1.000,.391,.273,,.789,1.000,,.036,2,,.727,.125,,0,0,willima02
191,Shawne Williams,PF,24,NYK,4,101,.417,18.7,,.417,.125,.042,.125,.125,.583,,.400,.333,.000,.333,.667,.429,,.500,1.000,,.042,1,,.643,.444,,0,0,willish03
192,Metta World Peace,SF,31,LAL,9,287,.443,14.9,,.646,.253,.139,.089,.165,.354,,.510,.750,.455,.286,.308,.321,,.462,.778,,.013,1,,.250,.143,,0,0,artesro01
193,Sam Young,SF,25,MEM,13,256,.448,11.8,,.875,.333,.125,.052,.365,.125,,.476,.719,.333,.000,.371,.250,,.550,1.000,,.042,4,,.917,.273,,0,0,youngsa01
194,Thaddeus Young,PF,22,PHI,5,127,.417,7.3,,.983,.400,.350,.033,.200,.017,,.424,.625,.238,.500,.333,.000,,.720,,,.067,4,,.000,,,0,0,youngth01