,,,,,,,,,,% of FGA by Distance,% of FGA by Distance,% of FGA by Distance,% of FGA by Distance,% of FGA by Distance,% of FGA by Distance,,FG% by Distance,FG% by Distance,FG% by Distance,FG% by Distance,FG% by Distance,FG% by Distance,,% of FG Ast'd,% of FG Ast'd,,Dunks,Dunks,,Corner 3s,Corner 3s,,Heaves,Heaves,-additional
Rk,Player,Pos,Age,Tm,G,MP,FG%,Dist.,,2P,0-3,3-10,10-16,16-3P,3P,,2P,0-3,3-10,10-16,16-3P,3P,,2P,3P,,%FGA,#,,%3PA,3P%,,Att.,#,-9999
1,Steven Adams,C,20,OKC,18,331,.689,2.9,,1.000,.756,.156,.089,.000,.000,,.689,.765,.429,.500,,,,.742,,,.400,16,,,,,0,0,adamsst01
2,LaMarcus Aldridge,PF,28,POR,11,441,.452,10.7,,.988,.268,.180,.236,.304,.012,,.449,.627,.356,.407,.382,.667,,.459,.500,,.028,5,,.333,1.000,,1,0,aldrila01
3,Lavoy Allen,PF,24,IND,4,15,.500,11.4,,1.000,.250,.250,.000,.500,.000,,.500,1.000,.000,,.500,,,1.000,,,.000,0,,,,,0,0,allenla01
4,Ray Allen*,SG,38,MIA,20,527,.413,18.2,,.406,.133,.112,.091,.070,.594,,.448,.526,.438,.462,.300,.388,,.192,.909,,.007,1,,.365,.484,,0,0,allenra02
5,Tony Allen,SG,32,MEM,7,230,.486,7.1,,.903,.611,.083,.042,.167,.097,,.538,.614,.333,.667,.333,.000,,.543,,,.042,3,,.714,.000,,0,0,allento01
6,Chris Andersen,C,35,MIA,18,317,.579,3.5,,.982,.842,.035,.018,.088,.018,,.589,.688,.000,.000,.000,.000,,.667,,,.175,10,,.000,,,0,0,anderch01
7,Alan Anderson,SF,31,BRK,12,261,.403,16.3,,.500,.194,.081,.129,.097,.500,,.516,.667,.400,.125,.833,.290,,.375,.778,,.000,0,,.516,.375,,0,0,anderal01
8,Pero Antić,C,31,ATL,7,170,.167,18.4,,.405,.238,.024,.071,.071,.595,,.235,.200,.000,.000,.667,.120,,.750,1.000,,.000,0,,.080,.000,,0,0,anticpe01
9,Trevor Ariza,SF,28,WAS,11,407,.481,16.1,,.481,.306,.046,.028,.102,.519,,.519,.606,.400,.333,.364,.446,,.556,1.000,,.056,6,,.250,.429,,0,0,arizatr01
10,Hilton Armstrong,C,29,GSW,7,17,.500,8.0,,.875,.375,.375,.000,.125,.125,,.571,.667,.667,,.000,.000,,.750,,,.250,1,,.000,,,0,0,armsthi01
11,Ömer Aşık,C,27,HOU,6,163,.485,2.4,,1.000,.909,.030,.030,.030,.000,,.485,.500,.000,.000,1.000,,,.563,,,.152,5,,,,,0,0,asikom01
12,D.J. Augustin,PG,26,CHI,5,141,.292,13.8,,.639,.278,.139,.111,.111,.361,,.304,.400,.200,.125,.375,.269,,.071,.571,,.000,0,,.269,.000,,0,0,augusdj01
13,Jeff Ayres,PF,26,SAS,17,65,.462,12.3,,1.000,.154,.308,.000,.538,.000,,.462,1.000,.500,,.286,,,.833,,,.000,0,,,,,0,0,pendeje02
14,Harrison Barnes,SF,21,GSW,7,156,.396,16.2,,.563,.167,.125,.125,.146,.438,,.407,.500,.333,.333,.429,.381,,.636,1.000,,.042,2,,.381,.375,,0,0,barneha02
15,Matt Barnes,SF,33,LAC,13,404,.421,16.7,,.439,.224,.112,.009,.093,.561,,.553,.625,.417,.000,.600,.317,,.808,.947,,.047,5,,.433,.231,,0,0,barnema02
16,Will Barton,SG,23,POR,7,81,.500,12.7,,.676,.265,.265,.088,.059,.324,,.478,.667,.444,.333,.000,.545,,.545,.667,,.029,1,,.545,.667,,1,0,bartowi01
17,Shane Battier,SF,35,MIA,16,202,.462,20.5,,.231,.115,.038,.077,.000,.769,,.500,.667,.000,.500,,.450,,.333,1.000,,.000,0,,.400,.750,,0,0,battish01
18,Nicolas Batum,SF,25,POR,11,459,.472,15.4,,.577,.254,.063,.120,.141,.423,,.561,.722,.444,.529,.350,.350,,.283,.857,,.042,6,,.217,.462,,0,0,batumni01
19,Aron Baynes,C,27,SAS,14,101,.500,6.1,,.958,.500,.250,.083,.125,.042,,.522,.667,.500,.000,.333,.000,,.667,,,.083,2,,.000,,,0,0,baynear01
20,Bradley Beal,SG,20,WAS,11,458,.424,16.3,,.701,.186,.073,.096,.345,.299,,.427,.576,.462,.412,.344,.415,,.358,.727,,.023,4,,.170,.333,,0,0,bealbr01
21,Michael Beasley,SF,25,MIA,4,23,.500,5.7,,1.000,.600,.200,.000,.200,.000,,.500,.667,.500,,.000,,,.200,,,.200,2,,,,,0,0,beaslmi01
22,Marco Belinelli,SF,27,SAS,23,356,.444,16.0,,.616,.222,.091,.061,.242,.384,,.459,.545,.444,.500,.375,.421,,.714,1.000,,.000,0,,.184,.571,,0,0,belinma01
23,Patrick Beverley,PG,25,HOU,6,202,.380,13.1,,.560,.240,.260,.060,.000,.440,,.429,.333,.462,.667,,.318,,.500,.857,,.040,2,,.636,.286,,0,0,beverpa01
24,Bismack Biyombo,C,21,CHA,3,48,.600,2.4,,1.000,.600,.400,.000,.000,.000,,.600,.667,.500,,,,,1.000,,,.400,2,,,,,0,0,biyombi01
25,DeJuan Blair,PF,24,DAL,6,81,.593,5.3,,1.000,.444,.296,.259,.000,.000,,.593,.750,.375,.571,,,,.875,,,.037,1,,,,,0,0,blairde01
26,Steve Blake,PG,33,GSW,6,45,.333,22.5,,.167,.083,.000,.083,.000,.833,,.500,1.000,,.000,,.300,,.000,1.000,,.000,0,,.300,1.000,,0,0,blakest01
27,Andray Blatche,PF,27,BRK,12,172,.448,5.7,,.966,.603,.207,.086,.069,.034,,.464,.629,.333,.000,.000,.000,,.500,,,.103,3,,.500,.000,,0,0,blatcan01
28,Matt Bonner,PF,33,SAS,22,136,.476,19.3,,.429,.048,.095,.095,.190,.571,,.667,1.000,.500,1.000,.500,.333,,.500,1.000,,.000,0,,.167,.500,,0,0,bonnema01
29,Trevor Booker,PF,26,WAS,9,146,.448,9.5,,.931,.414,.241,.034,.241,.069,,.481,.500,.143,.000,.857,.000,,.538,,,.000,0,,.500,.000,,0,0,booketr01
30,Carlos Boozer,PF,32,CHI,5,121,.426,10.8,,1.000,.319,.085,.213,.383,.000,,.426,.467,.250,.400,.444,,,.700,,,.043,2,,,,,0,0,boozeca01
31,Chris Bosh*,C,29,MIA,20,686,.507,14.7,,.677,.279,.048,.109,.240,.323,,.555,.703,.455,.440,.455,.405,,.628,1.000,,.048,9,,.365,.519,,0,0,boshch01
32,Elton Brand,C,34,ATL,7,81,.167,12.2,,1.000,.250,.000,.333,.417,.000,,.167,.333,,.250,.000,,,1.000,,,.000,0,,,,,0,0,brandel01
33,Reggie Bullock,SF,22,LAC,2,5,1.000,17.5,,1.000,.000,.000,.000,1.000,.000,,1.000,,,,1.000,,,1.000,,,.000,0,,,,,0,0,bullore01
34,Caron Butler,SF,33,OKC,18,419,.324,18.9,,.454,.111,.037,.111,.204,.546,,.286,.583,.250,.250,.136,.356,,.500,.952,,.019,2,,.390,.348,,0,0,butleca01
35,Jimmy Butler,SG,24,CHI,5,218,.386,16.7,,.649,.228,.035,.070,.316,.351,,.432,.692,.500,.250,.278,.300,,.625,.833,,.053,3,,.150,.667,,0,0,butleji01
36,Rasual Butler,SG,34,IND,11,70,.400,22.6,,.200,.067,.000,.000,.133,.800,,.333,1.000,,,.000,.417,,1.000,1.000,,.067,1,,.500,.500,,0,0,butlera01
37,José Calderón,PG,32,DAL,7,191,.462,17.9,,.646,.123,.015,.123,.385,.354,,.452,.500,.000,.625,.400,.478,,.158,.636,,.000,0,,.217,.400,,0,0,caldejo01
38,DeMarre Carroll,SF,27,ATL,7,246,.469,15.5,,.551,.306,.061,.041,.143,.449,,.519,.667,.333,.000,.429,.409,,.500,1.000,,.020,1,,.227,.400,,0,0,carrode01
39,Vince Carter,SG,37,DAL,7,190,.456,16.6,,.544,.162,.132,.074,.176,.456,,.432,.455,.444,.000,.583,.484,,.313,.867,,.015,1,,.258,.625,,0,0,cartevi01
40,Mario Chalmers,PG,27,MIA,20,535,.423,12.6,,.613,.342,.180,.072,.018,.387,,.471,.658,.150,.375,.500,.349,,.313,.867,,.009,1,,.326,.286,,0,0,chalmma01
41,Victor Claver,SF,25,POR,2,7,,,,,,,,,,,,,,,,,,,,,,0,,,,,0,0,clavevi01
42,Norris Cole,PG,25,MIA,20,404,.410,16.4,,.487,.282,.051,.000,.154,.513,,.447,.545,.250,,.333,.375,,.353,1.000,,.000,0,,.450,.389,,0,0,coleno01
43,Darren Collison,PG,26,LAC,13,249,.389,11.7,,.867,.322,.122,.178,.244,.133,,.436,.552,.182,.438,.409,.083,,.412,1.000,,.033,3,,.583,.143,,0,0,collida01
44,Nick Collison,PF,33,OKC,17,183,.414,9.0,,.828,.483,.138,.034,.207,.172,,.417,.500,.250,1.000,.167,.400,,.600,1.000,,.034,1,,.800,.500,,0,0,collini01
45,Mike Conley,PG,26,MEM,7,267,.431,11.4,,.735,.333,.225,.088,.098,.265,,.547,.647,.435,.556,.400,.111,,.268,.000,,.000,0,,.222,.000,,0,0,conlemi01
46,Chris Copeland,SF,29,IND,12,82,.429,16.7,,.429,.250,.107,.071,.000,.571,,.500,.571,.000,1.000,,.375,,.167,.833,,.000,0,,.063,.000,,0,0,copelch01
47,Jamal Crawford,SG,33,LAC,13,313,.398,17.9,,.538,.129,.152,.088,.170,.462,,.446,.636,.308,.267,.517,.342,,.366,.667,,.006,1,,.139,.273,,2,1,crawfja01
48,Jordan Crawford,SG,25,GSW,6,57,.364,10.8,,.788,.242,.333,.152,.061,.212,,.385,.625,.364,.000,.500,.286,,.200,.500,,.030,1,,.143,1.000,,0,0,crawfjo02
49,Jae Crowder,SF,23,DAL,7,81,.444,13.9,,.611,.333,.056,.056,.167,.389,,.455,.833,.000,.000,.000,.429,,.800,.667,,.111,2,,.571,.500,,0,0,crowdja01
50,Stephen Curry,PG,25,GSW,7,296,.440,17.4,,.509,.190,.103,.078,.138,.491,,.492,.636,.250,.444,.500,.386,,.138,.455,,.009,1,,.175,.200,,1,0,curryst01
51,Samuel Dalembert,C,32,DAL,7,135,.458,3.7,,1.000,.792,.083,.000,.125,.000,,.458,.579,.000,,.000,,,.636,,,.125,3,,,,,0,0,dalemsa01
52,Troy Daniels,SG,22,HOU,4,68,.529,25.5,,.118,.000,.000,.059,.059,.882,,.500,,,.000,1.000,.533,,1.000,1.000,,.000,0,,.333,.600,,1,0,danietr01
53,Ed Davis,PF,24,MEM,7,25,.300,2.8,,1.000,.600,.400,.000,.000,.000,,.300,.500,.000,,,,,.333,,,.100,0,,,,,0,0,davised01
54,Glen Davis,PF,28,LAC,13,158,.610,7.8,,1.000,.439,.195,.146,.220,.000,,.610,.722,.375,.500,.667,,,.920,,,.000,0,,,,,0,0,davisgl01
55,Austin Daye,SF,25,SAS,1,6,.000,11.5,,1.000,.500,.000,.000,.500,.000,,.000,.000,,,.000,,,,,,.000,0,,,,,0,0,dayeau01
56,Nando De Colo,SF,26,TOR,1,4,,,,,,,,,,,,,,,,,,,,,,0,,,,,0,0,decolna01
57,DeMar DeRozan,SG,24,TOR,7,282,.385,13.9,,.846,.162,.197,.103,.385,.154,,.394,.684,.304,.083,.400,.333,,.333,.333,,.043,5,,.611,.455,,0,0,derozde01
58,Boris Diaw,PF,31,SAS,23,604,.500,11.4,,.719,.306,.250,.081,.081,.281,,.539,.714,.450,.385,.308,.400,,.484,1.000,,.013,2,,.311,.643,,0,0,diawbo01
59,Toney Douglas,PG,27,MIA,10,29,.333,21.5,,.333,.111,.000,.000,.222,.667,,.000,.000,,,.000,.500,,,.333,,.000,0,,.333,.500,,0,0,douglto01
60,Chris Douglas-Roberts,SF,27,CHA,4,70,.688,14.6,,.500,.438,.000,.000,.063,.500,,.875,.857,,,1.000,.500,,.714,1.000,,.000,0,,.375,.333,,0,0,douglch01
61,Jared Dudley,SF,28,LAC,7,45,.273,21.9,,.455,.000,.000,.091,.364,.545,,.000,,,.000,.000,.500,,,1.000,,.000,0,,.500,.667,,0,0,dudleja01
62,Tim Duncan*,C,37,SAS,23,752,.523,7.2,,.993,.393,.316,.144,.140,.007,,.527,.696,.467,.366,.350,.000,,.705,,,.028,8,,.500,.000,,0,0,duncati01
63,Mike Dunleavy,SF,33,CHI,5,163,.472,16.8,,.509,.245,.075,.019,.170,.491,,.481,.692,.250,.000,.333,.462,,.615,1.000,,.000,0,,.269,.429,,0,0,dunlemi02
64,Kevin Durant,SF,25,OKC,19,815,.460,14.5,,.704,.168,.168,.227,.140,.296,,.508,.718,.465,.375,.525,.344,,.530,.837,,.045,17,,.080,.500,,1,0,duranke01
65,Wayne Ellington,SG,26,DAL,2,14,.333,24.2,,.000,.000,.000,.000,.000,1.000,,,,,,,.333,,,1.000,,.000,0,,.500,.333,,0,0,ellinwa01
66,Monta Ellis,SG,28,DAL,7,249,.409,14.0,,.732,.307,.094,.079,.252,.268,,.430,.487,.667,.500,.250,.353,,.250,.667,,.024,3,,.176,.333,,1,0,ellismo01
67,Landry Fields,SF,25,TOR,3,26,.000,4.0,,1.000,.500,.500,.000,.000,.000,,.000,.000,.000,,,,,,,,.000,0,,,,,0,0,fieldla01
68,Derek Fisher,SG,39,OKC,19,299,.315,19.8,,.438,.041,.110,.137,.151,.562,,.344,.333,.125,.300,.545,.293,,.364,.833,,.000,0,,.293,.417,,0,0,fishede01
69,Jamaal Franklin,SG,22,MEM,2,4,.000,10.9,,1.000,.500,.000,.000,.500,.000,,.000,.000,,,.000,,,,,,.000,0,,,,,0,0,frankja01
70,Joel Freeland,C,26,POR,9,24,.000,11.9,,1.000,.000,.333,.333,.333,.000,,.000,,.000,.000,.000,,,,,,.000,0,,,,,0,0,freeljo01
71,Francisco García,SF,32,HOU,2,22,.333,17.2,,.500,.000,.333,.000,.167,.500,,.667,,1.000,,.000,.000,,1.000,,,.000,0,,.000,,,0,0,garcifr01
72,Kevin Garnett*,C,37,BRK,12,250,.524,10.8,,.968,.333,.206,.143,.286,.032,,.541,.762,.385,.556,.389,.000,,.818,,,.063,4,,.500,.000,,1,0,garneke01
73,Marc Gasol,C,29,MEM,7,299,.405,8.8,,.991,.224,.397,.224,.147,.009,,.409,.654,.391,.231,.353,.000,,.681,,,.009,1,,.000,,,0,0,gasolma01
74,Paul George,SF,23,IND,19,781,.438,16.5,,.590,.197,.063,.149,.181,.410,,.462,.774,.350,.298,.298,.403,,.360,.788,,.051,16,,.264,.441,,0,0,georgpa01
75,Taj Gibson,PF,28,CHI,5,154,.561,5.8,,1.000,.544,.228,.105,.123,.000,,.561,.677,.385,.833,.143,,,.719,,,.158,9,,,,,0,0,gibsota01
76,Manu Ginóbili*,SG,36,SAS,23,586,.439,15.4,,.557,.224,.131,.105,.093,.443,,.477,.604,.484,.400,.273,.390,,.349,.683,,.008,2,,.162,.294,,1,0,ginobma01
77,Drew Gooden,C,32,WAS,10,146,.368,11.3,,.895,.342,.132,.105,.316,.105,,.412,.538,.200,.000,.500,.000,,.571,,,.026,1,,.250,.000,,0,0,goodedr01
78,Marcin Gortat,C,29,WAS,11,382,.492,6.9,,1.000,.381,.322,.246,.051,.000,,.492,.689,.316,.483,.167,,,.655,,,.068,8,,,,,0,0,gortama01
79,Danny Granger,SF,30,LAC,13,134,.275,17.5,,.450,.150,.125,.050,.125,.550,,.333,.667,.000,.500,.200,.227,,.500,1.000,,.000,0,,.409,.111,,0,0,grangda01
80,Danny Green,SG,26,SAS,23,529,.491,19.6,,.365,.113,.069,.057,.126,.635,,.517,.611,.364,.556,.500,.475,,.500,.917,,.006,1,,.257,.500,,1,0,greenda02
81,Draymond Green,SF,23,GSW,7,228,.467,16.0,,.517,.317,.067,.100,.033,.483,,.645,.737,.500,.500,.500,.276,,.700,1.000,,.100,6,,.172,.400,,2,0,greendr01
82,Willie Green,SG,32,LAC,5,19,.200,24.5,,.200,.000,.000,.000,.200,.800,,.000,,,,.000,.250,,,1.000,,.000,0,,.250,1.000,,0,0,greenwi01
83,Blake Griffin,PF,24,LAC,13,478,.500,9.4,,.970,.359,.244,.085,.282,.030,,.511,.690,.386,.500,.394,.143,,.638,1.000,,.081,16,,.429,.333,,0,0,griffbl01
84,Jorge Gutiérrez,PG,25,BRK,2,3,,,,,,,,,,,,,,,,,,,,,,0,,,,,0,0,gutiejo01
85,Tyler Hansbrough,PF,28,TOR,3,29,.333,1.8,,1.000,1.000,.000,.000,.000,.000,,.333,.333,,,,,,1.000,,,.333,1,,,,,0,0,hansbty01
86,James Harden,SG,24,HOU,6,263,.376,16.4,,.594,.150,.143,.150,.150,.406,,.430,.550,.316,.300,.550,.296,,.176,.563,,.000,0,,.019,.000,,1,0,hardeja01
87,Al Harrington,PF,33,WAS,7,59,.400,14.5,,.533,.400,.000,.133,.000,.467,,.750,.833,,.500,,.000,,.333,,,.133,2,,.286,.000,,0,0,harrial01
88,Devin Harris,PG,30,DAL,7,176,.470,16.2,,.621,.227,.091,.136,.167,.379,,.488,.600,.500,.444,.364,.440,,.050,.273,,.015,1,,.080,.000,,2,0,harride01
89,Udonis Haslem,PF,33,MIA,16,169,.459,9.8,,1.000,.459,.027,.027,.486,.000,,.459,.647,.000,.000,.333,,,.765,,,.081,2,,,,,0,0,hasleud01
90,Chuck Hayes,C,30,TOR,5,38,.250,6.0,,1.000,.500,.250,.125,.125,.000,,.250,.250,.000,.000,1.000,,,1.000,,,.000,0,,,,,0,0,hayesch01
91,Gerald Henderson,SG,26,CHA,4,119,.378,14.4,,.757,.216,.081,.162,.297,.243,,.500,.750,.667,.500,.273,.000,,.571,,,.081,3,,.222,.000,,0,0,hendege02
92,Roy Hibbert,C,27,IND,19,542,.449,6.5,,.993,.320,.463,.122,.088,.007,,.452,.617,.397,.222,.462,.000,,.591,,,.048,6,,1.000,.000,,0,0,hibbero01
93,Nenê,PF,31,WAS,10,325,.464,11.0,,1.000,.268,.145,.196,.391,.000,,.464,.568,.400,.407,.444,,,.734,,,.036,5,,,,,0,0,hilarne01
94,George Hill,PG,27,IND,19,687,.444,14.4,,.567,.315,.118,.090,.045,.433,,.505,.607,.381,.438,.250,.364,,.333,.750,,.017,3,,.260,.450,,1,0,hillge01
95,Solomon Hill,SF,22,IND,1,1,,,,,,,,,,,,,,,,,,,,,,0,,,,,0,0,hillso01
96,Kirk Hinrich,PG,33,CHI,5,167,.411,16.2,,.661,.179,.107,.089,.286,.339,,.432,.500,.500,.400,.375,.368,,.063,1.000,,.000,0,,.263,.600,,0,0,hinriki01
97,Ryan Hollins,PF,29,LAC,5,9,.250,3.8,,1.000,.500,.500,.000,.000,.000,,.250,.500,.000,,,,,.000,,,.000,0,,,,,0,0,holliry01
98,Dwight Howard,C,28,HOU,6,231,.547,2.8,,1.000,.642,.358,.000,.000,.000,,.547,.574,.500,,,,,.379,,,.226,20,,,,,0,0,howardw01
99,Serge Ibaka,PF,24,OKC,17,581,.592,11.4,,.912,.313,.116,.122,.361,.088,,.612,.848,.412,.500,.509,.385,,.768,1.000,,.136,20,,.923,.333,,0,0,ibakase01
100,Andre Iguodala,SF,30,GSW,7,248,.516,11.4,,.758,.323,.210,.081,.145,.242,,.511,.750,.308,.400,.333,.533,,.458,.875,,.210,12,,.467,.429,,0,0,iguodan01
101,Reggie Jackson,PG,23,OKC,19,531,.466,13.6,,.671,.342,.143,.075,.112,.329,,.500,.673,.304,.417,.278,.396,,.241,.762,,.025,4,,.208,.455,,5,0,jacksre01
102,Bernard James,C,28,DAL,2,8,,,,,,,,,,,,,,,,,,,,,,0,,,,,0,0,jamesbe01
103,LeBron James,PF,29,MIA,20,763,.565,12.5,,.747,.376,.097,.076,.197,.253,,.618,.773,.636,.346,.418,.407,,.318,.371,,.059,20,,.081,.286,,0,0,jamesle01
104,Al Jefferson,C,29,CHA,3,106,.491,7.7,,1.000,.283,.434,.113,.170,.000,,.491,.600,.435,.500,.444,,,.769,,,.000,0,,,,,0,0,jeffeal01
105,Amir Johnson,PF,26,TOR,7,191,.654,5.2,,.962,.538,.346,.000,.077,.038,,.680,.714,.722,,.250,.000,,.529,,,.115,6,,.500,.000,,0,0,johnsam01
106,James Johnson,SF,26,MEM,3,28,.333,12.2,,.667,.467,.133,.067,.000,.333,,.300,.429,.000,.000,,.400,,.000,.500,,.067,1,,.200,1.000,,1,0,johnsja01
107,Joe Johnson,SG,32,BRK,12,469,.533,14.3,,.712,.076,.288,.223,.120,.288,,.580,.857,.623,.488,.455,.415,,.263,.864,,.000,0,,.377,.450,,0,0,johnsjo02
108,James Jones,SF,33,MIA,15,126,.450,22.4,,.200,.050,.025,.000,.125,.800,,.375,1.000,.000,,.200,.469,,.667,.933,,.000,0,,.281,.556,,0,0,jonesja02
109,Perry Jones,PF,22,OKC,11,55,.389,18.1,,.444,.111,.167,.000,.167,.556,,.500,.500,.667,,.333,.300,,.500,1.000,,.000,0,,.400,.250,,0,0,jonespe01
110,Terrence Jones,PF,22,HOU,6,138,.513,4.7,,.974,.564,.282,.077,.051,.026,,.526,.591,.455,.333,.500,.000,,.500,,,.103,4,,1.000,.000,,0,0,joneste01
111,DeAndre Jordan,C,25,LAC,13,442,.730,2.1,,1.000,.825,.175,.000,.000,.000,,.730,.731,.727,,,,,.761,,,.540,30,,,,,0,0,jordade01
112,Cory Joseph,SG,22,SAS,17,87,.486,10.5,,.914,.314,.171,.086,.343,.086,,.531,.636,.667,.667,.333,.000,,.176,,,.029,1,,.333,.000,,0,0,josepco01
113,Michael Kidd-Gilchrist,SF,20,CHA,4,91,.519,4.3,,.963,.778,.111,.000,.074,.037,,.538,.476,.667,,1.000,.000,,.571,,,.074,2,,.000,,,0,0,kiddgmi01
114,Andrei Kirilenko,PF,32,BRK,10,144,.467,4.1,,1.000,.733,.133,.067,.067,.000,,.467,.545,.000,.000,1.000,,,.714,,,.200,3,,,,,0,0,kirilan01
115,Kyle Korver,SG,32,ATL,7,250,.455,23.6,,.182,.030,.000,.030,.121,.818,,.583,1.000,,.500,.500,.426,,.857,.957,,.000,0,,.259,.429,,0,0,korveky01
116,Kosta Koufos,C,24,MEM,7,45,.438,4.0,,1.000,.500,.438,.000,.063,.000,,.438,.375,.571,,.000,,,.857,,,.000,0,,,,,0,0,koufoko01
117,Ognjen Kuzmić,C,23,GSW,3,8,,,,,,,,,,,,,,,,,,,,,,0,,,,,0,0,kuzmiog01
118,Jeremy Lamb,SG,21,OKC,11,100,.405,13.5,,.667,.310,.024,.238,.095,.333,,.536,.769,.000,.400,.250,.143,,.400,.500,,.048,1,,.143,.500,,0,0,lambje01
119,Shane Larkin,PG,21,DAL,2,10,.000,16.1,,.667,.333,.000,.000,.333,.333,,.000,.000,,,.000,.000,,,,,.000,0,,.000,,,0,0,larkish01
120,Courtney Lee,SG,28,MEM,7,224,.417,14.7,,.683,.200,.133,.150,.183,.317,,.463,.583,.625,.333,.364,.316,,.684,1.000,,.033,1,,.316,.333,,1,0,leeco01
121,David Lee,PF,30,GSW,7,217,.532,3.4,,1.000,.662,.286,.000,.052,.000,,.532,.627,.364,,.250,,,.805,,,.221,16,,,,,0,0,leeda02
122,Kawhi Leonard,SF,22,SAS,23,736,.510,13.6,,.690,.230,.180,.130,.151,.310,,.552,.727,.442,.516,.444,.419,,.352,.935,,.067,16,,.338,.440,,0,0,leonaka01
123,Meyers Leonard,C,21,POR,4,9,.000,14.2,,1.000,.000,.500,.000,.500,.000,,.000,,.000,,.000,,,,,,.000,0,,,,,0,0,leoname01
124,Jon Leuer,PF,24,MEM,3,23,.429,12.9,,.714,.286,.286,.000,.143,.286,,.400,1.000,.000,,.000,.500,,.500,1.000,,.143,1,,.000,,,0,0,leuerjo01
125,Rashard Lewis,SF,34,MIA,18,319,.412,19.1,,.306,.106,.129,.047,.024,.694,,.500,.444,.727,.250,.000,.373,,.769,1.000,,.000,0,,.525,.355,,1,0,lewisra02
126,Damian Lillard,PG,23,POR,11,466,.439,14.4,,.630,.265,.153,.069,.143,.370,,.471,.660,.241,.385,.407,.386,,.071,.370,,.011,2,,.100,.571,,1,0,lillada01
127,Jeremy Lin,PG,25,HOU,6,177,.410,13.5,,.623,.279,.213,.016,.115,.377,,.526,.588,.385,.000,.714,.217,,.200,.600,,.000,0,,.174,.000,,0,0,linje01
128,Shaun Livingston,PG,28,BRK,12,325,.512,8.8,,.988,.302,.291,.267,.128,.012,,.506,.615,.480,.478,.364,1.000,,.349,.000,,.081,6,,.000,,,0,0,livinsh01
129,Robin Lopez,C,25,POR,11,367,.489,5.3,,1.000,.489,.295,.148,.068,.000,,.489,.535,.538,.308,.333,,,.698,,,.080,7,,,,,0,0,lopezro01
130,Kyle Lowry,PG,27,TOR,7,271,.404,14.5,,.606,.275,.193,.064,.073,.394,,.409,.467,.381,.286,.375,.395,,.148,.765,,.000,0,,.093,.250,,2,0,lowryky01
131,Shelvin Mack,PG,23,ATL,7,118,.404,19.6,,.426,.128,.064,.064,.170,.574,,.450,.500,.333,.333,.500,.370,,.222,.700,,.000,0,,.074,.000,,0,0,macksh01
132,Ian Mahinmi,C,27,IND,19,241,.481,3.0,,1.000,.815,.111,.000,.074,.000,,.481,.500,.667,,.000,,,.462,,,.222,5,,,,,0,0,mahinia01
133,Shawn Marion,SF,35,DAL,7,193,.407,11.0,,.695,.322,.288,.051,.034,.305,,.488,.684,.412,.000,.000,.222,,.700,1.000,,.085,4,,.556,.200,,0,0,mariosh01
134,Cartier Martin,SF,29,ATL,3,15,.667,14.9,,1.000,.000,.333,.000,.667,.000,,.667,,1.000,,.500,,,.000,,,.000,0,,,,,0,0,martica01
135,Wesley Matthews,SG,27,POR,11,426,.412,16.2,,.500,.184,.154,.074,.088,.500,,.500,.680,.238,.500,.583,.324,,.382,.955,,.015,2,,.221,.200,,0,0,matthwe02
136,CJ McCollum,SG,22,POR,6,24,.091,18.2,,.545,.000,.091,.273,.182,.455,,.167,,.000,.333,.000,.000,,.000,,,.000,0,,.000,,,0,0,mccolcj01
137,Josh McRoberts,PF,26,CHA,4,154,.455,16.2,,.485,.303,.030,.061,.091,.515,,.438,.600,.000,.000,.333,.471,,.571,.875,,.121,4,,.294,.200,,0,0,mcrobjo01
138,Andre Miller,SG,37,WAS,11,108,.463,8.7,,.927,.415,.244,.146,.122,.073,,.474,.471,.500,.833,.000,.333,,.389,1.000,,.000,0,,.000,,,1,0,millean02
139,Mike Miller,SF,33,MEM,7,173,.357,21.9,,.310,.048,.048,.071,.143,.690,,.077,.000,.000,.333,.000,.483,,.000,.929,,.000,0,,.069,.500,,0,0,millemi01
140,Patty Mills,PG,25,SAS,23,351,.447,20.0,,.440,.092,.035,.028,.284,.560,,.500,.692,.200,.500,.475,.405,,.226,.750,,.000,0,,.304,.458,,0,0,millspa02
141,Paul Millsap,PF,28,ATL,7,267,.398,12.0,,.738,.330,.194,.078,.136,.262,,.421,.588,.300,.250,.286,.333,,.469,1.000,,.019,2,,.148,.500,,0,0,millspa01
142,Nazr Mohammed,C,36,CHI,2,5,.000,3.1,,1.000,.000,1.000,.000,.000,.000,,.000,,.000,,,,,,,,.000,0,,,,,0,0,mohamna01
143,Mike Muscala,PF,22,ATL,2,5,.000,17.6,,1.000,.000,.000,.000,1.000,.000,,.000,,,,.000,,,,,,.000,0,,,,,0,0,muscami01
144,Gary Neal,SG,29,CHA,4,104,.353,14.7,,.647,.176,.275,.039,.157,.353,,.424,.444,.357,.500,.500,.222,,.357,.750,,.000,0,,.111,.500,,0,0,nealga01
145,Nemanja Nedović,SG,22,GSW,1,0,,,,,,,,,,,,,,,,,,,,,,0,,,,,0,0,nedovne01
146,Joakim Noah,C,28,CHI,5,210,.512,8.4,,1.000,.415,.244,.024,.317,.000,,.512,.706,.200,.000,.538,,,.762,,,.000,0,,,,,0,0,noahjo01
147,Steve Novak,PF,30,TOR,4,15,.000,24.0,,.000,.000,.000,.000,.000,1.000,,,,,,,.000,,,,,.000,0,,.667,.000,,0,0,novakst01
148,Dirk Nowitzki*,PF,35,DAL,7,263,.429,14.7,,.905,.103,.095,.341,.365,.095,,.465,.692,.333,.512,.391,.083,,.472,.000,,.000,0,,.250,.000,,0,0,nowitdi01
149,Jermaine O'Neal,PF,35,GSW,7,84,.563,4.9,,1.000,.469,.344,.188,.000,.000,,.563,.667,.636,.167,,,,.833,,,.219,7,,,,,0,0,onealje01
150,Greg Oden,C,26,MIA,3,7,,,,,,,,,,,,,,,,,,,,,,0,,,,,0,0,odengr01
151,Jannero Pargo,PG,34,CHA,1,3,,,,,,,,,,,,,,,,,,,,,,0,,,,,0,0,pargoja01
152,Tony Parker*,PG,31,SAS,23,719,.486,11.9,,.899,.263,.168,.147,.321,.101,,.498,.626,.466,.392,.459,.371,,.245,.846,,.000,0,,.600,.381,,0,0,parketo01
153,Chandler Parsons,SF,25,HOU,6,250,.438,11.9,,.657,.371,.200,.019,.067,.343,,.478,.615,.238,.000,.571,.361,,.394,.846,,.057,5,,.250,.444,,0,0,parsoch01
154,Patrick Patterson,PF,24,TOR,7,199,.542,15.1,,.625,.167,.167,.167,.125,.375,,.633,.625,.625,.625,.667,.389,,.789,1.000,,.021,1,,.500,.556,,0,0,pattepa01
155,Chris Paul,PG,28,LAC,13,472,.467,15.8,,.645,.142,.157,.152,.193,.355,,.472,.643,.419,.400,.447,.457,,.083,.344,,.000,0,,.071,.600,,0,0,paulch01
156,Kendrick Perkins,C,29,OKC,19,384,.533,4.8,,1.000,.422,.467,.089,.022,.000,,.533,.684,.476,.250,.000,,,.667,,,.000,0,,,,,0,0,perkike01
157,Paul Pierce*,SF,36,BRK,12,368,.465,16.0,,.589,.256,.031,.132,.171,.411,,.539,.758,.500,.412,.318,.358,,.537,1.000,,.031,4,,.113,.333,,0,0,piercpa01
158,Mason Plumlee,C,23,BRK,10,114,.438,3.0,,1.000,.688,.250,.063,.000,.000,,.438,.545,.250,.000,,,,.857,,,.188,3,,,,,0,0,plumlma01
159,Otto Porter Jr.,SF,20,WAS,3,6,.333,21.8,,.667,.000,.000,.000,.667,.333,,.500,,,,.500,.000,,.000,,,.000,0,,.000,,,0,0,porteot01
160,Tayshaun Prince,SF,33,MEM,7,113,.385,16.6,,.846,.115,.115,.115,.500,.154,,.409,.667,.000,.000,.538,.250,,.778,1.000,,.000,0,,.500,.500,,1,0,princta01
161,Zach Randolph,PF,32,MEM,6,234,.404,7.3,,.990,.327,.404,.096,.163,.010,,.408,.618,.286,.100,.471,.000,,.690,,,.010,0,,.000,,,0,0,randoza01
162,JJ Redick,SG,29,LAC,13,351,.459,19.1,,.511,.090,.105,.068,.248,.489,,.515,.750,.357,.444,.515,.400,,.914,1.000,,.000,0,,.215,.571,,0,0,redicjj01
163,Luke Ridnour,PG,32,CHA,4,36,.308,18.4,,.538,.077,.077,.154,.231,.462,,.286,.000,.000,1.000,.000,.333,,.500,.500,,.000,0,,.500,.333,,0,0,ridnolu01
164,Andre Roberson,SG,22,OKC,2,9,.000,14.1,,1.000,.333,.000,.000,.667,.000,,.000,.000,,,.000,,,,,,.000,0,,,,,0,0,roberan03
165,Thomas Robinson,PF,22,POR,11,122,.419,6.7,,1.000,.484,.194,.129,.194,.000,,.419,.467,.500,.000,.500,,,.538,,,.129,4,,,,,0,0,robinth01
166,Terrence Ross,SG,22,TOR,7,158,.298,17.5,,.489,.128,.149,.043,.170,.511,,.435,.667,.571,.000,.250,.167,,.400,1.000,,.021,0,,.375,.222,,0,0,rosste01
167,John Salmons,SG,34,TOR,6,77,.294,21.4,,.294,.059,.000,.059,.176,.706,,.600,1.000,,.000,.667,.167,,.667,1.000,,.000,0,,.333,.250,,0,0,salmojo01
168,Dennis Schröder,PG,20,ATL,2,7,1.000,13.7,,.500,.500,.000,.000,.000,.500,,1.000,1.000,,,,1.000,,.000,1.000,,.000,0,,.000,,,0,0,schrode01
169,Luis Scola,PF,33,IND,18,243,.457,12.0,,.971,.286,.143,.076,.467,.029,,.461,.733,.400,.250,.347,.333,,.702,1.000,,.010,1,,.000,,,0,0,scolalu01
170,Mike Scott,PF,25,ATL,7,146,.365,17.0,,.508,.143,.175,.159,.032,.492,,.406,.667,.364,.300,.000,.323,,.769,1.000,,.016,1,,.161,.000,,1,0,scottmi01
171,Thabo Sefolosha,SG,29,OKC,15,236,.418,15.6,,.582,.273,.018,.073,.218,.418,,.531,.667,.000,.750,.333,.261,,.765,1.000,,.055,3,,.391,.333,,0,0,sefolth01
172,Kevin Séraphin,C,24,WAS,4,6,.000,7.0,,1.000,.333,.333,.333,.000,.000,,.000,.000,.000,.000,,,,,,,.000,0,,,,,0,0,serapke01
173,Donald Sloan,SG,26,IND,4,15,.286,21.5,,.429,.143,.143,.000,.143,.571,,.333,.000,1.000,,.000,.250,,.000,.000,,.000,0,,.000,,,1,1,sloando01
174,Tony Snell,SG,22,CHI,5,46,.222,18.5,,.444,.111,.111,.111,.111,.556,,.500,.000,1.000,1.000,.000,.000,,.000,,,.000,0,,.200,.000,,0,0,snellto01
175,Marreese Speights,C,26,GSW,7,68,.528,8.3,,1.000,.389,.250,.111,.250,.000,,.528,.786,.444,.250,.333,,,.842,,,.083,3,,,,,0,0,speigma01
176,Tiago Splitter,C,29,SAS,23,516,.610,3.2,,.990,.750,.230,.000,.010,.010,,.616,.720,.261,,1.000,.000,,.787,,,.130,12,,.000,,,1,0,splitti01
177,Lance Stephenson,SG,23,IND,19,705,.455,13.1,,.695,.332,.136,.091,.136,.305,,.497,.644,.300,.350,.433,.358,,.421,.625,,.041,9,,.403,.407,,1,0,stephla01
178,Jeff Teague,PG,25,ATL,7,242,.393,11.2,,.759,.330,.214,.089,.125,.241,,.412,.622,.208,.200,.357,.333,,.086,.444,,.027,3,,.074,.500,,0,0,teaguje01
179,Mirza Teletović,SF,28,BRK,12,220,.439,19.2,,.317,.183,.061,.024,.049,.683,,.654,.800,.400,1.000,.250,.339,,.471,1.000,,.000,0,,.214,.500,,0,0,teletmi01
180,Garrett Temple,SG,27,WAS,10,9,1.000,20.6,,.500,.000,.000,.500,.000,.500,,1.000,,,1.000,,1.000,,.000,.000,,.000,0,,.000,,,0,0,templga01
181,Hasheem Thabeet,C,26,OKC,2,7,,,,,,,,,,,,,,,,,,,,,,0,,,,,0,0,thabeha01
182,Klay Thompson,SG,23,GSW,7,257,.408,16.5,,.551,.173,.102,.153,.122,.449,,.444,.529,.400,.200,.667,.364,,.583,.938,,.010,1,,.364,.375,,0,0,thompkl01
183,Marcus Thornton,SG,26,BRK,10,124,.389,14.6,,.611,.278,.093,.093,.148,.389,,.485,.667,.200,.400,.375,.238,,.438,1.000,,.000,0,,.381,.500,,0,0,thornma01
184,Anthony Tolliver,PF,28,CHA,4,21,.500,23.8,,.000,.000,.000,.000,.000,1.000,,,,,,,.500,,,1.000,,.000,0,,.500,.000,,0,0,tollian01
185,Hedo Türkoğlu,SF,34,LAC,5,41,.462,23.6,,.231,.000,.000,.077,.154,.769,,.667,,,1.000,.500,.400,,.000,.750,,.000,0,,.200,.500,,0,0,turkohe01
186,Evan Turner,SF,25,IND,12,149,.429,15.2,,.800,.086,.086,.286,.343,.200,,.393,.667,.333,.300,.417,.571,,.273,1.000,,.000,0,,.429,1.000,,0,0,turneev01
187,Beno Udrih,SG,31,MEM,7,115,.467,14.2,,.733,.289,.044,.200,.200,.267,,.515,.538,.500,.667,.333,.333,,.412,1.000,,.000,0,,.500,.333,,0,0,udrihbe01
188,Jonas Valančiūnas,C,21,TOR,7,200,.633,5.3,,1.000,.429,.408,.143,.020,.000,,.633,.857,.500,.429,.000,,,.710,,,.122,6,,,,,0,0,valanjo01
189,Greivis Vásquez,PG,27,TOR,7,190,.422,14.8,,.578,.156,.281,.078,.063,.422,,.459,.700,.444,.200,.250,.370,,.353,.900,,.000,0,,.037,.000,,0,0,vasqugr01
190,Dwyane Wade*,SG,32,MIA,20,693,.500,11.2,,.914,.234,.263,.158,.259,.086,,.512,.662,.575,.386,.389,.375,,.315,.333,,.032,9,,.208,.000,,1,0,wadedw01
191,Kemba Walker,PG,23,CHA,4,153,.473,16.4,,.564,.145,.145,.127,.145,.436,,.452,.250,.500,.714,.375,.500,,.071,.583,,.000,0,,.125,.333,,0,0,walkeke02
192,John Wall,PG,23,WAS,11,420,.366,14.8,,.805,.250,.091,.110,.354,.195,,.402,.585,.333,.333,.310,.219,,.226,.857,,.030,4,,.125,.000,,2,0,walljo01
193,C.J. Watson,PG,29,IND,19,342,.411,17.0,,.556,.200,.111,.033,.211,.444,,.420,.611,.300,.000,.368,.400,,.286,.875,,.000,0,,.300,.500,,1,0,watsocj01
194,Earl Watson,PG,34,POR,4,14,.000,29.4,,.000,.000,.000,.000,.000,1.000,,,,,,,.000,,,,,.000,0,,.000,,,0,0,watsoea01
195,Martell Webster,SF,27,WAS,11,195,.366,19.1,,.366,.195,.024,.000,.146,.634,,.600,.500,.000,,.833,.231,,.667,1.000,,.073,3,,.308,.375,,0,0,webstma02
196,David West,PF,33,IND,19,687,.494,11.9,,.959,.163,.253,.204,.339,.041,,.506,.600,.548,.360,.518,.200,,.647,1.000,,.016,3,,.400,.250,,0,0,westda01
197,Russell Westbrook,PG,25,OKC,19,735,.420,12.3,,.749,.344,.098,.148,.158,.251,,.466,.555,.359,.356,.444,.280,,.165,.357,,.038,13,,.030,.333,,0,0,westbru01
198,D.J. White,PF,27,CHA,1,3,,,,,,,,,,,,,,,,,,,,,,0,,,,,0,0,whitedj01
199,Deron Williams,PG,29,BRK,12,428,.395,14.5,,.651,.250,.164,.059,.184,.349,,.424,.447,.520,.444,.321,.340,,.262,.611,,.007,1,,.170,.333,,0,0,willide01
200,Lou Williams,PG,27,ATL,7,133,.380,13.7,,.680,.240,.220,.040,.180,.320,,.412,.500,.273,.500,.444,.313,,.286,.200,,.000,0,,.313,.200,,0,0,willilo02
201,Mo Williams,PG,31,POR,8,187,.373,16.8,,.644,.203,.102,.034,.305,.356,,.447,.500,.500,1.000,.333,.238,,.235,.800,,.000,0,,.190,.000,,0,0,willima01
202,Brandan Wright,C,26,DAL,6,90,.833,6.9,,1.000,.444,.278,.167,.111,.000,,.833,1.000,.800,.667,.500,,,.800,,,.222,4,,,,,0,0,wrighbr03
203,Dorell Wright,SF,28,POR,8,88,.368,19.1,,.368,.105,.105,.053,.105,.632,,.429,1.000,.000,.000,.500,.333,,1.000,1.000,,.053,1,,.333,.500,,0,0,wrighdo01
204,Cody Zeller,C,21,CHA,4,53,.333,2.2,,1.000,.889,.111,.000,.000,.000,,.333,.375,.000,,,,,.333,,,.111,1,,,,,0,0,zelleco01