,,,,,,,,,,% of FGA by Distance,% of FGA by Distance,% of FGA by Distance,% of FGA by Distance,% of FGA by Distance,% of FGA by Distance,,FG% by Distance,FG% by Distance,FG% by Distance,FG% by Distance,FG% by Distance,FG% by Distance,,% of FG Ast'd,% of FG Ast'd,,Dunks,Dunks,,Corner 3s,Corner 3s,,Heaves,Heaves,-additional
Rk,Player,Pos,Age,Tm,G,MP,FG%,Dist.,,2P,0-3,3-10,10-16,16-3P,3P,,2P,0-3,3-10,10-16,16-3P,3P,,2P,3P,,%FGA,#,,%3PA,3P%,,Att.,#,-9999
1,Steven Adams,C,22,OKC,18,553,.613,2.8,,.991,.757,.216,.018,.000,.009,,.618,.679,.417,.500,,.000,,.735,,,.279,29,,.000,,,1,0,adamsst01
2,Cole Aldrich,C,27,LAC,6,77,.667,4.4,,1.000,.333,.667,.000,.000,.000,,.667,.800,.600,,,,,.700,,,.000,0,,,,,0,0,aldrico01
3,LaMarcus Aldridge,PF,30,SAS,10,337,.521,10.3,,.988,.254,.201,.308,.225,.012,,.515,.512,.559,.481,.526,1.000,,.523,1.000,,.012,2,,.500,1.000,,0,0,aldrila01
4,Lavoy Allen,PF,26,IND,6,51,.300,7.6,,1.000,.400,.300,.000,.300,.000,,.300,.250,.333,,.333,,,1.000,,,.100,1,,,,,0,0,allenla01
5,Tony Allen,SG,34,MEM,4,94,.303,11.0,,.788,.333,.242,.061,.152,.212,,.346,.273,.250,.000,.800,.143,,.778,1.000,,.000,0,,.286,.000,,0,0,allento01
6,Al-Farouq Aminu,SF,25,POR,11,372,.438,16.5,,.453,.242,.086,.031,.094,.547,,.483,.581,.455,.000,.417,.400,,.679,.964,,.063,8,,.414,.552,,0,0,aminual01
7,Chris Andersen,C,37,MEM,4,79,.417,5.0,,1.000,.750,.000,.000,.250,.000,,.417,.556,,,.000,,,.400,,,.167,2,,,,,0,0,anderch01
8,Justin Anderson,SF,22,DAL,5,95,.459,11.8,,.649,.432,.054,.054,.135,.351,,.542,.625,1.000,.000,.200,.308,,.769,1.000,,.243,8,,.231,.333,,0,0,anderju01
9,Kyle Anderson,SF,22,SAS,10,129,.320,11.9,,.880,.200,.280,.080,.320,.120,,.318,.800,.286,.500,.000,.333,,.286,1.000,,.040,1,,1.000,.333,,0,0,anderky01
10,Trevor Ariza,SF,30,HOU,5,181,.255,16.4,,.451,.196,.118,.098,.039,.549,,.391,.300,.500,.400,.500,.143,,.333,1.000,,.020,1,,.464,.154,,0,0,arizatr01
11,Jeff Ayres,C,28,LAC,2,2,1.000,0.1,,1.000,1.000,.000,.000,.000,.000,,1.000,1.000,,,,,,1.000,,,1.000,1,,,,,0,0,pendeje02
12,Leandro Barbosa,SG,33,GSW,23,254,.580,12.2,,.682,.398,.114,.080,.091,.318,,.667,.657,.600,.571,.875,.393,,.575,.818,,.000,0,,.393,.636,,0,0,barbole01
13,J.J. Barea,PG,31,DAL,4,100,.324,12.9,,.765,.118,.353,.206,.088,.235,,.385,.500,.417,.143,.667,.125,,.100,1.000,,.000,0,,.125,.000,,0,0,bareajo01
14,Harrison Barnes,SF,23,GSW,24,743,.385,14.3,,.643,.207,.160,.146,.131,.357,,.409,.636,.235,.355,.321,.342,,.536,.962,,.052,10,,.526,.400,,0,0,barneha02
15,Matt Barnes,SF,35,MEM,4,139,.348,14.5,,.609,.370,.109,.065,.065,.391,,.464,.588,.200,.667,.000,.167,,.615,1.000,,.000,0,,.167,.000,,1,0,barnema02
16,Nicolas Batum,SF,27,CHO,5,144,.378,17.3,,.511,.156,.067,.178,.111,.489,,.478,.857,.333,.375,.200,.273,,.364,.667,,.000,0,,.182,.250,,0,0,batumni01
17,Aron Baynes,C,29,DET,4,44,.444,4.1,,1.000,.556,.333,.111,.000,.000,,.444,.800,.000,.000,,,,.500,,,.000,0,,,,,0,0,baynear01
18,Kent Bazemore,SF,26,ATL,10,325,.364,15.2,,.496,.364,.025,.008,.091,.504,,.467,.523,.000,.000,.455,.262,,.679,.813,,.033,4,,.361,.273,,0,0,bazemke01
19,Michael Beasley,PF,27,HOU,5,80,.478,11.2,,.870,.217,.283,.239,.130,.130,,.500,.800,.385,.273,.667,.333,,.600,1.000,,.022,0,,.500,.667,,1,0,beaslmi01
20,Patrick Beverley,PG,27,HOU,5,129,.270,13.2,,.622,.189,.297,.108,.027,.378,,.304,.286,.364,.250,.000,.214,,.143,1.000,,.000,0,,.357,.200,,0,0,beverpa01
21,Bismack Biyombo,C,23,TOR,20,506,.580,3.6,,1.000,.681,.159,.072,.087,.000,,.580,.702,.364,.000,.500,,,.750,,,.377,21,,,,,0,0,biyombi01
22,Steve Blake,PG,35,DET,4,43,.200,13.6,,.600,.200,.200,.200,.000,.400,,.000,.000,.000,.000,,.500,,,1.000,,.000,0,,1.000,.500,,0,0,blakest01
23,Andrew Bogut,C,31,GSW,22,365,.623,3.5,,.974,.675,.234,.065,.000,.026,,.640,.731,.389,.600,,.000,,.688,,,.234,16,,.000,,,0,0,bogutan01
24,Avery Bradley,SG,25,BOS,1,33,.438,17.8,,.563,.188,.000,.000,.375,.438,,.667,.667,,,.667,.143,,.667,1.000,,.000,0,,.286,.000,,0,0,bradlav01
25,Corey Brewer,SF,29,HOU,5,77,.259,12.5,,.630,.259,.259,.074,.037,.370,,.353,.571,.143,.000,1.000,.100,,.500,1.000,,.037,1,,.700,.143,,0,0,breweco01
26,Reggie Bullock,SF,24,DET,2,22,.833,16.0,,.500,.333,.000,.000,.167,.500,,1.000,1.000,,,1.000,.667,,1.000,1.000,,.000,0,,.667,.500,,0,0,bullore01
27,Kentavious Caldwell-Pope,SG,22,DET,4,161,.440,17.2,,.460,.160,.120,.080,.100,.540,,.435,.625,.167,.500,.400,.444,,.700,.917,,.040,2,,.333,.556,,0,0,caldwke01
28,Clint Capela,C,21,HOU,5,43,.333,2.8,,1.000,.556,.444,.000,.000,.000,,.333,.400,.250,,,,,1.000,,,.000,0,,,,,0,0,capelca01
29,DeMarre Carroll,SF,29,TOR,20,596,.390,15.2,,.503,.214,.195,.057,.038,.497,,.450,.676,.323,.222,.167,.329,,.611,.923,,.025,4,,.291,.565,,0,0,carrode01
30,Vince Carter,SG,39,MEM,4,91,.455,12.4,,.697,.273,.242,.030,.152,.303,,.348,.444,.125,1.000,.400,.700,,.500,.857,,.061,1,,.200,.500,,0,0,cartevi01
31,Ian Clark,SG,24,GSW,16,154,.491,13.3,,.660,.264,.226,.094,.075,.340,,.571,.643,.500,.400,.750,.333,,.550,.667,,.000,0,,.111,.000,,0,0,clarkia01
32,Nick Collison,PF,35,OKC,9,79,.667,6.5,,1.000,.667,.000,.167,.167,.000,,.667,.750,,.000,1.000,,,1.000,,,.000,0,,,,,0,0,collini01
33,Pat Connaughton,SG,23,POR,6,8,.600,19.5,,.400,.200,.000,.000,.200,.600,,.500,1.000,,,.000,.667,,1.000,.500,,.000,0,,.000,,,0,0,connapa01
34,Allen Crabbe,SG,23,POR,11,302,.521,18.6,,.521,.123,.055,.164,.178,.479,,.605,.667,.500,.667,.538,.429,,.696,1.000,,.014,1,,.229,.375,,1,0,crabbal01
35,Jamal Crawford,SG,35,LAC,6,199,.379,15.3,,.796,.097,.126,.330,.243,.204,,.427,.700,.231,.441,.400,.190,,.229,1.000,,.000,0,,.143,.000,,0,0,crawfja01
36,Jae Crowder,SF,25,BOS,6,197,.278,17.3,,.431,.208,.083,.042,.097,.569,,.323,.600,.167,.000,.000,.244,,.600,.900,,.028,2,,.268,.364,,0,0,crowdja01
37,Stephen Curry,PG,27,GSW,18,614,.438,18.8,,.414,.186,.089,.056,.089,.586,,.486,.540,.367,.526,.433,.404,,.265,.500,,.000,0,,.131,.462,,3,0,curryst01
38,Troy Daniels,SG,24,CHO,4,18,.125,17.7,,.625,.125,.125,.000,.375,.375,,.200,.000,.000,,.333,.000,,1.000,,,.000,0,,.333,.000,,0,0,danietr01
39,Ed Davis,PF,26,POR,11,205,.525,4.9,,.950,.600,.300,.050,.000,.050,,.553,.625,.417,.500,,.000,,.619,,,.175,6,,.000,,,1,0,davised01
40,Matthew Dellavedova,PG,25,CLE,20,241,.351,15.3,,.581,.122,.324,.081,.054,.419,,.419,.444,.417,.500,.250,.258,,.500,.875,,.000,0,,.323,.400,,1,0,dellama01
41,Luol Deng,PF,30,MIA,14,495,.471,15.0,,.587,.246,.116,.065,.159,.413,,.506,.588,.563,.556,.318,.421,,.610,1.000,,.029,3,,.526,.467,,0,0,denglu01
42,DeMar DeRozan,SG,26,TOR,20,746,.394,13.2,,.935,.133,.198,.221,.379,.065,,.411,.509,.380,.409,.397,.154,,.275,1.000,,.018,5,,.346,.222,,0,0,derozde01
43,Boris Diaw,PF,33,SAS,9,159,.457,8.0,,.870,.391,.304,.087,.087,.130,,.475,.500,.500,.250,.500,.333,,.421,1.000,,.000,0,,.167,1.000,,0,0,diawbo01
44,Spencer Dinwiddie,PG,22,DET,1,2,1.000,1.1,,1.000,1.000,.000,.000,.000,.000,,1.000,1.000,,,,,,1.000,,,.000,0,,,,,0,0,dinwisp01
45,Goran Dragić,PG,29,MIA,14,472,.442,11.9,,.777,.311,.150,.194,.121,.223,,.469,.547,.387,.450,.400,.348,,.280,.500,,.005,1,,.217,.300,,1,0,dragigo01
46,Andre Drummond,C,22,DET,4,131,.519,5.8,,.981,.519,.315,.148,.000,.019,,.528,.643,.412,.375,,.000,,.607,,,.093,5,,.000,,,1,0,drumman01
47,Tim Duncan*,C,39,SAS,10,218,.423,3.8,,1.000,.558,.346,.058,.019,.000,,.423,.448,.444,.333,.000,,,.818,,,.038,2,,,,,0,0,duncati01
48,Kevin Durant,SF,27,OKC,18,726,.430,14.3,,.730,.184,.128,.238,.179,.270,,.485,.640,.423,.392,.493,.282,,.486,.742,,.052,18,,.064,.429,,1,0,duranke01
49,Monta Ellis,SG,30,IND,7,225,.434,12.6,,.724,.329,.145,.039,.211,.276,,.473,.600,.364,.333,.375,.333,,.231,.429,,.000,0,,.286,.167,,0,0,ellismo01
50,Festus Ezeli,C,26,GSW,23,203,.536,3.1,,1.000,.623,.333,.043,.000,.000,,.536,.651,.348,.333,,,,.703,,,.348,18,,,,,0,0,ezelife01
51,Jordan Farmar,PG,29,MEM,4,113,.323,16.3,,.613,.194,.065,.065,.290,.387,,.316,.167,.000,.500,.444,.333,,.000,.500,,.000,0,,.333,.500,,0,0,farmajo01
52,Raymond Felton,PG,31,DAL,5,172,.464,12.4,,.797,.304,.188,.087,.217,.203,,.509,.571,.231,.500,.667,.286,,.179,1.000,,.000,0,,.214,.333,,1,0,feltora01
53,Randy Foye,SG,32,OKC,16,190,.341,19.2,,.366,.122,.049,.024,.171,.634,,.400,.400,.500,.000,.429,.308,,.500,.875,,.000,0,,.269,.571,,0,0,foyera01
54,Enes Freedom,C,23,OKC,18,323,.551,7.2,,.881,.508,.195,.085,.093,.119,,.606,.733,.478,.400,.364,.143,,.587,1.000,,.042,3,,.929,.154,,0,0,kanteen01
55,Channing Frye,C,32,CLE,17,237,.594,19.1,,.333,.145,.072,.014,.101,.667,,.652,.900,.400,1.000,.429,.565,,.867,1.000,,.043,3,,.304,.429,,0,0,fryech01
56,Paul George,SF,25,IND,7,275,.455,15.1,,.650,.179,.163,.098,.211,.350,,.475,.545,.350,.583,.462,.419,,.263,.778,,.057,6,,.233,.600,,0,0,georgpa01
57,Manu Ginóbili*,SG,38,SAS,10,192,.426,16.4,,.553,.149,.128,.191,.085,.447,,.423,.857,.167,.444,.000,.429,,.364,.889,,.021,1,,.190,.250,,1,0,ginobma01
58,Andrew Goudelock,PG,27,HOU,2,11,.500,17.0,,.833,.000,.000,.500,.333,.167,,.600,,,.667,.500,.000,,.333,,,.000,0,,.000,,,0,0,goudean01
59,Danny Green,SG,28,SAS,10,267,.469,20.6,,.266,.125,.016,.078,.047,.734,,.353,.500,1.000,.000,.333,.511,,.667,.917,,.016,1,,.340,.500,,0,0,greenda02
60,Draymond Green,PF,25,GSW,23,879,.431,12.7,,.623,.384,.145,.058,.036,.377,,.471,.575,.250,.313,.500,.365,,.457,.974,,.069,19,,.058,.333,,2,0,greendr01
61,Gerald Green,SG,30,MIA,12,110,.327,15.3,,.714,.204,.061,.143,.306,.286,,.343,.500,.333,.429,.200,.286,,.417,1.000,,.020,0,,.357,.200,,0,0,greenge01
62,JaMychal Green,PF,25,MEM,4,72,.545,9.2,,.955,.455,.091,.091,.318,.045,,.571,.900,.500,.000,.286,.000,,.833,,,.227,5,,1.000,.000,,0,0,greenja01
63,Jeff Green,SF,29,LAC,6,159,.457,10.5,,.783,.348,.217,.065,.152,.217,,.472,.625,.500,.333,.143,.400,,.294,1.000,,.087,4,,.100,1.000,,0,0,greenje02
64,Blake Griffin,PF,26,LAC,4,127,.377,9.6,,.962,.302,.283,.075,.302,.038,,.373,.563,.333,.000,.313,.500,,.474,1.000,,.113,6,,.500,.000,,0,0,griffbl01
65,Jorge Gutiérrez,PG,27,CHO,3,12,.000,10.3,,1.000,.333,.000,.667,.000,.000,,.000,.000,,.000,,,,,,,.000,0,,,,,0,0,gutiejo01
66,P.J. Hairston,SF,23,MEM,2,22,.333,17.7,,.500,.167,.000,.167,.167,.500,,.333,.000,,1.000,.000,.333,,1.000,1.000,,.000,0,,.667,.500,,0,0,hairspj02
67,Tyler Hansbrough,PF,30,CHO,2,6,,,,,,,,,,,,,,,,,,,,,,0,,,,,0,0,hansbty01
68,Tim Hardaway Jr.,SG,23,ATL,9,87,.269,17.8,,.462,.154,.115,.000,.192,.538,,.417,.750,.333,,.200,.143,,1.000,.500,,.077,2,,.000,,,0,0,hardati02
69,James Harden,SG,26,HOU,5,193,.410,16.2,,.580,.170,.150,.120,.140,.420,,.483,.588,.400,.500,.429,.310,,.179,.385,,.030,3,,.119,.200,,1,0,hardeja01
70,Maurice Harkless,SF,22,POR,11,272,.427,11.8,,.600,.418,.155,.009,.018,.400,,.485,.587,.235,1.000,.000,.341,,.625,.933,,.100,10,,.455,.450,,0,0,harklma01
71,Montrezl Harrell,PF,22,HOU,2,12,.333,9.8,,.667,.333,.333,.000,.000,.333,,.500,1.000,.000,,,.000,,.000,,,.333,1,,1.000,.000,,0,0,harremo01
72,Devin Harris,PG,32,DAL,5,121,.500,13.4,,.567,.433,.067,.033,.033,.433,,.647,.692,.500,.000,1.000,.308,,.545,.750,,.000,0,,.231,.000,,1,0,harride01
73,Tobias Harris,PF,23,DET,4,156,.457,11.6,,.739,.304,.174,.174,.087,.261,,.500,.643,.250,.625,.250,.333,,.588,1.000,,.000,0,,.500,.333,,0,0,harrito02
74,Aaron Harrison,SG,21,CHO,2,7,,,,,,,,,,,,,,,,,,,,,,0,,,,,0,0,harriaa01
75,Udonis Haslem,PF,35,MIA,9,85,.533,6.3,,1.000,.667,.000,.200,.133,.000,,.533,.700,,.000,.500,,,.625,,,.133,1,,,,,0,0,hasleud01
76,Spencer Hawes,PF,27,CHO,5,53,.462,14.3,,.692,.077,.231,.385,.000,.308,,.556,1.000,.333,.600,,.250,,.200,1.000,,.000,0,,.500,.000,,0,0,hawessp01
77,Gerald Henderson,SG,28,POR,11,234,.366,14.8,,.768,.171,.110,.195,.293,.232,,.365,.643,.333,.250,.292,.368,,.522,.857,,.024,2,,.421,.250,,0,0,hendege02
78,George Hill,PG,29,IND,7,235,.561,15.7,,.526,.228,.105,.105,.088,.474,,.633,.615,.667,.500,.800,.481,,.211,.846,,.000,0,,.556,.467,,0,0,hillge01
79,Jordan Hill,C,28,IND,5,15,.000,12.1,,1.000,.000,.333,.333,.333,.000,,.000,,.000,.000,.000,,,,,,.000,0,,,,,0,0,hilljo01
80,Solomon Hill,SF,24,IND,7,198,.452,16.8,,.387,.290,.032,.065,.000,.613,,.250,.333,.000,.000,,.579,,.333,1.000,,.065,2,,.474,.222,,0,0,hillso01
81,Kirk Hinrich,PG,35,ATL,6,27,.286,21.4,,.571,.000,.000,.000,.571,.429,,.250,,,,.250,.333,,.000,1.000,,.000,0,,.333,1.000,,0,0,hinriki01
82,John Holland,SF,27,BOS,1,1,.000,24.8,,.000,.000,.000,.000,.000,1.000,,,,,,,.000,,,,,.000,0,,.000,,,0,0,hollajo02
83,Al Horford,C,29,ATL,10,327,.466,12.3,,.759,.284,.172,.129,.164,.241,,.489,.727,.550,.267,.211,.393,,.744,1.000,,.086,9,,.071,.000,,0,0,horfoal01
84,Dwight Howard,C,30,HOU,5,180,.542,3.5,,.979,.583,.375,.021,.000,.021,,.553,.786,.222,.000,,.000,,.808,,,.375,17,,.000,,,0,0,howardw01
85,Josh Huestis,PF,24,OKC,2,10,.333,18.7,,.333,.000,.333,.000,.000,.667,,.000,,.000,,,.500,,,1.000,,.000,0,,1.000,.500,,0,0,huestjo01
86,Kris Humphries,PF,30,ATL,4,56,.464,13.3,,.643,.321,.143,.000,.179,.357,,.444,.556,.750,,.000,.500,,.875,1.000,,.071,2,,.100,1.000,,0,0,humphkr01
87,R.J. Hunter,SG,22,BOS,5,41,.222,18.6,,.444,.111,.000,.222,.111,.556,,.250,1.000,,.000,.000,.200,,.000,1.000,,.000,0,,.200,.000,,0,0,hunterj01
88,Serge Ibaka,PF,26,OKC,18,602,.521,17.0,,.577,.117,.123,.067,.270,.423,,.574,.895,.700,.364,.432,.449,,.759,1.000,,.055,9,,.420,.414,,0,0,ibakase01
89,Andre Iguodala,SF,32,GSW,24,767,.476,14.0,,.604,.335,.067,.122,.079,.396,,.535,.709,.182,.350,.385,.385,,.509,.920,,.116,19,,.400,.385,,1,0,iguodan01
90,Kyrie Irving,PG,23,CLE,21,774,.475,14.1,,.726,.234,.113,.168,.210,.274,,.489,.576,.375,.507,.438,.440,,.247,.549,,.002,1,,.198,.522,,1,0,irvinky01
91,Reggie Jackson,PG,25,DET,4,147,.455,12.8,,.673,.327,.145,.073,.127,.327,,.595,.722,.500,.250,.571,.167,,.045,.667,,.018,1,,.056,.000,,0,0,jacksre01
92,LeBron James,SF,31,CLE,21,822,.525,10.1,,.775,.460,.125,.084,.106,.225,,.579,.724,.346,.286,.455,.340,,.412,.469,,.110,43,,.128,.167,,0,0,jamesle01
93,Al Jefferson,C,31,CHO,7,168,.506,6.9,,1.000,.349,.337,.229,.084,.000,,.506,.724,.393,.474,.143,,,.452,,,.060,4,,,,,0,0,jeffeal01
94,Richard Jefferson,SF,35,CLE,21,381,.524,10.9,,.667,.464,.095,.048,.060,.333,,.589,.692,.250,.250,.600,.393,,.727,1.000,,.119,10,,.536,.467,,0,0,jefferi01
95,Jonas Jerebko,PF,28,BOS,6,162,.478,14.2,,.522,.348,.087,.022,.065,.478,,.625,.625,.750,1.000,.333,.318,,.667,1.000,,.022,1,,.182,.250,,0,0,jerebjo01
96,Amir Johnson,PF,28,BOS,6,134,.667,3.5,,.939,.727,.182,.030,.000,.061,,.710,.708,.667,1.000,,.000,,.682,,,.121,4,,.500,.000,,0,0,johnsam01
97,James Johnson,PF,28,TOR,10,98,.480,11.7,,.640,.280,.200,.080,.080,.360,,.500,.714,.600,.000,.000,.444,,.750,1.000,,.080,2,,.333,1.000,,0,0,johnsja01
98,Joe Johnson,SF,34,MIA,14,492,.430,14.7,,.709,.101,.297,.158,.158,.291,,.491,.563,.553,.520,.280,.283,,.073,.846,,.000,0,,.196,.222,,1,0,johnsjo02
99,Stanley Johnson,SF,19,DET,4,81,.522,15.9,,.565,.087,.304,.043,.130,.435,,.462,.500,.429,.000,.667,.600,,.333,1.000,,.000,0,,.500,.800,,0,0,johnsst04
100,Tyler Johnson,SG,23,MIA,5,61,.455,18.0,,.455,.182,.000,.091,.182,.545,,.400,1.000,,.000,.000,.500,,1.000,1.000,,.000,0,,.667,.500,,0,0,johnsty01
101,Wesley Johnson,SF,28,LAC,6,77,.357,22.7,,.357,.071,.071,.071,.143,.643,,.400,1.000,.000,1.000,.000,.333,,.000,1.000,,.000,0,,.444,.250,,1,0,johnswe01
102,Dahntay Jones,SF,35,CLE,15,50,.462,12.2,,.769,.308,.154,.077,.231,.231,,.500,.750,1.000,.000,.000,.333,,.400,1.000,,.000,0,,1.000,.333,,0,0,jonesda02
103,James Jones,SF,35,CLE,12,55,.200,22.9,,.300,.000,.000,.000,.300,.700,,.333,,,,.333,.143,,1.000,1.000,,.000,0,,.143,.000,,0,0,jonesja02
104,DeAndre Jordan,C,27,LAC,6,198,.632,1.8,,1.000,.763,.237,.000,.000,.000,,.632,.724,.333,,,,,.542,,,.395,13,,,,,0,0,jordade01
105,Cory Joseph,SG,24,TOR,20,452,.466,12.1,,.838,.291,.162,.142,.243,.162,,.492,.698,.417,.333,.389,.333,,.148,.750,,.000,0,,.333,.500,,1,0,josepco01
106,Chris Kaman,C,33,POR,4,32,.389,11.6,,1.000,.056,.278,.333,.333,.000,,.389,1.000,.400,.167,.500,,,.714,,,.000,0,,,,,0,0,kamanch01
107,Frank Kaminsky,C,22,CHO,7,190,.304,12.3,,.630,.239,.348,.022,.022,.370,,.310,.364,.313,.000,.000,.294,,.444,1.000,,.000,0,,.118,.500,,0,0,kaminfr01
108,Kyle Korver,SG,34,ATL,10,316,.467,21.2,,.280,.107,.027,.027,.120,.720,,.524,.750,.500,.500,.333,.444,,.909,1.000,,.000,0,,.222,.500,,0,0,korveky01
109,Jeremy Lamb,SG,23,CHO,3,12,.556,11.7,,.889,.222,.222,.111,.333,.111,,.500,.500,1.000,1.000,.000,1.000,,.250,1.000,,.000,0,,.000,,,0,0,lambje01
110,Ty Lawson,PG,28,IND,7,74,.333,10.9,,.833,.389,.111,.167,.167,.167,,.400,.286,.500,.667,.333,.000,,.000,,,.000,0,,.000,,,0,0,lawsoty01
111,Courtney Lee,SG,30,CHO,7,257,.412,12.4,,.824,.275,.176,.098,.255,.176,,.405,.357,.556,.200,.462,.444,,.353,.750,,.020,1,,.111,.000,,0,0,leeco01
112,David Lee,PF,32,DAL,2,33,.750,2.6,,1.000,.625,.375,.000,.000,.000,,.750,.800,.667,,,,,.833,,,.375,3,,,,,0,0,leeda02
113,Kawhi Leonard,SF,24,SAS,10,339,.500,12.2,,.765,.289,.157,.157,.163,.235,,.520,.750,.462,.346,.333,.436,,.303,.941,,.096,16,,.282,.909,,0,0,leonaka01
114,Damian Lillard,PG,25,POR,11,437,.368,16.1,,.558,.264,.062,.120,.112,.442,,.348,.422,.400,.276,.222,.393,,.362,.381,,.017,4,,.065,.571,,0,0,lillada01
115,Jeremy Lin,SG,27,CHO,7,189,.413,10.5,,.778,.460,.111,.079,.127,.222,,.469,.586,.429,.200,.250,.214,,.261,.667,,.000,0,,.071,.000,,0,0,linje01
116,Shaun Livingston,PG,30,GSW,24,514,.488,10.1,,.994,.232,.185,.500,.077,.006,,.491,.590,.548,.429,.462,.000,,.463,,,.101,15,,.000,,,1,0,livinsh01
117,Kevin Love,PF,27,CLE,20,613,.385,15.5,,.536,.176,.184,.117,.059,.464,,.359,.357,.341,.393,.357,.414,,.500,.957,,.004,0,,.459,.451,,0,0,loveke01
118,Kyle Lowry,PG,29,TOR,20,766,.397,16.0,,.582,.197,.158,.082,.145,.418,,.464,.662,.231,.667,.333,.304,,.202,.429,,.000,0,,.036,.200,,1,0,lowryky01
119,Ian Mahinmi,C,29,IND,7,172,.500,2.8,,1.000,.667,.286,.048,.000,.000,,.500,.643,.250,.000,,,,.762,,,.214,9,,,,,0,0,mahinia01
120,Boban Marjanović,C,27,SAS,7,42,.667,6.2,,1.000,.417,.250,.250,.083,.000,,.667,1.000,.667,.333,.000,,,.875,,,.250,3,,,,,0,0,marjabo01
121,Jarell Martin,PF,21,MEM,2,46,.375,5.9,,1.000,.750,.000,.000,.250,.000,,.375,.500,,,.000,,,.667,,,.125,1,,,,,0,0,martija01
122,Kevin Martin,SG,32,SAS,5,49,.400,14.7,,.600,.300,.050,.050,.200,.400,,.333,.167,.000,1.000,.500,.500,,.750,1.000,,.000,0,,.250,1.000,,0,0,martike02
123,Wesley Matthews,SF,29,DAL,5,173,.333,18.7,,.417,.117,.067,.100,.133,.583,,.400,.286,.500,.500,.375,.286,,.300,1.000,,.000,0,,.314,.364,,0,0,matthwe02
124,Luc Mbah a Moute,PF,29,LAC,5,78,.667,0.9,,1.000,1.000,.000,.000,.000,.000,,.667,.667,,,,,,.750,,,.333,2,,,,,0,0,mbahalu01
125,James Michael McAdoo,PF,23,GSW,8,38,.500,2.8,,1.000,.750,.250,.000,.000,.000,,.500,.667,.000,,,,,1.000,,,.500,2,,,,,0,0,mcadoja01
126,CJ McCollum,SG,24,POR,11,442,.426,15.8,,.706,.137,.096,.239,.234,.294,,.460,.593,.368,.468,.413,.345,,.266,.700,,.005,1,,.224,.308,,0,0,mccolcj01
127,K.J. McDaniels,SF,22,HOU,4,34,.308,10.1,,.769,.154,.538,.000,.077,.231,,.300,.500,.286,,.000,.333,,.333,.000,,.077,1,,.333,1.000,,0,0,mcdankj01
128,JaVale McGee,C,28,DAL,2,14,.500,12.8,,1.000,.000,.500,.000,.500,.000,,.500,,1.000,,.000,,,1.000,,,.000,0,,,,,0,0,mcgeeja01
129,Jordan McRae,PG,24,CLE,2,4,1.000,10.9,,.750,.250,.250,.250,.000,.250,,1.000,1.000,1.000,1.000,,1.000,,.333,.000,,.000,0,,.000,,,0,0,mcraejo01
130,Josh McRoberts,PF,28,MIA,10,134,.471,11.2,,.794,.206,.353,.118,.118,.206,,.593,.857,.500,.500,.500,.000,,.500,,,.029,1,,.286,.000,,0,0,mcrobjo01
131,Jodie Meeks,SG,28,DET,1,2,1.000,6.2,,1.000,.000,1.000,.000,.000,.000,,1.000,,1.000,,,,,1.000,,,.000,0,,,,,0,0,meeksjo01
132,Salah Mejri,C,29,DAL,4,76,.700,2.8,,1.000,.900,.000,.000,.100,.000,,.700,.778,,,.000,,,.571,,,.400,3,,,,,0,0,mejrisa01
133,Jordan Mickey,PF,21,BOS,2,10,.500,4.8,,1.000,.750,.000,.000,.250,.000,,.500,.667,,,.000,,,1.000,,,.250,1,,,,,0,0,mickejo01
134,C.J. Miles,SF,28,IND,7,92,.263,17.7,,.474,.158,.132,.105,.079,.526,,.444,.500,.400,.000,1.000,.100,,.625,1.000,,.026,1,,.300,.000,,1,0,milescj01
135,Andre Miller,PG,39,SAS,5,35,.429,15.2,,.571,.429,.000,.143,.000,.429,,.500,.667,,.000,,.333,,.500,.000,,.000,0,,.333,.000,,0,0,millean02
136,Patty Mills,PG,27,SAS,10,167,.434,21.1,,.321,.075,.000,.057,.189,.679,,.588,1.000,,.333,.500,.361,,.700,.615,,.000,0,,.278,.200,,0,0,millspa02
137,Paul Millsap,PF,30,ATL,10,365,.431,10.1,,.759,.401,.161,.161,.036,.241,,.490,.600,.318,.455,.200,.242,,.529,1.000,,.029,3,,.182,.000,,0,0,millspa01
138,Nazr Mohammed,C,38,OKC,5,10,.500,11.6,,1.000,.500,.000,.000,.500,.000,,.500,1.000,,,.000,,,1.000,,,.000,0,,,,,0,0,mohamna01
139,Luis Montero,SG,22,POR,6,8,1.000,19.0,,.333,.000,.333,.000,.000,.667,,1.000,,1.000,,,1.000,,1.000,.500,,.000,0,,.000,,,0,0,montelu01
140,Marcus Morris,SF,26,DET,4,144,.468,15.4,,.617,.213,.043,.213,.149,.383,,.517,.700,.500,.400,.429,.389,,.600,.857,,.000,0,,.278,.400,,0,0,morrima03
141,Anthony Morrow,SG,30,OKC,14,76,.458,19.1,,.417,.125,.000,.125,.167,.583,,.600,.667,,.667,.500,.357,,.500,1.000,,.000,0,,.286,.500,,0,0,morroan01
142,Donatas Motiejūnas,PF,25,HOU,5,98,.432,11.0,,.757,.189,.405,.162,.000,.243,,.429,.571,.467,.167,,.444,,.667,1.000,,.027,1,,.222,.000,,0,0,motiedo01
143,Timofey Mozgov,C,29,CLE,13,76,.400,5.0,,1.000,.533,.267,.200,.000,.000,,.400,.625,.250,.000,,,,.333,,,.333,4,,,,,0,0,mozgoti01
144,Xavier Munford,SG,23,MEM,4,89,.321,14.1,,.714,.214,.179,.143,.214,.286,,.400,.333,.200,.500,.500,.125,,.000,1.000,,.000,0,,.125,1.000,,1,0,munfoxa02
145,Mike Muscala,C,24,ATL,9,67,.500,10.8,,.700,.500,.050,.150,.000,.300,,.571,.500,1.000,.667,,.333,,.625,1.000,,.000,0,,.500,.333,,0,0,muscami01
146,Lucas Nogueira,C,23,TOR,5,29,.750,4.0,,1.000,.750,.000,.250,.000,.000,,.750,1.000,,.000,,,,1.000,,,.750,3,,,,,0,0,noguelu01
147,Dirk Nowitzki*,PF,37,DAL,5,170,.494,13.3,,.867,.157,.145,.313,.253,.133,,.514,.769,.500,.423,.476,.364,,.649,1.000,,.000,0,,.091,1.000,,0,0,nowitdi01
148,Kelly Olynyk,C,24,BOS,4,32,.111,13.3,,.667,.333,.111,.000,.222,.333,,.167,.000,.000,,.500,.000,,1.000,,,.000,0,,.000,,,0,0,olynyke01
149,Zaza Pachulia,C,31,DAL,5,112,.375,5.5,,1.000,.458,.375,.042,.125,.000,,.375,.455,.333,.000,.333,,,.778,,,.042,1,,,,,0,0,pachuza01
150,Tony Parker*,PG,33,SAS,10,264,.449,12.0,,.837,.306,.102,.224,.204,.163,,.488,.633,.500,.318,.450,.250,,.150,1.000,,.000,0,,.688,.364,,1,0,parketo01
151,Lamar Patterson,SG,24,ATL,4,20,.286,14.2,,.571,.429,.000,.000,.143,.429,,.250,.333,,,.000,.333,,1.000,1.000,,.000,0,,.000,,,0,0,pattela01
152,Patrick Patterson,PF,26,TOR,20,583,.404,15.8,,.485,.191,.184,.059,.051,.515,,.515,.769,.440,.125,.286,.300,,.500,1.000,,.051,6,,.486,.176,,0,0,pattepa01
153,Chris Paul,PG,30,LAC,4,125,.487,16.2,,.737,.158,.066,.224,.289,.263,,.554,.583,.800,.529,.500,.300,,.161,.667,,.013,1,,.050,.000,,0,0,paulch01
154,Cameron Payne,PG,21,OKC,10,64,.269,17.9,,.615,.038,.231,.192,.154,.385,,.313,.000,.500,.400,.000,.200,,.200,1.000,,.000,0,,.200,.500,,1,0,payneca01
155,Paul Pierce*,SF,38,LAC,5,54,.167,19.5,,.583,.083,.000,.083,.417,.417,,.143,.000,,.000,.200,.200,,1.000,1.000,,.000,0,,.200,.000,,0,0,piercpa01
156,Mason Plumlee,C,25,POR,11,306,.400,3.4,,1.000,.600,.357,.043,.000,.000,,.400,.524,.240,.000,,,,.714,,,.214,11,,,,,0,0,plumlma01
157,Dwight Powell,PF,24,DAL,4,64,.474,6.2,,.947,.684,.053,.000,.211,.053,,.500,.615,.000,,.250,.000,,.778,,,.263,4,,.000,,,0,0,poweldw01
158,Norman Powell,SG,22,TOR,18,206,.386,13.7,,.629,.314,.129,.043,.143,.371,,.455,.455,.556,.667,.300,.269,,.300,1.000,,.043,3,,.423,.364,,0,0,powelno01
159,Pablo Prigioni,PG,38,LAC,5,26,.000,19.4,,.600,.000,.000,.600,.000,.400,,.000,,,.000,,.000,,,,,.000,0,,.000,,,0,0,prigipa01
160,Zach Randolph,PF,34,MEM,4,120,.371,7.2,,1.000,.468,.258,.032,.242,.000,,.371,.345,.375,.000,.467,,,.348,,,.000,0,,,,,0,0,randoza01
161,JJ Redick,SG,31,LAC,6,166,.430,18.0,,.608,.114,.089,.114,.291,.392,,.479,.556,.429,.444,.478,.355,,1.000,1.000,,.000,0,,.065,.500,,0,0,redicjj01
162,Josh Richardson,SG,22,MIA,14,387,.371,17.8,,.483,.157,.090,.101,.135,.517,,.372,.571,.000,.444,.333,.370,,.625,1.000,,.022,1,,.326,.533,,1,0,richajo01
163,Austin Rivers,SG,23,LAC,6,144,.426,12.0,,.721,.246,.328,.115,.033,.279,,.500,.800,.400,.286,.000,.235,,.182,.500,,.033,2,,.059,.000,,0,0,riverau01
164,Andre Roberson,SG,24,OKC,18,471,.465,11.2,,.570,.430,.140,.000,.012,.430,,.571,.757,.000,,.000,.324,,.571,1.000,,.128,10,,.757,.214,,0,0,roberan03
165,Brian Roberts,PG,30,POR,10,36,.222,20.0,,.556,.000,.111,.111,.333,.444,,.400,,.000,1.000,.333,.000,,1.000,,,.000,0,,.250,.000,,0,0,roberbr01
166,Glenn Robinson III,SF,22,IND,4,10,.750,9.4,,1.000,.500,.000,.250,.250,.000,,.750,1.000,,.000,1.000,,,1.000,,,.250,1,,,,,0,0,robingl02
167,Terrence Ross,SF,24,TOR,20,335,.387,18.2,,.462,.134,.092,.101,.134,.538,,.455,.563,.273,.500,.438,.328,,.360,.857,,.042,4,,.344,.273,,0,0,rosste01
168,Terry Rozier,PG,21,BOS,5,99,.391,16.2,,.522,.261,.000,.130,.130,.478,,.417,.500,,.333,.333,.364,,.400,1.000,,.000,0,,.455,.400,,0,0,roziete01
169,Brandon Rush,SG,30,GSW,14,110,.450,19.9,,.400,.100,.050,.100,.150,.600,,.625,1.000,1.000,.500,.333,.333,,.600,1.000,,.050,1,,.417,.200,,0,0,rushbr01
170,Dennis Schröder,PG,22,ATL,10,191,.452,12.6,,.663,.404,.087,.029,.144,.337,,.507,.619,.222,.333,.400,.343,,.171,.583,,.010,1,,.029,.000,,0,0,schrode01
171,Luis Scola,PF,35,TOR,11,140,.258,18.2,,.323,.129,.161,.032,.000,.677,,.400,.500,.400,.000,,.190,,.500,1.000,,.000,0,,.381,.125,,0,0,scolalu01
172,Mike Scott,PF,27,ATL,10,161,.625,12.1,,.600,.325,.250,.025,.000,.400,,.708,.769,.700,.000,,.500,,.588,1.000,,.050,2,,.375,.667,,0,0,scottmi01
173,Thabo Sefolosha,SF,31,ATL,10,203,.478,13.6,,.587,.370,.043,.065,.109,.413,,.556,.588,1.000,.667,.200,.368,,.467,1.000,,.065,3,,.368,.286,,0,0,sefolth01
174,Iman Shumpert,SG,25,CLE,21,367,.417,17.1,,.433,.200,.067,.067,.100,.567,,.462,.667,.000,.500,.333,.382,,.667,.846,,.100,6,,.500,.412,,0,0,shumpim01
175,Jonathon Simmons,SG,26,SAS,3,26,.400,10.6,,.700,.500,.000,.200,.000,.300,,.286,.400,,.000,,.667,,.000,1.000,,.000,0,,.333,1.000,,0,0,simmojo02
176,Kyle Singler,SF,27,OKC,6,51,.333,14.3,,.556,.000,.444,.111,.000,.444,,.200,,.250,.000,,.500,,1.000,1.000,,.000,0,,.750,.667,,0,0,singlky01
177,Marcus Smart,PG,21,BOS,6,193,.367,16.3,,.467,.367,.033,.000,.067,.533,,.393,.409,.500,,.250,.344,,.273,.818,,.033,2,,.188,.667,,1,0,smartma01
178,J.R. Smith,SG,30,CLE,21,730,.436,22.2,,.197,.080,.053,.032,.032,.803,,.459,.800,.100,.333,.333,.430,,.471,.938,,.032,6,,.238,.583,,2,0,smithjr01
179,Josh Smith,PF,30,HOU,4,38,.462,18.4,,.385,.077,.231,.077,.000,.615,,.400,1.000,.333,.000,,.500,,.000,1.000,,.000,0,,.125,1.000,,0,0,smithjo03
180,Marreese Speights,C,28,GSW,24,201,.390,16.2,,.636,.203,.119,.119,.195,.364,,.373,.417,.357,.357,.348,.419,,.714,1.000,,.017,2,,.163,.286,,2,0,speigma01
181,Lance Stephenson,SF,25,MEM,4,95,.523,13.1,,.886,.250,.091,.205,.341,.114,,.538,.818,.000,.444,.533,.400,,.381,1.000,,.000,0,,.000,,,0,0,stephla01
182,Amar'e Stoudemire,C,33,MIA,9,82,.579,6.1,,1.000,.632,.105,.053,.211,.000,,.579,.667,1.000,.000,.250,,,.545,,,.158,3,,,,,0,0,stoudam01
183,Rodney Stuckey,PG,29,IND,7,125,.395,13.8,,.767,.116,.302,.140,.209,.233,,.364,.200,.308,.333,.556,.500,,.583,1.000,,.000,0,,.400,.250,,0,0,stuckro01
184,Jared Sullinger,PF,23,BOS,6,81,.310,10.3,,.905,.452,.071,.095,.286,.095,,.289,.263,.333,.250,.333,.500,,.818,1.000,,.000,0,,.000,,,0,0,sullija01
185,Jeff Teague,PG,27,ATL,10,279,.380,11.8,,.702,.364,.174,.074,.091,.298,,.435,.477,.524,.333,.182,.250,,.108,.556,,.000,0,,.139,.000,,0,0,teaguje01
186,Jason Terry,SG,38,HOU,5,124,.342,18.9,,.500,.132,.105,.079,.184,.500,,.368,.400,.250,.667,.286,.316,,.429,1.000,,.000,0,,.158,.667,,1,0,terryja01
187,Isaiah Thomas,PG,26,BOS,6,220,.395,13.2,,.613,.387,.084,.050,.092,.387,,.466,.500,.400,.667,.273,.283,,.382,.615,,.000,0,,.152,.429,,0,0,thomais02
188,Jason Thompson,C,29,TOR,10,55,.444,6.6,,.889,.556,.222,.000,.111,.111,,.500,.800,.000,,.000,.000,,.500,,,.222,2,,1.000,.000,,0,0,thompja02
189,Klay Thompson,SG,25,GSW,24,849,.444,17.2,,.490,.188,.088,.106,.104,.510,,.464,.612,.475,.313,.362,.424,,.621,.898,,.004,2,,.242,.429,,0,0,thompkl01
190,Tristan Thompson,PF,24,CLE,21,622,.527,2.6,,1.000,.699,.269,.011,.022,.000,,.527,.600,.320,.000,1.000,,,.633,,,.269,22,,,,,0,0,thomptr01
191,Anthony Tolliver,PF,30,DET,3,26,.500,20.3,,.500,.000,.000,.250,.250,.500,,1.000,,,1.000,1.000,.000,,1.000,,,.000,0,,.000,,,0,0,tollian01
192,Evan Turner,SG,27,BOS,6,214,.365,11.6,,.835,.306,.082,.271,.176,.165,,.394,.500,.143,.522,.133,.214,,.321,1.000,,.000,0,,.714,.200,,0,0,turneev01
193,Myles Turner,C,19,IND,7,197,.465,10.8,,.972,.268,.268,.056,.380,.028,,.478,.632,.421,.500,.407,.000,,.758,,,.056,4,,.000,,,0,0,turnemy01
194,Jonas Valančiūnas,C,23,TOR,12,321,.567,5.0,,1.000,.550,.225,.167,.058,.000,,.567,.621,.481,.700,.000,,,.603,,,.092,10,,,,,0,0,valanjo01
195,Anderson Varejão,C,33,GSW,17,93,.357,7.3,,1.000,.429,.286,.143,.143,.000,,.357,.667,.000,.500,.000,,,.400,,,.071,1,,,,,0,0,varejan01
196,Charlie Villanueva,PF,31,DAL,4,20,.250,14.2,,.583,.167,.333,.083,.000,.417,,.286,1.000,.000,.000,,.200,,1.000,1.000,,.083,1,,.000,,,0,0,villach01
197,Noah Vonleh,PF,20,POR,6,12,.000,10.7,,1.000,.000,.667,.000,.333,.000,,.000,,.000,,.000,,,,,,.000,0,,,,,0,0,vonleno01
198,Dwyane Wade*,SG,34,MIA,14,473,.469,11.7,,.909,.197,.244,.220,.248,.091,,.463,.640,.403,.446,.397,.522,,.187,.250,,.031,7,,.174,.500,,1,0,wadedw01
199,Dion Waiters,SG,24,OKC,18,491,.417,14.5,,.576,.273,.129,.030,.144,.424,,.447,.472,.294,.250,.579,.375,,.176,.857,,.008,1,,.518,.414,,0,0,waitedi01
200,Kemba Walker,PG,25,CHO,7,260,.366,12.9,,.719,.359,.098,.092,.176,.281,,.382,.436,.267,.357,.333,.326,,.048,.429,,.000,0,,.070,.667,,1,0,walkeke02
201,Briante Weber,PG,23,MIA,2,6,.000,16.1,,1.000,.000,.000,.000,1.000,.000,,.000,,,,.000,,,,,,.000,0,,,,,0,0,weberbr01
202,David West,PF,35,SAS,10,176,.455,10.1,,.891,.309,.273,.109,.200,.109,,.449,.529,.533,.167,.364,.500,,.727,1.000,,.055,2,,.167,.000,,0,0,westda01
203,Russell Westbrook,PG,27,OKC,18,674,.405,12.6,,.733,.321,.109,.155,.148,.267,,.434,.524,.233,.328,.500,.324,,.112,.559,,.028,9,,.114,.417,,0,0,westbru01
204,Hassan Whiteside,C,26,MIA,10,291,.681,3.9,,1.000,.623,.275,.087,.014,.000,,.681,.814,.632,.000,.000,,,.660,,,.275,19,,,,,0,0,whiteha01
205,C.J. Wilcox,SG,25,LAC,2,7,.000,17.8,,1.000,.000,.000,.000,1.000,.000,,.000,,,,.000,,,,,,.000,0,,,,,0,0,wilcocj01
206,Deron Williams,PG,31,DAL,3,49,.333,14.2,,.611,.278,.167,.000,.167,.389,,.273,.200,.333,,.333,.429,,.333,.000,,.000,0,,.143,.000,,0,0,willide01
207,Marvin Williams,PF,29,CHO,7,228,.275,13.0,,.667,.314,.157,.078,.118,.333,,.235,.313,.250,.000,.167,.353,,.750,1.000,,.039,1,,.235,.250,,0,0,willima02
208,Mo Williams,PG,33,CLE,13,68,.286,19.6,,.536,.071,.000,.214,.250,.464,,.333,.500,,.333,.286,.231,,.600,.333,,.000,0,,.000,,,0,0,willima01
209,Justise Winslow,SF,19,MIA,13,330,.432,11.3,,.757,.365,.203,.041,.149,.243,,.482,.704,.133,.333,.455,.278,,.556,1.000,,.068,3,,.778,.357,,1,0,winslju01
210,Delon Wright,PG,23,TOR,9,41,.300,6.5,,.900,.700,.000,.100,.100,.100,,.333,.429,,.000,.000,.000,,.333,,,.100,1,,1.000,.000,,0,0,wrighde01
211,Dorell Wright,SF,30,MIA,5,19,.500,19.5,,.500,.100,.100,.000,.300,.500,,.600,1.000,1.000,,.333,.400,,.000,1.000,,.000,0,,.200,1.000,,0,0,wrighdo01
212,James Young,SG,20,BOS,3,10,.333,19.6,,.667,.000,.000,.000,.667,.333,,.500,,,,.500,.000,,1.000,,,.000,0,,.000,,,0,0,youngja01
213,Joe Young,PG,23,IND,4,10,.375,20.7,,.500,.000,.000,.375,.125,.500,,.500,,,.667,.000,.250,,.000,1.000,,.000,0,,.000,,,0,0,youngjo01
214,Cody Zeller,C,23,CHO,7,137,.553,4.3,,1.000,.658,.211,.026,.105,.000,,.553,.520,.500,1.000,.750,,,.810,,,.105,4,,,,,0,0,zelleco01
215,Tyler Zeller,C,26,BOS,3,38,.467,9.3,,1.000,.467,.067,.067,.400,.000,,.467,.571,1.000,.000,.333,,,.857,,,.000,0,,,,,0,0,zellety01