,,,,,,,,,,% of FGA by Distance,% of FGA by Distance,% of FGA by Distance,% of FGA by Distance,% of FGA by Distance,% of FGA by Distance,,FG% by Distance,FG% by Distance,FG% by Distance,FG% by Distance,FG% by Distance,FG% by Distance,,% of FG Ast'd,% of FG Ast'd,,Dunks,Dunks,,Corner 3s,Corner 3s,,Heaves,Heaves,-additional
Rk,Player,Pos,Age,Tm,G,MP,FG%,Dist.,,2P,0-3,3-10,10-16,16-3P,3P,,2P,0-3,3-10,10-16,16-3P,3P,,2P,3P,,%FGA,#,,%3PA,3P%,,Att.,#,-9999
1,Álex Abrines,SG,23,OKC,5,80,.348,20.2,,.261,.217,.000,.000,.043,.739,,.500,.400,,,1.000,.294,,.667,1.000,,.043,0,,.176,.667,,1,0,abrinal01
2,Steven Adams,C,23,OKC,5,157,.643,3.7,,1.000,.500,.393,.107,.000,.000,,.643,.786,.545,.333,,,,.611,,,.179,5,,,,,0,0,adamsst01
3,LaMarcus Aldridge,PF,31,SAS,16,537,.458,10.7,,.942,.267,.196,.238,.238,.058,,.478,.719,.489,.368,.316,.143,,.537,1.000,,.063,12,,.500,.000,,0,0,aldrila01
4,Lavoy Allen,PF,27,IND,3,11,,,,,,,,,,,,,,,,,,,,,,0,,,,,0,0,allenla01
5,Al-Farouq Aminu,PF,26,POR,4,113,.459,14.8,,.541,.297,.108,.054,.081,.459,,.500,.636,.000,.000,1.000,.412,,.600,1.000,,.108,3,,.176,1.000,,0,0,aminual01
6,Kyle Anderson,SF,23,SAS,15,195,.563,9.0,,.844,.391,.234,.125,.063,.156,,.611,.760,.600,.625,.000,.300,,.485,.667,,.109,7,,.700,.286,,0,0,anderky01
7,Ryan Anderson,PF,28,HOU,11,336,.391,19.0,,.348,.217,.022,.065,.043,.652,,.594,.600,.500,.833,.250,.283,,.421,.941,,.022,2,,.183,.364,,0,0,anderry01
8,Giannis Antetokounmpo,SF,22,MIL,6,243,.536,7.5,,.911,.554,.161,.045,.161,.089,,.549,.629,.389,.400,.444,.400,,.464,.750,,.152,16,,.100,1.000,,0,0,antetgi01
9,Joel Anthony,C,34,SAS,3,15,.750,2.2,,1.000,.750,.250,.000,.000,.000,,.750,1.000,.000,,,,,1.000,,,.500,2,,,,,0,0,anthojo01
10,Trevor Ariza,SF,31,HOU,11,413,.423,16.2,,.371,.309,.062,.000,.000,.629,,.500,.567,.167,,,.377,,.722,.913,,.041,4,,.262,.188,,0,0,arizatr01
11,Wade Baldwin,PG,20,MEM,3,12,.000,2.1,,1.000,1.000,.000,.000,.000,.000,,.000,.000,,,,,,,,,.000,0,,,,,0,0,baldwwa01
12,Matt Barnes,SF,36,GSW,12,61,.267,17.4,,.467,.267,.067,.000,.133,.533,,.429,.500,1.000,,.000,.125,,1.000,1.000,,.000,0,,.500,.000,,0,0,barnema02
13,Brandon Bass,PF,31,LAC,1,4,.333,4.5,,1.000,.667,.000,.333,.000,.000,,.333,.500,,.000,,,,.000,,,.000,0,,,,,0,0,bassbr01
14,Kent Bazemore,SF,27,ATL,6,150,.396,15.4,,.547,.264,.151,.038,.094,.453,,.483,.571,.250,.500,.600,.292,,.571,.571,,.019,0,,.250,.500,,0,0,bazemke01
15,Bradley Beal,SG,23,WAS,13,505,.471,15.7,,.610,.212,.112,.131,.154,.390,,.589,.600,.586,.676,.500,.287,,.516,.690,,.008,2,,.129,.231,,0,0,bealbr01
16,Michael Beasley,PF,28,MIL,4,48,.350,11.7,,.750,.200,.300,.150,.100,.250,,.267,.250,.167,.333,.500,.600,,.750,1.000,,.000,0,,.400,.500,,0,0,beaslmi01
17,Dāvis Bertāns,PF,24,SAS,13,112,.444,19.9,,.259,.185,.000,.037,.037,.741,,.571,.800,,.000,.000,.400,,.750,1.000,,.037,1,,.250,.400,,0,0,bertada01
18,Patrick Beverley,SG,28,HOU,11,325,.413,14.6,,.523,.193,.266,.037,.028,.477,,.421,.524,.310,.750,.333,.404,,.208,.952,,.009,1,,.423,.500,,0,0,beverpa01
19,Bojan Bogdanović,SF,27,WAS,13,264,.414,17.1,,.483,.230,.069,.080,.103,.517,,.476,.650,.167,.571,.222,.356,,.750,.875,,.023,2,,.244,.182,,1,0,bogdabo02
20,Joel Bolomboy,PF,23,UTA,2,9,.667,1.0,,1.000,1.000,.000,.000,.000,.000,,.667,.667,,,,,,.500,,,.667,1,,,,,0,0,bolomjo01
21,Avery Bradley,SG,26,BOS,18,645,.441,15.6,,.581,.301,.051,.048,.180,.419,,.506,.610,.429,.385,.388,.351,,.738,.950,,.051,11,,.254,.310,,1,0,bradlav01
22,Malcolm Brogdon,SG,24,MIL,6,183,.400,13.7,,.618,.291,.164,.036,.127,.382,,.353,.500,.222,.000,.286,.476,,.417,.900,,.018,1,,.333,.714,,0,0,brogdma01
23,Aaron Brooks,PG,32,IND,1,7,.667,18.3,,.333,.000,.333,.000,.000,.667,,1.000,,1.000,,,.500,,.000,.000,,.000,0,,.500,.000,,0,0,brookaa01
24,Bobby Brown,PG,32,HOU,5,22,.500,19.9,,.450,.050,.150,.100,.150,.550,,.556,1.000,.667,.500,.333,.455,,.200,.800,,.000,0,,.091,1.000,,0,0,brownbo02
25,Jaylen Brown,SF,20,BOS,17,215,.479,12.7,,.676,.380,.085,.070,.141,.324,,.604,.815,.667,.400,.100,.217,,.586,1.000,,.070,3,,.348,.375,,0,0,brownja02
26,Trey Burke,PG,24,WAS,3,20,.000,20.9,,.500,.000,.000,.250,.250,.500,,.000,,,.000,.000,.000,,,,,.000,0,,.000,,,0,0,burketr01
27,Jimmy Butler,SF,27,CHI,6,239,.426,11.8,,.787,.315,.130,.204,.139,.213,,.471,.529,.429,.455,.400,.261,,.300,.667,,.009,1,,.087,.000,,0,0,butleji01
28,José Calderón,PG,35,ATL,6,75,.478,15.7,,.478,.348,.000,.000,.130,.522,,.636,.625,,,.667,.333,,.286,1.000,,.000,0,,.250,.667,,0,0,caldejo01
29,Isaiah Canaan,SG,25,CHI,3,95,.500,15.7,,.462,.231,.192,.038,.000,.538,,.667,.833,.600,.000,,.357,,.375,.800,,.000,0,,.357,.200,,0,0,canaais01
30,Clint Capela,C,22,HOU,11,286,.561,3.1,,.988,.805,.146,.012,.024,.012,,.568,.652,.250,.000,.000,.000,,.891,,,.256,19,,.000,,,1,0,capelca01
31,DeMarre Carroll,SF,30,TOR,10,155,.405,17.5,,.405,.189,.108,.027,.081,.595,,.533,.429,.750,.000,.667,.318,,.875,1.000,,.027,1,,.318,.429,,0,0,carrode01
32,Vince Carter,SF,40,MEM,6,195,.476,14.9,,.524,.238,.167,.071,.048,.476,,.545,.700,.286,.667,.500,.400,,.500,1.000,,.095,3,,.150,.000,,0,0,cartevi01
33,Michael Carter-Williams,PG,25,CHI,5,53,.400,8.1,,.933,.333,.400,.067,.133,.067,,.429,.600,.333,.000,.500,.000,,.000,,,.000,0,,.000,,,0,0,cartemi01
34,Semaj Christon,PG,24,OKC,2,21,.400,27.6,,.400,.000,.000,.000,.400,.600,,.500,,,,.500,.333,,.000,1.000,,.000,0,,.000,,,1,0,chrisse01
35,Ian Clark,SG,25,GSW,16,219,.506,15.3,,.544,.215,.177,.063,.089,.456,,.628,.706,.714,.600,.286,.361,,.704,.846,,.000,0,,.361,.385,,0,0,clarkia01
36,Norris Cole,PG,28,OKC,4,25,.250,17.4,,.500,.250,.000,.000,.250,.500,,.250,.500,,,.000,.250,,.000,1.000,,.000,0,,.000,,,0,0,coleno01
37,Mike Conley,PG,29,MEM,6,224,.485,14.1,,.631,.282,.117,.165,.068,.369,,.508,.621,.500,.412,.286,.447,,.182,.412,,.000,0,,.079,.667,,1,0,conlemi01
38,Pat Connaughton,SG,24,POR,3,24,.222,19.5,,.333,.111,.111,.111,.000,.667,,.667,1.000,.000,1.000,,.000,,1.000,,,.000,0,,.167,.000,,0,0,connapa01
39,Allen Crabbe,SG,24,POR,4,92,.375,19.3,,.458,.125,.000,.125,.208,.542,,.545,.333,,.667,.600,.231,,.833,1.000,,.000,0,,.308,.500,,0,0,crabbal01
40,Jamal Crawford,SG,36,LAC,7,196,.422,16.3,,.699,.108,.193,.181,.217,.301,,.500,.778,.500,.467,.389,.240,,.207,.667,,.000,0,,.160,.250,,2,0,crawfja01
41,Jae Crowder,SF,26,BOS,18,596,.435,14.7,,.560,.340,.055,.055,.100,.440,,.500,.662,.455,.182,.200,.352,,.839,.935,,.020,3,,.227,.250,,0,0,crowdja01
42,Stephen Curry,PG,28,GSW,17,601,.484,18.7,,.449,.192,.090,.080,.087,.551,,.564,.583,.500,.600,.556,.419,,.266,.500,,.000,0,,.122,.571,,7,0,curryst01
43,Troy Daniels,SG,25,MEM,6,68,.333,25.2,,.000,.000,.000,.000,.000,1.000,,,,,,,.333,,,1.000,,.000,0,,.222,.500,,0,0,danietr01
44,Deyonta Davis,C,20,MEM,3,11,.600,1.0,,1.000,1.000,.000,.000,.000,.000,,.600,.600,,,,,,.667,,,.400,2,,,,,0,0,davisde01
45,Dewayne Dedmon,C,27,SAS,12,97,.609,2.1,,1.000,.870,.087,.000,.043,.000,,.609,.700,.000,,.000,,,.643,,,.348,7,,,,,0,0,dedmode01
46,Sam Dekker,PF,22,HOU,4,31,.250,15.5,,.500,.167,.250,.000,.083,.500,,.000,.000,.000,,.000,.500,,,1.000,,.000,0,,.333,.500,,0,0,dekkesa01
47,Malcolm Delaney,PG,27,ATL,1,3,1.000,21.9,,.667,.000,.000,.000,.667,.333,,1.000,,,,1.000,1.000,,.000,1.000,,.000,0,,.000,,,0,0,delanma01
48,Matthew Dellavedova,PG,26,MIL,6,159,.390,16.3,,.610,.024,.390,.049,.146,.390,,.400,1.000,.250,.500,.667,.375,,.200,1.000,,.000,0,,.063,.000,,0,0,dellama01
49,DeMar DeRozan,SG,27,TOR,10,373,.434,11.2,,.914,.320,.149,.143,.303,.086,,.469,.554,.615,.360,.358,.067,,.187,1.000,,.029,4,,.333,.000,,0,0,derozde01
50,Boris Diaw,PF,34,UTA,11,203,.500,12.1,,.708,.333,.167,.104,.104,.292,,.529,.688,.625,.000,.400,.429,,.722,1.000,,.063,3,,.143,.000,,0,0,diawbo01
51,Mike Dunleavy,SF,36,ATL,6,53,.429,18.5,,.286,.286,.000,.000,.000,.714,,.500,.500,,,,.400,,1.000,1.000,,.000,0,,.400,.000,,0,0,dunlemi02
52,Kevin Durant,PF,28,GSW,15,533,.556,14.1,,.679,.265,.104,.179,.131,.321,,.610,.732,.500,.479,.629,.442,,.541,.632,,.093,25,,.105,.444,,1,0,duranke01
53,Monta Ellis,SG,31,IND,4,76,.400,16.0,,.600,.100,.200,.150,.150,.400,,.500,.500,.750,.000,.667,.250,,.167,1.000,,.000,0,,.500,.500,,0,0,ellismo01
54,James Ennis III,SF,26,MEM,6,159,.421,13.6,,.500,.395,.053,.000,.053,.500,,.526,.533,1.000,,.000,.316,,.500,.833,,.053,2,,.684,.385,,0,0,ennisja01
55,Dante Exum,PG,21,UTA,7,84,.407,12.2,,.556,.481,.037,.037,.000,.444,,.467,.462,.000,1.000,,.333,,.429,.750,,.037,1,,.417,.400,,0,0,exumda01
56,Derrick Favors,PF,25,UTA,11,225,.581,5.7,,1.000,.565,.161,.161,.113,.000,,.581,.800,.400,.400,.000,,,.833,,,.194,12,,,,,0,0,favorde01
57,Cristiano Felício,C,24,CHI,6,82,.600,2.3,,1.000,.800,.133,.067,.000,.000,,.600,.750,.000,.000,,,,1.000,,,.267,4,,,,,0,0,feliccr01
58,Raymond Felton,PG,32,LAC,7,127,.469,13.9,,.719,.281,.125,.063,.250,.281,,.478,.778,.250,.500,.250,.444,,.273,1.000,,.000,0,,.556,.800,,0,0,feltora01
59,Bryn Forbes,SG,23,SAS,6,73,.286,20.7,,.571,.048,.000,.238,.333,.429,,.333,.000,,.200,.429,.222,,.500,.500,,.000,0,,.222,.000,,0,0,forbebr01
60,Enes Freedom,C,24,OKC,5,45,.385,5.4,,1.000,.538,.269,.077,.115,.000,,.385,.571,.286,.000,.000,,,.600,,,.115,3,,,,,0,0,kanteen01
61,Channing Frye,C,33,CLE,12,154,.517,20.2,,.350,.100,.083,.033,.133,.650,,.524,.833,.200,.500,.500,.513,,.909,.950,,.050,3,,.154,.833,,0,0,fryech01
62,Marc Gasol,C,32,MEM,6,240,.470,11.6,,.855,.193,.253,.277,.133,.145,,.451,.375,.571,.261,.727,.583,,.594,1.000,,.000,0,,.083,1.000,,0,0,gasolma01
63,Pau Gasol*,C,36,SAS,16,365,.439,8.9,,.842,.386,.254,.158,.044,.158,,.458,.614,.345,.278,.400,.333,,.500,1.000,,.044,5,,.389,.286,,0,0,gasolpa01
64,Paul George,SF,26,IND,4,172,.386,18.2,,.523,.148,.034,.136,.205,.477,,.348,.385,.333,.250,.389,.429,,.313,.611,,.045,4,,.143,.667,,0,0,georgpa01
65,Taj Gibson,PF,31,OKC,5,118,.600,6.4,,1.000,.400,.343,.171,.086,.000,,.600,.571,.583,.500,1.000,,,.714,,,.114,4,,,,,0,0,gibsota01
66,Manu Ginóbili*,SG,39,SAS,16,284,.412,13.2,,.588,.423,.082,.041,.041,.412,,.544,.659,.250,.500,.000,.225,,.419,1.000,,.021,2,,.175,.286,,1,0,ginobma01
67,Rudy Gobert,C,24,UTA,9,246,.635,2.0,,1.000,.762,.222,.016,.000,.000,,.635,.750,.286,.000,,,,.750,,,.397,22,,,,,0,0,goberru01
68,Eric Gordon,SG,28,HOU,11,358,.421,16.5,,.421,.264,.091,.033,.050,.579,,.471,.500,.545,.250,.167,.386,,.333,.889,,.008,1,,.129,.444,,0,0,gordoer01
69,Marcin Gortat,C,32,WAS,13,409,.505,4.4,,1.000,.591,.301,.065,.043,.000,,.505,.673,.250,.500,.000,,,.766,,,.054,5,,,,,0,0,gortama01
70,Jerami Grant,PF,22,OKC,5,111,.613,9.0,,.806,.613,.097,.032,.065,.194,,.680,.789,.667,.000,.000,.333,,.647,1.000,,.452,10,,.500,.333,,1,0,grantje01
71,Jerian Grant,PG,24,CHI,5,52,.261,16.7,,.609,.304,.000,.261,.043,.391,,.357,.571,,.000,1.000,.111,,.800,1.000,,.000,0,,.333,.000,,1,0,grantje02
72,Danny Green,SG,29,SAS,16,436,.405,19.8,,.315,.162,.045,.072,.036,.685,,.543,.722,.600,.250,.250,.342,,.684,.962,,.018,1,,.342,.308,,3,0,greenda02
73,Draymond Green,PF,26,GSW,17,593,.447,14.3,,.516,.354,.130,.025,.006,.484,,.482,.632,.143,.250,.000,.410,,.750,.969,,.087,12,,.128,.500,,2,0,greendr01
74,Gerald Green,SF,31,BOS,13,192,.472,20.0,,.375,.125,.000,.069,.181,.625,,.481,.778,,.200,.385,.467,,.769,1.000,,.042,3,,.311,.500,,0,0,greenge01
75,JaMychal Green,PF,26,MEM,6,118,.472,16.7,,.556,.222,.111,.028,.194,.444,,.500,.750,.500,.000,.286,.438,,.500,1.000,,.083,3,,.438,.429,,1,0,greenja01
76,Blake Griffin,PF,27,LAC,3,99,.490,8.7,,.882,.431,.216,.039,.196,.118,,.467,.682,.364,.000,.200,.667,,.714,1.000,,.078,4,,.167,1.000,,0,0,griffbl01
77,Tim Hardaway Jr.,SG,24,ATL,6,200,.329,17.2,,.488,.195,.085,.085,.122,.512,,.400,.563,.143,.286,.400,.262,,.625,.818,,.037,3,,.119,.200,,0,0,hardati02
78,James Harden,PG,27,HOU,11,407,.413,15.2,,.472,.358,.050,.046,.018,.528,,.563,.603,.545,.300,.500,.278,,.103,.156,,.014,3,,.043,.600,,2,0,hardeja01
79,Maurice Harkless,SF,23,POR,4,99,.294,9.9,,.647,.559,.088,.000,.000,.353,,.364,.368,.333,,,.167,,.625,1.000,,.147,4,,.417,.000,,0,0,harklma01
80,Montrezl Harrell,C,23,HOU,5,21,.333,13.1,,1.000,.333,.000,.000,.667,.000,,.333,.000,,,.500,,,.000,,,.000,0,,,,,0,0,harremo01
81,Andrew Harrison,PG,22,MEM,6,119,.448,16.2,,.552,.310,.034,.034,.172,.448,,.500,.333,.000,1.000,.800,.385,,.375,.800,,.000,0,,.077,.000,,0,0,harrian01
82,Spencer Hawes,PF,28,MIL,3,17,.400,11.7,,.600,.400,.200,.000,.000,.400,,.333,.500,.000,,,.500,,.000,1.000,,.200,0,,.000,,,0,0,hawessp01
83,Gordon Hayward,SF,26,UTA,11,411,.441,16.3,,.638,.122,.128,.207,.181,.362,,.458,.696,.500,.359,.382,.412,,.364,.821,,.037,7,,.118,.625,,0,0,haywago01
84,John Henson,C,26,MIL,2,12,.250,3.5,,1.000,.500,.500,.000,.000,.000,,.250,.000,.500,,,,,1.000,,,.000,0,,,,,0,0,hensojo01
85,Nenê,C,34,HOU,9,161,.706,4.6,,.980,.706,.118,.020,.137,.020,,.720,.833,.667,1.000,.143,.000,,.722,,,.176,9,,.000,,,0,0,hilarne01
86,George Hill,PG,30,UTA,8,281,.469,14.8,,.684,.153,.173,.235,.122,.316,,.507,.533,.647,.391,.500,.387,,.294,.667,,.000,0,,.258,.375,,0,0,hillge01
87,Rodney Hood,SG,24,UTA,11,277,.352,16.9,,.524,.124,.171,.124,.105,.476,,.436,.769,.500,.154,.273,.260,,.375,.846,,.019,2,,.240,.333,,1,0,hoodro01
88,Al Horford,C,30,BOS,18,610,.584,11.8,,.726,.300,.216,.100,.111,.274,,.609,.789,.512,.368,.524,.519,,.619,.963,,.089,16,,.173,.333,,0,0,horfoal01
89,Dwight Howard,C,31,ATL,6,157,.500,2.7,,1.000,.750,.194,.000,.056,.000,,.500,.593,.286,,.000,,,.833,,,.333,10,,,,,0,0,howardw01
90,Kris Humphries,PF,31,ATL,1,3,,,,,,,,,,,,,,,,,,,,,,0,,,,,0,0,humphkr01
91,Serge Ibaka,PF,27,TOR,10,307,.462,14.7,,.708,.185,.131,.162,.231,.292,,.522,.792,.412,.286,.533,.316,,.813,1.000,,.100,11,,.132,.400,,0,0,ibakase01
92,Andre Iguodala,SF,33,GSW,16,419,.455,13.8,,.584,.347,.059,.079,.099,.416,,.644,.857,.167,.250,.500,.190,,.711,1.000,,.257,25,,.310,.154,,0,0,iguodan01
93,Ersan İlyasova,PF,29,ATL,6,90,.348,9.7,,.783,.609,.000,.043,.130,.217,,.389,.429,,.000,.333,.200,,.714,1.000,,.000,0,,.000,,,0,0,ilyaser01
94,Joe Ingles,SF,29,UTA,11,334,.403,18.0,,.339,.194,.113,.016,.016,.661,,.476,.583,.429,.000,.000,.366,,.200,.933,,.000,0,,.317,.692,,0,0,inglejo01
95,Kyrie Irving,PG,24,CLE,18,653,.468,13.6,,.681,.268,.157,.108,.149,.319,,.512,.586,.534,.375,.455,.373,,.271,.386,,.000,0,,.144,.588,,0,0,irvinky01
96,LeBron James,SF,32,CLE,18,744,.565,11.2,,.721,.419,.141,.065,.096,.279,,.625,.789,.407,.240,.486,.411,,.358,.386,,.089,33,,.150,.438,,0,0,jamesle01
97,Richard Jefferson,SF,36,CLE,14,179,.421,14.6,,.500,.316,.079,.026,.079,.500,,.579,.750,.333,.000,.333,.263,,.727,.600,,.105,4,,.526,.100,,0,0,jefferi01
98,Brandon Jennings,PG,27,WAS,13,178,.389,15.8,,.639,.194,.139,.111,.222,.361,,.522,.429,.200,.500,.750,.154,,.000,.500,,.000,0,,.231,.000,,0,0,jennibr01
99,Jonas Jerebko,PF,29,BOS,12,128,.484,13.7,,.516,.387,.097,.000,.032,.484,,.625,.750,.000,,1.000,.333,,.800,1.000,,.129,3,,.333,.400,,0,0,jerebjo01
100,Amir Johnson,PF,29,BOS,14,142,.500,4.6,,.900,.767,.100,.000,.033,.100,,.519,.565,.333,,.000,.333,,.714,1.000,,.200,5,,.333,1.000,,0,0,johnsam01
101,Joe Johnson,SF,35,UTA,11,326,.436,14.8,,.662,.015,.398,.158,.090,.338,,.489,1.000,.547,.381,.333,.333,,.186,.800,,.000,0,,.378,.294,,0,0,johnsjo02
102,Wesley Johnson,SF,29,LAC,3,11,,,,,,,,,,,,,,,,,,,,,,0,,,,,0,0,johnswe01
103,Dahntay Jones,SF,36,CLE,10,33,.500,8.2,,.800,.400,.300,.100,.000,.200,,.500,.500,.333,1.000,,.500,,.250,1.000,,.100,1,,.500,.000,,0,0,jonesda02
104,Damian Jones,C,21,GSW,4,21,.429,7.3,,1.000,.286,.429,.286,.000,.000,,.429,1.000,.333,.000,,,,.667,,,.143,1,,,,,0,0,jonesda03
105,James Jones,SF,36,CLE,8,30,.200,15.5,,.400,.200,.200,.000,.000,.600,,.500,1.000,.000,,,.000,,.000,,,.200,1,,.333,.000,,0,0,jonesja02
106,DeAndre Jordan,C,28,LAC,7,264,.705,2.0,,.984,.918,.066,.000,.000,.016,,.717,.732,.500,,,.000,,.791,,,.557,31,,.000,,,1,0,jordade01
107,Cory Joseph,PG,25,TOR,10,212,.437,15.4,,.690,.141,.155,.127,.268,.310,,.449,.400,.545,.333,.474,.409,,.182,1.000,,.000,0,,.455,.400,,0,0,josepco01
108,Kyle Korver,SG,35,CLE,18,326,.425,23.7,,.138,.025,.000,.000,.113,.863,,.636,1.000,,,.556,.391,,.857,.926,,.013,1,,.406,.393,,0,0,korveky01
109,Joffrey Lauvergne,C,25,CHI,3,26,.364,8.0,,.818,.545,.182,.000,.091,.182,,.444,.500,.500,,.000,.000,,.750,,,.091,1,,.500,.000,,0,0,lauvejo01
110,Jake Layman,SF,22,POR,2,16,.500,12.6,,.750,.500,.000,.000,.250,.250,,.333,.500,,,.000,1.000,,1.000,1.000,,.000,0,,.000,,,0,0,laymaja01
111,David Lee,PF,33,SAS,15,245,.521,3.8,,.979,.729,.188,.021,.042,.021,,.532,.657,.111,1.000,.000,.000,,.680,,,.125,6,,.000,,,0,0,leeda02
112,Kawhi Leonard,SF,25,SAS,12,429,.525,13.5,,.728,.213,.188,.198,.129,.272,,.551,.674,.421,.550,.538,.455,,.198,.800,,.054,9,,.164,.889,,0,0,leonaka01
113,Meyers Leonard,PF,24,POR,3,31,.200,22.0,,.200,.000,.200,.000,.000,.800,,1.000,,1.000,,,.000,,1.000,,,.000,0,,.250,.000,,0,0,leoname01
114,Damian Lillard,PG,26,POR,4,151,.433,14.4,,.644,.322,.122,.089,.111,.356,,.517,.552,.818,.375,.200,.281,,.100,.222,,.022,1,,.031,.000,,1,0,lillada01
115,Shaun Livingston,PG,31,GSW,14,220,.576,9.2,,1.000,.271,.153,.475,.102,.000,,.576,.875,.667,.393,.500,,,.559,,,.203,12,,,,,0,0,livinsh01
116,Robin Lopez,C,28,CHI,6,162,.654,8.0,,1.000,.423,.288,.019,.269,.000,,.654,.636,.733,1.000,.571,,,.588,,,.038,2,,,,,0,0,lopezro01
117,Kevin Love,PF,28,CLE,18,578,.436,16.0,,.491,.216,.119,.092,.064,.509,,.421,.489,.462,.250,.357,.450,,.578,.940,,.018,4,,.405,.444,,0,0,loveke01
118,Kyle Lowry,PG,30,TOR,8,300,.462,14.0,,.591,.333,.161,.054,.043,.409,,.545,.645,.400,.400,.500,.342,,.167,.385,,.000,0,,.053,.500,,1,0,lowryky01
119,Trey Lyles,PF,21,UTA,2,10,.429,15.3,,.571,.143,.286,.000,.143,.429,,.500,1.000,.500,,.000,.333,,1.000,1.000,,.000,0,,.667,.500,,0,0,lylestr01
120,Sheldon Mac,SG,24,WAS,7,17,.556,16.9,,.444,.222,.000,.000,.111,.556,,.750,1.000,,,1.000,.400,,1.000,1.000,,.000,0,,.600,.333,,0,0,mcclesh01
121,Shelvin Mack,PG,26,UTA,9,155,.347,12.3,,.694,.286,.204,.163,.041,.306,,.294,.357,.400,.125,.000,.467,,.300,.286,,.000,0,,.133,.000,,0,0,macksh01
122,Ian Mahinmi,C,30,WAS,5,63,.556,5.3,,1.000,.556,.333,.111,.000,.000,,.556,.400,.667,1.000,,,,.800,,,.000,0,,,,,0,0,mahinia01
123,Thon Maker,C,19,MIL,6,116,.387,10.0,,.677,.452,.194,.032,.000,.323,,.476,.571,.167,1.000,,.200,,.700,1.000,,.161,4,,.400,.250,,0,0,makerth01
124,Jarell Martin,PF,22,MEM,3,10,.333,6.2,,1.000,.667,.000,.000,.333,.000,,.333,.000,,,1.000,,,1.000,,,.000,0,,,,,0,0,martija01
125,Luc Mbah a Moute,SF,30,LAC,7,224,.395,15.7,,.628,.209,.140,.023,.256,.372,,.444,.667,.167,.000,.455,.313,,.917,1.000,,.000,0,,.750,.333,,0,0,mbahalu01
126,James Michael McAdoo,PF,24,GSW,13,56,.529,11.9,,.706,.353,.118,.118,.118,.294,,.583,.833,.500,.500,.000,.400,,.571,1.000,,.235,3,,.000,,,0,0,mcadoja01
127,Patrick McCaw,SG,21,GSW,15,181,.438,15.5,,.521,.333,.083,.042,.063,.479,,.520,.563,.500,.500,.333,.348,,.615,1.000,,.000,0,,.304,.714,,1,0,mccawpa01
128,CJ McCollum,SG,25,POR,4,140,.400,13.9,,.725,.138,.250,.188,.150,.275,,.362,.545,.300,.267,.417,.500,,.190,.727,,.000,0,,.182,.500,,0,0,mccolcj01
129,Doug McDermott,SF,25,OKC,5,66,.500,20.9,,.278,.000,.167,.056,.056,.722,,.400,,.667,.000,.000,.538,,1.000,1.000,,.000,0,,.077,1.000,,0,0,mcderdo01
130,JaVale McGee,C,29,GSW,16,149,.732,1.6,,1.000,.911,.071,.000,.018,.000,,.732,.725,.750,,1.000,,,.878,,,.411,21,,,,,0,0,mcgeeja01
131,Jordan Mickey,PF,22,BOS,2,18,.400,5.9,,1.000,.600,.200,.000,.200,.000,,.400,.667,.000,,.000,,,.000,,,.200,0,,,,,0,0,mickejo01
132,Khris Middleton,SF,25,MIL,6,231,.397,15.5,,.756,.115,.103,.321,.218,.244,,.407,.667,.500,.400,.235,.368,,.417,1.000,,.026,2,,.316,.333,,0,0,middlkh01
133,C.J. Miles,SF,29,IND,4,82,.458,19.4,,.333,.125,.083,.042,.083,.667,,.750,1.000,.500,.000,1.000,.313,,.667,1.000,,.042,1,,.313,.200,,0,0,milescj01
134,Patty Mills,PG,28,SAS,16,416,.407,19.7,,.364,.136,.057,.014,.157,.636,,.490,.632,.625,.000,.364,.360,,.280,.906,,.000,0,,.213,.421,,1,0,millspa02
135,Paul Millsap,PF,31,ATL,6,219,.505,10.7,,.828,.293,.242,.212,.081,.172,,.573,.655,.542,.571,.375,.176,,.617,.667,,.030,2,,.059,.000,,0,0,millspa01
136,Nikola Mirotić,PF,25,CHI,6,162,.340,19.6,,.300,.120,.120,.020,.040,.700,,.467,1.000,.167,.000,.000,.286,,.714,.900,,.000,0,,.314,.182,,0,0,mirotni01
137,Greg Monroe,C,26,MIL,6,141,.529,3.8,,1.000,.588,.294,.078,.039,.000,,.529,.633,.400,.250,.500,,,.630,,,.020,1,,,,,0,0,monrogr01
138,Markieff Morris,PF,27,WAS,13,373,.407,13.2,,.738,.221,.200,.159,.152,.262,,.421,.563,.310,.391,.409,.368,,.667,.929,,.062,8,,.263,.400,,1,0,morrima02
139,Anthony Morrow,SG,31,CHI,3,29,.556,10.8,,1.000,.222,.333,.111,.333,.000,,.556,.500,.333,1.000,.667,,,.800,,,.000,0,,,,,0,0,morroan01
140,Dejounte Murray,PG,20,SAS,11,168,.377,6.9,,.951,.475,.213,.230,.033,.049,,.397,.483,.462,.214,.000,.000,,.348,,,.033,1,,.667,.000,,0,0,murrade01
141,Mike Muscala,C,25,ATL,6,81,.278,10.2,,.778,.444,.056,.222,.056,.222,,.357,.375,.000,.500,.000,.000,,1.000,,,.111,2,,.500,.000,,0,0,muscami01
142,Shabazz Napier,PG,25,POR,4,47,.421,18.3,,.421,.263,.000,.053,.105,.579,,.375,.400,,.000,.500,.455,,.000,.400,,.000,0,,.000,,,0,0,napiesh01
143,Raul Neto,PG,24,UTA,9,60,.615,14.1,,.538,.308,.077,.154,.000,.462,,.714,1.000,1.000,.000,,.500,,.600,1.000,,.000,0,,.333,.500,,0,0,netora01
144,Lucas Nogueira,C,24,TOR,3,7,.500,1.2,,1.000,1.000,.000,.000,.000,.000,,.500,.500,,,,,,1.000,,,.000,0,,,,,0,0,noguelu01
145,Jusuf Nurkić,C,22,POR,1,17,.333,11.9,,.667,.333,.333,.000,.000,.333,,.500,.000,1.000,,,.000,,.000,,,.000,0,,.000,,,0,0,nurkiju01
146,Daniel Ochefu,C,23,WAS,4,5,.000,22.0,,1.000,.000,.000,.000,1.000,.000,,.000,,,,.000,,,,,,.000,0,,,,,0,0,ochefda01
147,Victor Oladipo,SG,24,OKC,5,181,.344,15.4,,.590,.230,.115,.066,.180,.410,,.417,.500,.143,.250,.545,.240,,.333,1.000,,.049,3,,.400,.200,,0,0,oladivi01
148,Kelly Olynyk,C,25,BOS,18,346,.512,12.5,,.624,.384,.128,.056,.056,.376,,.628,.750,.375,.429,.571,.319,,.735,1.000,,.016,2,,.128,.000,,0,0,olynyke01
149,Kelly Oubre Jr.,SF,21,WAS,12,184,.426,14.2,,.508,.344,.066,.066,.033,.492,,.484,.524,.250,.500,.500,.367,,.800,1.000,,.148,8,,.400,.417,,0,0,oubreke01
150,Zaza Pachulia,C,32,GSW,15,212,.533,6.6,,.983,.500,.183,.183,.117,.017,,.542,.800,.364,.273,.143,.000,,.813,,,.050,3,,1.000,.000,,0,0,pachuza01
151,Tony Parker*,PG,34,SAS,8,211,.526,12.6,,.804,.278,.165,.093,.268,.196,,.513,.630,.250,.556,.538,.579,,.150,1.000,,.000,0,,.842,.563,,0,0,parketo01
152,Patrick Patterson,PF,27,TOR,10,185,.278,19.9,,.278,.083,.056,.083,.056,.722,,.200,.333,.000,.333,.000,.308,,1.000,1.000,,.028,1,,.769,.300,,0,0,pattepa01
153,Chris Paul,PG,31,LAC,7,260,.496,15.8,,.719,.111,.170,.281,.156,.281,,.546,.867,.522,.526,.381,.368,,.019,.286,,.000,0,,.053,.000,,1,0,paulch01
154,Cameron Payne,PG,22,CHI,1,4,.500,21.8,,.500,.000,.000,.000,.500,.500,,.000,,,,.000,1.000,,,1.000,,.000,0,,1.000,1.000,,0,0,payneca01
155,Paul Pierce*,SF,39,LAC,7,101,.444,17.8,,.444,.111,.167,.167,.000,.556,,.500,1.000,.667,.000,,.400,,.750,1.000,,.000,0,,.000,,,0,0,piercpa01
156,Jakob Poeltl,C,21,TOR,6,26,.455,2.4,,1.000,.818,.182,.000,.000,.000,,.455,.556,.000,,,,,.200,,,.000,0,,,,,0,0,poeltja01
157,Otto Porter Jr.,SF,23,WAS,13,428,.532,15.0,,.642,.229,.110,.110,.193,.358,,.671,.800,.833,.500,.524,.282,,.617,1.000,,.028,3,,.385,.333,,0,0,porteot01
158,Bobby Portis,PF,21,CHI,6,121,.515,16.0,,.606,.152,.152,.091,.212,.394,,.550,.600,.600,.333,.571,.462,,.727,1.000,,.000,0,,.462,.500,,0,0,portibo01
159,Norman Powell,SG,23,TOR,9,227,.427,12.3,,.585,.415,.110,.012,.049,.415,,.417,.471,.333,.000,.250,.441,,.650,.933,,.085,5,,.500,.529,,0,0,powelno01
160,Taurean Prince,SF,22,ATL,6,187,.558,10.7,,.731,.346,.250,.019,.115,.269,,.658,.722,.615,1.000,.500,.286,,.760,1.000,,.077,4,,.429,.333,,0,0,princta02
161,Tim Quarterman,SG,22,POR,2,7,.500,25.5,,.000,.000,.000,.000,.000,1.000,,,,,,,.500,,,1.000,,.000,0,,.000,,,0,0,quartti01
162,Zach Randolph,PF,35,MEM,6,191,.422,9.9,,.916,.325,.277,.060,.253,.084,,.447,.630,.391,.600,.238,.143,,.471,1.000,,.012,1,,.286,.500,,0,0,randoza01
163,JJ Redick,SG,32,LAC,7,206,.380,17.6,,.480,.220,.060,.040,.160,.520,,.417,.727,.000,.500,.125,.346,,.700,1.000,,.000,0,,.115,.667,,0,0,redicjj01
164,Austin Rivers,SG,24,LAC,3,90,.346,15.5,,.500,.231,.154,.038,.077,.500,,.385,.500,.250,.000,.500,.308,,.200,.750,,.038,1,,.154,.500,,0,0,riverau01
165,Andre Roberson,SF,25,OKC,5,185,.522,10.3,,.630,.522,.087,.022,.000,.370,,.586,.708,.000,.000,,.412,,.647,1.000,,.022,1,,.412,.143,,0,0,roberan03
166,Glenn Robinson III,SF,23,IND,3,31,1.000,12.5,,.667,.167,.333,.000,.167,.333,,1.000,1.000,1.000,,1.000,1.000,,.500,1.000,,.000,0,,1.000,1.000,,0,0,robingl02
167,Rajon Rondo,PG,30,CHI,2,67,.423,8.6,,.769,.500,.269,.000,.000,.231,,.550,.615,.429,,,.000,,.182,,,.000,0,,.500,.000,,0,0,rondora01
168,Terry Rozier,PG,22,BOS,17,277,.402,15.4,,.537,.293,.098,.037,.110,.463,,.432,.500,.250,1.000,.222,.368,,.263,.929,,.024,2,,.316,.667,,1,0,roziete01
169,Domantas Sabonis,PF,20,OKC,2,6,.000,9.3,,.667,.667,.000,.000,.000,.333,,.000,.000,,,,.000,,,,,.000,0,,.000,,,0,0,sabondo01
170,Tomáš Satoranský,SG,25,WAS,10,36,.500,3.6,,1.000,.667,.167,.167,.000,.000,,.500,.500,1.000,.000,,,,.667,,,.167,1,,,,,0,0,satorto01
171,Dennis Schröder,PG,23,ATL,6,211,.455,13.9,,.636,.309,.082,.118,.127,.364,,.471,.588,.333,.462,.286,.425,,.182,.412,,.027,3,,.050,.500,,0,0,schrode01
172,Thabo Sefolosha,SF,32,ATL,4,9,.000,3.0,,1.000,.000,1.000,.000,.000,.000,,.000,,.000,,,,,,,,.000,0,,,,,0,0,sefolth01
173,Wayne Selden,SG,22,MEM,6,106,.346,12.4,,.577,.462,.038,.077,.000,.423,,.467,.333,1.000,1.000,,.182,,.571,1.000,,.077,2,,.364,.500,,0,0,seldewa01
174,Kevin Séraphin,PF,27,IND,4,59,.462,6.8,,1.000,.346,.346,.192,.115,.000,,.462,.556,.333,.600,.333,,,.750,,,.077,2,,,,,0,0,serapke01
175,Iman Shumpert,SG,26,CLE,17,275,.417,16.5,,.567,.267,.033,.033,.233,.433,,.441,.438,.000,1.000,.429,.385,,.667,1.000,,.067,4,,.462,.417,,1,0,shumpim01
176,Pascal Siakam,PF,22,TOR,2,10,.000,5.3,,1.000,.500,.500,.000,.000,.000,,.000,.000,.000,,,,,,,,.000,0,,,,,0,0,siakapa01
177,Jonathon Simmons,SG,27,SAS,15,306,.456,12.4,,.728,.309,.110,.169,.140,.272,,.495,.548,.333,.391,.632,.351,,.531,.692,,.066,9,,.189,.286,,0,0,simmojo02
178,Kyle Singler,SF,28,OKC,1,10,.000,4.2,,1.000,.000,1.000,.000,.000,.000,,.000,,.000,,,,,,,,.000,0,,,,,0,0,singlky01
179,Marcus Smart,SG,22,BOS,18,538,.351,16.7,,.455,.231,.112,.037,.067,.545,,.295,.323,.400,.000,.222,.397,,.444,.862,,.007,1,,.260,.368,,1,0,smartma01
180,J.R. Smith,SG,31,CLE,18,487,.505,22.6,,.192,.071,.030,.040,.061,.808,,.526,.714,.000,.500,.500,.500,,.600,.925,,.020,2,,.375,.467,,0,0,smithjr01
181,Jason Smith,C,30,WAS,13,157,.487,12.0,,.744,.359,.103,.103,.179,.256,,.552,.714,.750,.000,.429,.300,,.813,1.000,,.128,5,,.600,.333,,0,0,smithja02
182,Tony Snell,SG,25,MIL,6,185,.500,20.4,,.295,.114,.045,.068,.068,.705,,.462,.600,1.000,.000,.333,.516,,.333,1.000,,.045,1,,.419,.538,,0,0,snellto01
183,Marreese Speights,C,29,LAC,7,98,.432,17.2,,.459,.216,.027,.162,.054,.541,,.529,.750,.000,.333,.500,.350,,.444,1.000,,.000,0,,.150,.333,,0,0,speigma01
184,Lance Stephenson,SG,26,IND,4,107,.509,15.6,,.660,.189,.189,.151,.132,.340,,.571,.800,.400,.625,.429,.389,,.250,.857,,.000,0,,.278,.200,,1,0,stephla01
185,Isaiah Taylor,PG,22,HOU,3,10,.000,13.9,,.500,.500,.000,.000,.000,.500,,.000,.000,,,,.000,,,,,.000,0,,.000,,,0,0,taylois01
186,Jeff Teague,PG,28,IND,4,142,.489,15.0,,.622,.133,.311,.133,.044,.378,,.464,.333,.500,.667,.000,.529,,.000,.333,,.000,0,,.059,1.000,,0,0,teaguje01
187,Mirza Teletović,PF,31,MIL,3,27,.167,21.0,,.333,.000,.167,.000,.167,.667,,.000,,.000,,.000,.250,,,1.000,,.000,0,,.250,.000,,0,0,teletmi01
188,Jason Terry,SG,39,MIL,6,68,.333,18.6,,.444,.167,.111,.111,.056,.556,,.500,.333,1.000,.500,.000,.200,,.500,1.000,,.000,0,,.400,.000,,0,0,terryja01
189,Isaiah Thomas,PG,27,BOS,15,521,.425,14.5,,.586,.303,.115,.092,.077,.414,,.490,.557,.333,.458,.500,.333,,.253,.611,,.000,0,,.074,.500,,0,0,thomais02
190,Klay Thompson,SG,26,GSW,17,596,.397,17.5,,.553,.143,.093,.122,.194,.447,,.405,.647,.182,.345,.370,.387,,.698,.878,,.017,4,,.245,.423,,0,0,thompkl01
191,Tristan Thompson,C,25,CLE,18,562,.587,2.6,,1.000,.696,.293,.011,.000,.000,,.587,.672,.370,1.000,,,,.667,,,.283,22,,,,,0,0,thomptr01
192,P.J. Tucker,SF,31,TOR,10,251,.367,18.0,,.429,.143,.143,.020,.122,.571,,.429,.429,.286,.000,.667,.321,,.778,1.000,,.000,0,,.607,.353,,0,0,tuckepj01
193,Evan Turner,SF,28,POR,4,124,.364,15.3,,.545,.182,.152,.182,.061,.455,,.389,.333,.400,.500,.000,.333,,.429,.800,,.030,1,,.600,.333,,0,0,turneev01
194,Myles Turner,C,20,IND,4,133,.432,10.8,,.864,.341,.182,.045,.295,.136,,.500,.467,.375,1.000,.538,.000,,.895,,,.091,4,,.000,,,0,0,turnemy01
195,Jonas Valančiūnas,C,24,TOR,10,226,.543,5.6,,.988,.358,.457,.123,.049,.012,,.550,.621,.595,.300,.250,.000,,.818,,,.099,6,,.000,,,0,0,valanjo01
196,Denzel Valentine,SG,23,CHI,4,22,.333,20.6,,.333,.167,.000,.000,.167,.667,,.500,1.000,,,.000,.250,,1.000,1.000,,.000,0,,.250,.000,,0,0,valende01
197,Fred VanVleet,PG,22,TOR,7,29,.667,14.5,,.444,.333,.111,.000,.000,.556,,1.000,1.000,1.000,,,.400,,.000,1.000,,.000,0,,.600,.333,,0,0,vanvlfr01
198,Rashad Vaughn,SG,20,MIL,3,10,.500,19.2,,.500,.000,.250,.000,.250,.500,,.000,,.000,,.000,1.000,,,1.000,,.000,0,,.000,,,0,0,vaughra01
199,Noah Vonleh,PF,21,POR,4,100,.444,5.3,,1.000,.667,.056,.056,.222,.000,,.444,.583,.000,1.000,.000,,,.375,,,.444,6,,,,,0,0,vonleno01
200,Dwyane Wade*,SG,35,CHI,6,190,.372,11.7,,.802,.279,.209,.174,.140,.198,,.377,.417,.389,.333,.333,.353,,.269,.667,,.000,0,,.118,.500,,0,0,wadedw01
201,John Wall,PG,26,WAS,13,507,.452,12.7,,.783,.349,.096,.132,.206,.217,,.482,.571,.407,.405,.414,.344,,.142,.667,,.025,7,,.066,.500,,3,0,walljo01
202,David West,C,36,GSW,17,221,.576,10.2,,.966,.288,.203,.153,.322,.034,,.579,.882,.417,.444,.474,.500,,.879,1.000,,.068,3,,1.000,.500,,0,0,westda01
203,Russell Westbrook,PG,28,OKC,5,194,.388,15.0,,.678,.257,.033,.178,.211,.322,,.447,.513,.400,.370,.438,.265,,.087,.231,,.007,0,,.020,.000,,0,0,westbru01
204,Deron Williams,PG,32,CLE,18,262,.438,17.4,,.516,.172,.094,.063,.188,.484,,.485,.818,.167,.000,.500,.387,,.438,.667,,.000,0,,.194,.500,,0,0,willide01
205,Derrick Williams,PF,25,CLE,8,38,.533,14.8,,.667,.267,.067,.067,.267,.333,,.500,.500,.000,.000,.750,.600,,.600,1.000,,.133,2,,.200,1.000,,0,0,willide02
206,Lou Williams,SG,30,HOU,11,272,.424,13.0,,.669,.254,.229,.102,.085,.331,,.481,.567,.444,.500,.300,.308,,.158,.583,,.008,1,,.179,.429,,0,0,willilo02
207,Troy Williams,SF,22,HOU,5,19,.000,14.6,,.444,.444,.000,.000,.000,.556,,.000,.000,,,,.000,,,,,.000,0,,.000,,,0,0,willitr02
208,Kyle Wiltjer,PF,24,HOU,1,5,1.000,25.3,,.000,.000,.000,.000,.000,1.000,,,,,,,1.000,,,1.000,,.000,0,,.000,,,0,0,wiltjky01
209,Jeff Withey,C,26,UTA,3,21,.500,2.7,,1.000,.500,.500,.000,.000,.000,,.500,.500,.500,,,,,.000,,,.000,0,,,,,0,0,witheje01
210,Brandan Wright,PF,29,MEM,2,12,.400,8.8,,1.000,.200,.200,.600,.000,.000,,.400,.000,.000,.667,,,,1.000,,,.000,0,,,,,0,0,wrighbr03
211,Delon Wright,PG,24,TOR,9,92,.529,12.0,,.647,.471,.059,.000,.118,.353,,.636,.625,1.000,,.500,.333,,.000,.000,,.000,0,,.500,.000,,0,0,wrighde01
212,James Young,SG,21,BOS,10,39,.333,24.6,,.067,.000,.000,.000,.067,.933,,.000,,,,.000,.357,,,1.000,,.000,0,,.357,.400,,0,0,youngja01
213,Thaddeus Young,PF,28,IND,4,140,.538,5.9,,.897,.538,.282,.026,.051,.103,,.571,.571,.636,.000,.500,.250,,.850,1.000,,.051,1,,.750,.333,,0,0,youngth01
214,Tyler Zeller,C,27,BOS,11,78,.520,7.4,,1.000,.560,.120,.040,.280,.000,,.520,.714,.333,.000,.286,,,.692,,,.000,0,,,,,0,0,zellety01
215,Paul Zipser,SF,22,CHI,6,136,.455,17.7,,.515,.212,.061,.000,.242,.485,,.529,.714,.500,,.375,.375,,.667,1.000,,.000,0,,.375,.167,,0,0,zipsepa01