,,,,,,,,,,% of FGA by Distance,% of FGA by Distance,% of FGA by Distance,% of FGA by Distance,% of FGA by Distance,% of FGA by Distance,,FG% by Distance,FG% by Distance,FG% by Distance,FG% by Distance,FG% by Distance,FG% by Distance,,% of FG Ast'd,% of FG Ast'd,,Dunks,Dunks,,Corner 3s,Corner 3s,,Heaves,Heaves,-additional
Rk,Player,Pos,Age,Tm,G,MP,FG%,Dist.,,2P,0-3,3-10,10-16,16-3P,3P,,2P,0-3,3-10,10-16,16-3P,3P,,2P,3P,,%FGA,#,,%3PA,3P%,,Att.,#,-9999
1,Jaylen Adams,PG,23,POR,3,21,.333,13.1,,.556,.333,.222,.000,.000,.444,,.600,1.000,.000,,,.000,,.333,,,.000,0,,.000,,,0,0,adamsja01
2,Steven Adams,C,26,OKC,7,210,.596,2.9,,.981,.731,.250,.000,.000,.019,,.608,.711,.308,,,.000,,.452,,,.135,6,,1.000,.000,,0,0,adamsst01
3,Bam Adebayo,PF,22,MIA,19,687,.564,6.6,,.995,.427,.305,.182,.082,.005,,.566,.691,.507,.425,.444,.000,,.742,,,.218,44,,.000,,,0,0,adebaba01
4,Jarrett Allen,C,21,BRK,4,132,.583,4.4,,1.000,.625,.167,.167,.042,.000,,.583,.600,.250,.750,1.000,,,1.000,,,.417,7,,,,,0,0,allenja01
5,Justin Anderson,SG,26,BRK,3,28,.417,23.5,,.083,.083,.000,.000,.000,.917,,.000,.000,,,,.455,,,.800,,.000,0,,.455,.400,,0,0,anderju01
6,Giannis Antetokounmpo,PF,25,MIL,9,277,.559,9.3,,.752,.503,.180,.037,.031,.248,,.636,.716,.483,.333,.600,.325,,.442,.538,,.211,33,,.025,1.000,,0,0,antetgi01
7,Carmelo Anthony,PF,35,POR,5,176,.412,16.7,,.721,.103,.074,.221,.324,.279,,.408,.571,.400,.333,.409,.421,,.300,.875,,.029,2,,.368,.571,,0,0,anthoca01
8,OG Anunoby,SF,22,TOR,11,393,.455,12.9,,.534,.420,.080,.023,.011,.466,,.489,.459,.429,1.000,1.000,.415,,.565,.941,,.125,10,,.585,.375,,0,0,anunoog01
9,D.J. Augustin,PG,32,ORL,5,128,.391,15.3,,.630,.217,.109,.174,.130,.370,,.345,.500,.000,.375,.333,.471,,.400,.375,,.000,0,,.118,1.000,,0,0,augusdj01
10,J.J. Barea,PG,35,DAL,1,5,.000,13.2,,1.000,.000,.000,1.000,.000,.000,,.000,,,.000,,,,,,,.000,0,,,,,0,0,bareajo01
11,Keita Bates-Diop,SF,24,DEN,5,24,.200,3.2,,1.000,.800,.000,.200,.000,.000,,.200,.250,,.000,,,,.000,,,.000,0,,,,,0,0,bateske01
12,Darius Bazley,PF,19,OKC,7,126,.419,19.6,,.290,.161,.097,.000,.032,.710,,.222,.400,.000,,.000,.500,,.500,1.000,,.032,1,,.182,.500,,0,0,bazleda01
13,Patrick Beverley,PG,31,LAC,8,166,.513,16.6,,.436,.231,.128,.077,.000,.564,,.706,.889,.600,.333,,.364,,.667,1.000,,.000,0,,.364,.500,,1,0,beverpa01
14,Khem Birch,C,27,ORL,5,89,.500,5.3,,1.000,.429,.286,.286,.000,.000,,.500,.667,.250,.500,,,,.571,,,.071,1,,,,,0,0,birchkh01
15,Eric Bledsoe,PG,30,MIL,9,267,.388,13.6,,.673,.204,.235,.112,.122,.327,,.455,.600,.435,.364,.333,.250,,.300,.500,,.000,0,,.063,.500,,0,0,bledser01
16,Bol Bol,PF,20,DEN,4,21,.556,17.1,,.667,.111,.111,.333,.111,.333,,.500,1.000,.000,.667,.000,.667,,.667,.500,,.111,1,,.000,,,0,0,bolbo01
17,Chris Boucher,C,27,TOR,7,43,.273,13.4,,.545,.455,.000,.091,.000,.455,,.167,.000,,1.000,,.400,,1.000,1.000,,.000,0,,.000,,,0,0,bouchch01
18,Tony Bradley,C,22,UTA,6,48,.222,2.6,,1.000,.667,.333,.000,.000,.000,,.222,.167,.333,,,,,1.000,,,.222,1,,,,,0,0,bradlto01
19,Jarrell Brantley,PF,23,UTA,2,13,.000,16.0,,.400,.400,.000,.000,.000,.600,,.000,.000,,,,.000,,,,,.000,0,,.000,,,0,0,brantja01
20,Malcolm Brogdon,PG,27,IND,4,160,.400,14.5,,.631,.338,.108,.046,.138,.369,,.415,.455,.286,.667,.333,.375,,.118,.444,,.015,1,,.042,.000,,0,0,brogdma01
21,Jaylen Brown,SG,23,BOS,17,672,.476,14.1,,.583,.281,.139,.083,.080,.417,,.560,.728,.325,.333,.609,.358,,.606,.930,,.059,14,,.483,.345,,0,0,brownja02
22,Sterling Brown,SF,24,MIL,1,4,.000,23.7,,.000,.000,.000,.000,.000,1.000,,,,,,,.000,,,,,.000,0,,1.000,.000,,0,0,brownst02
23,Trey Burke,PG,27,DAL,6,156,.508,13.8,,.712,.220,.153,.119,.220,.288,,.524,.615,.444,.429,.538,.471,,.227,.750,,.000,0,,.294,.600,,0,0,burketr01
24,Alec Burks,SG,28,PHI,4,95,.327,14.8,,.673,.184,.184,.163,.143,.327,,.394,.444,.444,.375,.286,.188,,.308,.667,,.000,0,,.250,.000,,0,0,burksal01
25,Deonte Burton,SF,26,OKC,1,2,,,,,,,,,,,,,,,,,,,,,,0,,,,,0,0,burtode02
26,Jimmy Butler,SF,30,MIA,21,806,.488,9.9,,.854,.302,.288,.183,.081,.146,,.512,.618,.459,.463,.417,.349,,.364,.667,,.071,20,,.279,.500,,0,0,butleji01
27,Bruno Caboclo,C,24,HOU,2,7,.500,12.7,,.500,.500,.000,.000,.000,.500,,1.000,1.000,,,,.000,,1.000,,,.500,1,,1.000,.000,,0,0,cabocbr01
28,Kentavious Caldwell-Pope,SG,26,LAL,21,608,.418,18.3,,.370,.164,.069,.058,.079,.630,,.486,.677,.385,.273,.333,.378,,.824,.978,,.026,4,,.487,.466,,0,0,caldwke01
29,DeMarre Carroll,C,33,HOU,2,6,.500,9.6,,1.000,.000,.500,.500,.000,.000,,.500,,1.000,.000,,,,1.000,,,.000,0,,,,,0,0,carrode01
30,Alex Caruso,PG,25,LAL,21,510,.425,15.3,,.460,.363,.071,.018,.009,.540,,.596,.732,.125,.000,.000,.279,,.742,.941,,.053,5,,.443,.259,,2,0,carusal01
31,Tyson Chandler,C,37,HOU,1,0,,,,,,,,,,,,,,,,,,,,,,0,,,,,0,0,chandty01
32,Chris Chiozza,PG,24,BRK,4,65,.333,24.0,,.333,.083,.042,.083,.125,.667,,.375,1.000,.000,.000,.333,.313,,.333,.600,,.000,0,,.063,.000,,2,0,chiozch01
33,Gary Clark,SF,25,ORL,5,144,.333,24.6,,.030,.000,.030,.000,.000,.970,,.000,,.000,,,.344,,,1.000,,.000,0,,.219,.286,,0,0,clarkga01
34,Jordan Clarkson,SG,27,UTA,7,200,.464,15.8,,.495,.134,.268,.093,.000,.505,,.583,.692,.577,.444,,.347,,.143,.706,,.021,2,,.286,.357,,0,0,clarkjo01
35,Chris Clemons,SG,22,HOU,2,8,.400,26.9,,.000,.000,.000,.000,.000,1.000,,,,,,,.400,,,.500,,.000,0,,.000,,,0,0,clemoch01
36,Antonius Cleveland,SG,25,DAL,2,9,.400,4.9,,1.000,.400,.400,.200,.000,.000,,.400,1.000,.000,.000,,,,.500,,,.200,1,,,,,0,0,clevean01
37,Amir Coffey,SG,22,LAC,3,7,.000,15.9,,.667,.000,.000,.667,.000,.333,,.000,,,.000,,.000,,,,,.000,0,,1.000,.000,,0,0,coffeam01
38,Mike Conley,PG,32,UTA,5,165,.484,18.0,,.469,.078,.172,.172,.047,.531,,.433,.600,.364,.364,.667,.529,,.308,.611,,.000,0,,.206,.714,,1,0,conlemi01
39,Pat Connaughton,SG,27,MIL,10,171,.429,18.0,,.343,.229,.114,.000,.000,.657,,.583,.875,.000,,,.348,,.714,.875,,.029,1,,.130,.000,,0,0,connapa01
40,Quinn Cook,PG,26,LAL,6,24,.500,15.2,,.600,.300,.100,.100,.100,.400,,.500,.667,1.000,.000,.000,.500,,.000,.000,,.000,0,,.000,,,0,0,cookqu01
41,Tyler Cook,SF,22,DEN,1,4,,,,,,,,,,,,,,,,,,,,,,0,,,,,0,0,cookty01
42,Robert Covington,C,29,HOU,12,379,.495,19.0,,.284,.168,.095,.011,.011,.716,,.481,.625,.333,.000,.000,.500,,.769,1.000,,.021,2,,.279,.579,,0,0,covinro01
43,Torrey Craig,SF,29,DEN,19,375,.423,14.6,,.462,.321,.128,.013,.000,.538,,.611,.720,.400,.000,,.262,,.818,1.000,,.051,3,,.476,.200,,1,0,craigto01
44,Jae Crowder,PF,29,MIA,21,660,.403,21.4,,.199,.119,.030,.020,.030,.801,,.650,.917,.167,.750,.000,.342,,.923,.982,,.005,1,,.224,.306,,0,0,crowdja01
45,Seth Curry,SG,29,DAL,6,173,.585,16.6,,.604,.094,.151,.189,.170,.396,,.656,1.000,.375,.700,.667,.476,,.476,.900,,.000,0,,.286,.667,,0,0,curryse01
46,Troy Daniels,SG,28,DEN,6,30,.500,17.9,,.500,.167,.167,.000,.167,.500,,.500,.500,.000,,1.000,.500,,.333,1.000,,.000,0,,.000,,,0,0,danietr01
47,Anthony Davis,PF,26,LAL,21,769,.571,11.7,,.833,.284,.187,.175,.187,.167,,.609,.824,.537,.397,.552,.383,,.577,.913,,.156,54,,.250,.400,,0,0,davisan02
48,Terence Davis,SG,22,TOR,6,84,.483,17.7,,.345,.172,.172,.000,.000,.655,,.600,.800,.400,,,.421,,.500,1.000,,.034,1,,.158,.000,,0,0,daviste02
49,Hamidou Diallo,SF,21,OKC,3,25,.364,13.5,,.545,.273,.182,.091,.000,.455,,.500,.667,.500,.000,,.200,,.333,1.000,,.091,1,,.800,.250,,0,0,diallha01
50,Donte DiVincenzo,SG,23,MIL,10,165,.451,12.9,,.588,.373,.137,.039,.039,.412,,.533,.684,.429,.000,.000,.333,,.688,1.000,,.059,3,,.333,.286,,0,0,divindo01
51,Luka Dončić,PG,20,DAL,6,215,.500,14.1,,.656,.195,.289,.133,.039,.344,,.571,.720,.595,.294,.600,.364,,.063,.188,,.000,0,,.000,,,1,0,doncilu01
52,Luguentz Dort,SF,20,OKC,6,175,.355,17.4,,.342,.250,.079,.000,.013,.658,,.538,.579,.500,,.000,.260,,.714,1.000,,.066,2,,.400,.250,,0,0,dortlu01
53,PJ Dozier,SG,23,DEN,12,125,.424,12.2,,.758,.212,.273,.152,.121,.242,,.480,.429,.444,.600,.500,.250,,.167,1.000,,.061,1,,.125,1.000,,0,0,doziepj01
54,Goran Dragić,PG,33,MIA,17,553,.444,15.0,,.601,.194,.172,.183,.052,.399,,.509,.712,.457,.388,.357,.346,,.317,.811,,.000,0,,.187,.300,,0,0,dragigo01
55,Jared Dudley,PF,34,LAL,9,31,.000,25.3,,.250,.000,.000,.000,.250,.750,,.000,,,,.000,.000,,,,,.000,0,,.000,,,0,0,dudleja01
56,Carsen Edwards,SG,21,BOS,1,3,,,,,,,,,,,,,,,,,,,,,,0,,,,,0,0,edwarca01
57,Joel Embiid,C,25,PHI,4,145,.459,13.6,,.784,.203,.162,.230,.189,.216,,.517,.667,.417,.471,.500,.250,,.633,.750,,.027,2,,.000,,,0,0,embiijo01
58,James Ennis III,SG,29,ORL,5,119,.343,16.1,,.543,.257,.114,.114,.057,.457,,.421,.444,.250,.750,.000,.250,,.750,1.000,,.000,0,,.250,.250,,1,0,ennisja01
59,Tacko Fall,C,24,BOS,2,3,1.000,10.1,,1.000,.000,.000,1.000,.000,.000,,1.000,,,1.000,,,,1.000,,,.000,0,,,,,0,0,fallta01
60,Terrance Ferguson,SF,21,OKC,4,42,.182,22.5,,.091,.091,.000,.000,.000,.909,,.000,.000,,,,.200,,,1.000,,.000,0,,.500,.200,,0,0,fergute01
61,Dorian Finney-Smith,PF,26,DAL,6,191,.442,15.8,,.423,.288,.077,.058,.000,.577,,.545,.667,.250,.333,,.367,,.667,1.000,,.019,1,,.267,.375,,0,0,finnedo01
62,Evan Fournier,SF,27,ORL,5,171,.351,19.9,,.386,.088,.070,.158,.070,.614,,.364,.200,.500,.222,.750,.343,,.375,.917,,.000,0,,.114,.500,,0,0,fournev01
63,Michael Frazier,SG,25,HOU,4,12,.250,12.5,,.500,.500,.000,.000,.000,.500,,.000,.000,,,,.500,,,1.000,,.000,0,,1.000,.500,,0,0,frazimi01
64,Enes Freedom,C,27,BOS,11,102,.524,4.9,,.976,.571,.286,.048,.071,.024,,.512,.583,.417,.000,.667,1.000,,.571,1.000,,.024,1,,.000,,,0,0,kanteen01
65,Markelle Fultz,PG,21,ORL,5,147,.400,14.2,,.733,.200,.117,.233,.183,.267,,.409,.500,.429,.357,.364,.375,,.167,.333,,.033,2,,.250,.250,,0,0,fultzma01
66,Wenyen Gabriel,PF,22,POR,4,53,.600,11.6,,.667,.400,.133,.067,.067,.333,,.700,.667,.500,1.000,1.000,.400,,.857,1.000,,.067,1,,.400,.500,,0,0,gabriwe01
67,Danilo Gallinari,PF,31,OKC,7,212,.405,18.3,,.532,.177,.038,.101,.215,.468,,.476,.357,.667,.625,.471,.324,,.550,1.000,,.025,2,,.162,.000,,0,0,gallida01
68,Marc Gasol,C,35,TOR,11,228,.391,15.5,,.578,.250,.125,.094,.109,.422,,.541,.625,.500,.333,.571,.185,,.900,1.000,,.016,1,,.037,.000,,0,0,gasolma01
69,Paul George,SF,29,LAC,13,479,.398,17.2,,.498,.145,.118,.154,.081,.502,,.464,.656,.346,.382,.444,.333,,.235,.676,,.000,0,,.279,.387,,0,0,georgpa01
70,Shai Gilgeous-Alexander,SG,21,OKC,7,279,.433,15.0,,.611,.211,.222,.122,.056,.389,,.455,.474,.450,.455,.400,.400,,.320,.357,,.011,1,,.171,.667,,1,0,gilgesh01
71,Rudy Gobert,C,27,UTA,7,270,.649,2.2,,1.000,.784,.216,.000,.000,.000,,.649,.776,.188,,,,,.854,,,.365,26,,,,,0,0,goberru01
72,Eric Gordon,SF,31,HOU,12,410,.409,15.8,,.489,.273,.176,.034,.006,.511,,.500,.646,.323,.333,.000,.322,,.395,.828,,.017,1,,.078,.714,,0,0,gordoer01
73,Jerami Grant,PF,25,DEN,19,653,.406,16.6,,.457,.229,.103,.057,.069,.543,,.500,.700,.278,.200,.417,.326,,.775,.903,,.080,12,,.347,.182,,0,0,grantje01
74,Danny Green,SG,32,LAL,21,525,.347,18.8,,.324,.129,.100,.047,.047,.676,,.364,.455,.294,.500,.125,.339,,.500,.974,,.018,3,,.539,.371,,0,0,greenda02
75,JaMychal Green,PF,29,LAC,13,222,.564,12.0,,.582,.382,.182,.000,.018,.418,,.656,.714,.500,,1.000,.435,,.524,1.000,,.109,3,,.522,.417,,0,0,greenja01
76,Javonte Green,SG,26,BOS,1,6,.500,27.2,,.000,.000,.000,.000,.000,1.000,,,,,,,.500,,,.000,,.000,0,,.000,,,0,0,greenja02
77,Jeff Green,C,33,HOU,12,341,.495,14.6,,.476,.262,.184,.029,.000,.524,,.571,.741,.316,.667,,.426,,.607,.870,,.068,6,,.407,.500,,0,0,greenje02
78,Donta Hall,C,22,BRK,3,20,.600,6.0,,1.000,.400,.400,.200,.000,.000,,.600,.500,.500,1.000,,,,.667,,,.000,0,,,,,0,0,halldo01
79,Tim Hardaway Jr.,SG,27,DAL,6,204,.421,18.3,,.432,.126,.116,.095,.095,.568,,.512,.583,.364,.556,.556,.352,,.238,.842,,.011,1,,.278,.600,,0,0,hardati02
80,James Harden,SG,30,HOU,12,448,.478,15.9,,.487,.211,.232,.039,.004,.513,,.631,.792,.566,.222,.000,.333,,.143,.333,,.022,5,,.068,.500,,0,0,hardeja01
81,Montrezl Harrell,C,26,LAC,13,243,.573,5.7,,.939,.659,.220,.061,.000,.061,,.597,.667,.444,.400,,.200,,.609,1.000,,.171,11,,.000,,,2,0,harremo01
82,Gary Harris,SG,25,DEN,14,379,.378,17.2,,.422,.156,.122,.078,.067,.578,,.395,.500,.273,.571,.167,.365,,.733,.895,,.011,1,,.462,.458,,0,0,harriga01
83,Joe Harris,SF,28,BRK,2,72,.522,16.9,,.478,.130,.130,.174,.043,.522,,.455,1.000,.000,.500,.000,.583,,.800,1.000,,.000,0,,.333,.250,,0,0,harrijo01
84,Tobias Harris,PF,27,PHI,4,149,.383,11.8,,.750,.233,.250,.217,.050,.250,,.467,.500,.267,.692,.333,.133,,.190,.500,,.050,2,,.200,.000,,0,0,harrito02
85,Gordon Hayward,SF,29,BOS,5,157,.400,17.2,,.520,.160,.060,.200,.100,.480,,.500,.625,.667,.400,.400,.292,,.538,1.000,,.000,0,,.292,.429,,0,0,haywago01
86,Tyler Herro,SG,20,MIA,21,706,.433,17.0,,.538,.148,.119,.155,.116,.462,,.483,.537,.394,.465,.531,.375,,.389,.833,,.004,0,,.172,.409,,0,0,herroty01
87,Mario Hezonja,PF,24,POR,5,68,.409,13.6,,.682,.273,.182,.091,.136,.318,,.467,.167,1.000,1.000,.000,.286,,.286,.500,,.000,0,,.143,.000,,0,0,hezonma01
88,George Hill,PG,33,MIL,10,268,.478,13.8,,.582,.284,.194,.045,.060,.418,,.564,.789,.385,.000,.500,.357,,.409,.900,,.015,1,,.500,.286,,0,0,hillge01
89,Solomon Hill,PF,28,MIA,7,42,.556,19.6,,.333,.222,.000,.111,.000,.667,,1.000,1.000,,1.000,,.333,,.667,.500,,.000,0,,.167,.000,,0,0,hillso01
90,Jaylen Hoard,PF,20,POR,3,41,.583,3.1,,1.000,.750,.167,.000,.083,.000,,.583,.667,.000,,1.000,,,.714,,,.167,2,,,,,0,0,hoardja01
91,Aaron Holiday,PG,23,IND,4,72,.571,14.3,,.571,.190,.286,.048,.048,.429,,.667,1.000,.500,1.000,.000,.444,,.625,.750,,.000,0,,.222,1.000,,0,0,holidaa01
92,Justin Holiday,SF,30,IND,4,131,.476,21.5,,.238,.095,.000,.095,.048,.762,,.400,.500,,.000,1.000,.500,,.500,1.000,,.000,0,,.313,.600,,0,0,holidju01
93,Rondae Hollis-Jefferson,PF,25,TOR,5,39,.400,5.5,,.900,.600,.200,.100,.000,.100,,.444,.667,.000,.000,,.000,,.500,,,.100,1,,.000,,,0,0,holliro01
94,Al Horford,C,33,PHI,4,129,.480,8.5,,.840,.320,.400,.080,.040,.160,,.571,.750,.400,.500,1.000,.000,,.417,,,.040,1,,.500,.000,,0,0,horfoal01
95,Talen Horton-Tucker,SG,19,LAL,2,17,.500,12.6,,.583,.417,.000,.167,.000,.417,,.571,.600,,.500,,.400,,.500,1.000,,.000,0,,.400,.500,,0,0,hortota01
96,Danuel House Jr.,SF,26,HOU,9,279,.435,16.7,,.376,.282,.059,.012,.024,.624,,.563,.625,.400,.000,.500,.358,,.667,1.000,,.035,2,,.528,.357,,1,1,houseda01
97,Dwight Howard,C,34,LAL,18,282,.684,3.2,,.965,.737,.211,.018,.000,.035,,.691,.714,.583,1.000,,.500,,.684,1.000,,.421,22,,.000,,,0,0,howardw01
98,Serge Ibaka,C,30,TOR,11,251,.573,15.3,,.591,.236,.145,.109,.100,.409,,.615,.692,.688,.583,.364,.511,,.775,1.000,,.045,5,,.044,1.000,,0,0,ibakase01
99,Andre Iguodala,SF,36,MIA,21,410,.462,19.3,,.400,.200,.077,.077,.046,.600,,.615,.769,.400,.600,.333,.359,,.688,1.000,,.138,8,,.462,.333,,3,0,iguodan01
100,Ersan İlyasova,PF,32,MIL,3,23,.333,19.3,,.444,.111,.000,.222,.111,.556,,.500,1.000,,.500,.000,.200,,1.000,1.000,,.000,0,,.000,,,0,0,ilyaser01
101,Joe Ingles,PF,32,UTA,7,234,.407,19.9,,.259,.148,.111,.000,.000,.741,,.571,.625,.500,,,.350,,.375,.857,,.000,0,,.150,.500,,0,0,inglejo01
102,Wes Iwundu,SF,25,ORL,5,76,.300,13.3,,.650,.300,.100,.150,.100,.350,,.154,.167,.000,.333,.000,.571,,.000,1.000,,.050,0,,.429,.667,,0,0,iwundwe01
103,Justin Jackson,PF,24,DAL,3,16,.167,16.2,,.500,.167,.167,.000,.167,.500,,.333,1.000,.000,,.000,.000,,1.000,,,.000,0,,.333,.000,,0,0,jacksju01
104,Reggie Jackson,PG,29,LAC,12,170,.438,19.8,,.333,.042,.104,.125,.063,.667,,.250,.000,.200,.167,.667,.531,,.000,.882,,.000,0,,.438,.500,,0,0,jacksre01
105,LeBron James,PG,35,LAL,21,762,.560,12.2,,.688,.393,.154,.050,.092,.312,,.646,.787,.508,.684,.257,.370,,.318,.455,,.068,25,,.067,.625,,0,0,jamesle01
106,Alize Johnson,PF,23,IND,1,0,,,,,,,,,,,,,,,,,,,,,,0,,,,,0,0,johnsal02
107,B.J. Johnson,SF,24,ORL,1,4,.500,21.9,,.500,.000,.000,.000,.500,.500,,.000,,,,.000,1.000,,,.000,,.000,0,,.000,,,0,0,johnsbj01
108,Stanley Johnson,PF,23,TOR,3,20,.455,15.0,,.545,.273,.182,.091,.000,.455,,.500,1.000,.000,.000,,.400,,.000,.500,,.000,0,,.000,,,0,0,johnsst04
109,Tyler Johnson,SG,27,BRK,4,93,.457,20.6,,.391,.022,.087,.130,.152,.609,,.556,.000,.500,.500,.714,.393,,.700,1.000,,.000,0,,.321,.444,,0,0,johnsty01
110,Nikola Jokić,C,24,DEN,19,694,.519,14.0,,.714,.181,.207,.195,.131,.286,,.555,.710,.521,.537,.422,.429,,.522,.857,,.023,7,,.061,.500,,1,0,jokicni01
111,Derrick Jones Jr.,SF,22,MIA,15,97,.471,14.9,,.471,.294,.176,.000,.000,.529,,.500,.600,.333,,,.444,,.750,1.000,,.176,3,,.556,.600,,1,0,jonesde02
112,Michael Kidd-Gilchrist,PF,26,DAL,6,55,.286,17.5,,.357,.071,.214,.071,.000,.643,,.400,1.000,.333,.000,,.222,,.500,1.000,,.000,0,,.778,.143,,0,0,kiddgmi01
113,Maxi Kleber,PF,28,DAL,6,203,.333,18.1,,.333,.231,.077,.000,.026,.667,,.615,.778,.333,,.000,.192,,.875,1.000,,.128,4,,.308,.375,,0,0,klebima01
114,Furkan Korkmaz,SG,22,PHI,4,40,.000,24.0,,.143,.000,.000,.143,.000,.857,,.000,,,.000,,.000,,,,,.000,0,,.167,.000,,0,0,korkmfu01
115,Kyle Korver,SF,38,MIL,10,119,.426,23.5,,.213,.021,.021,.021,.149,.787,,.500,.000,.000,1.000,.571,.405,,1.000,1.000,,.000,0,,.216,.375,,0,0,korveky01
116,Rodions Kurucs,PF,21,BRK,4,58,.550,14.0,,.600,.400,.100,.000,.100,.400,,.917,.875,1.000,,1.000,.000,,.909,,,.050,1,,.000,,,0,0,kurucro01
117,Kyle Kuzma,PF,24,LAL,21,484,.430,15.2,,.536,.274,.106,.101,.056,.464,,.531,.673,.368,.278,.600,.313,,.804,.923,,.039,5,,.470,.385,,2,0,kuzmaky01
118,Romeo Langford,SG,20,BOS,7,46,.400,11.0,,.800,.200,.400,.200,.000,.200,,.375,1.000,.000,.500,,.500,,.667,1.000,,.300,2,,.000,,,0,0,langfro01
119,Vic Law,PF,24,ORL,1,4,1.000,23.3,,.000,.000,.000,.000,.000,1.000,,,,,,,1.000,,,1.000,,.000,0,,1.000,1.000,,0,0,lawvi01
120,Kawhi Leonard,SF,28,LAC,13,511,.489,13.7,,.728,.198,.183,.216,.131,.272,,.549,.679,.490,.586,.371,.329,,.187,.917,,.056,14,,.055,.250,,0,0,leonaka01
121,Meyers Leonard,C,27,MIA,3,31,.625,15.1,,.500,.250,.250,.000,.000,.500,,.750,.500,1.000,,,.500,,1.000,1.000,,.125,1,,.000,,,0,0,leoname01
122,Caris LeVert,SG,25,BRK,4,140,.370,14.2,,.712,.096,.260,.301,.055,.288,,.346,.571,.474,.182,.250,.429,,.111,.556,,.000,0,,.095,.500,,0,0,leverca01
123,Damian Lillard,PG,29,POR,4,143,.406,18.2,,.484,.234,.047,.063,.141,.516,,.419,.600,.333,.250,.222,.394,,.308,.615,,.016,0,,.000,,,0,0,lillada01
124,Brook Lopez,C,31,MIL,10,328,.535,14.4,,.535,.202,.228,.079,.026,.465,,.656,.826,.577,.667,.000,.396,,.750,.952,,.114,13,,.528,.464,,0,0,lopezbr01
125,Robin Lopez,C,31,MIL,3,21,.750,6.6,,1.000,.250,.500,.250,.000,.000,,.750,1.000,1.000,.000,,,,.667,,,.000,0,,,,,0,0,lopezro01
126,Kyle Lowry,PG,33,TOR,11,413,.419,16.4,,.514,.304,.068,.061,.081,.486,,.513,.533,.400,.778,.333,.319,,.205,.478,,.000,0,,.028,.500,,1,0,lowryky01
127,Timothé Luwawu-Cabarrot,SF,24,BRK,4,131,.339,19.3,,.339,.136,.085,.102,.017,.661,,.350,.750,.200,.000,.000,.333,,.714,1.000,,.000,0,,.333,.308,,1,0,luwawti01
128,Terance Mann,SF,23,LAC,13,27,.400,18.2,,.600,.200,.200,.200,.000,.400,,.667,1.000,.000,1.000,,.000,,.500,,,.200,1,,.000,,,0,0,mannte01
129,Boban Marjanović,C,31,DAL,6,82,.567,6.2,,.967,.467,.233,.233,.033,.033,,.586,.714,.571,.429,.000,.000,,.765,,,.200,6,,.000,,,0,0,marjabo01
130,Jeremiah Martin,PG,23,BRK,3,27,.286,15.3,,.643,.143,.214,.143,.143,.357,,.111,.000,.333,.000,.000,.600,,.000,.333,,.000,0,,.600,.667,,0,0,martije02
131,Frank Mason III,PG,25,MIL,2,2,,,,,,,,,,,,,,,,,,,,,,0,,,,,0,0,masonfr01
132,Wesley Matthews,SG,33,MIL,10,246,.421,20.9,,.246,.105,.088,.035,.018,.754,,.500,.500,.600,.500,.000,.395,,.429,.941,,.000,0,,.349,.467,,1,0,matthwe02
133,CJ McCollum,SG,28,POR,5,196,.444,14.9,,.646,.172,.172,.212,.091,.354,,.484,.588,.529,.381,.444,.371,,.194,.538,,.000,0,,.171,.333,,0,0,mccolcj01
134,T.J. McConnell,PG,27,IND,3,28,.375,10.6,,1.000,.000,.375,.625,.000,.000,,.375,,.000,.600,,,,.333,,,.000,0,,,,,0,0,mccontj01
135,Doug McDermott,PF,28,IND,4,54,.267,18.2,,.333,.133,.200,.000,.000,.667,,.400,.500,.333,,,.200,,1.000,1.000,,.000,0,,.200,.000,,0,0,mcderdo01
136,JaVale McGee,C,32,LAL,14,135,.625,4.0,,.938,.688,.219,.031,.000,.063,,.667,.773,.429,.000,,.000,,.750,,,.344,7,,.000,,,0,0,mcgeeja01
137,Rodney McGruder,SG,28,LAC,5,16,.600,17.3,,.400,.000,.400,.000,.000,.600,,.500,,.500,,,.667,,.000,1.000,,.000,0,,.667,.500,,0,0,mcgruro01
138,Ben McLemore,SF,26,HOU,11,130,.375,22.5,,.100,.050,.050,.000,.000,.900,,.250,.000,.500,,,.389,,1.000,1.000,,.000,0,,.444,.500,,0,0,mclembe01
139,Khris Middleton,SF,28,MIL,10,355,.394,18.0,,.639,.044,.128,.211,.256,.361,,.417,.500,.217,.526,.413,.354,,.313,.652,,.000,0,,.169,.364,,0,0,middlkh01
140,Malcolm Miller,SF,26,TOR,1,5,.333,17.4,,.667,.000,.333,.000,.333,.333,,.000,,.000,,.000,1.000,,,1.000,,.000,0,,.000,,,0,0,millema01
141,Paul Millsap,PF,34,DEN,19,459,.398,13.1,,.627,.263,.229,.102,.034,.373,,.432,.484,.407,.417,.250,.341,,.563,.933,,.025,2,,.227,.200,,0,0,millspa01
142,Shake Milton,SG,23,PHI,4,126,.477,18.6,,.432,.114,.091,.159,.068,.568,,.579,1.000,.500,.286,.667,.400,,.273,.900,,.000,0,,.160,1.000,,0,0,miltosh01
143,Donovan Mitchell,SG,23,UTA,7,264,.529,15.0,,.592,.229,.166,.102,.096,.408,,.538,.778,.308,.688,.200,.516,,.160,.364,,.032,5,,.094,.500,,0,0,mitchdo01
144,Juwan Morgan,PF,22,UTA,7,86,.250,19.9,,.167,.167,.000,.000,.000,.833,,.500,.500,,,,.200,,1.000,1.000,,.083,1,,.800,.250,,0,0,morgaju01
145,Marcus Morris,PF,30,LAC,13,388,.505,19.0,,.468,.063,.081,.144,.180,.532,,.538,.714,.667,.563,.400,.475,,.250,1.000,,.000,0,,.339,.600,,0,0,morrima03
146,Markieff Morris,PF,30,LAL,21,385,.449,19.0,,.296,.153,.102,.020,.020,.704,,.517,.667,.400,.500,.000,.420,,.867,1.000,,.061,5,,.377,.423,,0,0,morrima02
147,Monte Morris,PG,24,DEN,19,406,.496,14.3,,.699,.248,.113,.150,.188,.301,,.581,.667,.667,.500,.480,.300,,.407,.833,,.000,0,,.450,.389,,0,0,morrimo01
148,Emmanuel Mudiay,PG,23,UTA,3,34,.357,9.6,,.786,.357,.357,.071,.000,.214,,.273,.400,.200,.000,,.667,,.333,1.000,,.000,0,,.000,,,0,0,mudiaem01
149,Jamal Murray,PG,22,DEN,19,753,.505,16.1,,.628,.204,.111,.158,.155,.372,,.537,.720,.390,.483,.456,.453,,.258,.484,,.011,3,,.036,.600,,4,0,murraja01
150,Džanan Musa,SF,20,BRK,3,39,.182,16.4,,.455,.273,.091,.091,.000,.545,,.400,.333,1.000,.000,,.000,,1.000,,,.000,0,,.167,.000,,0,0,musadz01
151,Mike Muscala,C,28,OKC,2,20,.500,13.4,,.500,.000,.500,.000,.000,.500,,.000,,.000,,,1.000,,,1.000,,.000,0,,1.000,1.000,,0,0,muscami01
152,Abdel Nader,SF,26,OKC,3,25,.143,21.1,,.286,.000,.143,.143,.000,.714,,.000,,.000,.000,,.200,,,1.000,,.000,0,,.000,,,0,0,naderab01
153,Raul Neto,PG,27,PHI,2,26,.333,17.2,,.444,.111,.222,.000,.111,.556,,.250,1.000,.000,,.000,.400,,.000,1.000,,.000,0,,.200,1.000,,0,0,netora01
154,Georges Niang,PF,26,UTA,7,114,.500,18.6,,.341,.068,.159,.114,.000,.659,,.667,.667,.571,.800,,.414,,.900,1.000,,.023,1,,.586,.471,,0,0,niangge01
155,Joakim Noah,C,34,LAC,2,2,,,,,,,,,,,,,,,,,,,,,,0,,,,,0,0,noahjo01
156,Nerlens Noel,C,25,OKC,7,97,.471,8.5,,.941,.647,.059,.235,.000,.059,,.500,.636,1.000,.000,,.000,,.750,,,.235,4,,.000,,,1,0,noelne01
157,Kendrick Nunn,PG,24,MIA,15,239,.391,16.5,,.533,.163,.152,.141,.076,.467,,.490,.800,.286,.308,.571,.279,,.708,.833,,.011,1,,.163,.286,,0,0,nunnke01
158,Jusuf Nurkić,C,25,POR,5,161,.439,8.5,,.807,.456,.281,.053,.018,.193,,.478,.731,.188,.000,.000,.273,,.455,1.000,,.158,8,,.000,,,0,0,nurkiju01
159,Royce O'Neale,SF,26,UTA,7,249,.406,18.3,,.313,.156,.156,.000,.000,.688,,.300,.400,.200,,,.455,,.333,1.000,,.000,0,,.273,.500,,0,0,onealro01
160,Kyle O'Quinn,C,29,PHI,1,6,,,,,,,,,,,,,,,,,,,,,,0,,,,,0,0,oquinky01
161,Semi Ojeleye,PF,25,BOS,13,122,.250,20.8,,.179,.143,.036,.000,.000,.821,,.400,.500,.000,,,.217,,1.000,1.000,,.036,1,,.522,.250,,0,0,ojelese01
162,Victor Oladipo,SG,27,IND,4,123,.393,18.3,,.411,.196,.071,.054,.089,.589,,.435,.545,.500,.667,.000,.364,,.500,.667,,.018,0,,.152,.200,,0,0,oladivi01
163,Kelly Olynyk,C,28,MIA,17,258,.474,15.8,,.484,.221,.211,.021,.032,.516,,.609,.810,.550,.000,.000,.347,,.643,.941,,.011,1,,.184,.000,,0,0,olynyke01
164,Miye Oni,SF,22,UTA,2,14,.500,17.0,,.333,.167,.167,.000,.000,.667,,1.000,1.000,1.000,,,.250,,.500,1.000,,.000,0,,.250,.000,,0,0,onimi01
165,Patrick Patterson,PF,30,LAC,2,10,1.000,23.7,,.000,.000,.000,.000,.000,1.000,,,,,,,1.000,,,1.000,,.000,0,,.333,1.000,,0,0,pattepa01
166,Chris Paul,PG,34,OKC,7,261,.491,17.3,,.616,.098,.161,.143,.214,.384,,.565,.818,.500,.500,.542,.372,,.128,.375,,.000,0,,.093,.500,,1,0,paulch01
167,Norvel Pelle,C,26,PHI,1,7,,,,,,,,,,,,,,,,,,,,,,0,,,,,0,0,pelleno01
168,Mason Plumlee,C,29,DEN,19,206,.487,2.3,,.974,.846,.128,.000,.000,.026,,.500,.576,.000,,,.000,,.684,,,.410,14,,.000,,,0,0,plumlma01
169,Vincent Poirier,C,26,BOS,1,2,,,,,,,,,,,,,,,,,,,,,,0,,,,,0,0,poirivi01
170,Michael Porter Jr.,SF,21,DEN,19,451,.476,16.7,,.457,.238,.104,.037,.079,.543,,.587,.795,.353,.333,.385,.382,,.591,.853,,.085,12,,.247,.364,,0,0,portemi01
171,Kristaps Porziņģis,C,24,DAL,3,94,.525,17.1,,.575,.175,.075,.175,.150,.425,,.522,.857,.000,.286,.667,.529,,.833,1.000,,.125,5,,.059,.000,,0,0,porzikr01
172,Norman Powell,SG,26,TOR,11,273,.490,15.6,,.500,.288,.135,.038,.038,.500,,.558,.733,.286,.500,.250,.423,,.655,.864,,.077,8,,.192,.600,,0,0,powelno01
173,Josh Reaves,SF,22,DAL,2,9,.333,13.8,,.667,.333,.000,.333,.000,.333,,.500,1.000,,.000,,.000,,.000,,,.000,0,,1.000,.000,,0,0,reavejo02
174,Josh Richardson,SG,26,PHI,4,144,.357,17.5,,.500,.107,.196,.107,.089,.500,,.357,.667,.273,.333,.200,.357,,.500,.900,,.018,1,,.107,.333,,0,0,richajo01
175,Austin Rivers,SG,27,HOU,12,211,.311,15.9,,.426,.213,.180,.033,.000,.574,,.385,.462,.364,.000,,.257,,.300,.667,,.033,1,,.400,.357,,0,0,riverau01
176,Andre Roberson,SF,28,OKC,1,3,.000,25.3,,.000,.000,.000,.000,.000,1.000,,,,,,,.000,,,,,.000,0,,.000,,,0,0,roberan03
177,Duncan Robinson,SG,25,MIA,21,600,.426,23.6,,.114,.057,.028,.011,.017,.886,,.650,.900,.400,.000,.667,.397,,.769,.984,,.000,0,,.212,.424,,1,0,robindu01
178,Rajon Rondo,PG,33,LAL,16,395,.455,13.8,,.587,.289,.174,.050,.074,.413,,.493,.486,.524,.333,.556,.400,,.200,.700,,.000,0,,.180,.333,,0,0,rondora01
179,Terrence Ross,SG,28,ORL,5,135,.469,18.6,,.531,.078,.063,.203,.188,.469,,.588,1.000,.750,.538,.417,.333,,.750,.800,,.016,1,,.033,1.000,,0,0,rosste01
180,JaKarr Sampson,PF,26,IND,4,50,.625,10.5,,1.000,.313,.188,.125,.375,.000,,.625,.800,.333,.500,.667,,,.800,,,.063,1,,,,,0,0,sampsja02
181,Dennis Schröder,PG,26,OKC,7,227,.404,15.0,,.587,.202,.220,.092,.073,.413,,.484,.636,.417,.500,.250,.289,,.194,.846,,.000,0,,.111,.600,,0,0,schrode01
182,Mike Scott,PF,31,PHI,4,20,.200,16.3,,.600,.200,.200,.000,.200,.400,,.333,1.000,.000,,.000,.000,,1.000,,,.000,0,,.000,,,0,0,scottmi01
183,Landry Shamet,SG,22,LAC,13,243,.407,19.2,,.288,.169,.068,.017,.034,.712,,.529,.700,.250,1.000,.000,.357,,.889,1.000,,.051,2,,.381,.438,,0,0,shamela01
184,Pascal Siakam,PF,25,TOR,11,418,.396,12.9,,.709,.198,.291,.143,.077,.291,,.481,.694,.434,.308,.429,.189,,.468,.900,,.027,5,,.226,.417,,0,0,siakapa01
185,Anfernee Simons,SG,20,POR,4,82,.308,17.7,,.462,.192,.077,.038,.154,.538,,.167,.000,.000,1.000,.250,.429,,.500,.333,,.000,0,,.214,.667,,0,0,simonan01
186,Marcus Smart,SG,25,BOS,17,648,.394,18.9,,.379,.111,.121,.116,.030,.621,,.493,.727,.458,.348,.333,.333,,.378,.829,,.015,2,,.252,.452,,1,0,smartma01
187,J.R. Smith,SG,34,LAL,10,75,.269,22.1,,.154,.038,.038,.077,.000,.846,,.250,1.000,.000,.000,,.273,,.000,.833,,.000,0,,.500,.455,,0,0,smithjr01
188,Edmond Sumner,SG,24,IND,3,41,.286,13.7,,.571,.143,.286,.143,.000,.429,,.500,1.000,.500,.000,,.000,,.500,,,.000,0,,.667,.000,,0,0,sumneed01
189,Jayson Tatum,PF,21,BOS,17,690,.434,15.0,,.623,.219,.162,.162,.081,.377,,.471,.589,.389,.519,.222,.373,,.378,.638,,.042,11,,.071,.333,,1,0,tatumja01
190,Garrett Temple,SG,33,BRK,4,137,.347,20.1,,.265,.102,.041,.102,.020,.735,,.615,1.000,.000,.600,.000,.250,,.500,.889,,.000,0,,.500,.222,,0,0,templga01
191,Daniel Theis,C,27,BOS,17,482,.521,8.9,,.778,.530,.120,.094,.034,.222,,.626,.726,.429,.545,.000,.154,,.789,1.000,,.274,27,,.192,.200,,0,0,theisda01
192,Lance Thomas,PF,31,BRK,3,17,.200,20.5,,.600,.000,.000,.000,.600,.400,,.333,,,,.333,.000,,.000,,,.000,0,,1.000,.000,,0,0,thomala01
193,Matt Thomas,SG,25,TOR,10,84,.619,21.2,,.429,.048,.048,.095,.238,.571,,.889,1.000,1.000,1.000,.800,.417,,1.000,1.000,,.000,0,,.250,.667,,0,0,thomama02
194,Matisse Thybulle,SG,22,PHI,4,75,.429,17.2,,.429,.286,.000,.143,.000,.571,,.667,1.000,,.000,,.250,,1.000,1.000,,.286,2,,.250,.000,,0,0,thybuma01
195,Gary Trent Jr.,SF,21,POR,5,153,.356,18.5,,.467,.133,.067,.133,.133,.533,,.286,.333,.333,.500,.000,.417,,.167,.800,,.000,0,,.333,.500,,0,0,trentga02
196,P.J. Tucker,PF,34,HOU,12,414,.398,18.6,,.239,.136,.080,.023,.000,.761,,.476,.667,.143,.500,,.373,,.400,1.000,,.000,0,,.866,.379,,0,0,tuckepj01
197,Rayjon Tucker,SG,22,UTA,2,11,.400,22.0,,.400,.000,.000,.200,.200,.600,,.500,,,1.000,.000,.333,,.000,1.000,,.000,0,,.000,,,0,0,tuckera01
198,Myles Turner,C,23,IND,4,146,.568,11.3,,.682,.409,.136,.068,.068,.318,,.633,.778,.333,.667,.333,.429,,.684,1.000,,.091,4,,.214,1.000,,0,0,turnemy01
199,Fred VanVleet,SG,25,TOR,11,430,.400,18.4,,.421,.237,.084,.021,.079,.579,,.413,.556,.125,.000,.400,.391,,.212,.767,,.000,0,,.082,.333,,3,1,vanvlfr01
200,Gabe Vincent,PG,23,MIA,1,0,,,,,,,,,,,,,,,,,,,,,,0,,,,,0,0,vincega01
201,Noah Vonleh,C,24,DEN,1,3,.000,7.5,,1.000,.000,1.000,.000,.000,.000,,.000,,.000,,,,,,,,.000,0,,,,,0,0,vonleno01
202,Nikola Vučević,C,29,ORL,5,185,.505,16.7,,.604,.135,.162,.090,.216,.396,,.567,.867,.444,.600,.458,.409,,.579,1.000,,.018,2,,.000,,,0,0,vucevni01
203,Dion Waiters,SG,28,LAL,5,38,.333,19.4,,.667,.083,.000,.083,.500,.333,,.500,.000,,.000,.667,.000,,.000,,,.000,0,,.500,.000,,0,0,waitedi01
204,Kemba Walker,PG,29,BOS,17,628,.441,18.6,,.508,.137,.074,.121,.176,.492,,.569,.657,.474,.613,.511,.310,,.230,.564,,.000,0,,.071,.556,,1,0,walkeke02
205,Brad Wanamaker,PG,30,BOS,17,273,.483,15.3,,.550,.183,.217,.100,.050,.450,,.515,.818,.462,.333,.000,.444,,.588,.667,,.000,0,,.148,.250,,0,0,wanambr01
206,T.J. Warren,SF,26,IND,4,156,.471,14.3,,.721,.147,.235,.221,.118,.279,,.510,.700,.625,.400,.250,.368,,.600,.857,,.000,0,,.158,.333,,0,0,warretj01
207,Tremont Waters,PG,22,BOS,1,2,.000,24.2,,.000,.000,.000,.000,.000,1.000,,,,,,,.000,,,,,.000,0,,.000,,,0,0,watertr01
208,Paul Watson,SF,25,TOR,2,9,.500,2.8,,1.000,.500,.500,.000,.000,.000,,.500,1.000,.000,,,,,1.000,,,.500,1,,,,,0,0,watsopa01
209,Russell Westbrook,PG,31,HOU,8,262,.421,11.2,,.764,.336,.200,.100,.129,.236,,.477,.596,.393,.357,.389,.242,,.353,.625,,.021,2,,.242,.250,,0,0,westbru01
210,Hassan Whiteside,C,30,POR,5,106,.542,6.1,,.958,.500,.292,.083,.083,.042,,.522,.750,.286,.500,.000,1.000,,.667,1.000,,.167,4,,.000,,,0,0,whiteha01
211,Grant Williams,PF,21,BOS,17,170,.577,16.8,,.346,.231,.077,.038,.000,.654,,.556,.667,.500,.000,,.588,,.800,1.000,,.077,2,,.647,.636,,0,0,willigr01
212,Lou Williams,PG,33,LAC,13,341,.425,14.2,,.651,.192,.192,.219,.048,.349,,.526,.571,.536,.531,.286,.235,,.200,.500,,.014,1,,.333,.235,,0,0,willilo02
213,Marvin Williams,PF,33,MIL,10,179,.447,16.5,,.511,.149,.170,.106,.085,.489,,.458,.571,.375,.200,.750,.435,,.727,.900,,.000,0,,.478,.455,,0,0,willima02
214,Robert Williams,C,22,BOS,13,149,.742,3.6,,.968,.806,.097,.000,.065,.032,,.767,.840,.333,,.500,.000,,.652,,,.484,14,,1.000,.000,,0,0,williro04
215,Nigel Williams-Goss,PG,25,UTA,1,2,,,,,,,,,,,,,,,,,,,,,,0,,,,,0,0,willini01
216,Delon Wright,PG,27,DAL,4,53,.600,7.9,,.800,.400,.400,.000,.000,.200,,.625,1.000,.250,,,.500,,.600,1.000,,.000,0,,.000,,,0,0,wrighde01
217,Ivica Zubac,C,22,LAC,13,320,.564,2.2,,1.000,.782,.192,.026,.000,.000,,.564,.607,.467,.000,,,,.795,,,.346,23,,,,,0,0,zubaciv01