,,,,,,,,,,% of FGA by Distance,% of FGA by Distance,% of FGA by Distance,% of FGA by Distance,% of FGA by Distance,% of FGA by Distance,,FG% by Distance,FG% by Distance,FG% by Distance,FG% by Distance,FG% by Distance,FG% by Distance,,% of FG Ast'd,% of FG Ast'd,,Dunks,Dunks,,Corner 3s,Corner 3s,,Heaves,Heaves,-additional
Rk,Player,Pos,Age,Tm,G,MP,FG%,Dist.,,2P,0-3,3-10,10-16,16-3P,3P,,2P,0-3,3-10,10-16,16-3P,3P,,2P,3P,,%FGA,#,,%3PA,3P%,,Att.,#,-9999
1,Bam Adebayo,C,25,MIA,23,850,.481,7.7,,.991,.305,.317,.308,.061,.009,,.485,.670,.391,.421,.381,.000,,.641,,,.130,42,,.000,,,0,0,adebaba01
2,Santi Aldama,PF,22,MEM,6,101,.455,14.0,,.545,.212,.303,.030,.000,.455,,.444,.714,.300,.000,,.467,,.500,1.000,,.061,2,,.333,.800,,1,0,aldamsa01
3,Nickeil Alexander-Walker,SG,24,MIN,5,148,.429,19.4,,.286,.029,.143,.114,.000,.714,,.500,1.000,.600,.250,,.400,,.600,1.000,,.000,0,,.560,.500,,0,0,alexani01
4,Grayson Allen,SG,27,MIL,5,149,.463,20.2,,.293,.122,.073,.098,.000,.707,,.417,.800,.000,.250,,.483,,1.000,1.000,,.049,2,,.310,.556,,0,0,allengr01
5,Jarrett Allen,C,24,CLE,5,191,.611,3.5,,1.000,.667,.222,.111,.000,.000,,.611,.750,.500,.000,,,,.818,,,.389,14,,,,,0,0,allenja01
6,Kyle Anderson,PF,29,MIN,4,104,.500,9.2,,.800,.300,.433,.067,.000,.200,,.542,.778,.308,1.000,,.333,,.462,1.000,,.100,3,,.667,.250,,0,0,anderky01
7,Giannis Antetokounmpo,PF,28,MIL,3,91,.528,6.6,,.943,.528,.226,.132,.057,.057,,.560,.750,.500,.143,.000,.000,,.429,,,.094,5,,.000,,,0,0,antetgi01
8,Thanasis Antetokounmpo,PF,30,MIL,2,5,,,,,,,,,,,,,,,,,,,,,,0,,,,,0,0,antetth01
9,Deandre Ayton,C,24,PHO,10,319,.550,7.6,,1.000,.243,.432,.261,.063,.000,,.550,.741,.521,.448,.429,,,.820,,,.162,15,,,,,0,0,aytonde01
10,Patrick Baldwin Jr.,SF,20,GSW,3,11,.000,26.8,,.000,.000,.000,.000,.000,1.000,,,,,,,.000,,,,,.000,0,,.000,,,0,0,baldwpa01
11,Mo Bamba,C,24,LAL,3,10,.000,22.0,,.500,.000,.000,.000,.500,.500,,.000,,,,.000,.000,,,,,.000,0,,.000,,,0,0,bambamo01
12,Desmond Bane,SG,24,MEM,6,231,.422,15.0,,.569,.198,.224,.069,.078,.431,,.500,.696,.231,.625,.667,.320,,.576,.813,,.000,0,,.240,.250,,0,0,banede01
13,Harrison Barnes,PF,30,SAC,7,196,.417,14.1,,.583,.217,.317,.050,.000,.417,,.543,.615,.474,.667,,.240,,.474,1.000,,.083,5,,.280,.286,,1,0,barneha02
14,RJ Barrett,SG,22,NYK,11,377,.433,12.4,,.628,.305,.250,.043,.030,.372,,.495,.620,.390,.286,.400,.328,,.490,1.000,,.012,2,,.361,.318,,0,0,barrerj01
15,Nicolas Batum,PF,34,LAC,5,92,.421,22.7,,.105,.000,.105,.000,.000,.895,,1.000,,1.000,,,.353,,.500,1.000,,.000,0,,.412,.000,,0,0,batumni01
16,Malik Beasley,SG,26,LAL,11,91,.294,21.5,,.235,.029,.176,.000,.029,.765,,.375,1.000,.333,,.000,.269,,.667,.857,,.000,0,,.077,1.000,,0,0,beaslma01
17,MarJon Beauchamp,SF,22,MIL,2,5,.667,14.7,,.667,.000,.333,.333,.000,.333,,.500,,.000,1.000,,1.000,,.000,1.000,,.000,0,,1.000,1.000,,0,0,beaucma01
18,Saddiq Bey,SF,23,ATL,6,133,.375,15.0,,.550,.175,.250,.050,.075,.450,,.364,.571,.300,.500,.000,.389,,.625,1.000,,.050,1,,.389,.429,,0,0,beysa01
19,Bismack Biyombo,C,30,PHO,8,78,.563,4.5,,1.000,.375,.500,.125,.000,.000,,.563,.667,.500,.500,,,,.556,,,.188,2,,,,,0,0,biyombi01
20,Bogdan Bogdanović,SG,30,ATL,6,157,.556,19.0,,.389,.130,.130,.074,.056,.611,,.714,.714,1.000,.500,.333,.455,,.400,.867,,.000,0,,.212,.571,,0,0,bogdabo01
21,Devin Booker,SG,26,PHO,11,459,.585,13.6,,.747,.104,.278,.261,.104,.253,,.611,.760,.672,.476,.640,.508,,.336,.581,,.021,5,,.066,1.000,,0,0,bookede01
22,Brandon Boston Jr.,SF,21,LAC,1,1,,,,,,,,,,,,,,,,,,,,,,0,,,,,0,0,bostobr01
23,Christian Braun,SG,21,DEN,19,247,.533,8.7,,.778,.444,.311,.022,.000,.222,,.629,.750,.429,1.000,,.200,,.636,1.000,,.111,5,,.600,.167,,1,0,braunch01
24,Mikal Bridges,SG,26,BRK,4,157,.429,14.0,,.675,.169,.221,.234,.052,.325,,.442,.385,.588,.333,.500,.400,,.391,.700,,.052,3,,.240,.333,,0,0,bridgmi01
25,Malcolm Brogdon,PG,30,BOS,19,474,.418,15.9,,.556,.184,.179,.128,.066,.444,,.450,.528,.457,.440,.231,.379,,.388,.667,,.005,1,,.103,.333,,3,1,brogdma01
26,Dillon Brooks,SF,27,MEM,6,167,.312,17.0,,.455,.143,.208,.065,.039,.545,,.400,.455,.375,.400,.333,.238,,.571,1.000,,.026,2,,.119,.200,,0,0,brookdi01
27,Bruce Brown,SF,26,DEN,20,530,.511,11.9,,.676,.250,.352,.057,.017,.324,,.605,.841,.452,.600,.333,.316,,.375,.889,,.045,8,,.281,.125,,2,0,brownbr01
28,Jaylen Brown,SF,26,BOS,20,751,.496,13.0,,.690,.255,.230,.096,.110,.310,,.560,.699,.524,.429,.425,.354,,.397,.700,,.044,13,,.186,.333,,1,0,brownja02
29,Troy Brown Jr.,SF,23,LAL,12,124,.357,17.7,,.464,.179,.143,.036,.107,.536,,.615,1.000,.500,1.000,.000,.133,,.625,1.000,,.000,0,,.267,.250,,0,0,browntr01
30,Jalen Brunson,PG,26,NYK,11,443,.474,15.3,,.652,.100,.239,.204,.109,.348,,.553,.696,.618,.511,.360,.325,,.145,.500,,.013,3,,.200,.313,,1,0,brunsja01
31,Thomas Bryant,C,25,DEN,1,0,,,,,,,,,,,,,,,,,,,,,,0,,,,,0,0,bryanth01
32,Jimmy Butler,PF,33,MIA,22,874,.468,11.2,,.824,.229,.296,.188,.111,.176,,.492,.703,.412,.434,.367,.359,,.313,.536,,.052,23,,.282,.455,,2,0,butleji01
33,Kentavious Caldwell-Pope,SG,29,DEN,20,671,.457,18.1,,.432,.130,.117,.080,.105,.568,,.557,.667,.316,.615,.647,.380,,.846,.943,,.006,1,,.326,.467,,0,0,caldwke01
34,Vlatko Čančar,PF,25,DEN,5,10,.000,22.1,,.200,.000,.200,.000,.000,.800,,.000,,.000,,,.000,,,,,.000,0,,.250,.000,,0,0,cancavl01
35,Clint Capela,C,28,ATL,6,151,.605,2.7,,1.000,.684,.289,.026,.000,.000,,.605,.654,.545,.000,,,,.826,,,.289,11,,,,,0,0,capelca01
36,Jevon Carter,PG,27,MIL,4,49,.222,22.0,,.222,.000,.111,.111,.000,.778,,.500,,.000,1.000,,.143,,1.000,1.000,,.000,0,,.286,.000,,0,0,carteje01
37,Justin Champagnie,SF,21,BOS,4,10,.250,20.1,,.250,.000,.250,.000,.000,.750,,1.000,,1.000,,,.000,,1.000,,,.000,0,,.333,.000,,0,0,champju01
38,Max Christie,SG,19,LAL,9,33,.500,16.0,,.600,.100,.200,.100,.200,.400,,.667,1.000,1.000,1.000,.000,.250,,.500,1.000,,.100,1,,.500,.000,,0,0,chrisma02
39,Nic Claxton,C,23,BRK,4,117,.720,3.5,,1.000,.640,.280,.080,.000,.000,,.720,.813,.571,.500,,,,.944,,,.400,10,,,,,0,0,claxtni01
40,Amir Coffey,SF,25,LAC,1,1,,,,,,,,,,,,,,,,,,,,,,0,,,,,0,0,coffeam01
41,John Collins,PF,25,ATL,6,164,.433,16.4,,.467,.133,.250,.050,.033,.533,,.536,.875,.400,.333,.500,.344,,.800,1.000,,.083,4,,.281,.556,,0,0,collijo01
42,Mike Conley,PG,35,MIN,5,183,.476,17.0,,.476,.048,.310,.095,.024,.524,,.500,.500,.462,.750,.000,.455,,.300,.800,,.000,0,,.227,.400,,0,0,conlemi01
43,Pat Connaughton,SF,30,MIL,4,88,.567,19.5,,.233,.200,.033,.000,.000,.767,,.857,.833,1.000,,,.478,,.500,1.000,,.000,0,,.478,.364,,0,0,connapa01
44,Robert Covington,PF,32,LAC,2,12,.000,18.2,,.333,.000,.333,.000,.000,.667,,.000,,.000,,,.000,,,,,.000,0,,.000,,,0,0,covinro01
45,Torrey Craig,PF,32,PHO,11,183,.578,16.8,,.444,.067,.222,.133,.022,.556,,.750,.667,.900,.500,1.000,.440,,.867,1.000,,.044,2,,.720,.500,,0,0,craigto01
46,Jae Crowder,PF,32,MIL,4,41,.231,16.3,,.538,.077,.308,.000,.154,.462,,.429,.000,.500,,.500,.000,,.667,,,.000,0,,.667,.000,,0,0,crowdja01
47,Seth Curry,SG,32,BRK,3,58,.526,18.0,,.526,.158,.053,.158,.158,.474,,.700,.333,1.000,.667,1.000,.333,,.714,1.000,,.000,0,,.333,.000,,0,0,curryse01
48,Stephen Curry,PG,34,GSW,13,493,.466,17.9,,.495,.087,.232,.074,.103,.505,,.571,.704,.569,.652,.406,.363,,.307,.561,,.000,0,,.070,.545,,0,0,curryst01
49,Anthony Davis,C,29,LAL,16,608,.520,7.9,,.941,.327,.354,.193,.067,.059,,.531,.627,.500,.408,.588,.333,,.732,1.000,,.161,34,,.400,.500,,1,0,davisan02
50,Terence Davis,SG,25,SAC,4,58,.400,22.4,,.150,.000,.150,.000,.000,.850,,.667,,.667,,,.353,,.000,.667,,.000,0,,.118,1.000,,0,0,daviste02
51,Dewayne Dedmon,C,33,PHI,1,5,.000,26.4,,.000,.000,.000,.000,.000,1.000,,,,,,,.000,,,,,.000,0,,.000,,,0,0,dedmode01
52,Spencer Dinwiddie,PG,29,BRK,4,159,.431,13.9,,.647,.216,.216,.176,.039,.353,,.455,.636,.455,.333,.000,.389,,.267,.429,,.000,0,,.111,.500,,0,0,dinwisp01
53,Donte DiVincenzo,SG,26,GSW,13,235,.375,19.5,,.313,.141,.141,.031,.000,.688,,.450,.444,.556,.000,,.341,,.778,1.000,,.016,1,,.250,.727,,1,0,divindo01
54,PJ Dozier,SF,26,SAC,3,6,.500,17.6,,.333,.333,.000,.000,.000,.667,,.500,.500,,,,.500,,.000,1.000,,.000,0,,.000,,,0,0,doziepj01
55,Goran Dragić,PG,36,MIL,2,7,.000,11.6,,.500,.500,.000,.000,.000,.500,,.000,.000,,,,.000,,,,,.000,0,,1.000,.000,,0,0,dragigo01
56,David Duke Jr.,SG,23,BRK,1,5,.333,10.5,,.667,.333,.333,.000,.000,.333,,.500,1.000,.000,,,.000,,1.000,,,.333,0,,.000,,,0,0,dukeda01
57,Kevin Durant,PF,34,PHO,11,466,.478,14.8,,.772,.067,.219,.317,.170,.228,,.520,.867,.551,.465,.447,.333,,.467,.706,,.027,6,,.157,.250,,0,0,duranke01
58,Anthony Edwards,SG,21,MIN,5,199,.482,14.3,,.623,.211,.228,.088,.096,.377,,.563,.625,.577,.500,.455,.349,,.225,.533,,.009,1,,.140,.167,,1,0,edwaran01
59,Kessler Edwards,SF,22,SAC,6,7,,,,,,,,,,,,,,,,,,,,,,0,,,,,0,0,edwarke02
60,Joel Embiid,C,28,PHI,9,336,.431,12.1,,.817,.255,.222,.190,.150,.183,,.488,.718,.353,.345,.478,.179,,.475,.800,,.026,4,,.036,.000,,1,0,embiijo01
61,Dorian Finney-Smith,PF,29,BRK,4,101,.391,21.7,,.261,.043,.130,.000,.087,.739,,.333,1.000,.333,,.000,.412,,1.000,1.000,,.043,1,,.235,.250,,0,0,finnedo01
62,De'Aaron Fox,PG,25,SAC,7,270,.424,15.9,,.618,.061,.267,.188,.103,.382,,.480,.600,.432,.581,.353,.333,,.082,.619,,.024,3,,.111,.286,,0,0,foxde01
63,Wenyen Gabriel,C,25,LAL,10,37,.400,2.3,,1.000,.700,.300,.000,.000,.000,,.400,.571,.000,,,,,.750,,,.100,1,,,,,0,0,gabriwe01
64,Darius Garland,PG,23,CLE,5,189,.438,15.5,,.613,.188,.150,.138,.138,.388,,.469,.533,.250,.727,.364,.387,,.478,.750,,.013,1,,.258,.375,,0,0,garlada01
65,Rudy Gobert,C,30,MIN,5,177,.630,2.3,,1.000,.717,.261,.022,.000,.000,,.630,.788,.167,1.000,,,,.724,,,.391,17,,,,,0,0,goberru01
66,Aaron Gordon,PF,27,DEN,20,713,.518,9.5,,.764,.421,.215,.087,.041,.236,,.557,.695,.405,.353,.375,.391,,.639,1.000,,.205,36,,.500,.435,,1,0,gordoaa01
67,Eric Gordon,SG,34,LAC,5,149,.409,20.2,,.341,.114,.159,.023,.045,.659,,.533,.600,.571,.000,.500,.345,,.500,.900,,.000,0,,.034,1.000,,0,0,gordoer01
68,Danny Green,SG,35,CLE,4,40,.200,19.4,,.200,.200,.000,.000,.000,.800,,.000,.000,,,,.250,,,1.000,,.000,0,,.750,.333,,0,0,greenda02
69,Draymond Green,PF,32,GSW,12,367,.462,9.9,,.780,.198,.473,.044,.066,.220,,.521,.778,.395,.500,.667,.250,,.946,1.000,,.022,2,,.550,.273,,0,0,greendr01
70,JaMychal Green,PF,32,GSW,7,49,.391,19.9,,.217,.000,.217,.000,.000,.783,,.800,,.800,,,.278,,1.000,1.000,,.087,1,,.556,.400,,0,0,greenja01
71,Jeff Green,PF,36,DEN,20,343,.452,13.4,,.548,.306,.210,.016,.016,.452,,.559,.684,.462,.000,.000,.321,,.842,1.000,,.194,8,,.429,.417,,0,0,greenje02
72,Blake Griffin,C,33,BOS,1,6,.000,5.2,,1.000,.000,1.000,.000,.000,.000,,.000,,.000,,,,,,,,.000,0,,,,,0,0,griffbl01
73,Quentin Grimes,SG,22,NYK,9,242,.304,20.8,,.196,.130,.043,.000,.022,.804,,.556,.500,.500,,1.000,.243,,.600,1.000,,.022,0,,.459,.294,,0,0,grimequ01
74,Rui Hachimura,PF,24,LAL,16,388,.557,12.6,,.702,.221,.252,.137,.092,.298,,.587,.759,.545,.556,.333,.487,,.685,1.000,,.130,15,,.282,.455,,0,0,hachiru01
75,James Harden,PG,33,PHI,11,427,.393,16.1,,.552,.158,.213,.120,.060,.448,,.406,.379,.308,.545,.545,.378,,.049,.323,,.011,2,,.037,1.000,,0,0,hardeja01
76,Montrezl Harrell,C,29,PHI,2,7,.000,7.9,,1.000,.000,.667,.333,.000,.000,,.000,,.000,.000,,,,,,,.000,0,,,,,0,0,harremo01
77,Joe Harris,SF,31,BRK,4,44,.154,23.4,,.077,.077,.000,.000,.000,.923,,1.000,1.000,,,,.083,,1.000,1.000,,.000,0,,.250,.333,,0,0,harrijo01
78,Tobias Harris,SF,30,PHI,11,392,.522,12.7,,.694,.209,.284,.149,.052,.306,,.591,.786,.553,.500,.286,.366,,.382,.933,,.075,10,,.341,.429,,0,0,harrito02
79,Shaquille Harrison,SG,29,LAL,8,28,.571,8.3,,.857,.429,.286,.000,.143,.143,,.500,1.000,.000,,.000,1.000,,.333,1.000,,.000,0,,.000,,,0,0,harrish01
80,Josh Hart,SF,27,NYK,11,353,.479,11.9,,.660,.415,.106,.053,.085,.340,,.565,.692,.400,.400,.250,.313,,.457,.900,,.021,2,,.531,.353,,0,0,hartjo01
81,Isaiah Hartenstein,C,24,NYK,11,220,.478,5.5,,1.000,.478,.261,.217,.043,.000,,.478,.545,.333,.400,1.000,,,.727,,,.174,4,,,,,0,0,harteis01
82,Udonis Haslem,C,42,MIA,2,3,.000,17.3,,.667,.000,.000,.333,.333,.333,,.000,,,.000,.000,.000,,,,,.000,0,,1.000,.000,,0,0,hasleud01
83,Sam Hauser,SF,25,BOS,15,104,.345,22.9,,.172,.000,.103,.000,.069,.828,,.400,,.333,,.500,.333,,.000,1.000,,.000,0,,.333,.375,,0,0,hausesa01
84,Tyler Herro,SG,23,MIA,1,19,.556,16.1,,.556,.111,.111,.333,.000,.444,,.600,.000,.000,1.000,,.500,,.333,1.000,,.000,0,,.250,.000,,0,0,herroty01
85,Haywood Highsmith,PF,26,MIA,18,161,.615,12.2,,.590,.410,.154,.000,.026,.410,,.696,.813,.500,,.000,.500,,.625,1.000,,.103,4,,.500,.750,,0,0,highsha01
86,Aaron Holiday,PG,26,ATL,1,4,,,,,,,,,,,,,,,,,,,,,,0,,,,,0,0,holidaa01
87,Jrue Holiday,PG,32,MIL,5,191,.400,17.7,,.506,.106,.176,.118,.106,.494,,.512,.667,.533,.600,.222,.286,,.227,.500,,.000,0,,.190,.625,,1,0,holidjr01
88,Al Horford,C,36,BOS,20,617,.386,19.7,,.288,.098,.152,.015,.023,.712,,.605,.846,.550,.000,.333,.298,,.739,1.000,,.045,6,,.298,.393,,0,0,horfoal01
89,Danuel House Jr.,SF,29,PHI,7,42,.429,14.1,,.524,.095,.381,.048,.000,.476,,.727,.500,.750,1.000,,.100,,.500,1.000,,.048,1,,.700,.143,,0,0,houseda01
90,Kevin Huerter,SG,24,SAC,7,183,.347,17.7,,.458,.069,.194,.167,.028,.542,,.515,1.000,.429,.417,.500,.205,,.882,.875,,.028,2,,.231,.222,,0,0,huertke01
91,De'Andre Hunter,SF,25,ATL,6,224,.459,16.4,,.553,.153,.141,.118,.141,.447,,.532,.692,.333,.300,.750,.368,,.680,.857,,.035,3,,.342,.308,,0,0,huntede01
92,Bones Hyland,PG,22,LAC,5,82,.341,15.6,,.545,.136,.318,.068,.023,.455,,.417,1.000,.143,.333,1.000,.250,,.300,.600,,.023,1,,.000,,,0,0,hylanbo01
93,Joe Ingles,SF,35,MIL,5,89,.522,23.7,,.130,.043,.043,.000,.043,.870,,.667,1.000,1.000,,.000,.500,,.500,.800,,.000,0,,.250,.800,,0,0,inglejo01
94,Jaren Jackson Jr.,C,23,MEM,6,220,.422,11.7,,.699,.217,.470,.000,.012,.301,,.483,.611,.436,,.000,.280,,.393,1.000,,.036,2,,.240,.333,,1,0,jacksja02
95,Reggie Jackson,PG,32,DEN,6,18,.500,29.0,,.000,.000,.000,.000,.000,1.000,,,,,,,.500,,,1.000,,.000,0,,.500,1.000,,0,0,jacksre01
96,LeBron James,PF,38,LAL,16,619,.498,13.4,,.641,.268,.244,.051,.078,.359,,.630,.747,.625,.333,.435,.264,,.437,.786,,.037,10,,.038,1.000,,0,0,jamesle01
97,DaQuan Jeffries,SG,25,NYK,2,5,,,,,,,,,,,,,,,,,,,,,,0,,,,,0,0,jeffrda01
98,Cameron Johnson,PF,26,BRK,4,152,.509,16.2,,.491,.127,.218,.109,.036,.509,,.593,.857,.500,.500,.500,.429,,.625,.917,,.055,3,,.321,.556,,0,0,johnsca02
99,Jalen Johnson,SF,21,ATL,6,56,.417,15.7,,.542,.167,.250,.042,.083,.458,,.462,.500,.500,.000,.500,.364,,.667,1.000,,.125,2,,.000,,,0,0,johnsja05
100,Nikola Jokić,C,27,DEN,20,789,.548,10.3,,.816,.150,.522,.097,.048,.184,,.568,.726,.560,.475,.350,.461,,.563,.714,,.019,8,,.013,.000,,2,0,jokicni01
101,Tyus Jones,PG,26,MEM,6,120,.306,16.3,,.472,.167,.194,.111,.000,.528,,.471,.500,.571,.250,,.158,,.125,1.000,,.000,0,,.316,.167,,0,0,jonesty01
102,DeAndre Jordan,C,34,DEN,4,14,.667,2.1,,1.000,1.000,.000,.000,.000,.000,,.667,.667,,,,,,1.000,,,1.000,2,,,,,0,0,jordade01
103,Nikola Jović,PF,19,MIA,7,13,.250,15.4,,.500,.250,.250,.000,.000,.500,,.500,1.000,.000,,,.000,,.000,,,.000,0,,.000,,,0,0,jovicni01
104,Luke Kennard,SG,26,MEM,5,107,.522,20.0,,.304,.087,.043,.130,.043,.696,,.571,.500,1.000,.667,.000,.500,,.500,.750,,.000,0,,.438,.571,,0,0,kennalu01
105,Nathan Knight,C,25,MIN,2,5,.250,15.1,,.500,.000,.500,.000,.000,.500,,.500,,.500,,,.000,,.000,,,.000,0,,.000,,,0,0,knighna01
106,John Konchar,SF,26,MEM,5,49,.222,11.4,,.556,.444,.111,.000,.000,.444,,.400,.250,1.000,,,.000,,.500,,,.000,0,,.500,.000,,0,0,konchjo01
107,Furkan Korkmaz,SG,25,PHI,3,11,.000,18.9,,.500,.000,.000,.500,.000,.500,,.000,,,.000,,.000,,,,,.000,0,,.000,,,0,0,korkmfu01
108,Luke Kornet,C,27,BOS,8,32,.875,4.8,,.875,.750,.125,.000,.000,.125,,.857,.833,1.000,,,1.000,,.667,1.000,,.375,3,,1.000,1.000,,0,0,kornelu01
109,Jonathan Kuminga,PF,20,GSW,10,61,.542,12.3,,.708,.167,.333,.083,.125,.292,,.588,.750,.500,.500,.667,.429,,.800,1.000,,.125,3,,.429,.333,,0,0,kuminjo01
110,Anthony Lamb,SF,25,GSW,6,31,.400,20.7,,.200,.000,.200,.000,.000,.800,,1.000,,1.000,,,.250,,1.000,1.000,,.000,0,,.250,.000,,0,0,lamban01
111,Jock Landale,C,27,PHO,7,113,.630,6.1,,.963,.259,.630,.000,.074,.037,,.654,.714,.706,,.000,.000,,.824,,,.148,4,,.000,,,0,0,landajo01
112,Damion Lee,SG,30,PHO,8,89,.300,20.9,,.250,.000,.150,.100,.000,.750,,.600,,.667,.500,,.200,,.667,1.000,,.000,0,,.267,.250,,0,0,leeda03
113,Alex Len,C,29,SAC,7,54,.778,2.0,,1.000,.778,.222,.000,.000,.000,,.778,.857,.500,,,,,.714,,,.556,5,,,,,0,0,lenal01
114,Kawhi Leonard,SF,31,LAC,2,80,.545,14.5,,.773,.091,.205,.341,.136,.227,,.529,.500,.556,.467,.667,.600,,.278,.500,,.045,2,,.100,1.000,,0,0,leonaka01
115,Meyers Leonard,C,30,MIL,2,5,.000,2.0,,1.000,1.000,.000,.000,.000,.000,,.000,.000,,,,,,,,,.000,0,,,,,0,0,leoname01
116,Caris LeVert,SG,28,CLE,5,170,.429,17.3,,.429,.127,.159,.143,.000,.571,,.519,.625,.500,.444,,.361,,.429,.846,,.000,0,,.333,.333,,0,0,leverca01
117,Kenneth Lofton Jr.,PF,20,MEM,4,12,.375,13.4,,.750,.125,.375,.000,.250,.250,,.500,1.000,.667,,.000,.000,,1.000,,,.000,0,,.000,,,0,0,loftoke01
118,Kevon Looney,C,26,GSW,13,325,.578,2.9,,1.000,.594,.359,.031,.016,.000,,.578,.658,.478,.000,1.000,,,.703,,,.156,9,,,,,0,0,looneke01
119,Brook Lopez,C,34,MIL,5,182,.582,11.3,,.746,.254,.299,.164,.030,.254,,.640,.647,.750,.455,.500,.412,,.750,1.000,,.119,8,,.118,1.000,,0,0,lopezbr01
120,Robin Lopez,C,34,CLE,2,6,1.000,6.2,,1.000,.333,.333,.333,.000,.000,,1.000,1.000,1.000,1.000,,,,.667,,,.000,0,,,,,0,0,lopezro01
121,Kevin Love,PF,34,MIA,20,359,.378,20.9,,.261,.118,.050,.059,.034,.739,,.387,.500,.167,.286,.500,.375,,.500,1.000,,.000,0,,.159,.286,,0,0,loveke01
122,Kyle Lowry,PG,36,MIA,23,599,.425,18.6,,.494,.075,.149,.155,.115,.506,,.477,.769,.500,.333,.450,.375,,.268,.515,,.000,0,,.148,.385,,1,0,lowryky01
123,Trey Lyles,PF,27,SAC,7,118,.425,17.4,,.325,.175,.150,.000,.000,.675,,.615,.571,.667,,,.333,,.625,1.000,,.075,3,,.593,.313,,0,0,lylestr01
124,Terance Mann,SG,26,LAC,5,133,.576,16.4,,.424,.242,.152,.030,.000,.576,,.714,.750,.600,1.000,,.474,,.600,.778,,.030,1,,.526,.500,,1,0,mannte01
125,Caleb Martin,SF,27,MIA,23,694,.529,15.9,,.495,.214,.155,.044,.083,.505,,.637,.818,.375,.667,.647,.423,,.692,.977,,.029,6,,.433,.422,,0,0,martica02
126,Wesley Matthews,SF,36,MIL,2,41,.444,23.9,,.222,.111,.000,.111,.000,.778,,.000,.000,,.000,,.571,,,1.000,,.000,0,,.000,,,0,0,matthwe02
127,Tyrese Maxey,SG,22,PHI,11,423,.427,15.7,,.557,.193,.198,.099,.068,.443,,.449,.595,.395,.421,.231,.400,,.354,.706,,.005,1,,.165,.571,,0,0,maxeyty01
128,Miles McBride,PG,22,NYK,8,20,.250,23.7,,.250,.000,.000,.000,.250,.750,,.000,,,,.000,.333,,,1.000,,.000,0,,.333,.000,,0,0,mcbrimi01
129,Jalen McDaniels,SF,25,PHI,8,102,.400,14.4,,.550,.250,.200,.050,.050,.450,,.455,.600,.250,.000,1.000,.333,,.600,1.000,,.100,2,,.444,.500,,0,0,mcdanja01
130,Jordan McLaughlin,PG,26,MIN,2,14,.000,15.4,,.500,.000,.250,.250,.000,.500,,.000,,.000,.000,,.000,,,,,.000,0,,1.000,.000,,0,0,mclaujo01
131,De'Anthony Melton,SG,24,PHI,11,274,.383,17.1,,.395,.173,.160,.037,.025,.605,,.375,.571,.154,.000,1.000,.388,,.583,.895,,.037,3,,.367,.333,,0,0,meltode01
132,Chimezie Metu,PF,25,SAC,3,6,.000,0.1,,1.000,1.000,.000,.000,.000,.000,,.000,.000,,,,,,,,,.000,0,,,,,0,0,metuch01
133,Khris Middleton,SF,31,MIL,5,173,.465,15.7,,.628,.140,.151,.221,.116,.372,,.500,.667,.231,.526,.600,.406,,.370,.385,,.000,0,,.094,.000,,0,0,middlkh01
134,Patty Mills,PG,34,BRK,1,5,.000,22.8,,.000,.000,.000,.000,.000,1.000,,,,,,,.000,,,,,.000,0,,1.000,.000,,0,0,millspa02
135,Shake Milton,SG,26,PHI,6,21,.600,12.9,,.800,.000,.400,.400,.000,.200,,.750,,1.000,.500,,.000,,.000,,,.000,0,,.000,,,0,0,miltosh01
136,Josh Minott,SF,20,MIN,1,6,.000,23.2,,.000,.000,.000,.000,.000,1.000,,,,,,,.000,,,,,.000,0,,1.000,.000,,0,0,minotjo01
137,Davion Mitchell,PG,24,SAC,7,140,.413,19.8,,.413,.065,.152,.065,.130,.587,,.632,.667,.714,.667,.500,.259,,.417,1.000,,.022,1,,.370,.100,,1,0,mitchda01
138,Donovan Mitchell,SG,26,CLE,5,207,.433,16.9,,.567,.163,.096,.202,.106,.433,,.542,.647,.500,.524,.455,.289,,.219,.615,,.019,1,,.000,,,1,0,mitchdo01
139,Evan Mobley,PF,21,CLE,5,188,.458,5.6,,.979,.396,.438,.125,.021,.021,,.468,.842,.190,.167,1.000,.000,,.773,,,.292,14,,1.000,.000,,0,0,mobleev01
140,Malik Monk,SG,24,SAC,7,205,.409,14.3,,.581,.118,.366,.075,.022,.419,,.463,.818,.441,.143,.000,.333,,.360,.692,,.000,0,,.154,.167,,0,0,monkma01
141,Moses Moody,SG,20,GSW,12,161,.535,15.6,,.488,.140,.256,.023,.070,.512,,.476,.500,.545,.000,.333,.591,,.800,.923,,.070,3,,.409,.556,,0,0,moodymo01
142,Wendell Moore Jr.,SG,21,MIN,1,2,,,,,,,,,,,,,,,,,,,,,,0,,,,,0,0,moorewe01
143,Ja Morant,PG,23,MEM,5,187,.425,12.1,,.708,.226,.311,.123,.047,.292,,.427,.833,.273,.231,.000,.419,,.250,.462,,.075,8,,.226,.000,,0,0,moranja01
144,Marcus Morris,PF,33,LAC,3,68,.345,18.4,,.586,.069,.138,.207,.172,.414,,.471,.500,.500,.667,.200,.167,,.500,1.000,,.000,0,,.083,1.000,,0,0,morrima03
145,Dejounte Murray,SG,26,ATL,5,190,.447,15.2,,.641,.117,.204,.204,.117,.359,,.485,.667,.476,.476,.333,.378,,.125,.571,,.000,0,,.162,.167,,0,0,murrade01
146,Jamal Murray,PG,25,DEN,20,799,.473,15.9,,.637,.120,.202,.159,.156,.363,,.517,.612,.542,.508,.422,.396,,.281,.576,,.027,10,,.074,.455,,0,0,murraja01
147,Keegan Murray,SF,22,SAC,7,194,.448,17.3,,.448,.155,.138,.103,.052,.552,,.538,.667,.125,.833,.667,.375,,.500,1.000,,.052,3,,.375,.333,,0,0,murrake02
148,Mike Muscala,C,31,BOS,6,21,.500,25.7,,.000,.000,.000,.000,.000,1.000,,,,,,,.500,,,1.000,,.000,0,,.500,.500,,0,0,muscami01
149,Raul Neto,PG,30,CLE,2,7,.000,23.0,,.000,.000,.000,.000,.000,1.000,,,,,,,.000,,,,,.000,0,,1.000,.000,,0,0,netora01
150,Georges Niang,PF,29,PHI,11,157,.500,20.5,,.278,.056,.139,.056,.028,.722,,.600,1.000,.600,.500,.000,.462,,.833,1.000,,.000,0,,.308,.500,,0,0,niangge01
151,Zeke Nnaji,PF,22,DEN,5,12,.500,19.7,,.250,.250,.000,.000,.000,.750,,1.000,1.000,,,,.333,,1.000,1.000,,.250,1,,.000,,,0,0,nnajize01
152,Jaylen Nowell,SG,23,MIN,5,62,.231,12.3,,.654,.231,.346,.077,.000,.346,,.176,.167,.222,.000,,.333,,1.000,.667,,.000,0,,.111,1.000,,0,0,nowelja01
153,Royce O'Neale,SF,29,BRK,4,118,.241,21.7,,.241,.103,.103,.000,.034,.759,,.429,.667,.333,,.000,.182,,.333,1.000,,.000,0,,.091,.000,,1,0,onealro01
154,Josh Okogie,SG,24,PHO,10,175,.378,11.9,,.622,.324,.216,.027,.054,.378,,.522,.667,.375,.000,.500,.143,,.750,1.000,,.162,5,,.714,.200,,0,0,okogijo01
155,Onyeka Okongwu,C,22,ATL,6,131,.600,4.4,,.960,.640,.200,.120,.000,.040,,.583,.688,.600,.000,,1.000,,.714,1.000,,.200,3,,.000,,,0,0,okongon01
156,Isaac Okoro,SF,22,CLE,5,75,.478,14.0,,.435,.391,.043,.000,.000,.565,,.700,.667,1.000,,,.308,,.857,1.000,,.087,1,,.923,.333,,0,0,okorois01
157,Victor Oladipo,SG,30,MIA,2,45,.526,14.5,,.737,.158,.158,.368,.053,.263,,.571,1.000,.000,.571,1.000,.400,,.125,1.000,,.000,0,,.000,,,0,0,oladivi01
158,Cedi Osman,SF,27,CLE,5,93,.360,21.5,,.200,.120,.040,.040,.000,.800,,.600,.667,.000,1.000,,.300,,1.000,1.000,,.000,0,,.300,.333,,0,0,osmande01
159,Chris Paul,PG,37,PHO,7,250,.418,16.5,,.692,.077,.077,.341,.198,.308,,.460,.714,.143,.387,.611,.321,,.207,.667,,.000,0,,.214,.167,,0,0,paulch01
160,Cameron Payne,PG,28,PHO,7,152,.479,18.9,,.438,.063,.188,.125,.063,.563,,.571,.667,.778,.167,.667,.407,,.333,.818,,.000,0,,.333,.333,,0,0,payneca01
161,Gary Payton II,SG,30,GSW,12,192,.667,8.5,,.722,.500,.222,.000,.000,.278,,.821,.889,.667,,,.267,,.813,1.000,,.111,6,,.667,.400,,0,0,paytoga02
162,Mason Plumlee,C,32,LAC,5,91,.875,2.9,,1.000,.438,.563,.000,.000,.000,,.875,.857,.889,,,,,.500,,,.438,6,,,,,0,0,plumlma01
163,Jordan Poole,PG,23,GSW,13,284,.341,16.3,,.533,.096,.304,.067,.067,.467,,.417,.538,.415,.222,.444,.254,,.467,.875,,.015,1,,.111,.429,,0,0,poolejo01
164,Michael Porter Jr.,SF,24,DEN,20,654,.423,17.6,,.440,.145,.154,.047,.094,.560,,.515,.735,.500,.273,.318,.351,,.717,.957,,.060,14,,.267,.314,,0,0,portemi01
165,Bobby Portis,PF,27,MIL,5,107,.488,15.4,,.561,.171,.220,.122,.049,.439,,.652,.857,.667,.400,.500,.278,,.600,1.000,,.024,1,,.500,.222,,0,0,portibo01
166,Norman Powell,SG,29,LAC,5,167,.474,15.4,,.579,.171,.237,.092,.079,.421,,.523,.692,.500,.286,.500,.406,,.391,.692,,.013,1,,.219,.000,,1,0,powelno01
167,Jason Preston,PG,23,LAC,1,1,,,,,,,,,,,,,,,,,,,,,,0,,,,,0,0,prestja01
168,Taurean Prince,PF,28,MIN,5,100,.364,17.4,,.364,.121,.182,.061,.000,.636,,.333,.250,.500,.000,,.381,,.500,1.000,,.000,0,,.476,.500,,0,0,princta02
169,Payton Pritchard,PG,25,BOS,10,57,.545,16.6,,.545,.318,.000,.091,.136,.455,,.667,.857,,.500,.333,.400,,.250,.500,,.000,0,,.300,.000,,0,0,pritcpa01
170,Immanuel Quickley,SG,23,NYK,8,175,.348,19.1,,.439,.045,.167,.167,.061,.561,,.483,.333,.545,.545,.250,.243,,.500,.889,,.000,0,,.243,.444,,0,0,quickim01
171,Julius Randle,PF,28,NYK,10,330,.374,15.7,,.551,.197,.163,.136,.054,.449,,.469,.655,.375,.250,.625,.258,,.447,.882,,.020,3,,.212,.286,,0,0,randlju01
172,Austin Reaves,SG,24,LAL,16,579,.464,16.7,,.546,.077,.253,.165,.052,.454,,.481,.733,.429,.469,.400,.443,,.333,.846,,.010,1,,.159,.500,,1,1,reaveau01
173,Paul Reed,C,23,PHI,11,157,.579,2.6,,1.000,.711,.263,.026,.000,.000,,.579,.593,.500,1.000,,,,.818,,,.132,5,,,,,0,0,reedpa01
174,Austin Rivers,SG,30,MIN,4,46,.500,19.3,,.250,.000,.250,.000,.000,.750,,1.000,,1.000,,,.333,,.500,1.000,,.000,0,,.500,.333,,0,0,riverau01
175,Duncan Robinson,SF,28,MIA,23,418,.475,20.4,,.285,.108,.108,.044,.025,.715,,.556,.824,.588,.143,.000,.442,,.720,.900,,.000,0,,.195,.636,,0,0,robindu01
176,Mitchell Robinson,C,24,NYK,11,298,.604,0.9,,1.000,.979,.021,.000,.000,.000,,.604,.617,.000,,,,,.552,,,.479,20,,,,,0,0,robinmi01
177,David Roddy,PF,21,MEM,6,76,.276,18.4,,.310,.103,.172,.034,.000,.690,,.222,.333,.200,.000,,.300,,1.000,1.000,,.034,0,,.400,.375,,0,0,roddyda01
178,Derrick Rose,PG,34,NYK,1,3,.000,13.9,,.750,.250,.000,.250,.250,.250,,.000,.000,,.000,.000,.000,,,,,.000,0,,1.000,.000,,0,0,rosede01
179,Terrence Ross,SG,31,PHO,6,69,.296,25.3,,.185,.000,.000,.037,.148,.815,,.400,,,.000,.500,.273,,.000,1.000,,.000,0,,.409,.111,,1,0,rosste01
180,Ricky Rubio,PG,32,CLE,3,17,.000,1.3,,1.000,1.000,.000,.000,.000,.000,,.000,.000,,,,,,,,,.000,0,,,,,0,0,rubiori01
181,D'Angelo Russell,PG,26,LAL,16,473,.426,17.6,,.554,.056,.169,.210,.118,.446,,.519,.455,.636,.512,.391,.310,,.286,.889,,.000,0,,.149,.231,,0,0,russeda01
182,Domantas Sabonis,C,26,SAC,7,243,.495,7.4,,.949,.313,.455,.040,.141,.051,,.511,.677,.400,.750,.429,.200,,.521,1.000,,.081,8,,.200,1.000,,0,0,sabondo01
183,Dennis Schröder,PG,29,LAL,16,417,.398,15.5,,.621,.068,.291,.146,.117,.379,,.438,.429,.467,.467,.333,.333,,.143,.846,,.000,0,,.205,.250,,1,0,schrode01
184,Landry Shamet,SG,25,PHO,10,184,.378,18.4,,.356,.044,.244,.022,.044,.644,,.375,.500,.364,1.000,.000,.379,,.667,.909,,.022,1,,.345,.500,,0,0,shamela01
185,Day'Ron Sharpe,C,21,BRK,2,20,.667,1.8,,1.000,.667,.333,.000,.000,.000,,.667,.500,1.000,,,,,.500,,,.000,0,,,,,0,0,sharpda01
186,Marcus Smart,PG,28,BOS,20,679,.453,17.0,,.453,.121,.265,.058,.009,.547,,.564,.704,.542,.462,.000,.361,,.474,.955,,.013,3,,.295,.556,,2,0,smartma01
187,Ish Smith,PG,34,DEN,4,12,.500,10.8,,1.000,.000,.500,.000,.500,.000,,.500,,.000,,1.000,,,.000,,,.000,0,,,,,0,0,smithis01
188,Jaden Springer,SG,20,PHI,4,17,1.000,11.1,,1.000,.250,.000,.750,.000,.000,,1.000,1.000,,1.000,,,,.250,,,.250,1,,,,,0,0,sprinja01
189,Lamar Stevens,SF,25,CLE,2,9,.500,17.6,,.500,.000,.000,.500,.000,.500,,.000,,,.000,,1.000,,,1.000,,.000,0,,1.000,1.000,,0,0,stevela01
190,Max Strus,SF,26,MIA,23,648,.402,19.5,,.286,.153,.095,.026,.011,.714,,.611,.759,.444,.400,.500,.319,,.697,.907,,.042,8,,.281,.289,,0,0,strusma01
191,Edmond Sumner,SG,27,BRK,1,4,,,,,,,,,,,,,,,,,,,,,,0,,,,,0,0,sumneed01
192,Jayson Tatum,SF,24,BOS,20,799,.458,14.3,,.594,.213,.257,.059,.064,.406,,.550,.733,.433,.542,.423,.323,,.424,.509,,.047,19,,.061,.500,,0,0,tatumja01
193,Cam Thomas,SG,21,BRK,2,16,.429,15.1,,.714,.000,.286,.286,.143,.286,,.600,,1.000,.000,1.000,.000,,.333,,,.000,0,,.500,.000,,0,0,thomaca02
194,Klay Thompson,SF,32,GSW,13,468,.388,20.2,,.379,.046,.132,.096,.105,.621,,.422,.700,.310,.524,.348,.368,,.714,.760,,.000,0,,.140,.421,,0,0,thompkl01
195,Tristan Thompson,C,31,LAL,6,32,.455,3.1,,1.000,.455,.545,.000,.000,.000,,.455,.400,.500,,,,,.800,,,.455,5,,,,,0,0,thomptr01
196,Xavier Tillman Sr.,C,24,MEM,6,183,.533,5.3,,.911,.511,.333,.044,.022,.089,,.561,.652,.533,.000,.000,.250,,.870,1.000,,.089,4,,.500,.000,,0,0,tillmxa01
197,Obi Toppin,PF,24,NYK,11,175,.429,17.0,,.386,.243,.057,.057,.029,.614,,.630,.765,.500,.250,.500,.302,,.882,.923,,.114,8,,.512,.364,,0,0,toppiob01
198,Karl-Anthony Towns,PF,27,MIN,5,180,.457,12.8,,.657,.186,.371,.043,.057,.343,,.565,.769,.615,.000,.000,.250,,.731,1.000,,.029,2,,.125,.333,,0,0,townska01
199,P.J. Tucker,PF,37,PHI,11,294,.373,19.4,,.216,.137,.039,.020,.020,.784,,.455,.714,.000,.000,.000,.350,,.800,1.000,,.000,0,,1.000,.350,,0,0,tuckepj01
200,Jarred Vanderbilt,PF,23,LAL,15,247,.400,13.4,,.517,.317,.167,.017,.017,.483,,.548,.737,.100,1.000,1.000,.241,,.706,1.000,,.150,8,,.931,.259,,0,0,vandeja01
201,Gabe Vincent,PG,26,MIA,22,672,.402,18.1,,.451,.130,.138,.089,.093,.549,,.432,.563,.324,.455,.391,.378,,.167,.647,,.000,0,,.230,.355,,0,0,vincega01
202,Dean Wade,PF,26,CLE,2,11,.000,26.5,,.000,.000,.000,.000,.000,1.000,,,,,,,.000,,,,,.000,0,,.000,,,0,0,wadede01
203,Ish Wainright,SF,28,PHO,6,21,.250,23.5,,.000,.000,.000,.000,.000,1.000,,,,,,,.250,,,1.000,,.000,0,,.750,.333,,0,0,wainris01
204,Lonnie Walker IV,SG,24,LAL,13,179,.483,19.2,,.433,.067,.117,.117,.133,.567,,.615,.750,.571,.714,.500,.382,,.500,.923,,.000,0,,.206,.429,,0,0,walkelo01
205,T.J. Warren,SF,29,PHO,6,81,.316,15.7,,.632,.053,.211,.211,.158,.368,,.417,1.000,.250,.500,.333,.143,,1.000,1.000,,.000,0,,.857,.167,,0,0,warretj01
206,Yuta Watanabe,SF,28,BRK,1,5,.500,25.7,,.000,.000,.000,.000,.000,1.000,,,,,,,.500,,,1.000,,.000,0,,.500,.000,,0,0,watanyu01
207,Peyton Watson,SG,20,DEN,5,14,.400,17.3,,.600,.000,.400,.000,.200,.400,,.333,,.500,,.000,.500,,1.000,1.000,,.000,0,,.500,1.000,,0,0,watsope01
208,Russell Westbrook,PG,34,LAC,5,192,.410,11.0,,.733,.352,.229,.105,.048,.267,,.429,.649,.333,.091,.000,.357,,.273,.900,,.038,3,,.143,.250,,0,0,westbru01
209,Derrick White,SG,28,BOS,20,593,.505,17.7,,.402,.120,.217,.060,.005,.598,,.581,.636,.475,.818,1.000,.455,,.535,.840,,.011,1,,.218,.458,,0,0,whitede01
210,Andrew Wiggins,SF,27,GSW,13,442,.459,14.2,,.646,.155,.298,.088,.105,.354,,.547,.750,.556,.313,.421,.297,,.625,.842,,.044,7,,.203,.154,,0,0,wiggian01
211,Grant Williams,PF,24,BOS,15,265,.472,19.8,,.245,.132,.094,.019,.000,.755,,.538,.714,.400,.000,,.450,,.571,1.000,,.019,1,,.475,.368,,0,0,willigr01
212,Robert Williams,C,25,BOS,20,417,.788,3.0,,.988,.600,.376,.012,.000,.012,,.798,.843,.719,1.000,,.000,,.806,,,.412,34,,.000,,,0,0,williro04
213,Ziaire Williams,SF,21,MEM,4,12,.286,16.7,,.571,.286,.000,.143,.143,.429,,.250,.500,,.000,.000,.333,,1.000,1.000,,.143,1,,.000,,,0,0,willizi02
214,Trae Young,PG,24,ATL,6,230,.403,15.4,,.638,.154,.268,.128,.087,.362,,.442,.478,.325,.474,.692,.333,,.190,.333,,.000,0,,.019,1.000,,1,0,youngtr01
215,Omer Yurtseven,C,24,MIA,8,16,.286,12.1,,.714,.286,.143,.286,.000,.286,,.400,.500,.000,.500,,.000,,1.000,,,.143,1,,.000,,,0,0,yurtsom01
216,Cody Zeller,C,30,MIA,21,174,.571,3.8,,1.000,.486,.457,.057,.000,.000,,.571,.647,.500,.500,,,,.900,,,.171,6,,,,,0,0,zelleco01
217,Ivica Zubac,C,25,LAC,5,130,.567,3.7,,1.000,.467,.500,.033,.000,.000,,.567,.571,.600,.000,,,,.706,,,.233,6,,,,,0,0,zubaciv01