Rk,Player,Pos,Age,Tm,G,GS,MP,FG,FGA,FG%,3P,3PA,3P%,2P,2PA,2P%,eFG%,FT,FTA,FT%,ORB,DRB,TRB,AST,STL,BLK,TOV,PF,PTS,Player-additional
1,Precious Achiuwa,PF-C,24,TOT,59,18,23.1,3.5,6.9,.500,0.4,1.5,.270,3.1,5.4,.564,.529,1.0,1.6,.621,2.7,4.0,6.7,1.4,0.7,1.0,1.2,1.9,8.4,achiupr01
1,Precious Achiuwa,C,24,TOR,25,0,17.5,3.1,6.8,.459,0.5,1.9,.277,2.6,4.9,.528,.497,1.0,1.7,.571,2.0,3.4,5.4,1.8,0.6,0.5,1.2,1.6,7.7,achiupr01
1,Precious Achiuwa,PF,24,NYK,34,18,27.1,3.7,7.1,.529,0.3,1.2,.262,3.4,5.8,.586,.552,1.0,1.6,.660,3.2,4.5,7.7,1.1,0.8,1.3,1.2,2.2,8.8,achiupr01
2,Bam Adebayo,C,26,MIA,56,56,34.5,7.6,14.9,.511,0.1,0.3,.188,7.6,14.6,.517,.513,4.6,6.0,.754,2.3,8.1,10.4,3.9,1.1,1.0,2.3,2.4,19.9,adebaba01
3,Ochai Agbaji,SG,23,TOT,66,17,19.6,2.1,5.2,.409,0.8,2.7,.309,1.3,2.4,.522,.491,0.4,0.5,.727,0.7,1.7,2.5,0.9,0.5,0.5,0.7,1.4,5.5,agbajoc01
3,Ochai Agbaji,SG,23,UTA,51,10,19.7,2.1,4.9,.426,0.9,2.8,.331,1.2,2.1,.551,.520,0.3,0.4,.750,0.7,1.8,2.5,0.9,0.5,0.6,0.7,1.3,5.4,agbajoc01
3,Ochai Agbaji,SG,23,TOR,15,7,19.5,2.3,6.2,.366,0.6,2.6,.231,1.7,3.6,.463,.414,0.6,0.9,.692,0.9,1.5,2.4,0.9,0.5,0.4,0.9,1.9,5.7,agbajoc01
4,Santi Aldama,PF,23,MEM,54,28,25.8,4.0,9.3,.431,1.6,4.9,.340,2.4,4.5,.529,.519,0.9,1.4,.613,1.2,4.4,5.6,2.2,0.7,0.8,1.2,1.4,10.5,aldamsa01
5,Nickeil Alexander-Walker,SG,25,MIN,66,18,23.4,2.8,6.3,.438,1.5,3.9,.384,1.3,2.4,.525,.556,0.6,0.8,.792,0.5,1.6,2.0,2.6,0.8,0.5,1.0,1.8,7.7,alexani01
6,Grayson Allen,SG,28,PHO,61,61,33.7,4.4,8.7,.504,2.7,5.7,.476,1.7,3.0,.557,.659,1.7,1.9,.889,0.6,3.2,3.8,3.0,0.9,0.6,1.3,2.2,13.2,allengr01
7,Jarrett Allen,C,25,CLE,61,61,31.7,6.6,10.5,.626,0.0,0.1,.000,6.6,10.4,.631,.626,3.1,4.2,.733,3.4,7.3,10.7,2.7,0.7,1.2,1.6,2.1,16.2,allenja01
8,Jose Alvarado,PG,25,NOP,45,0,17.2,2.5,6.0,.417,1.3,3.5,.369,1.2,2.5,.482,.524,0.6,0.9,.690,0.4,1.8,2.1,1.9,1.1,0.3,0.8,1.5,7.0,alvarjo01
9,Kyle Anderson,PF,30,MIN,63,7,22.4,2.5,5.3,.471,0.1,0.6,.211,2.3,4.7,.505,.483,1.2,1.7,.700,0.8,2.8,3.5,4.1,0.8,0.5,1.3,1.5,6.3,anderky01
10,Giannis Antetokounmpo,PF,29,MIL,64,64,35.0,11.4,18.6,.616,0.5,1.8,.292,10.9,16.8,.650,.630,7.4,11.2,.665,2.5,8.7,11.2,6.4,1.2,1.0,3.4,2.9,30.8,antetgi01
11,Thanasis Antetokounmpo,PF,31,MIL,28,0,4.8,0.5,0.9,.500,0.0,0.0,.000,0.5,0.9,.520,.500,0.0,0.1,.000,0.2,0.2,0.4,0.5,0.2,0.1,0.4,0.8,0.9,antetth01
12,Cole Anthony,PG,23,ORL,66,0,22.9,4.0,9.4,.429,1.0,3.3,.316,3.0,6.1,.489,.484,2.5,3.1,.824,0.8,3.1,3.9,3.0,0.8,0.5,1.6,2.4,11.6,anthoco01
13,OG Anunoby,SF,26,TOT,43,43,34.1,5.8,11.6,.498,2.1,5.5,.377,3.7,6.1,.606,.587,1.5,2.0,.767,1.0,3.3,4.3,2.3,1.3,0.7,1.6,2.3,15.2,anunoog01
13,OG Anunoby,SF,26,TOR,27,27,33.3,5.8,11.9,.489,2.3,6.0,.374,3.6,5.9,.608,.584,1.2,1.7,.717,0.9,3.0,3.9,2.7,1.0,0.5,1.6,2.3,15.1,anunoog01
13,OG Anunoby,SF,26,NYK,16,16,35.3,5.8,11.2,.514,1.8,4.6,.384,4.0,6.6,.604,.592,2.1,2.5,.825,1.1,3.8,4.9,1.6,1.8,0.9,1.5,2.4,15.3,anunoog01
14,Ryan Arcidiacono,PG,29,NYK,20,0,2.3,0.0,0.3,.000,0.0,0.3,.000,0.0,0.0,,.000,0.0,0.0,,0.0,0.4,0.4,0.2,0.1,0.0,0.1,0.3,0.0,arcidry01
15,Deni Avdija,SF,23,WAS,63,63,29.0,5.2,10.2,.512,1.1,2.9,.388,4.1,7.3,.561,.567,2.4,3.3,.738,1.2,5.7,6.9,3.7,0.8,0.4,2.0,2.5,14.0,avdijde01
16,Deandre Ayton,C,25,POR,44,44,32.2,7.2,12.5,.576,0.0,0.0,.500,7.2,12.5,.577,.577,1.2,1.4,.841,3.2,7.9,11.1,1.6,1.0,0.8,1.8,2.1,15.6,aytonde01
17,Udoka Azubuike,C,24,PHO,14,0,7.6,1.1,1.6,.727,0.0,0.0,,1.1,1.6,.727,.727,0.2,0.8,.273,0.8,1.5,2.3,0.2,0.1,0.4,0.3,1.2,2.5,azubuud01
18,Ibou Badji,C,21,POR,18,1,11.3,0.7,1.1,.632,0.0,0.0,,0.7,1.1,.632,.632,0.3,0.6,.500,1.1,1.6,2.7,0.7,0.1,1.1,0.8,2.3,1.6,badjiib01
19,Marvin Bagley III,C,24,TOT,44,22,21.2,4.7,8.2,.575,0.1,0.4,.294,4.6,7.8,.589,.582,2.0,2.7,.748,2.7,3.5,6.2,1.2,0.4,0.6,1.2,1.8,11.5,baglema01
19,Marvin Bagley III,C,24,DET,26,10,18.4,4.1,7.0,.591,0.0,0.2,.167,4.1,6.7,.606,.594,1.9,2.3,.820,1.8,2.8,4.5,1.0,0.2,0.5,1.1,1.5,10.2,baglema01
19,Marvin Bagley III,C,24,WAS,18,12,25.2,5.6,9.9,.559,0.2,0.6,.364,5.3,9.3,.571,.570,2.2,3.2,.672,4.1,4.5,8.6,1.5,0.7,0.8,1.3,2.1,13.5,baglema01
20,Amari Bailey,PG,19,CHO,4,0,4.0,0.5,1.8,.286,0.0,0.8,.000,0.5,1.0,.500,.286,0.3,0.5,.500,0.5,0.0,0.5,0.3,0.0,0.0,0.3,0.0,1.3,baileam01
21,Patrick Baldwin Jr.,SF,21,WAS,23,0,8.1,0.9,2.5,.362,0.5,1.4,.364,0.4,1.1,.360,.466,0.4,0.6,.692,0.4,2.0,2.4,0.4,0.2,0.2,0.3,1.0,2.7,baldwpa01
22,LaMelo Ball,PG,22,CHO,22,22,32.3,8.3,19.2,.433,3.2,9.0,.355,5.1,10.3,.500,.515,4.1,4.7,.865,1.3,3.8,5.1,8.0,1.8,0.2,3.8,3.6,23.9,ballla01
23,Mo Bamba,C,25,PHI,44,7,11.8,1.5,3.2,.479,0.4,0.9,.410,1.2,2.3,.505,.535,0.5,0.8,.636,1.3,2.4,3.8,0.7,0.3,0.9,0.7,1.6,3.9,bambamo01
24,Paolo Banchero,PF,21,ORL,65,65,34.9,8.1,17.5,.461,1.5,4.1,.362,6.6,13.4,.491,.503,5.1,7.1,.714,1.1,5.7,6.8,5.3,1.0,0.6,3.1,2.0,22.7,banchpa01
25,Desmond Bane,SG,25,MEM,37,37,34.5,8.9,18.8,.474,3.3,8.6,.384,5.6,10.2,.551,.563,3.3,3.8,.864,0.9,3.6,4.6,5.3,1.0,0.5,2.7,2.9,24.4,banede01
26,Dalano Banton,PG,24,TOT,39,7,13.6,2.4,5.8,.405,0.7,2.1,.325,1.7,3.7,.451,.465,1.3,1.7,.731,0.7,1.8,2.5,1.5,0.4,0.2,0.9,1.1,6.7,bantoda01
26,Dalano Banton,PG,24,BOS,24,1,7.1,0.8,2.1,.373,0.1,0.7,.125,0.7,1.5,.486,.392,0.7,0.8,.800,0.5,1.0,1.5,0.8,0.2,0.1,0.4,0.8,2.3,bantoda01
26,Dalano Banton,PG,24,POR,15,6,24.1,4.9,11.7,.415,1.7,4.5,.373,3.2,7.3,.440,.486,2.2,3.1,.702,1.1,3.1,4.2,2.6,0.7,0.4,1.6,1.6,13.6,bantoda01
27,Dominick Barlow,PF,20,SAS,29,1,12.9,1.8,3.6,.510,0.1,0.3,.333,1.7,3.3,.526,.524,0.9,1.4,.675,1.4,2.1,3.6,1.1,0.4,0.5,0.2,1.6,4.7,barlodo01
28,Harrison Barnes,PF,31,SAC,65,65,29.3,4.3,8.8,.489,1.9,4.8,.406,2.4,4.0,.588,.600,1.8,2.2,.806,0.8,2.1,2.8,1.1,0.7,0.2,0.7,1.3,12.3,barneha02
29,Scottie Barnes,SG,22,TOR,60,60,34.9,7.5,15.7,.475,1.7,4.9,.341,5.8,10.8,.536,.528,3.3,4.2,.781,2.4,5.9,8.2,6.1,1.3,1.5,2.8,2.0,19.9,barnesc01
30,RJ Barrett,SG,23,TOT,53,53,31.6,7.3,14.9,.489,1.6,4.4,.369,5.6,10.5,.539,.543,3.4,4.8,.709,0.9,4.4,5.3,3.2,0.5,0.4,2.0,2.2,19.5,barrerj01
30,RJ Barrett,SG,23,NYK,26,26,29.5,6.3,14.9,.423,1.7,5.0,.331,4.7,9.9,.469,.478,4.0,4.8,.831,0.7,3.5,4.3,2.4,0.5,0.3,1.8,1.7,18.2,barrerj01
30,RJ Barrett,SG,23,TOR,27,27,33.7,8.2,14.8,.553,1.6,3.8,.417,6.6,11.0,.599,.606,2.9,4.8,.592,1.0,5.2,6.2,4.0,0.6,0.4,2.2,2.6,20.8,barrerj01
31,Charles Bassey,C,23,SAS,19,0,10.8,1.5,2.1,.725,0.0,0.1,.000,1.5,2.1,.744,.725,0.3,0.3,.833,1.2,2.8,4.0,1.1,0.4,0.9,0.8,1.6,3.3,bassech01
32,Emoni Bates,SF,20,CLE,11,0,8.0,0.8,2.9,.281,0.5,2.2,.250,0.3,0.7,.375,.375,0.1,0.4,.250,0.1,0.9,1.0,0.5,0.1,0.2,0.2,0.5,2.3,batesem01
33,Keita Bates-Diop,SF,28,TOT,50,8,13.1,1.4,3.3,.434,0.4,1.4,.304,1.0,1.9,.526,.497,0.6,0.8,.750,0.6,1.5,2.2,0.7,0.5,0.4,0.3,0.7,3.9,bateske01
33,Keita Bates-Diop,SF,28,PHO,39,8,15.3,1.6,3.8,.427,0.5,1.6,.313,1.1,2.2,.512,.493,0.7,0.9,.722,0.8,1.8,2.6,0.9,0.6,0.5,0.3,0.8,4.5,bateske01
33,Keita Bates-Diop,SF,28,BRK,11,0,5.2,0.7,1.5,.500,0.1,0.5,.200,0.6,1.0,.636,.531,0.4,0.4,1.000,0.1,0.5,0.6,0.3,0.2,0.2,0.2,0.1,1.9,bateske01
34,Nicolas Batum,PF,35,TOT,45,30,24.3,1.9,4.0,.462,1.2,2.9,.400,0.7,1.2,.615,.604,0.3,0.4,.737,1.2,2.7,3.9,2.1,0.7,0.7,0.6,1.9,5.2,batumni01
34,Nicolas Batum,PF,35,LAC,3,0,18.0,1.0,2.7,.375,0.7,2.3,.286,0.3,0.3,1.000,.500,0.0,0.0,,0.0,2.3,2.3,1.7,1.0,1.3,0.3,1.7,2.7,batumni01
34,Nicolas Batum,PF,35,PHI,42,30,24.8,1.9,4.1,.466,1.2,2.9,.407,0.7,1.2,.608,.609,0.3,0.5,.737,1.3,2.7,4.0,2.2,0.7,0.6,0.6,2.0,5.4,batumni01
35,Darius Bazley,PF,23,PHI,3,0,3.3,0.0,0.3,.000,0.0,0.0,,0.0,0.3,.000,.000,0.0,0.0,,0.0,0.3,0.3,0.7,0.0,0.0,0.3,0.0,0.0,bazleda01
36,Bradley Beal,SG,30,PHO,38,38,32.8,7.3,14.6,.501,1.7,4.4,.379,5.6,10.1,.555,.559,2.3,2.9,.793,0.9,3.2,4.1,4.7,1.0,0.3,2.4,2.6,18.6,bealbr01
37,Malik Beasley,SG,27,MIL,64,64,29.7,4.1,9.0,.456,2.9,6.7,.432,1.2,2.3,.527,.617,0.3,0.4,.643,0.6,3.2,3.8,1.4,0.8,0.1,0.7,2.0,11.4,beaslma01
38,MarJon Beauchamp,SF,23,MIL,45,1,13.1,1.6,3.4,.477,0.6,1.6,.394,1.0,1.9,.548,.568,0.4,0.6,.679,0.5,1.6,2.1,0.7,0.3,0.1,0.6,1.2,4.3,beaucma01
39,Jules Bernard,SG,24,WAS,9,0,4.3,0.8,1.9,.412,0.3,1.2,.273,0.4,0.7,.667,.500,0.1,0.3,.333,0.3,0.3,0.7,0.6,0.1,0.1,0.2,0.7,2.0,bernaju01
40,Dāvis Bertāns,PF,31,TOT,29,0,12.7,1.7,4.6,.373,1.6,4.1,.381,0.2,0.6,.313,.541,0.7,0.8,.864,0.2,1.1,1.4,0.9,0.5,0.2,0.2,1.0,5.7,bertada01
40,Dāvis Bertāns,PF,31,OKC,15,0,6.1,0.7,1.7,.385,0.7,1.6,.417,0.0,0.1,.000,.577,0.9,1.0,.933,0.1,0.5,0.7,0.6,0.2,0.2,0.1,0.7,2.9,bertada01
40,Dāvis Bertāns,PF,31,CHO,14,0,19.8,2.9,7.7,.370,2.5,6.7,.372,0.4,1.0,.357,.532,0.4,0.5,.714,0.4,1.8,2.1,1.1,0.8,0.2,0.4,1.4,8.6,bertada01
41,Patrick Beverley,PG,35,TOT,62,7,19.4,2.1,5.1,.416,0.8,2.4,.333,1.3,2.7,.491,.495,1.0,1.2,.803,0.6,2.5,3.1,2.8,0.6,0.4,1.0,1.8,6.0,beverpa01
41,Patrick Beverley,PG,35,PHI,47,5,19.6,2.2,5.1,.432,0.7,2.3,.321,1.5,2.8,.523,.504,1.1,1.3,.810,0.6,2.4,3.1,3.1,0.5,0.4,1.0,1.8,6.3,beverpa01
41,Patrick Beverley,PG,35,MIL,15,2,19.1,1.9,5.1,.368,1.0,2.7,.366,0.9,2.3,.371,.467,0.7,0.9,.769,0.7,2.5,3.1,2.1,0.9,0.5,0.7,2.0,5.4,beverpa01
42,Saddiq Bey,SF,24,ATL,63,51,32.7,4.6,11.1,.416,1.8,5.7,.316,2.8,5.4,.522,.497,2.7,3.2,.837,2.7,3.9,6.5,1.5,0.8,0.2,0.9,1.4,13.7,beysa01
43,Goga Bitadze,C,24,ORL,53,33,17.1,2.2,3.7,.608,0.0,0.2,.167,2.2,3.4,.637,.613,1.0,1.5,.658,1.9,3.2,5.1,1.4,0.6,1.3,0.8,1.9,5.5,bitadgo01
44,Onuralp Bitim,SG,24,CHI,11,0,13.7,1.7,3.9,.442,0.8,2.3,.360,0.9,1.6,.556,.547,0.3,0.4,.750,0.5,1.2,1.6,0.6,0.2,0.1,0.5,0.9,4.5,bitimon01
45,Bismack Biyombo,C,31,TOT,35,27,21.4,1.9,3.5,.553,0.0,0.0,,1.9,3.5,.553,.553,0.7,1.4,.500,1.7,3.9,5.6,1.5,0.3,1.0,1.1,2.5,4.6,biyombi01
45,Bismack Biyombo,C,31,MEM,30,27,23.9,2.2,4.0,.563,0.0,0.0,,2.2,4.0,.563,.563,0.7,1.5,.478,1.9,4.5,6.4,1.7,0.3,1.1,1.3,2.7,5.2,biyombi01
45,Bismack Biyombo,C,31,OKC,5,0,6.4,0.2,0.8,.250,0.0,0.0,,0.2,0.8,.250,.250,0.4,0.4,1.000,0.6,0.6,1.2,0.4,0.0,0.2,0.4,1.2,0.8,biyombi01
46,Anthony Black,PG,20,ORL,60,33,18.2,1.8,3.8,.459,0.6,1.5,.391,1.2,2.4,.500,.533,0.8,1.3,.640,0.5,1.7,2.3,1.5,0.6,0.3,0.9,1.8,4.9,blackan01
47,Leaky Black,SF,24,CHO,22,3,9.9,0.8,1.8,.436,0.3,0.7,.467,0.5,1.1,.417,.526,0.4,0.6,.643,0.4,1.4,1.7,0.8,0.2,0.3,0.2,0.7,2.3,blackle01
48,Bogdan Bogdanović,SG,31,ATL,63,17,29.7,5.9,14.0,.423,3.1,8.3,.370,2.8,5.6,.501,.534,1.7,1.9,.916,0.6,2.7,3.3,3.0,1.3,0.3,1.3,2.3,16.6,bogdabo01
49,Bojan Bogdanović,PF-SF,34,TOT,41,27,29.7,6.1,13.5,.452,2.7,6.8,.401,3.4,6.8,.504,.552,2.6,3.2,.789,0.4,2.6,3.0,2.0,0.7,0.1,2.0,2.0,17.5,bogdabo02
49,Bojan Bogdanović,PF,34,DET,28,27,32.9,7.1,15.2,.468,3.1,7.4,.415,4.0,7.8,.518,.569,2.9,3.7,.779,0.5,2.9,3.4,2.5,0.8,0.1,2.3,2.0,20.2,bogdabo02
49,Bojan Bogdanović,SF,34,NYK,13,0,22.7,4.0,10.0,.400,1.9,5.4,.357,2.1,4.6,.450,.496,1.8,2.2,.828,0.4,2.0,2.4,1.0,0.4,0.1,1.5,2.0,11.8,bogdabo02
50,Bol Bol,PF,24,PHO,29,0,11.2,2.4,4.0,.609,0.4,1.2,.343,2.0,2.8,.725,.661,0.3,0.4,.727,1.0,2.5,3.5,0.4,0.2,0.6,0.4,1.1,5.5,bolbo01
51,Marques Bolden,C,25,TOT,4,0,4.0,0.0,0.3,.000,0.0,0.0,,0.0,0.3,.000,.000,0.0,0.0,,0.0,0.8,0.8,0.0,0.0,0.0,0.3,0.5,0.0,boldema01
51,Marques Bolden,C,25,MIL,2,0,1.5,0.0,0.0,,0.0,0.0,,0.0,0.0,,,0.0,0.0,,0.0,1.0,1.0,0.0,0.0,0.0,0.0,0.5,0.0,boldema01
51,Marques Bolden,C,25,CHO,2,0,6.5,0.0,0.5,.000,0.0,0.0,,0.0,0.5,.000,.000,0.0,0.0,,0.0,0.5,0.5,0.0,0.0,0.0,0.5,0.5,0.0,boldema01
52,Devin Booker,PG,27,PHO,53,53,35.8,9.5,19.5,.491,2.1,5.9,.363,7.4,13.6,.546,.546,6.1,6.9,.885,0.7,3.8,4.6,6.9,0.9,0.4,2.5,3.0,27.3,bookede01
53,Brandon Boston Jr.,SF,22,LAC,22,0,7.5,1.5,3.6,.405,0.3,1.1,.280,1.1,2.5,.463,.449,0.6,0.8,.722,0.5,0.5,1.0,0.3,0.1,0.2,0.3,1.0,3.8,bostobr01
54,Chris Boucher,PF,31,TOR,50,0,14.1,2.2,4.3,.507,0.6,1.9,.330,1.6,2.5,.642,.578,1.4,1.8,.772,1.2,2.9,4.1,0.5,0.3,0.5,0.6,1.4,6.4,bouchch01
55,James Bouknight,SG,23,CHO,14,0,5.8,1.3,2.9,.439,0.9,2.1,.433,0.4,0.8,.455,.598,0.1,0.1,.500,0.1,0.6,0.6,0.4,0.1,0.1,0.1,0.2,3.6,bouknja01
56,Jamaree Bouyea,PG,24,POR,6,0,9.5,0.8,3.5,.238,0.0,1.3,.000,0.8,2.2,.385,.238,0.0,0.0,,0.3,1.3,1.7,1.3,0.0,0.0,1.3,0.5,1.7,bouyeja01
57,Malaki Branham,PG,20,SAS,62,23,20.6,3.5,8.1,.430,1.1,3.3,.340,2.3,4.7,.493,.500,0.7,0.8,.938,0.4,1.6,1.9,2.2,0.4,0.1,1.2,1.2,8.8,branhma01
58,Christian Braun,SG,22,DEN,67,1,19.2,2.6,5.6,.456,0.7,1.9,.371,1.9,3.7,.498,.517,1.2,1.7,.703,0.8,2.7,3.6,1.4,0.5,0.4,0.7,1.7,7.0,braunch01
59,Mikal Bridges,SF,27,BRK,66,66,35.3,7.3,16.6,.443,2.6,7.0,.363,4.8,9.5,.502,.520,3.6,4.5,.814,0.8,3.9,4.7,3.7,1.0,0.4,2.1,1.5,20.9,bridgmi01
60,Miles Bridges,SF,25,CHO,56,54,37.6,8.3,18.0,.459,2.4,6.6,.357,5.9,11.4,.519,.525,2.6,3.1,.827,1.0,6.6,7.6,3.3,1.0,0.5,2.0,1.8,21.4,bridgmi02
61,Oshae Brissett,SF,25,BOS,43,0,10.8,1.2,2.6,.460,0.3,1.0,.273,0.9,1.6,.580,.513,0.9,1.4,.627,1.0,1.8,2.8,0.8,0.4,0.1,0.3,1.0,3.6,brissos01
62,Izaiah Brockington,PG,24,NOP,1,0,3.0,2.0,5.0,.400,0.0,1.0,.000,2.0,4.0,.500,.400,0.0,0.0,,1.0,1.0,2.0,0.0,0.0,0.0,0.0,0.0,4.0,brockiz01
63,Malcolm Brogdon,PG,31,POR,39,25,28.7,5.6,12.7,.440,2.1,5.1,.412,3.5,7.6,.458,.522,2.4,3.0,.819,0.7,3.1,3.8,5.5,0.7,0.2,1.5,1.5,15.7,brogdma01
64,Armoni Brooks,PG,25,BRK,10,0,10.4,1.5,4.6,.326,1.1,3.2,.344,0.4,1.4,.286,.446,0.1,0.2,.500,0.7,1.1,1.8,0.5,0.1,0.1,0.3,0.3,4.2,brookar01
65,Dillon Brooks,SF,28,HOU,57,57,31.3,4.6,10.6,.437,1.9,5.0,.375,2.8,5.6,.492,.526,1.8,2.1,.835,0.8,2.8,3.5,1.7,0.9,0.1,1.3,3.3,12.9,brookdi01
66,Bruce Brown,SG-PG,27,TOT,55,40,28.4,4.2,8.9,.467,0.8,2.6,.313,3.4,6.3,.532,.513,1.8,2.1,.860,0.8,3.7,4.5,2.8,0.9,0.3,1.1,2.3,11.0,brownbr01
66,Bruce Brown,SG,27,IND,33,33,29.7,4.5,9.5,.475,1.0,3.1,.327,3.5,6.5,.545,.527,2.0,2.5,.817,0.8,3.9,4.7,3.0,1.1,0.2,1.2,2.5,12.1,brownbr01
66,Bruce Brown,PG,27,TOR,22,7,26.5,3.7,8.1,.455,0.5,2.0,.279,3.1,6.1,.511,.489,1.4,1.5,.969,0.9,3.5,4.3,2.5,0.7,0.4,1.0,2.0,9.3,brownbr01
67,Charlie Brown Jr.,SG,26,NYK,8,0,4.6,0.3,1.3,.200,0.3,0.9,.286,0.0,0.4,.000,.300,0.0,0.0,,0.1,0.1,0.3,0.0,0.0,0.3,0.3,0.6,0.8,brownch02
68,Greg Brown III,PF,22,DAL,6,0,6.7,0.8,1.8,.455,0.2,0.5,.333,0.7,1.3,.500,.500,0.7,1.5,.444,0.5,1.0,1.5,0.7,0.0,0.7,0.7,0.8,2.5,browngr01
69,Jaylen Brown,SF,27,BOS,60,60,33.4,9.0,17.9,.502,2.1,5.9,.354,6.9,12.1,.574,.560,3.1,4.3,.704,1.2,4.4,5.6,3.7,1.1,0.5,2.3,2.7,23.1,brownja02
70,Kendall Brown,SG,20,IND,8,0,3.5,0.4,0.8,.500,0.0,0.1,.000,0.4,0.6,.600,.500,0.5,0.8,.667,0.3,0.0,0.3,0.3,0.0,0.0,0.0,0.5,1.3,brownke03
71,Kobe Brown,PF,24,LAC,35,0,8.3,0.7,1.8,.381,0.3,1.1,.308,0.3,0.7,.500,.476,0.0,0.1,.500,0.3,1.0,1.3,0.5,0.2,0.1,0.2,1.2,1.7,brownko01
72,Moses Brown,C,24,POR,14,4,8.3,1.1,2.4,.471,0.0,0.0,,1.1,2.4,.471,.471,0.1,0.5,.143,1.6,2.4,3.9,0.3,0.1,0.3,0.4,1.1,2.4,brownmo01
73,Troy Brown Jr.,SF,24,TOT,44,3,11.3,1.4,3.3,.427,0.8,2.3,.364,0.6,1.0,.568,.552,0.5,0.5,.875,0.4,1.6,2.0,1.0,0.2,0.0,0.5,0.7,4.1,browntr01
73,Troy Brown Jr.,SF,24,MIN,37,3,11.1,1.4,3.2,.441,0.8,2.3,.369,0.6,0.9,.618,.572,0.5,0.6,.864,0.4,1.6,1.9,0.9,0.2,0.1,0.5,0.7,4.2,browntr01
73,Troy Brown Jr.,SF,24,DET,7,0,12.1,1.3,3.6,.360,0.7,2.1,.333,0.6,1.4,.400,.460,0.3,0.3,1.000,0.3,2.0,2.3,1.0,0.1,0.0,0.4,0.7,3.6,browntr01
74,Jalen Brunson,PG,27,NYK,61,61,35.2,9.6,20.3,.475,2.6,6.6,.400,7.0,13.7,.512,.540,5.3,6.3,.844,0.6,3.0,3.6,6.5,0.9,0.2,2.5,1.9,27.2,brunsja01
75,Thomas Bryant,C,26,MIA,29,3,10.6,1.8,3.2,.570,0.0,0.3,.000,1.8,2.9,.631,.570,0.8,0.9,.815,1.0,2.1,3.1,0.6,0.2,0.3,0.5,1.0,4.4,bryanth01
76,Kobe Bufkin,SG,20,ATL,9,0,9.9,1.4,4.1,.351,0.6,1.9,.294,0.9,2.2,.400,.419,0.2,0.4,.500,0.2,1.3,1.6,1.7,0.3,0.1,0.6,0.7,3.7,bufkiko01
77,Reggie Bullock,SF,32,HOU,28,0,9.0,0.8,2.0,.411,0.6,1.6,.386,0.2,0.4,.500,.563,0.0,0.0,1.000,0.1,1.3,1.4,0.4,0.3,0.1,0.2,0.5,2.3,bullore01
78,Alec Burks,SG,32,TOT,57,1,19.3,3.4,9.1,.376,2.0,5.3,.378,1.4,3.8,.374,.487,2.4,2.7,.876,0.4,1.9,2.3,1.4,0.4,0.2,0.8,1.3,11.2,burksal01
78,Alec Burks,SG,32,DET,43,0,21.0,3.7,9.4,.394,2.3,5.7,.401,1.4,3.7,.384,.516,2.8,3.1,.903,0.4,2.2,2.6,1.6,0.5,0.3,0.7,1.5,12.6,burksal01
78,Alec Burks,SG,32,NYK,14,1,14.2,2.5,8.0,.313,1.1,4.1,.281,1.4,3.9,.345,.384,0.9,1.4,.684,0.4,1.1,1.6,0.7,0.1,0.1,0.8,0.6,7.1,burksal01
79,Jared Butler,SG,23,WAS,24,0,8.4,1.6,3.0,.521,0.4,1.3,.333,1.2,1.8,.651,.589,0.6,0.7,.824,0.1,0.7,0.8,2.0,0.4,0.1,0.7,0.9,4.2,butleja02
80,Jimmy Butler,PF,34,MIA,47,47,34.1,6.9,13.7,.500,1.0,2.3,.422,5.9,11.4,.516,.536,6.7,7.9,.852,1.9,3.5,5.5,4.8,1.4,0.4,1.7,1.2,21.4,butleji01
81,Jamal Cain,PF,24,MIA,17,1,13.3,1.7,4.1,.420,0.5,1.5,.308,1.2,2.5,.488,.478,1.1,1.4,.783,0.8,1.1,1.9,0.2,0.6,0.2,0.3,1.0,4.9,cainja01
82,Kentavious Caldwell-Pope,SG,30,DEN,61,61,31.6,3.5,7.8,.446,1.5,3.9,.390,2.0,3.9,.502,.543,1.5,1.7,.921,0.4,1.9,2.3,2.4,1.4,0.5,1.0,1.9,10.0,caldwke01
83,Toumani Camara,PF,23,POR,63,42,24.4,2.7,6.1,.439,0.8,2.4,.325,1.9,3.7,.513,.503,1.1,1.5,.745,2.0,3.0,4.9,1.2,1.0,0.4,1.2,2.5,7.3,camarto01
84,Clint Capela,C,29,ATL,58,58,25.4,4.7,8.4,.563,0.0,0.0,,4.7,8.4,.563,.563,1.8,2.8,.650,4.7,5.8,10.5,1.1,0.5,1.5,0.9,2.4,11.2,capelca01
85,Jevon Carter,PG,28,CHI,63,0,13.7,1.9,5.0,.385,1.1,3.1,.340,0.9,1.9,.462,.492,0.1,0.1,.571,0.1,0.7,0.8,1.2,0.5,0.2,0.5,1.0,5.0,carteje01
86,Wendell Carter Jr.,C,24,ORL,40,34,26.3,4.3,8.0,.538,1.2,3.0,.400,3.1,5.0,.621,.613,2.0,2.8,.718,2.1,4.9,7.0,1.7,0.5,0.6,1.3,2.4,11.7,cartewe01
87,D.J. Carton,SG,23,TOR,4,0,9.0,0.8,2.0,.375,0.3,1.0,.250,0.5,1.0,.500,.438,1.0,1.3,.800,0.5,0.5,1.0,0.8,0.3,0.0,0.3,0.8,2.8,cartodj01
88,Alex Caruso,SG,29,CHI,58,45,27.7,3.5,7.5,.465,1.8,4.6,.392,1.7,2.9,.580,.585,1.1,1.4,.756,0.9,2.9,3.8,3.1,1.6,1.1,1.3,2.5,9.8,carusal01
89,Colin Castleton,C,23,LAL,7,0,5.1,1.0,1.4,.700,0.0,0.0,,1.0,1.4,.700,.700,0.6,0.6,1.000,0.6,0.7,1.3,0.4,0.0,0.0,0.1,1.0,2.6,castlco01
90,Malcolm Cazalon,SG,22,DET,1,0,3.0,0.0,0.0,,0.0,0.0,,0.0,0.0,,,0.0,0.0,,0.0,0.0,0.0,0.0,0.0,0.0,0.0,0.0,0.0,cazalma01
91,Julian Champagnie,SF,22,SAS,59,44,17.7,1.9,4.9,.398,1.3,3.5,.375,0.6,1.4,.457,.533,0.9,1.1,.823,0.6,2.0,2.6,1.3,0.6,0.5,0.6,1.0,6.1,champju02
92,Justin Champagnie,SF,22,WAS,4,0,4.8,1.3,2.8,.455,0.3,1.5,.167,1.0,1.3,.800,.500,0.0,0.0,,0.0,0.3,0.3,0.3,0.3,0.5,0.3,0.3,2.8,champju01
93,Max Christie,SG,20,LAL,53,7,15.7,1.7,3.8,.431,0.7,1.9,.356,1.0,1.9,.505,.520,0.6,0.8,.786,0.2,2.1,2.3,1.0,0.3,0.3,0.6,1.0,4.6,chrisma02
94,Sidy Cissoko,SF,19,SAS,6,0,5.3,0.2,1.0,.167,0.0,0.7,.000,0.2,0.3,.500,.167,0.7,0.7,1.000,0.0,1.0,1.0,0.0,0.5,0.0,0.2,0.3,1.0,cissosi01
95,Jordan Clarkson,SG,31,UTA,54,19,30.5,6.2,15.0,.417,1.7,5.7,.296,4.6,9.3,.490,.473,3.2,3.6,.883,0.9,2.5,3.4,5.0,0.6,0.1,2.6,1.5,17.4,clarkjo01
96,Nic Claxton,C,24,BRK,56,56,29.6,5.3,8.4,.628,0.0,0.1,.250,5.3,8.4,.631,.629,1.6,2.7,.593,2.6,7.1,9.8,2.1,0.6,2.1,1.2,2.5,12.2,claxtni01
97,Noah Clowney,PF,19,BRK,9,0,9.1,1.2,2.0,.611,0.1,0.4,.250,1.1,1.6,.714,.639,0.7,0.7,1.000,0.7,1.0,1.7,0.9,0.2,0.1,0.3,0.7,3.2,clownno01
98,Amir Coffey,SF,26,LAC,54,10,19.0,2.2,4.3,.513,0.9,2.2,.420,1.3,2.1,.609,.620,0.9,1.0,.885,0.4,1.5,1.9,1.0,0.5,0.1,0.4,1.4,6.2,coffeam01
99,John Collins,PF,26,UTA,62,60,28.3,5.7,10.9,.527,1.2,3.4,.347,4.5,7.5,.609,.581,1.9,2.5,.779,2.3,6.2,8.5,1.2,0.5,1.0,1.5,2.8,14.6,collijo01
100,Zach Collins,C,26,SAS,55,26,22.9,4.4,9.1,.483,0.9,2.8,.309,3.5,6.3,.559,.530,1.7,2.3,.740,1.7,3.6,5.3,2.9,0.5,0.7,2.0,3.1,11.3,colliza01
101,Mike Conley,PG,36,MIN,61,61,28.9,3.6,8.1,.445,2.2,5.1,.430,1.4,3.0,.470,.580,1.2,1.3,.914,0.5,2.5,3.0,6.1,1.0,0.2,1.2,1.6,10.7,conlemi01
102,Pat Connaughton,SF,31,MIL,61,2,21.8,2.0,4.4,.457,1.2,3.1,.378,0.8,1.3,.646,.590,0.5,0.7,.750,0.6,2.6,3.2,1.9,0.5,0.2,0.6,1.2,5.7,connapa01
103,Bilal Coulibaly,SF,19,WAS,62,14,27.2,3.0,6.8,.433,1.0,2.9,.346,1.9,3.9,.498,.507,1.4,2.0,.715,0.9,3.1,4.0,1.7,0.9,0.8,1.4,2.2,8.3,coulibi01
104,Ricky Council IV,SG,22,PHI,22,0,9.2,1.8,3.9,.459,0.2,0.9,.200,1.6,3.0,.538,.482,2.0,2.7,.733,0.5,1.2,1.8,0.3,0.1,0.0,0.2,0.5,5.7,councri01
105,Robert Covington,SF-PF,33,TOT,29,6,16.8,1.5,3.4,.439,0.7,1.9,.339,0.8,1.4,.571,.536,0.8,0.9,.846,1.1,2.3,3.3,0.8,1.3,0.6,0.4,1.9,4.4,covinro01
105,Robert Covington,PF,33,LAC,3,3,23.0,1.0,3.0,.333,0.7,2.7,.250,0.3,0.3,1.000,.444,0.3,0.7,.500,0.7,2.0,2.7,2.3,2.0,0.7,0.0,2.3,3.0,covinro01
105,Robert Covington,SF,33,PHI,26,3,16.1,1.5,3.4,.449,0.7,1.8,.354,0.9,1.6,.561,.545,0.8,0.9,.875,1.1,2.3,3.4,0.7,1.3,0.6,0.4,1.9,4.5,covinro01
106,Torrey Craig,SF,33,CHI,38,9,20.7,2.1,4.9,.426,1.2,3.1,.385,0.9,1.9,.493,.545,0.6,0.8,.742,1.6,3.0,4.5,1.1,0.6,0.4,0.6,2.2,6.0,craigto01
107,Jae Crowder,PF,33,MIL,36,20,23.8,2.2,5.3,.421,1.2,3.3,.353,1.1,2.0,.535,.532,0.5,0.7,.692,0.6,2.9,3.4,1.4,0.8,0.2,0.4,1.7,6.1,crowdja01
108,Jalen Crutcher,PG,24,NOP,1,0,3.0,0.0,1.0,.000,0.0,0.0,,0.0,1.0,.000,.000,0.0,0.0,,0.0,0.0,0.0,0.0,0.0,0.0,0.0,0.0,0.0,crutcja01
109,Cade Cunningham,PG,22,DET,56,56,33.7,8.3,18.4,.450,1.9,5.5,.356,6.3,12.9,.490,.503,3.8,4.4,.865,0.5,3.7,4.3,7.5,0.8,0.4,3.5,2.5,22.3,cunnica01
110,Seth Curry,SG,33,TOT,44,4,14.0,1.8,4.6,.392,0.9,2.5,.352,1.0,2.2,.438,.485,0.6,0.7,.903,0.4,1.1,1.5,1.0,0.5,0.1,0.5,0.9,5.1,curryse01
110,Seth Curry,SG,33,DAL,36,3,12.7,1.5,4.0,.372,0.8,2.2,.363,0.7,1.8,.385,.472,0.5,0.5,.895,0.4,1.0,1.4,0.8,0.5,0.1,0.4,0.9,4.3,curryse01
110,Seth Curry,SG,33,CHO,8,1,19.9,3.3,7.4,.441,1.1,3.5,.321,2.1,3.9,.548,.517,1.4,1.5,.917,0.4,1.6,2.0,1.8,0.6,0.4,0.6,0.9,9.0,curryse01
111,Stephen Curry,PG,35,GSW,59,59,32.8,8.9,19.7,.449,4.9,12.1,.407,3.9,7.6,.517,.574,4.3,4.7,.920,0.5,3.8,4.4,4.9,0.8,0.4,3.0,1.7,26.9,curryst01
112,Dyson Daniels,PG,20,NOP,52,15,21.9,2.2,4.9,.438,0.6,2.1,.291,1.5,2.8,.548,.500,0.6,1.0,.640,1.0,2.7,3.7,2.6,1.4,0.4,1.0,1.6,5.5,daniedy01
113,Anthony Davis,C,30,LAL,63,63,35.9,9.4,17.0,.552,0.3,1.2,.263,9.1,15.8,.574,.561,5.6,6.9,.813,3.1,9.3,12.4,3.6,1.2,2.4,2.0,2.4,24.7,davisan02
114,Johnny Davis,SG,21,WAS,35,0,9.6,0.9,2.7,.340,0.1,0.6,.250,0.8,2.1,.365,.367,0.2,0.4,.538,0.4,0.9,1.3,0.4,0.3,0.1,0.2,0.9,2.2,davisjo06
115,JD Davison,SG,21,BOS,5,0,1.8,0.2,0.4,.500,0.2,0.4,.500,0.0,0.0,,.750,0.4,0.4,1.000,0.2,0.4,0.6,0.0,0.0,0.0,0.0,0.2,1.0,davisjd01
116,Dexter Dennis,SG,24,DAL,4,0,7.5,2.5,4.8,.526,0.3,2.0,.125,2.3,2.8,.818,.553,0.3,0.8,.333,0.3,2.0,2.3,1.0,0.0,0.3,0.8,0.3,5.5,dennide01
117,DeMar DeRozan,SF,34,CHI,65,65,37.7,7.9,16.7,.474,1.0,2.9,.337,6.9,13.7,.503,.503,6.6,7.6,.864,0.6,3.7,4.3,5.3,1.0,0.6,1.5,2.1,23.3,derozde01
118,Moussa Diabaté,C,22,LAC,11,0,5.8,0.9,1.7,.526,0.0,0.0,,0.9,1.7,.526,.526,0.8,1.3,.643,1.4,0.8,2.2,0.4,0.5,0.1,0.2,0.4,2.6,diabamo01
119,Mamadi Diakite,PF,27,SAS,3,0,5.3,1.3,1.7,.800,0.0,0.0,,1.3,1.7,.800,.800,1.3,2.0,.667,0.3,0.7,1.0,0.7,0.0,0.3,0.0,0.3,4.0,diakima01
120,Hamidou Diallo,SG,25,WAS,2,0,2.5,0.5,1.0,.500,0.0,0.0,,0.5,1.0,.500,.500,0.0,0.0,,1.0,0.0,1.0,0.5,1.0,0.0,0.5,0.5,1.0,diallha01
121,Gradey Dick,SG,20,TOR,46,5,18.2,2.5,6.0,.423,1.2,3.5,.358,1.3,2.5,.513,.527,0.6,0.6,.929,0.5,1.5,2.0,1.2,0.5,0.0,0.7,1.4,6.8,dickgr01
122,Ousmane Dieng,PF,20,OKC,30,0,11.3,1.4,3.4,.417,0.7,2.2,.303,0.8,1.2,.622,.515,0.5,0.5,.875,0.3,1.3,1.6,1.1,0.2,0.1,0.5,0.6,4.0,diengou01
123,Spencer Dinwiddie,PG,30,TOT,61,49,29.2,3.5,9.1,.385,1.6,5.1,.318,1.9,4.0,.471,.475,2.2,2.8,.778,0.4,2.4,2.8,5.3,0.7,0.2,1.2,1.8,10.9,dinwisp01
123,Spencer Dinwiddie,PG,30,BRK,48,48,30.7,4.1,10.4,.391,1.9,5.8,.320,2.2,4.6,.480,.480,2.6,3.3,.781,0.5,2.8,3.3,6.0,0.8,0.2,1.3,1.8,12.6,dinwisp01
123,Spencer Dinwiddie,PG,30,LAL,13,1,23.8,1.5,4.5,.339,0.8,2.8,.306,0.7,1.8,.391,.432,0.6,0.8,.727,0.1,1.0,1.1,2.9,0.5,0.3,0.9,1.8,4.5,dinwisp01
124,Donte DiVincenzo,SG,27,NYK,65,47,26.8,5.0,11.6,.437,3.2,8.1,.399,1.8,3.5,.524,.576,1.0,1.3,.750,0.8,2.7,3.5,2.6,1.3,0.4,1.4,2.0,14.3,divindo01
125,Luka Dončić,PG,24,DAL,58,58,37.4,11.7,23.7,.494,3.9,10.3,.378,7.8,13.3,.583,.576,7.0,8.9,.788,0.8,8.2,9.0,9.8,1.4,0.6,4.0,2.1,34.3,doncilu01
126,Luguentz Dort,SF,24,OKC,64,64,28.5,3.7,8.3,.446,2.0,5.0,.413,1.7,3.3,.495,.570,1.4,1.7,.826,1.0,2.7,3.7,1.3,0.9,0.7,0.8,3.0,10.9,dortlu01
127,Ayo Dosunmu,SG,24,CHI,65,26,27.8,4.2,8.7,.482,1.5,3.8,.389,2.8,5.0,.552,.566,1.0,1.2,.790,0.7,2.1,2.8,2.9,0.8,0.5,1.3,2.1,10.9,dosunay01
128,Jeff Dowtin,PG,26,PHI,4,0,14.3,1.5,2.8,.545,1.0,2.0,.500,0.5,0.8,.667,.727,0.0,0.0,,0.0,1.0,1.0,2.0,0.8,0.3,0.8,0.0,4.0,dowtije01
129,Henri Drell,SF,23,CHI,1,0,3.0,1.0,2.0,.500,0.0,1.0,.000,1.0,1.0,1.000,.500,0.0,0.0,,1.0,0.0,1.0,2.0,0.0,0.0,0.0,0.0,2.0,drellhe01
130,Andre Drummond,C,30,CHI,67,10,17.0,3.3,6.1,.552,0.0,0.0,.000,3.3,6.0,.556,.552,1.5,2.6,.565,3.3,5.4,8.7,0.5,0.9,0.6,1.1,1.8,8.2,drumman01
131,Chris Duarte,SF,26,SAC,45,11,13.1,1.4,3.6,.393,0.8,2.1,.368,0.6,1.5,.426,.500,0.5,0.6,.759,0.4,1.5,2.0,0.8,0.5,0.1,0.4,1.5,4.1,duartch01
132,Kris Dunn,PG,29,UTA,57,28,18.5,2.2,4.6,.481,0.6,1.6,.398,1.6,3.0,.527,.552,0.3,0.4,.680,0.7,2.1,2.8,3.9,1.1,0.4,1.2,1.9,5.4,dunnkr01
133,Kevin Durant,PF,35,PHO,60,60,37.2,10.2,19.5,.526,2.2,5.3,.420,8.0,14.2,.565,.583,5.4,6.3,.853,0.5,6.1,6.7,5.4,0.9,1.2,3.3,1.8,28.1,duranke01
134,Jalen Duren,C,20,DET,51,50,29.9,5.9,9.3,.637,0.0,0.1,.000,5.9,9.3,.641,.637,2.2,2.8,.771,3.4,8.7,12.0,2.6,0.5,0.8,2.1,3.3,14.1,durenja01
135,Tari Eason,PF,22,HOU,22,0,21.8,4.0,8.6,.466,0.8,2.3,.360,3.2,6.3,.504,.513,1.0,1.5,.636,2.1,4.9,7.0,1.2,1.4,0.9,0.9,2.3,9.8,easonta01
136,Anthony Edwards,SG,22,MIN,63,62,35.1,9.3,20.0,.463,2.5,6.7,.367,6.8,13.3,.511,.525,5.5,6.5,.837,0.6,4.7,5.3,5.0,1.3,0.6,3.1,1.9,26.4,edwaran01
137,Kessler Edwards,SF,23,SAC,41,0,4.7,0.5,1.3,.407,0.3,0.8,.364,0.2,0.5,.476,.519,0.1,0.1,.667,0.1,0.6,0.7,0.2,0.1,0.1,0.0,0.4,1.5,edwarke02
138,Keon Ellis,SG,24,SAC,40,6,12.8,1.3,3.0,.449,0.9,2.3,.389,0.5,0.7,.643,.597,0.3,0.5,.632,0.4,1.1,1.5,1.3,0.7,0.4,0.5,1.5,3.8,elliske01
139,Joel Embiid,C,29,PHI,34,34,34.0,11.8,22.2,.533,1.2,3.3,.366,10.6,18.9,.562,.560,10.5,11.9,.883,2.6,8.7,11.3,5.7,1.1,1.8,3.7,2.9,35.3,embiijo01
140,Drew Eubanks,C,26,PHO,61,4,15.7,2.1,3.4,.624,0.0,0.0,1.000,2.1,3.4,.618,.631,1.0,1.3,.763,1.4,2.9,4.3,0.8,0.4,0.8,0.9,1.5,5.3,eubandr01
141,Tosan Evbuomwan,SF,22,TOT,7,0,13.0,1.0,2.6,.389,0.4,1.3,.333,0.6,1.3,.444,.472,0.0,0.0,,1.1,1.1,2.3,0.9,0.1,0.1,0.1,0.9,2.4,evbuoto01
141,Tosan Evbuomwan,SF,22,MEM,4,0,18.5,1.0,3.8,.267,0.5,2.0,.250,0.5,1.8,.286,.333,0.0,0.0,,2.0,1.5,3.5,1.5,0.0,0.3,0.3,1.3,2.5,evbuoto01
141,Tosan Evbuomwan,SF,22,DET,3,0,5.7,1.0,1.0,1.000,0.3,0.3,1.000,0.7,0.7,1.000,1.167,0.0,0.0,,0.0,0.7,0.7,0.0,0.3,0.0,0.0,0.3,2.3,evbuoto01
142,Dante Exum,PG,28,DAL,41,15,19.2,3.1,5.7,.551,0.9,1.8,.480,2.3,3.9,.585,.628,1.1,1.5,.758,0.5,2.1,2.6,2.9,0.5,0.1,0.9,1.6,8.3,exumda01
143,Bruno Fernando,C,25,ATL,29,1,12.9,1.9,3.4,.561,0.0,0.1,.000,1.9,3.3,.579,.561,0.9,1.5,.614,1.2,2.8,4.1,0.7,0.6,0.7,0.8,1.9,4.7,fernabr01
144,Dorian Finney-Smith,PF,30,BRK,57,46,28.4,3.3,7.8,.420,1.9,5.2,.366,1.4,2.5,.531,.543,0.5,0.6,.722,1.7,3.0,4.7,1.6,0.8,0.6,0.9,2.3,8.9,finnedo01
145,Adam Flagler,SG,24,OKC,1,0,6.0,0.0,3.0,.000,0.0,3.0,.000,0.0,0.0,,.000,0.0,0.0,,0.0,0.0,0.0,1.0,0.0,0.0,0.0,0.0,0.0,flaglad01
146,Malachi Flynn,PG,25,TOT,55,0,11.1,1.4,3.5,.399,0.7,1.9,.340,0.7,1.6,.471,.492,0.5,0.7,.757,0.2,1.2,1.5,1.6,0.4,0.1,0.8,0.9,4.0,flynnma01
146,Malachi Flynn,PG,25,TOR,31,0,15.3,1.8,4.4,.409,0.9,2.6,.350,0.9,1.8,.491,.511,0.5,0.7,.773,0.4,1.7,2.1,2.4,0.6,0.2,1.1,1.4,5.1,flynnma01
146,Malachi Flynn,PG,25,NYK,14,0,4.3,0.6,1.6,.391,0.3,0.9,.308,0.4,0.7,.500,.478,0.6,0.8,.818,0.0,0.4,0.4,0.4,0.1,0.0,0.2,0.2,2.2,flynnma01
146,Malachi Flynn,PG,25,DET,10,0,7.5,1.2,3.3,.364,0.4,1.3,.308,0.8,2.0,.400,.424,0.2,0.4,.500,0.0,0.9,0.9,1.0,0.3,0.0,0.6,0.6,3.0,flynnma01
147,Simone Fontecchio,SF,28,TOT,65,42,24.8,3.8,8.2,.461,2.0,5.0,.404,1.8,3.2,.550,.584,0.8,1.0,.815,1.0,2.7,3.7,1.5,0.7,0.3,1.0,1.6,10.4,fontesi01
147,Simone Fontecchio,SF,28,UTA,50,34,23.2,3.2,7.2,.450,1.8,4.7,.391,1.4,2.5,.560,.577,0.6,0.8,.800,1.0,2.5,3.5,1.5,0.6,0.4,1.0,1.6,8.9,fontesi01
147,Simone Fontecchio,SF,28,DET,15,8,29.9,5.7,11.9,.483,2.7,6.3,.436,3.0,5.6,.536,.598,1.4,1.7,.840,0.7,3.5,4.1,1.7,0.9,0.2,1.1,1.7,15.6,fontesi01
148,Jordan Ford,PG,25,SAC,6,0,3.7,0.7,1.2,.571,0.3,0.5,.667,0.3,0.7,.500,.714,0.3,0.3,1.000,0.0,0.3,0.3,0.3,0.0,0.0,0.2,0.0,2.0,fordjo01
149,Trent Forrest,SG,25,ATL,28,0,10.3,0.8,2.2,.371,0.1,0.3,.286,0.8,2.0,.382,.387,0.4,0.5,.786,0.2,1.0,1.2,2.0,0.3,0.1,0.4,0.8,2.1,forretr01
150,Evan Fournier,SG,31,TOT,17,0,15.4,2.2,6.1,.365,1.1,4.0,.279,1.1,2.1,.528,.457,0.9,1.1,.889,0.2,1.6,1.8,1.3,0.9,0.1,0.6,1.5,6.5,fournev01
150,Evan Fournier,SG,31,NYK,3,0,13.0,1.3,6.7,.200,0.7,5.0,.133,0.7,1.7,.400,.250,0.7,0.7,1.000,0.0,1.3,1.3,1.0,1.3,0.0,0.3,1.3,4.0,fournev01
150,Evan Fournier,SG,31,DET,14,0,15.9,2.4,6.0,.405,1.2,3.8,.321,1.2,2.2,.548,.506,1.0,1.1,.875,0.2,1.7,1.9,1.4,0.9,0.1,0.6,1.5,7.1,fournev01
151,De'Aaron Fox,PG,26,SAC,57,57,35.6,9.9,21.0,.474,2.7,7.5,.364,7.2,13.4,.535,.539,4.4,6.1,.720,0.9,3.4,4.3,5.6,1.9,0.4,2.6,2.6,27.0,foxde01
152,Javon Freeman-Liberty,PG,24,TOR,7,0,10.1,1.1,2.7,.421,0.3,1.1,.250,0.9,1.6,.545,.474,1.1,1.3,.889,0.3,1.4,1.7,1.0,0.0,0.3,0.4,0.7,3.7,freemja01
153,Alex Fudge,SF,20,LAL,4,0,3.5,0.3,1.5,.167,0.0,0.5,.000,0.3,1.0,.250,.167,0.5,0.5,1.000,0.5,0.0,0.5,0.0,0.0,0.0,0.3,0.3,1.0,fudgeal01
154,Markelle Fultz,PG,25,ORL,29,15,22.0,3.8,7.9,.482,0.0,0.3,.100,3.8,7.5,.500,.485,0.6,0.9,.630,1.3,2.1,3.4,3.0,1.1,0.3,1.2,1.4,8.2,fultzma01
155,Andrew Funk,SG,24,CHI,1,0,1.0,0.0,0.0,,0.0,0.0,,0.0,0.0,,,0.0,0.0,,0.0,0.0,0.0,0.0,0.0,0.0,0.0,0.0,0.0,funkan01
156,Wenyen Gabriel,PF,26,MEM,4,0,16.8,1.8,4.5,.389,0.3,1.3,.200,1.5,3.3,.462,.417,0.0,1.3,.000,1.5,3.8,5.3,0.8,0.5,0.5,2.0,2.0,3.8,gabriwe01
157,Daniel Gafford,C-PF,25,TOT,60,52,24.8,4.6,6.5,.711,0.0,0.0,,4.6,6.5,.711,.711,1.8,2.6,.701,2.8,5.1,7.9,1.4,0.9,2.1,1.0,3.1,11.0,gaffoda01
157,Daniel Gafford,C,25,WAS,45,45,26.5,4.5,6.5,.690,0.0,0.0,,4.5,6.5,.690,.690,1.9,2.6,.706,2.9,5.1,8.0,1.5,1.0,2.2,1.0,3.3,10.9,gaffoda01
157,Daniel Gafford,PF,25,DAL,15,7,19.5,4.8,6.2,.774,0.0,0.0,,4.8,6.2,.774,.774,1.6,2.3,.686,2.6,4.9,7.5,0.8,0.7,1.9,0.9,2.7,11.2,gaffoda01
158,Danilo Gallinari,PF-SF,35,TOT,43,0,13.2,1.8,4.1,.434,0.7,2.0,.322,1.1,2.0,.545,.514,1.8,2.1,.856,0.4,1.9,2.3,1.2,0.2,0.1,0.4,1.0,6.0,gallida01
158,Danilo Gallinari,PF,35,WAS,26,0,14.8,2.2,5.0,.435,0.8,2.5,.313,1.4,2.6,.552,.511,1.8,2.2,.839,0.5,2.5,2.9,1.2,0.2,0.1,0.5,1.0,7.0,gallida01
158,Danilo Gallinari,SF,35,DET,6,0,15.0,2.0,3.7,.545,1.2,2.0,.583,0.8,1.7,.500,.705,3.5,4.0,.875,0.3,2.0,2.3,2.0,0.3,0.3,0.2,1.5,8.7,gallida01
158,Danilo Gallinari,SF,35,MIL,11,0,8.5,0.6,2.0,.318,0.1,1.0,.091,0.5,1.0,.545,.341,0.8,0.9,.900,0.4,0.5,0.8,0.7,0.2,0.0,0.4,0.8,2.2,gallida01
159,Darius Garland,PG,24,CLE,42,42,33.2,6.8,14.8,.461,2.4,6.2,.390,4.4,8.6,.511,.542,3.0,3.5,.845,0.5,2.0,2.4,6.3,1.3,0.1,3.2,1.7,19.0,garlada01
160,Usman Garuba,PF,21,GSW,3,0,2.7,0.0,0.3,.000,0.0,0.0,,0.0,0.3,.000,.000,0.0,0.0,,0.3,0.0,0.3,0.3,0.3,0.0,0.0,0.7,0.0,garubus01
161,Luka Garza,C,25,MIN,15,0,3.3,0.9,2.0,.433,0.3,0.8,.333,0.6,1.2,.500,.500,0.8,1.1,.750,0.5,0.4,0.9,0.2,0.0,0.0,0.2,0.9,2.8,garzalu01
162,Kaiser Gates,SF,27,NOP,1,0,7.0,0.0,4.0,.000,0.0,2.0,.000,0.0,2.0,.000,.000,0.0,0.0,,0.0,1.0,1.0,0.0,0.0,0.0,0.0,0.0,0.0,gateska01
163,Keyonte George,PG,20,UTA,59,28,25.9,4.2,10.3,.403,2.0,5.7,.359,2.1,4.6,.456,.502,2.4,2.9,.828,0.2,2.6,2.8,4.5,0.5,0.1,2.1,1.2,12.7,georgke01
164,Paul George,PF,33,LAC,60,60,34.2,7.8,16.9,.463,3.3,8.2,.401,4.5,8.7,.522,.561,3.4,3.8,.889,0.5,4.8,5.3,3.7,1.5,0.5,2.1,2.8,22.3,georgpa01
165,Taj Gibson,PF,38,NYK,16,1,10.3,0.4,1.4,.304,0.0,0.4,.000,0.4,1.1,.412,.304,0.1,0.1,1.000,0.6,1.1,1.8,0.6,0.1,0.4,0.3,1.8,1.0,gibsota01
166,Josh Giddey,SG,21,OKC,65,65,24.6,4.7,10.3,.460,1.0,3.0,.328,3.8,7.4,.513,.507,1.1,1.3,.828,1.4,4.7,6.1,4.4,0.7,0.5,2.0,1.3,11.6,giddejo01
167,Harry Giles,C,25,TOT,20,0,4.4,1.1,2.3,.478,0.2,0.6,.250,1.0,1.7,.559,.511,0.4,0.7,.538,0.6,0.8,1.4,0.3,0.1,0.2,0.3,0.8,2.7,gilesha01
167,Harry Giles,C,25,BRK,16,0,5.1,1.4,2.8,.500,0.2,0.7,.273,1.2,2.1,.576,.534,0.4,0.8,.538,0.8,0.9,1.6,0.4,0.1,0.2,0.4,0.9,3.4,gilesha01
167,Harry Giles,C,25,LAL,4,0,1.8,0.0,0.5,.000,0.0,0.3,.000,0.0,0.3,.000,.000,0.0,0.0,,0.0,0.3,0.3,0.0,0.0,0.0,0.0,0.0,0.0,gilesha01
168,Shai Gilgeous-Alexander,PG,25,OKC,65,65,34.4,11.0,20.2,.544,1.3,3.5,.376,9.6,16.6,.580,.577,7.8,8.9,.879,0.9,4.8,5.6,6.4,2.1,0.9,2.2,2.5,31.1,gilgesh01
169,Anthony Gill,PF,31,WAS,36,0,5.1,0.7,1.5,.472,0.1,0.4,.231,0.6,1.1,.550,.500,0.4,0.6,.750,0.4,0.7,1.1,0.4,0.2,0.2,0.4,0.3,1.9,gillan01
170,Collin Gillespie,PG,24,DEN,19,0,8.5,1.2,2.4,.511,0.6,1.3,.458,0.6,1.1,.571,.633,0.3,0.4,.625,0.1,0.6,0.6,0.8,0.5,0.0,0.5,0.9,3.3,gilleco01
171,Jacob Gilyard,PG,25,MEM,37,14,17.7,1.6,3.9,.417,1.4,3.2,.425,0.2,0.6,.375,.594,0.1,0.1,1.000,0.2,0.9,1.2,3.5,0.7,0.1,0.8,0.9,4.7,gilyaja01
172,Rudy Gobert,C,31,MIN,63,63,33.9,5.2,8.1,.648,0.0,0.0,.000,5.2,8.0,.651,.648,3.2,5.0,.649,3.7,9.2,12.9,1.2,0.6,2.1,1.5,3.1,13.7,goberru01
173,Jordan Goodwin,PG,25,TOT,48,6,16.3,2.1,5.6,.373,0.6,2.3,.287,1.5,3.4,.429,.430,0.6,0.9,.732,1.1,2.2,3.3,2.4,0.8,0.4,0.9,1.2,5.5,goodwjo01
173,Jordan Goodwin,PG,25,PHO,40,0,14.0,1.9,4.8,.389,0.6,2.0,.288,1.3,2.8,.460,.448,0.6,0.7,.862,1.0,1.9,2.9,2.0,0.6,0.2,0.7,1.1,5.0,goodwjo01
173,Jordan Goodwin,PG,25,MEM,8,6,28.0,3.3,9.8,.333,1.0,3.5,.286,2.3,6.3,.360,.385,0.6,1.5,.417,1.6,3.5,5.1,4.5,1.6,1.1,1.8,1.9,8.1,goodwjo01
174,Aaron Gordon,PF,28,DEN,61,61,31.3,5.5,9.8,.560,0.5,1.9,.289,5.0,7.9,.624,.588,2.3,3.5,.647,2.3,4.1,6.4,3.3,0.8,0.6,1.4,1.9,13.8,gordoaa01
175,Eric Gordon,SG,35,PHO,54,24,29.4,4.4,9.8,.448,2.4,6.2,.383,2.0,3.6,.563,.570,0.9,1.1,.793,0.3,1.7,2.0,2.2,0.9,0.5,1.2,1.2,12.0,gordoer01
176,Devonte' Graham,PG,28,SAS,14,0,8.2,1.0,2.5,.400,0.6,1.8,.360,0.4,0.7,.500,.529,0.4,0.6,.750,0.1,1.1,1.3,1.4,0.3,0.1,0.2,0.4,3.1,grahade01
177,Jerami Grant,PF,29,POR,54,54,33.9,7.1,15.7,.451,2.1,5.1,.402,5.0,10.6,.474,.516,4.7,5.8,.817,0.7,2.9,3.5,2.8,0.8,0.6,2.1,2.2,21.0,grantje01
178,A.J. Green,SG,24,MIL,44,0,10.1,1.5,3.5,.426,1.2,3.0,.406,0.3,0.5,.545,.600,0.3,0.3,.929,0.1,1.0,1.2,0.6,0.1,0.0,0.2,0.9,4.5,greenaj01
179,Danny Green,SG,36,PHI,2,0,9.0,0.0,1.0,.000,0.0,0.5,.000,0.0,0.5,.000,.000,0.0,0.0,,0.0,1.0,1.0,0.5,0.5,0.0,0.0,0.5,0.0,greenda02
180,Draymond Green,PF,33,GSW,40,37,26.5,3.4,6.9,.495,1.0,2.4,.423,2.4,4.5,.533,.569,1.2,1.5,.754,1.3,5.7,7.0,5.9,0.8,0.9,2.5,3.1,9.0,greendr01
181,Jalen Green,SG,21,HOU,66,66,31.0,6.5,15.7,.416,2.2,6.8,.319,4.3,8.8,.492,.486,3.4,4.2,.809,0.4,4.4,4.8,3.3,0.7,0.3,2.2,1.3,18.6,greenja05
182,Jeff Green,PF,37,HOU,62,5,16.2,1.9,4.2,.457,0.5,1.5,.312,1.4,2.7,.539,.514,1.6,2.0,.808,0.6,1.5,2.1,0.9,0.2,0.4,0.7,1.3,5.9,greenje02
183,Josh Green,SG,23,DAL,54,32,26.6,3.2,6.6,.493,1.3,3.3,.401,1.9,3.3,.584,.593,0.7,1.0,.673,0.7,2.5,3.2,2.3,0.8,0.2,1.1,1.9,8.5,greenjo02
184,AJ Griffin,SF,20,ATL,18,0,7.3,0.7,2.5,.289,0.5,1.8,.273,0.2,0.7,.333,.389,0.1,0.1,1.000,0.1,0.7,0.8,0.2,0.1,0.1,0.3,0.3,2.1,griffaj01
185,Quentin Grimes,SG,23,TOT,51,18,20.1,2.4,6.4,.372,1.6,4.7,.338,0.8,1.7,.466,.495,0.7,0.9,.756,0.3,1.7,2.0,1.3,0.7,0.1,0.5,1.5,7.0,grimequ01
185,Quentin Grimes,SG,23,NYK,45,18,20.2,2.5,6.4,.395,1.7,4.7,.363,0.8,1.6,.486,.530,0.5,0.8,.706,0.3,1.6,2.0,1.2,0.7,0.1,0.5,1.5,7.3,grimequ01
185,Quentin Grimes,SG,23,DET,6,0,19.2,1.5,7.0,.214,0.7,4.7,.143,0.8,2.3,.357,.262,1.7,1.8,.909,0.2,1.8,2.0,2.3,0.8,0.7,1.2,1.5,5.3,grimequ01
186,Mouhamadou Gueye,PF,25,TOR,2,0,5.0,0.5,2.0,.250,0.0,0.0,,0.5,2.0,.250,.250,0.0,0.0,,1.5,1.0,2.5,0.0,0.0,1.5,0.0,1.0,1.0,gueyemo01
187,Mouhamed Gueye,PF,21,ATL,2,0,2.0,0.0,0.5,.000,0.0,0.5,.000,0.0,0.0,,.000,0.0,0.0,,0.0,0.0,0.0,0.0,0.5,0.0,0.0,0.5,0.0,gueyemo02
188,Rui Hachimura,PF,25,LAL,53,24,25.7,5.0,9.5,.524,1.4,3.3,.416,3.6,6.2,.580,.595,1.4,1.9,.713,0.8,2.9,3.7,1.1,0.7,0.3,0.7,1.4,12.7,hachiru01
189,Ashton Hagans,PG,24,POR,13,1,16.5,1.5,3.6,.426,0.4,1.1,.357,1.2,2.5,.455,.479,0.6,0.8,.727,0.6,1.8,2.4,2.7,0.5,0.5,1.6,2.2,4.1,haganas01
190,Tyrese Haliburton,PG,23,IND,54,53,32.3,7.5,15.5,.482,2.9,7.7,.370,4.6,7.8,.593,.574,2.9,3.4,.857,0.6,3.3,3.9,11.4,1.0,0.7,2.4,1.0,20.7,halibty01
191,R.J. Hampton,PG,22,MIA,8,2,9.5,0.5,1.8,.286,0.1,1.0,.125,0.4,0.8,.500,.321,0.1,0.3,.500,0.3,0.5,0.8,1.0,0.0,0.0,0.4,1.0,1.3,hamptrj01
192,Tim Hardaway Jr.,SF,31,DAL,64,10,28.1,5.5,13.3,.409,2.9,8.1,.361,2.5,5.2,.483,.519,2.1,2.4,.859,0.3,3.1,3.4,1.7,0.5,0.1,0.9,1.4,15.9,hardati02
193,James Harden,PG,34,LAC,59,59,34.6,5.1,11.6,.442,2.8,6.8,.403,2.4,4.7,.498,.561,4.4,5.0,.882,0.5,4.6,5.1,8.3,1.1,0.9,2.6,1.9,17.4,hardeja01
194,Jaden Hardy,SG,21,DAL,59,6,14.1,2.8,6.9,.408,1.2,3.3,.364,1.6,3.6,.449,.495,0.8,1.1,.758,0.3,1.5,1.8,1.6,0.3,0.1,0.8,1.0,7.7,hardyja02
195,Ron Harper Jr.,PF,23,TOR,1,0,4.0,0.0,0.0,,0.0,0.0,,0.0,0.0,,,0.0,0.0,,0.0,0.0,0.0,1.0,0.0,0.0,0.0,2.0,0.0,harpero02
196,Gary Harris,SG,29,ORL,43,16,23.3,2.5,5.6,.456,1.4,3.8,.383,1.1,1.8,.610,.586,0.7,1.0,.756,0.4,1.2,1.6,1.7,0.9,0.3,0.5,1.7,7.2,harriga01
197,Joe Harris,SG,32,DET,16,0,10.6,0.9,2.4,.359,0.6,1.9,.333,0.3,0.6,.444,.487,0.1,0.1,.500,0.2,0.6,0.8,0.6,0.2,0.1,0.3,1.2,2.4,harrijo01
198,Kevon Harris,SG,26,ORL,2,0,3.0,1.0,1.5,.667,0.0,0.0,,1.0,1.5,.667,.667,0.0,0.0,,0.0,1.0,1.0,0.5,0.0,0.0,0.5,1.5,2.0,harrike01
199,Tobias Harris,PF,31,PHI,60,60,33.8,6.6,13.5,.490,1.2,3.6,.338,5.4,9.9,.545,.535,2.7,3.1,.882,1.1,5.1,6.2,3.2,1.1,0.6,1.3,1.6,17.1,harrito02
200,Shaquille Harrison,SG,30,MEM,3,0,2.0,0.3,0.7,.500,0.0,0.0,,0.3,0.7,.500,.500,0.0,0.0,,0.0,0.7,0.7,0.0,0.0,0.3,0.0,0.0,0.7,harrish01
201,Josh Hart,SF,28,NYK,65,26,32.0,3.5,8.2,.428,1.1,3.4,.321,2.4,4.8,.505,.495,1.0,1.3,.765,1.5,6.5,8.0,3.6,0.9,0.3,1.4,2.0,9.1,hartjo01
202,Isaiah Hartenstein,C,25,NYK,60,34,24.9,2.7,4.5,.612,0.0,0.1,.333,2.7,4.4,.615,.614,1.4,1.9,.726,3.3,5.1,8.3,2.2,1.0,1.1,1.1,2.8,6.9,harteis01
203,Sam Hauser,SF,26,BOS,65,7,21.1,2.8,6.2,.449,2.2,5.4,.420,0.6,0.9,.632,.630,0.2,0.3,.882,0.6,2.8,3.3,0.9,0.4,0.3,0.4,1.3,8.1,hausesa01
204,Jordan Hawkins,SG,21,NOP,56,10,19.3,3.0,7.7,.389,1.9,5.0,.369,1.1,2.7,.427,.509,1.2,1.4,.844,0.5,2.0,2.5,1.2,0.3,0.1,0.7,1.2,9.0,hawkijo01
205,Jaxson Hayes,C,23,LAL,56,3,11.4,1.6,2.3,.703,0.0,0.1,.000,1.6,2.1,.750,.703,0.6,1.0,.621,0.9,1.7,2.6,0.4,0.5,0.4,0.5,1.7,3.9,hayesja02
206,Killian Hayes,PG,22,DET,42,31,24.0,2.8,6.7,.413,0.5,1.8,.297,2.3,5.0,.455,.452,0.8,1.2,.660,0.3,2.6,2.8,4.9,0.9,0.5,1.2,1.8,6.9,hayeski01
207,Gordon Hayward,SF,33,TOT,37,26,27.2,4.2,9.2,.457,0.7,1.9,.377,3.5,7.4,.478,.496,2.0,2.6,.763,0.9,3.2,4.1,3.8,0.9,0.3,1.5,1.6,11.1,haywago01
207,Gordon Hayward,SF,33,CHO,25,25,31.9,5.6,11.9,.468,0.9,2.4,.361,4.7,9.4,.496,.505,2.5,3.2,.765,1.0,3.7,4.7,4.6,1.1,0.5,2.0,1.8,14.5,haywago01
207,Gordon Hayward,SF,33,OKC,12,1,17.3,1.4,3.7,.386,0.3,0.7,.500,1.1,3.0,.361,.432,1.0,1.3,.750,0.7,2.3,2.9,1.9,0.4,0.0,0.5,1.0,4.2,haywago01
208,Scoot Henderson,PG,19,POR,47,18,26.9,4.4,11.7,.372,1.2,3.9,.297,3.2,7.8,.410,.422,2.7,3.3,.821,0.9,2.2,3.0,4.8,0.6,0.2,2.9,3.1,12.6,hendesc01
209,Taylor Hendricks,PF,20,UTA,24,7,17.5,2.2,5.1,.423,1.0,3.0,.324,1.2,2.2,.558,.516,0.4,0.5,.769,1.2,3.0,4.2,0.5,0.6,0.7,0.7,1.9,5.7,hendrita01
210,Tyler Herro,SG,24,MIA,36,36,33.6,7.9,18.0,.437,3.3,8.1,.399,4.6,9.9,.468,.527,1.8,2.2,.835,0.5,4.8,5.3,4.4,0.8,0.1,2.1,1.4,20.8,herroty01
211,Buddy Hield,SF-SG,31,TOT,68,41,26.9,4.6,10.5,.439,2.8,7.1,.392,1.8,3.4,.537,.571,0.6,0.6,.864,0.6,2.6,3.3,3.1,0.9,0.5,1.3,2.1,12.5,hieldbu01
211,Buddy Hield,SF,31,IND,52,28,25.7,4.4,9.9,.443,2.6,6.9,.384,1.8,3.1,.575,.575,0.5,0.6,.848,0.7,2.6,3.2,2.7,0.8,0.6,1.2,2.0,12.0,hieldbu01
211,Buddy Hield,SG,31,PHI,16,13,30.8,5.2,12.1,.428,3.2,7.7,.415,2.0,4.4,.451,.559,0.6,0.7,.909,0.6,2.8,3.4,4.6,1.1,0.4,1.6,2.6,14.2,hieldbu01
212,Haywood Highsmith,PF,27,MIA,50,24,19.2,2.0,4.5,.432,1.0,2.7,.368,1.0,1.8,.527,.542,0.4,0.5,.808,0.8,1.8,2.6,0.9,0.8,0.5,0.5,1.8,5.3,highsha01
213,Nate Hinton,SG,24,HOU,11,0,5.3,0.9,1.8,.500,0.6,1.0,.636,0.3,0.8,.333,.675,0.4,0.5,.800,0.3,0.8,1.1,0.5,0.2,0.2,0.2,0.9,2.8,hintona01
214,D'Moi Hodge,SG,25,LAL,7,0,5.9,0.7,2.1,.333,0.4,1.7,.250,0.3,0.4,.667,.433,0.1,0.3,.500,0.0,0.0,0.0,0.7,0.1,0.1,0.1,0.6,2.0,hodgedm01
215,Aaron Holiday,PG,27,HOU,63,1,16.3,2.4,5.3,.446,1.1,2.8,.398,1.3,2.5,.500,.551,0.7,0.7,.894,0.3,1.4,1.6,1.7,0.5,0.1,0.7,1.5,6.5,holidaa01
216,Jrue Holiday,PG,33,BOS,60,60,33.3,4.9,10.1,.486,2.1,4.7,.444,2.8,5.4,.521,.588,1.0,1.2,.833,1.3,4.2,5.5,5.0,0.9,0.8,1.8,1.6,12.9,holidjr01
217,Justin Holiday,SG,34,DEN,43,9,14.6,1.5,3.2,.464,0.9,2.3,.402,0.6,1.0,.610,.605,0.1,0.1,.750,0.1,1.1,1.2,1.2,0.6,0.1,0.2,1.2,4.0,holidju01
218,Richaun Holmes,C-PF,30,TOT,33,3,11.6,1.7,3.0,.576,0.0,0.0,1.000,1.7,3.0,.571,.581,0.7,1.0,.688,1.4,2.1,3.5,0.6,0.2,0.4,0.5,1.6,4.2,holmeri01
218,Richaun Holmes,C,30,DAL,23,2,10.3,1.4,2.6,.559,0.0,0.0,,1.4,2.6,.559,.559,0.5,0.9,.571,1.4,2.0,3.4,0.7,0.1,0.4,0.5,1.4,3.4,holmeri01
218,Richaun Holmes,PF,30,WAS,10,1,14.6,2.4,4.0,.600,0.1,0.1,1.000,2.3,3.9,.590,.613,1.0,1.1,.909,1.4,2.5,3.9,0.4,0.5,0.4,0.4,1.9,5.9,holmeri01
219,Chet Holmgren,C,21,OKC,66,66,30.2,6.3,11.8,.536,1.7,4.3,.391,4.6,7.5,.620,.608,2.5,3.1,.787,1.6,6.2,7.8,2.7,0.6,2.5,1.6,2.4,16.8,holmgch01
220,Jalen Hood-Schifino,SG,20,LAL,21,0,5.2,0.5,2.1,.222,0.1,0.7,.133,0.4,1.4,.267,.244,0.6,1.0,.600,0.1,0.5,0.6,0.4,0.1,0.1,0.4,0.6,1.6,hoodsja01
221,Al Horford,C,37,BOS,55,26,26.8,3.1,6.3,.494,1.6,3.9,.409,1.5,2.3,.636,.622,0.4,0.4,.875,1.3,5.3,6.5,2.7,0.6,1.0,0.7,1.5,8.2,horfoal01
222,Talen Horton-Tucker,PG,23,UTA,43,11,19.6,3.5,8.8,.395,1.1,3.4,.331,2.3,5.4,.435,.459,1.7,2.1,.804,0.5,2.0,2.4,3.7,0.9,0.4,1.3,1.8,9.8,hortota01
223,Danuel House Jr.,SF,30,PHI,34,4,15.0,1.4,3.1,.448,0.4,1.5,.300,0.9,1.6,.582,.519,1.0,1.4,.761,0.5,1.2,1.7,0.8,0.4,0.1,0.6,1.3,4.2,houseda01
224,Caleb Houstan,SF,21,ORL,50,10,14.0,1.4,3.5,.389,1.2,3.3,.374,0.1,0.2,.583,.563,0.4,0.5,.792,0.5,1.0,1.5,0.5,0.2,0.1,0.3,1.1,4.3,houstca01
225,Jett Howard,SF,20,ORL,13,0,3.8,0.6,1.7,.364,0.4,1.3,.294,0.2,0.4,.600,.477,0.2,0.3,.500,0.1,0.3,0.4,0.2,0.0,0.1,0.2,0.2,1.8,howarje01
226,Kevin Huerter,SG,25,SAC,62,57,24.9,4.0,9.0,.445,2.0,5.5,.363,2.0,3.5,.573,.556,0.6,0.8,.766,0.6,3.0,3.6,2.6,0.7,0.4,0.8,2.2,10.6,huertke01
227,Jay Huff,C,25,DEN,14,0,2.6,0.5,0.9,.583,0.2,0.6,.375,0.3,0.3,1.000,.708,0.1,0.1,1.000,0.1,0.6,0.7,0.1,0.1,0.0,0.1,0.5,1.4,huffja01
228,De'Andre Hunter,SF,26,ATL,42,24,28.5,5.2,11.0,.476,2.0,4.9,.422,3.2,6.1,.519,.569,3.0,3.4,.861,0.5,3.1,3.7,1.3,0.8,0.3,1.4,2.6,15.5,huntede01
229,Matthew Hurt,PF,23,MEM,8,0,14.1,1.5,4.3,.353,0.6,2.5,.250,0.9,1.8,.500,.426,0.4,0.4,1.000,1.1,0.9,2.0,0.5,0.4,0.4,0.3,1.0,4.0,hurtma01
230,Bones Hyland,PG,23,LAC,28,4,14.7,2.5,6.5,.381,1.2,3.5,.340,1.3,3.0,.429,.472,0.4,0.6,.750,0.1,1.0,1.1,2.4,0.7,0.1,1.1,1.4,6.5,hylanbo01
231,Joe Ingles,SF,36,ORL,53,0,17.3,1.5,3.6,.426,1.1,2.5,.424,0.5,1.1,.431,.574,0.4,0.5,.840,0.3,1.8,2.1,3.0,0.6,0.1,0.9,1.4,4.5,inglejo01
232,Brandon Ingram,SF,26,NOP,60,60,33.2,7.9,16.1,.491,1.4,3.8,.364,6.5,12.3,.531,.534,4.1,5.1,.802,0.7,4.4,5.1,5.9,0.8,0.6,2.6,2.3,21.2,ingrabr01
233,Kyrie Irving,SG,31,DAL,45,45,34.2,9.6,19.5,.493,3.0,7.1,.417,6.7,12.4,.536,.568,3.2,3.6,.906,0.7,4.3,5.0,5.2,1.2,0.5,1.7,1.8,25.4,irvinky01
234,Jonathan Isaac,PF,26,ORL,46,1,15.1,2.4,4.8,.500,0.7,1.8,.361,1.8,3.0,.583,.568,1.0,1.5,.716,1.2,3.1,4.3,0.4,0.7,1.2,0.5,1.0,6.5,isaacjo01
235,Jaden Ivey,SG,21,DET,62,46,28.6,5.3,12.2,.434,1.5,4.6,.329,3.8,7.6,.498,.496,3.2,4.2,.761,1.2,2.3,3.5,3.8,0.8,0.6,2.5,2.8,15.3,iveyja01
236,Andre Jackson Jr.,SG,22,MIL,49,8,10.4,1.0,1.8,.528,0.3,0.8,.375,0.7,1.0,.653,.612,0.2,0.2,.727,0.8,1.2,2.0,0.9,0.3,0.1,0.5,1.7,2.4,jacksan01
237,GG Jackson II,PF,19,MEM,33,3,21.9,4.2,9.8,.430,1.8,4.9,.362,2.4,4.8,.500,.522,2.1,2.9,.729,1.1,2.5,3.6,0.8,0.4,0.6,1.2,1.2,12.3,jacksgg01
238,Isaiah Jackson,C,22,IND,48,3,13.5,2.8,4.2,.663,0.0,0.1,.000,2.8,4.1,.677,.663,1.4,1.9,.717,1.5,2.5,4.1,0.8,0.6,1.1,0.7,2.5,7.0,jacksis01
239,Jaren Jackson Jr.,C,24,MEM,57,57,32.0,7.7,17.4,.444,1.8,5.6,.326,5.9,11.7,.501,.497,5.2,6.4,.809,1.2,4.4,5.6,2.1,1.1,1.6,2.4,3.5,22.4,jacksja02
240,Justin Jackson,SF,28,MIN,2,0,0.5,0.0,0.0,,0.0,0.0,,0.0,0.0,,,0.0,0.0,,0.0,0.0,0.0,0.0,0.0,0.0,0.0,0.0,0.0,jacksju01
241,Reggie Jackson,PG,33,DEN,67,16,22.0,4.0,9.1,.441,1.2,3.4,.354,2.8,5.7,.492,.507,0.8,1.0,.776,0.4,1.6,1.9,3.7,0.5,0.1,1.2,1.7,10.0,jacksre01
242,Trayce Jackson-Davis,PF,23,GSW,52,5,14.0,3.0,4.3,.707,0.0,0.0,,3.0,4.3,.707,.707,1.0,1.8,.564,1.8,2.6,4.3,1.0,0.3,0.9,0.7,1.6,7.1,jackstr02
243,LeBron James,PF,39,LAL,58,58,35.2,9.5,18.0,.527,2.2,5.4,.403,7.3,12.6,.581,.588,4.0,5.4,.741,0.8,6.3,7.2,8.0,1.3,0.6,3.3,1.2,25.2,jamesle01
244,Jaime Jaquez Jr.,SF,22,MIA,60,17,29.3,4.8,9.8,.496,0.9,2.7,.323,4.0,7.0,.563,.541,2.0,2.4,.808,1.2,2.8,4.0,2.6,1.1,0.2,1.6,2.3,12.5,jaqueja01
245,DeJon Jarreau,SG,26,MEM,3,0,22.0,2.0,6.7,.300,0.3,1.3,.250,1.7,5.3,.313,.325,1.3,1.3,1.000,0.3,6.3,6.7,5.0,1.7,0.0,1.7,1.7,5.7,jarrede01
246,DaQuan Jeffries,SG,26,NYK,13,0,2.6,0.4,1.1,.357,0.1,0.5,.143,0.3,0.5,.571,.393,0.0,0.2,.000,0.0,0.4,0.4,0.2,0.0,0.0,0.1,0.2,0.8,jeffrda01
247,Trey Jemison,C,24,TOT,15,7,19.3,2.9,4.8,.611,0.0,0.0,,2.9,4.8,.611,.611,0.8,1.0,.800,2.0,2.1,4.1,0.7,0.4,1.0,1.3,2.9,6.7,jemistr01
247,Trey Jemison,C,24,WAS,2,0,0.5,0.0,0.0,,0.0,0.0,,0.0,0.0,,,0.0,0.0,,0.0,0.5,0.5,0.0,0.0,0.0,0.5,0.0,0.0,jemistr01
247,Trey Jemison,C,24,MEM,13,7,22.2,3.4,5.5,.611,0.0,0.0,,3.4,5.5,.611,.611,0.9,1.2,.800,2.3,2.4,4.7,0.8,0.5,1.2,1.4,3.3,7.7,jemistr01
248,Ty Jerome,SG,26,CLE,2,0,7.5,1.0,2.0,.500,0.0,0.5,.000,1.0,1.5,.667,.500,0.0,0.0,,0.5,0.0,0.5,1.5,0.0,0.0,0.5,1.0,2.0,jeromty01
249,Isaiah Joe,SG,24,OKC,62,0,18.4,2.8,6.2,.457,1.9,4.5,.413,1.0,1.7,.577,.608,0.5,0.6,.850,0.4,1.9,2.3,1.1,0.6,0.3,0.6,1.1,8.1,joeis01
250,Cameron Johnson,PF,27,BRK,50,45,27.8,4.9,10.9,.454,2.4,6.1,.397,2.5,4.7,.527,.566,1.4,1.8,.780,1.0,3.4,4.4,2.5,0.8,0.3,1.0,1.9,13.7,johnsca02
251,Jalen Johnson,SF,22,ATL,49,46,34.0,6.4,12.3,.516,1.2,3.5,.353,5.1,8.9,.579,.565,1.9,2.7,.718,1.3,7.2,8.6,3.5,1.1,0.9,1.8,2.5,15.9,johnsja05
252,James Johnson,PF,36,IND,6,0,5.3,0.3,1.0,.333,0.0,0.2,.000,0.3,0.8,.400,.333,0.3,0.3,1.000,0.2,0.5,0.7,1.0,0.7,0.2,0.3,1.2,1.0,johnsja01
253,Keldon Johnson,SF,24,SAS,62,26,29.6,5.8,12.8,.453,1.8,5.3,.344,4.0,7.5,.530,.525,2.5,3.1,.788,1.4,4.1,5.5,2.9,0.8,0.3,1.5,2.2,15.9,johnske04
254,Keon Johnson,SG,21,BRK,4,0,12.8,1.8,4.8,.368,1.0,2.3,.444,0.8,2.5,.300,.474,2.5,2.5,1.000,0.8,0.5,1.3,0.8,0.8,0.3,1.0,1.0,7.0,johnske07
255,Keyontae Johnson,SF,23,OKC,9,0,7.3,0.6,1.8,.313,0.1,0.3,.333,0.4,1.4,.308,.344,0.0,0.0,,0.4,0.7,1.1,0.4,0.1,0.0,0.4,0.6,1.2,johnske08
256,Nikola Jokić,C,28,DEN,65,65,34.3,10.2,17.6,.584,1.0,2.9,.349,9.2,14.6,.630,.613,4.5,5.5,.828,2.9,9.3,12.2,9.1,1.3,0.9,2.9,2.5,26.0,jokicni01
257,Colby Jones,SG,21,SAC,19,0,6.6,0.9,2.5,.375,0.1,0.7,.077,0.9,1.8,.486,.385,0.1,0.3,.400,0.5,0.8,1.4,0.6,0.2,0.1,0.3,0.8,2.1,jonesco02
258,Damian Jones,C,28,CLE,30,0,7.3,1.1,1.8,.593,0.1,0.3,.222,1.0,1.5,.667,.611,0.4,0.5,.813,0.5,1.2,1.7,0.4,0.2,0.4,0.4,0.7,2.6,jonesda03
259,Derrick Jones Jr.,SF,26,DAL,62,52,23.6,3.3,6.6,.495,1.2,3.3,.356,2.1,3.3,.631,.583,1.2,1.7,.717,1.1,2.3,3.4,1.0,0.7,0.6,0.9,1.6,8.9,jonesde02
260,Herbert Jones,SF,25,NOP,61,61,29.4,3.9,7.7,.514,1.5,3.5,.434,2.4,4.2,.580,.612,1.7,2.0,.850,1.0,2.6,3.6,2.5,1.3,0.9,1.2,2.9,11.0,joneshe01
261,Mason Jones,SG,25,SAC,1,0,13.0,0.0,3.0,.000,0.0,2.0,.000,0.0,1.0,.000,.000,1.0,2.0,.500,1.0,3.0,4.0,4.0,0.0,0.0,0.0,0.0,1.0,jonesma05
262,Tre Jones,PG,24,SAS,62,33,26.6,3.7,7.4,.505,0.7,2.3,.322,3.0,5.1,.589,.556,1.4,1.6,.870,0.7,2.7,3.4,6.1,1.0,0.1,1.5,1.2,9.6,jonestr01
263,Tyus Jones,PG,27,WAS,66,66,29.3,4.9,10.1,.489,1.6,3.9,.414,3.3,6.2,.537,.569,0.5,0.6,.800,0.3,2.4,2.7,7.3,1.1,0.3,1.0,0.7,12.0,jonesty01
264,DeAndre Jordan,C,35,DEN,29,1,11.3,1.7,2.6,.632,0.0,0.0,,1.7,2.6,.632,.632,0.8,1.7,.449,1.7,2.9,4.6,0.7,0.2,0.4,0.7,1.7,4.1,jordade01
265,Cory Joseph,PG,32,GSW,26,0,11.4,0.9,2.5,.359,0.5,1.6,.310,0.4,0.8,.455,.461,0.2,0.3,.571,0.2,0.9,1.2,1.6,0.2,0.1,0.5,1.0,2.4,josepco01
266,Nikola Jović,PF,20,MIA,32,24,17.6,2.2,5.0,.438,1.1,2.7,.419,1.1,2.3,.459,.550,0.6,1.0,.606,0.6,3.5,4.1,1.9,0.5,0.3,1.0,1.8,6.1,jovicni01
267,Johnny Juzang,SG,22,UTA,7,0,11.6,1.9,4.4,.419,1.0,3.1,.318,0.9,1.3,.667,.532,0.0,0.0,,0.3,1.1,1.4,0.6,0.0,0.0,0.3,0.4,4.7,juzanjo01
268,Luke Kennard,SG,27,MEM,35,18,25.0,3.6,8.0,.454,2.7,6.0,.455,0.9,2.0,.449,.625,1.1,1.3,.886,0.3,2.5,2.8,3.1,0.5,0.0,1.2,1.0,11.1,kennalu01
269,Walker Kessler,C,22,UTA,54,18,23.3,3.7,5.7,.643,0.1,0.4,.211,3.6,5.4,.671,.649,0.9,1.5,.568,2.6,4.9,7.5,0.9,0.5,2.6,1.0,2.1,8.3,kesslwa01
270,Braxton Key,SF,26,DEN,17,0,3.2,0.4,0.9,.375,0.1,0.2,.250,0.3,0.7,.417,.406,0.2,0.4,.667,0.2,0.6,0.8,0.5,0.1,0.1,0.1,0.3,1.0,keybr01
271,Corey Kispert,SF,24,WAS,64,6,23.3,4.5,9.3,.481,2.1,5.7,.373,2.3,3.6,.655,.596,1.4,1.9,.756,0.3,2.2,2.6,1.8,0.4,0.2,1.1,1.7,12.5,kispeco01
272,Maxi Kleber,C,32,DAL,30,7,21.0,1.5,3.7,.409,0.7,2.2,.313,0.8,1.4,.558,.505,0.7,1.1,.667,0.6,2.8,3.4,1.5,0.3,0.7,0.7,1.9,4.4,klebima01
273,Kevin Knox,SF,24,DET,31,11,18.1,2.8,6.0,.462,1.0,3.0,.330,1.8,3.0,.598,.546,0.6,0.7,.909,0.6,1.8,2.4,0.7,0.4,0.2,0.7,1.6,7.2,knoxke01
274,John Konchar,SF,27,MEM,51,20,20.5,1.6,3.7,.426,0.7,2.1,.321,0.9,1.6,.568,.518,0.3,0.4,.850,1.3,3.3,4.6,1.9,0.9,1.0,0.8,1.3,4.2,konchjo01
275,Furkan Korkmaz,SG,26,PHI,35,0,8.6,0.9,2.2,.395,0.4,1.1,.350,0.5,1.0,.444,.487,0.4,0.6,.700,0.1,0.7,0.9,0.7,0.4,0.1,0.3,0.5,2.5,korkmfu01
276,Luke Kornet,C,28,BOS,48,3,15.1,2.2,3.1,.695,0.0,0.0,,2.2,3.1,.695,.695,0.8,0.9,.902,1.8,2.1,3.9,1.0,0.4,1.0,0.4,1.4,5.1,kornelu01
277,Vit Krejci,PG,23,ATL,6,4,18.3,0.8,2.8,.294,0.7,2.2,.308,0.2,0.7,.250,.412,0.2,0.3,.500,0.3,0.5,0.8,2.0,0.8,0.3,0.3,1.3,2.5,krejcvi01
278,Jonathan Kuminga,PF,21,GSW,64,38,26.0,6.1,11.6,.529,0.7,2.3,.317,5.4,9.3,.581,.560,3.2,4.2,.745,1.3,3.5,4.8,2.1,0.7,0.5,1.7,2.2,16.1,kuminjo01
279,Kyle Kuzma,PF,28,WAS,64,64,32.2,8.8,18.8,.465,2.2,6.7,.336,6.5,12.2,.536,.524,2.8,3.5,.787,1.0,5.6,6.5,4.2,0.5,0.7,2.7,2.2,22.5,kuzmaky01
280,Jock Landale,C,28,HOU,40,0,10.1,1.1,2.6,.437,0.1,0.6,.217,1.0,2.0,.500,.461,0.7,0.8,.788,1.4,1.2,2.6,0.9,0.3,0.4,0.4,1.1,3.0,landajo01
281,Jake LaRavia,PF,22,MEM,22,1,17.7,2.4,6.8,.356,0.8,3.3,.250,1.6,3.5,.455,.416,1.9,2.3,.824,1.3,1.9,3.2,1.1,0.8,0.3,0.8,2.0,7.5,laravja01
282,Zach LaVine,SG,28,CHI,25,23,34.9,6.8,15.0,.452,2.4,6.8,.349,4.4,8.3,.536,.531,3.5,4.1,.854,0.3,4.8,5.2,3.9,0.8,0.3,2.1,2.3,19.5,lavinza01
283,A.J. Lawson,SG,23,DAL,32,0,7.6,1.3,2.9,.467,0.4,1.3,.310,0.9,1.6,.600,.538,0.4,0.7,.619,0.4,0.7,1.1,0.4,0.3,0.1,0.3,0.6,3.5,lawsoaj01
284,Saben Lee,PG,24,PHO,21,0,8.5,0.9,2.5,.340,0.1,0.8,.125,0.8,1.8,.432,.358,1.4,1.9,.744,0.4,1.0,1.5,1.4,0.3,0.1,0.4,0.6,3.2,leesa01
285,Alex Len,C,30,SAC,31,0,8.7,1.2,1.9,.600,0.0,0.1,.000,1.2,1.8,.632,.600,0.3,0.7,.476,1.1,1.6,2.7,0.9,0.3,0.5,0.6,1.2,2.6,lenal01
286,Kawhi Leonard,SF,32,LAC,60,60,34.3,9.0,17.0,.526,2.1,5.0,.425,6.8,12.0,.568,.588,3.7,4.2,.888,1.2,4.9,6.2,3.7,1.7,0.9,1.7,1.4,23.7,leonaka01
287,Caris LeVert,SG,29,CLE,54,3,28.1,5.0,12.2,.410,1.6,5.1,.325,3.4,7.1,.471,.478,2.0,2.7,.747,0.5,3.4,3.9,5.0,1.0,0.4,1.6,1.7,13.7,leverca01
288,Kira Lewis Jr.,PG,22,TOT,19,0,8.1,0.9,2.8,.315,0.1,1.1,.095,0.8,1.7,.455,.333,0.5,0.6,.909,0.3,0.5,0.8,1.1,0.3,0.1,0.4,0.5,2.4,lewiski01
288,Kira Lewis Jr.,PG,22,NOP,15,0,9.6,1.1,3.5,.308,0.1,1.3,.100,0.9,2.1,.438,.327,0.7,0.7,.909,0.3,0.7,0.9,1.2,0.3,0.1,0.5,0.5,2.9,lewiski01
288,Kira Lewis Jr.,PG,22,TOR,1,0,2.0,0.0,0.0,,0.0,0.0,,0.0,0.0,,,0.0,0.0,,0.0,0.0,0.0,0.0,0.0,0.0,0.0,1.0,0.0,lewiski01
288,Kira Lewis Jr.,PG,22,UTA,3,0,2.3,0.3,0.7,.500,0.0,0.3,.000,0.3,0.3,1.000,.500,0.0,0.0,,0.3,0.0,0.3,1.0,0.3,0.0,0.0,0.0,0.7,lewiski01
289,Maxwell Lewis,SF,21,LAL,24,0,3.2,0.1,0.5,.250,0.0,0.1,.333,0.1,0.4,.222,.292,0.0,0.0,,0.0,0.1,0.1,0.1,0.1,0.0,0.3,0.2,0.3,lewisma05
290,E.J. Liddell,PF,23,NOP,8,0,2.9,0.1,0.8,.167,0.0,0.6,.000,0.1,0.1,1.000,.167,0.3,0.3,1.000,0.0,0.6,0.6,0.1,0.3,0.3,0.3,0.3,0.5,liddeej01
291,Damian Lillard,PG,33,MIL,62,62,35.0,7.4,17.4,.424,3.0,8.6,.352,4.4,8.8,.494,.510,6.6,7.1,.925,0.5,3.8,4.4,6.9,1.0,0.2,2.5,1.8,24.3,lillada01
292,Nassir Little,SF,23,PHO,36,2,11.9,1.4,3.0,.450,0.5,1.7,.306,0.8,1.3,.638,.537,0.5,0.6,.850,0.4,1.6,2.0,0.5,0.3,0.3,0.4,1.0,3.7,littlna01
293,Dereck Lively II,C,19,DAL,48,42,24.2,4.1,5.4,.750,0.0,0.0,.000,4.1,5.4,.756,.750,0.8,1.5,.529,2.6,4.4,6.9,1.1,0.7,1.4,1.0,2.8,8.9,livelde01
294,Isaiah Livers,PF,25,DET,23,6,20.4,1.7,5.0,.345,1.0,3.3,.286,0.8,1.7,.462,.440,0.5,0.8,.667,0.7,1.4,2.1,1.1,0.6,0.2,0.7,1.9,5.0,liveris01
295,Chris Livingston,SF,20,MIL,16,0,4.3,0.4,1.0,.438,0.1,0.2,.333,0.4,0.8,.462,.469,0.1,0.1,1.000,0.1,0.8,0.9,0.3,0.1,0.0,0.3,0.7,1.1,livinch01
296,Kenneth Lofton Jr.,PF,21,TOT,17,0,6.4,0.9,2.5,.349,0.2,0.7,.250,0.7,1.8,.387,.384,0.5,0.9,.533,0.1,0.9,1.1,0.8,0.2,0.2,0.5,0.9,2.4,loftoke01
296,Kenneth Lofton Jr.,PF,21,MEM,15,0,6.6,0.9,2.5,.378,0.2,0.7,.300,0.7,1.8,.407,.419,0.5,1.0,.533,0.1,0.9,1.0,0.9,0.2,0.2,0.4,1.0,2.6,loftoke01
296,Kenneth Lofton Jr.,PF,21,PHI,2,0,4.5,0.5,3.0,.167,0.0,1.0,.000,0.5,2.0,.250,.167,0.0,0.0,,0.0,1.5,1.5,0.0,0.0,0.0,1.0,0.0,1.0,loftoke01
297,Kevon Looney,C,27,GSW,62,36,16.9,1.9,3.2,.599,0.0,0.0,.000,1.9,3.2,.602,.599,0.7,1.1,.667,2.0,3.8,5.9,2.0,0.4,0.4,0.7,2.2,4.5,looneke01
298,Brook Lopez,C,35,MIL,64,64,31.2,4.6,9.7,.477,1.8,5.2,.356,2.8,4.5,.615,.572,1.4,1.6,.829,1.5,3.9,5.3,1.7,0.6,2.6,0.9,2.4,12.5,lopezbr01
299,Robin Lopez,C,35,MIL,16,2,4.1,0.4,1.2,.368,0.1,0.5,.250,0.3,0.7,.455,.421,0.1,0.1,1.000,0.2,0.1,0.3,0.3,0.1,0.2,0.1,0.4,1.1,lopezro01
300,Kevin Love,PF,35,MIA,47,5,17.5,2.9,6.5,.443,1.6,4.5,.349,1.3,2.0,.656,.564,1.7,2.2,.779,1.1,5.1,6.2,2.2,0.3,0.2,0.8,1.8,9.0,loveke01
301,Kyle Lowry,PG,37,TOT,47,42,28.1,2.8,6.5,.426,1.6,4.2,.382,1.1,2.3,.509,.551,1.0,1.2,.860,0.6,2.7,3.4,4.2,1.0,0.3,1.4,2.4,8.2,lowryky01
301,Kyle Lowry,PG,37,MIA,37,35,28.0,2.8,6.5,.426,1.7,4.4,.385,1.1,2.2,.506,.554,0.9,1.1,.833,0.7,2.8,3.5,4.0,1.1,0.4,1.4,2.5,8.2,lowryky01
301,Kyle Lowry,PG,37,PHI,10,7,28.5,2.7,6.3,.429,1.4,3.8,.368,1.3,2.5,.520,.540,1.4,1.5,.933,0.5,2.4,2.9,5.0,1.0,0.1,1.5,1.9,8.2,lowryky01
302,Seth Lundy,SF,23,ATL,9,0,5.8,0.4,1.9,.235,0.3,1.4,.231,0.1,0.4,.250,.324,0.3,0.4,.750,0.1,0.7,0.8,0.0,0.0,0.0,0.1,0.7,1.6,lundyse01
303,Trey Lyles,PF,28,SAC,49,0,19.8,2.4,5.3,.450,1.4,3.7,.383,1.0,1.7,.598,.582,0.9,1.3,.698,1.0,3.4,4.4,1.1,0.3,0.3,0.6,1.6,7.1,lylestr01
304,Théo Maledon,PG,22,TOT,17,1,12.5,1.2,4.1,.286,0.3,1.8,.167,0.9,2.4,.375,.321,0.8,0.9,.933,0.2,1.2,1.4,1.6,0.4,0.0,1.1,1.2,3.5,maledth01
304,Théo Maledon,PG,22,CHO,13,1,15.4,1.5,5.1,.288,0.4,2.3,.167,1.1,2.8,.389,.326,0.8,0.9,.917,0.3,1.5,1.8,2.2,0.5,0.0,1.2,1.4,4.2,maledth01
304,Théo Maledon,PG,22,PHO,4,0,3.3,0.3,1.0,.250,0.0,0.0,,0.3,1.0,.250,.250,0.8,0.8,1.000,0.0,0.3,0.3,0.0,0.0,0.0,0.8,0.8,1.3,maledth01
305,Sandro Mamukelashvili,C,24,SAS,37,0,6.4,0.9,2.1,.447,0.2,0.9,.229,0.7,1.1,.634,.500,0.3,0.5,.706,0.7,1.1,1.8,0.9,0.2,0.2,0.2,0.6,2.4,mamuksa01
306,Terance Mann,SG,27,LAC,60,56,25.3,3.2,6.5,.490,1.0,2.9,.333,2.3,3.7,.611,.563,1.0,1.2,.814,1.2,2.2,3.4,1.7,0.6,0.2,0.6,1.9,8.3,mannte01
307,Tre Mann,PG,22,TOT,26,13,20.0,3.0,6.4,.461,1.0,2.6,.382,2.0,3.8,.515,.539,0.7,1.0,.731,0.4,3.0,3.5,3.0,0.9,0.0,1.1,1.1,7.7,manntr01
307,Tre Mann,PG,22,OKC,13,0,9.2,1.5,3.1,.500,0.6,1.5,.421,0.9,1.6,.571,.600,0.1,0.1,1.000,0.3,1.5,1.8,1.5,0.2,0.0,0.7,0.2,3.8,manntr01
307,Tre Mann,PG,22,CHO,13,13,30.8,4.4,9.8,.449,1.4,3.8,.367,3.0,6.0,.500,.520,1.4,1.9,.720,0.5,4.5,5.1,4.5,1.6,0.0,1.5,1.9,11.5,manntr01
308,Boban Marjanović,C,35,HOU,9,0,5.3,1.1,2.3,.476,0.0,0.2,.000,1.1,2.1,.526,.476,0.3,0.7,.500,0.7,1.8,2.4,0.4,0.0,0.1,0.2,0.4,2.6,marjabo01
309,Lauri Markkanen,PF,26,UTA,51,51,32.9,7.7,16.0,.483,3.2,8.0,.401,4.5,8.0,.565,.583,4.4,4.9,.888,2.3,6.0,8.3,2.0,0.9,0.5,1.3,1.9,23.1,markkla01
310,Naji Marshall,SF,26,NOP,54,1,18.9,2.6,5.6,.457,0.9,2.4,.386,1.7,3.3,.508,.538,1.2,1.5,.793,0.9,2.7,3.6,2.0,0.7,0.2,1.1,1.4,7.3,marshna01
311,Caleb Martin,SF,28,MIA,49,19,27.3,4.0,8.7,.456,1.3,3.4,.395,2.6,5.3,.494,.533,1.2,1.6,.782,1.2,3.4,4.7,2.1,0.7,0.4,1.2,2.1,10.6,martica02
312,Cody Martin,SF,28,CHO,28,22,26.9,2.9,7.7,.381,1.0,3.1,.314,2.0,4.6,.426,.444,0.7,1.2,.606,0.7,3.2,3.9,3.7,1.1,0.6,1.6,1.7,7.5,martico01
313,KJ Martin,SF,23,TOT,49,2,11.5,1.5,2.7,.541,0.1,0.4,.273,1.3,2.3,.595,.564,0.4,0.7,.545,0.5,1.3,1.8,0.7,0.4,0.1,0.5,1.6,3.4,martike04
313,KJ Martin,SF,23,LAC,2,0,15.5,2.0,5.0,.400,0.5,2.5,.200,1.5,2.5,.600,.450,0.5,1.0,.500,0.5,1.0,1.5,0.5,1.0,0.5,1.0,1.5,5.0,martike04
313,KJ Martin,SF,23,PHI,47,2,11.4,1.4,2.6,.553,0.1,0.4,.294,1.3,2.3,.594,.573,0.4,0.7,.548,0.5,1.3,1.8,0.7,0.4,0.1,0.5,1.6,3.4,martike04
314,Garrison Mathews,SG,27,ATL,50,4,13.4,1.2,2.6,.443,1.0,2.4,.441,0.1,0.3,.462,.641,0.3,0.4,.750,0.3,1.1,1.4,0.5,0.3,0.1,0.3,1.7,3.7,mathega01
315,Bennedict Mathurin,SF,21,IND,59,19,26.1,5.0,11.2,.446,1.4,3.6,.374,3.7,7.6,.481,.507,3.1,3.8,.821,1.0,2.9,4.0,2.0,0.6,0.2,1.6,2.0,14.5,mathube01
316,Wesley Matthews,SG,37,ATL,26,3,11.0,0.8,2.3,.328,0.5,1.7,.311,0.2,0.6,.375,.443,0.6,0.8,.727,0.2,1.2,1.3,0.6,0.4,0.3,0.2,1.2,2.7,matthwe02
317,Tyrese Maxey,PG,23,PHI,57,57,37.2,9.0,20.1,.450,3.1,8.1,.383,5.9,12.0,.495,.527,4.8,5.5,.866,0.6,3.2,3.7,6.2,1.0,0.5,1.7,2.1,25.9,maxeyty01
318,Skylar Mays,PG-SG,26,TOT,33,5,12.8,1.9,4.7,.397,0.5,1.6,.296,1.4,3.1,.451,.449,0.4,0.5,.765,0.3,1.0,1.3,2.5,0.5,0.1,0.6,0.8,4.6,mayssk01
318,Skylar Mays,PG,26,POR,21,5,17.0,2.5,6.6,.384,0.7,2.3,.286,1.9,4.2,.438,.435,0.6,0.8,.765,0.4,1.3,1.8,3.6,0.7,0.1,0.9,1.0,6.3,mayssk01
318,Skylar Mays,SG,26,LAL,12,0,5.4,0.8,1.5,.500,0.2,0.4,.400,0.6,1.1,.538,.556,0.0,0.0,,0.1,0.4,0.5,0.7,0.3,0.1,0.1,0.4,1.7,mayssk01
319,Miles McBride,PG,23,NYK,53,5,15.1,2.5,5.6,.439,1.2,3.1,.405,1.2,2.5,.481,.551,0.4,0.5,.821,0.3,0.8,1.1,1.4,0.6,0.1,0.4,1.3,6.6,mcbrimi01
320,CJ McCollum,PG,32,NOP,50,50,31.2,6.6,14.6,.452,3.2,7.9,.407,3.4,6.8,.504,.561,1.7,2.1,.794,0.5,3.8,4.3,4.3,1.0,0.7,1.6,2.0,18.1,mccolcj01
321,T.J. McConnell,PG,31,IND,56,4,17.8,4.1,7.4,.550,0.2,0.5,.333,3.9,6.9,.566,.561,0.8,1.0,.782,0.5,2.2,2.7,5.4,1.1,0.1,1.4,1.0,9.1,mccontj01
322,Jaden McDaniels,SF,23,MIN,56,55,29.2,4.2,8.6,.489,1.2,3.4,.344,3.0,5.2,.585,.557,0.8,1.0,.750,0.8,2.2,3.0,1.4,0.9,0.5,1.2,3.1,10.3,mcdanja02
323,Jalen McDaniels,SF,26,TOR,38,0,9.6,1.2,3.4,.354,0.3,1.6,.186,0.9,1.9,.493,.396,0.4,0.6,.667,0.3,1.2,1.5,0.6,0.4,0.1,0.6,1.0,3.1,mcdanja01
324,Doug McDermott,SF,32,TOT,52,0,14.7,2.0,4.6,.427,1.5,3.7,.415,0.4,0.9,.478,.594,0.2,0.4,.579,0.2,0.8,1.0,1.2,0.2,0.0,0.5,1.0,5.7,mcderdo01
324,Doug McDermott,SF,32,SAS,46,0,15.2,2.1,4.7,.442,1.7,3.8,.439,0.4,0.9,.452,.619,0.2,0.4,.588,0.2,0.9,1.0,1.2,0.2,0.0,0.5,1.0,6.0,mcderdo01
324,Doug McDermott,SF,32,IND,6,0,11.0,1.2,4.0,.292,0.7,3.3,.200,0.5,0.7,.750,.375,0.2,0.3,.500,0.2,0.3,0.5,0.7,0.0,0.0,0.2,0.5,3.2,mcderdo01
325,JaVale McGee,C,36,SAC,40,0,7.9,1.9,2.9,.632,0.0,0.1,.200,1.8,2.8,.652,.637,0.6,1.1,.581,0.9,1.9,2.8,0.4,0.3,0.5,0.8,1.1,4.4,mcgeeja01
326,Bryce McGowens,SG,21,CHO,50,13,15.8,1.8,3.9,.454,0.6,1.8,.341,1.2,2.1,.547,.531,1.0,1.4,.754,0.3,1.5,1.8,0.9,0.4,0.1,0.5,1.4,5.2,mcgowbr01
327,Jordan McLaughlin,PG,27,MIN,40,0,9.4,1.1,2.4,.433,0.6,1.5,.431,0.4,1.0,.436,.562,0.2,0.3,.600,0.3,1.0,1.2,1.8,0.7,0.2,0.4,0.6,2.9,mclaujo01
328,De'Anthony Melton,SG,25,PHI,36,33,27.8,3.8,9.7,.391,2.1,5.8,.362,1.7,3.9,.433,.499,1.8,2.2,.835,0.8,3.1,3.8,3.1,1.6,0.4,1.1,2.3,11.5,meltode01
329,Nathan Mensah,C,25,CHO,25,0,12.3,0.5,1.1,.429,0.0,0.0,,0.5,1.1,.429,.429,0.4,0.5,.750,1.2,1.4,2.6,0.4,0.2,0.6,0.6,2.6,1.3,mensana01
330,Sam Merrill,SG,27,CLE,48,1,16.7,2.6,6.4,.408,2.3,5.7,.408,0.3,0.7,.412,.590,0.3,0.3,.933,0.4,1.5,1.9,1.7,0.3,0.0,0.3,1.1,7.8,merrisa01
331,Chimezie Metu,C,26,PHO,37,5,12.1,1.8,3.5,.508,0.4,1.4,.294,1.4,2.1,.646,.565,1.0,1.2,.884,0.6,2.3,3.0,0.5,0.5,0.2,0.7,1.1,5.0,metuch01
332,Vasilije Micić,PG,30,TOT,46,7,16.9,2.4,5.3,.443,0.6,2.2,.277,1.8,3.2,.559,.500,1.0,1.2,.815,0.2,1.0,1.3,3.7,0.4,0.1,1.4,1.0,6.3,micicva01
332,Vasilije Micić,PG,30,OKC,30,0,12.0,1.2,3.0,.407,0.4,1.5,.244,0.9,1.5,.565,.467,0.5,0.6,.737,0.0,0.8,0.8,2.5,0.3,0.1,1.0,0.7,3.3,micicva01
332,Vasilije Micić,PG,30,CHO,16,7,25.9,4.5,9.7,.465,1.1,3.5,.304,3.4,6.2,.556,.519,1.9,2.2,.857,0.6,1.6,2.1,5.9,0.7,0.1,2.3,1.4,11.9,micicva01
333,Khris Middleton,SF,32,MIL,43,43,26.3,5.6,11.6,.487,1.7,4.5,.378,3.9,7.1,.556,.560,1.8,2.2,.832,0.6,3.7,4.3,5.0,0.9,0.3,2.1,2.4,14.8,middlkh01
334,Brandon Miller,SF,21,CHO,60,54,32.1,6.3,14.5,.436,2.4,6.4,.368,4.0,8.2,.489,.517,1.8,2.2,.817,0.9,3.4,4.2,2.4,1.0,0.6,1.7,2.6,16.8,millebr02
335,Jordan Miller,SF,24,LAC,7,0,3.7,0.7,1.3,.556,0.1,0.3,.500,0.6,1.0,.571,.611,0.3,0.3,1.000,0.4,0.3,0.7,0.0,0.0,0.0,0.1,0.3,1.9,millejo02
336,Leonard Miller,SF,20,MIN,8,0,3.5,0.9,1.4,.636,0.1,0.4,.333,0.8,1.0,.750,.682,0.0,0.0,,0.3,1.3,1.5,0.4,0.1,0.1,0.1,0.5,1.9,millele01
337,Dariq Whitehead,SF,19,BRK,2,0,12.0,0.5,2.5,.200,0.0,1.5,.000,0.5,1.0,.500,.200,0.5,1.0,.500,0.0,2.0,2.0,1.5,0.0,0.5,0.0,0.0,1.5,whiteda01
338,Patty Mills,PG,35,TOT,23,0,11.3,1.2,3.3,.373,0.7,2.1,.354,0.5,1.2,.407,.487,0.0,0.0,,0.2,1.0,1.2,0.8,0.5,0.0,0.5,0.9,3.2,millspa02
338,Patty Mills,PG,35,ATL,19,0,10.6,1.0,2.7,.373,0.7,1.8,.382,0.3,0.9,.353,.500,0.0,0.0,,0.3,0.8,1.1,0.7,0.5,0.1,0.4,0.9,2.7,millspa02
338,Patty Mills,PG,35,MIA,4,0,14.8,2.3,6.0,.375,1.0,3.5,.286,1.3,2.5,.500,.458,0.0,0.0,,0.0,1.8,1.8,1.3,0.8,0.0,1.0,1.0,5.5,millspa02
339,Shake Milton,SG,27,TOT,44,0,12.7,1.7,4.3,.399,0.4,1.4,.270,1.3,2.8,.464,.444,0.9,1.1,.816,0.3,1.3,1.6,1.3,0.4,0.1,0.7,1.1,4.7,miltosh01
339,Shake Milton,SG,27,MIN,38,0,12.9,1.7,4.2,.400,0.4,1.4,.264,1.3,2.8,.467,.444,0.9,1.2,.818,0.2,1.2,1.3,1.3,0.4,0.1,0.7,1.2,4.7,miltosh01
339,Shake Milton,SG,27,DET,4,0,15.8,2.8,6.5,.423,0.8,2.3,.333,2.0,4.3,.471,.481,0.5,0.8,.667,1.8,2.8,4.5,1.5,0.5,0.3,0.8,0.8,6.8,miltosh01
339,Shake Milton,SG,27,NYK,2,0,2.5,0.0,1.0,.000,0.0,0.5,.000,0.0,0.5,.000,.000,1.0,1.0,1.000,0.0,0.0,0.0,0.0,0.0,0.0,0.0,0.5,1.0,miltosh01
340,Justin Minaya,SF,24,POR,23,0,8.3,0.4,1.5,.257,0.2,1.0,.217,0.2,0.5,.333,.329,0.2,0.3,.500,0.5,0.6,1.1,0.4,0.3,0.2,0.3,0.6,1.2,minayju01
341,Josh Minott,SF,21,MIN,23,0,2.9,0.4,1.1,.400,0.0,0.3,.143,0.4,0.8,.500,.420,0.5,0.6,.857,0.1,0.4,0.6,0.2,0.1,0.2,0.1,0.3,1.4,minotjo01
342,Davion Mitchell,PG,25,SAC,55,4,13.7,1.7,3.8,.452,0.7,2.0,.333,1.1,1.9,.578,.538,0.4,0.5,.741,0.2,0.9,1.1,1.7,0.2,0.1,0.6,1.2,4.5,mitchda01
343,Donovan Mitchell,SG,27,CLE,48,48,35.5,9.6,20.4,.470,3.4,9.1,.373,6.2,11.3,.548,.553,5.2,6.0,.861,0.9,4.5,5.4,6.1,1.8,0.5,2.9,2.3,27.7,mitchdo01
344,Evan Mobley,PF,22,CLE,38,38,31.1,6.5,11.2,.578,0.3,0.9,.314,6.2,10.3,.602,.591,2.3,3.3,.704,2.4,7.8,10.2,3.1,0.9,1.6,1.9,2.8,15.6,mobleev01
345,Isaiah Mobley,PF,24,CLE,6,0,8.5,0.8,2.2,.385,0.3,1.2,.286,0.5,1.0,.500,.462,0.0,0.0,,0.0,1.0,1.0,1.0,0.2,0.0,0.2,0.8,2.0,mobleis01
346,Malik Monk,SG,25,SAC,64,0,26.2,5.6,12.5,.449,2.2,6.0,.370,3.4,6.5,.522,.538,2.3,2.8,.811,0.4,2.6,3.0,5.3,0.6,0.6,2.1,2.1,15.7,monkma01
347,Moses Moody,SG,21,GSW,51,8,17.8,3.0,6.6,.457,1.0,3.1,.327,2.0,3.5,.570,.533,1.1,1.4,.789,1.1,2.1,3.2,0.7,0.7,0.5,0.7,1.3,8.1,moodymo01
348,Xavier Moon,SG,29,LAC,4,0,4.5,0.5,0.8,.667,0.0,0.3,.000,0.5,0.5,1.000,.667,0.0,0.0,,0.0,0.5,0.5,0.8,0.0,0.0,0.5,0.3,1.0,moonxa01
349,Taze Moore,SG,25,POR,3,0,3.3,1.0,1.7,.600,0.0,0.7,.000,1.0,1.0,1.000,.600,0.0,0.0,,0.0,0.0,0.0,0.3,0.3,0.0,0.3,0.7,2.0,mooreta02
350,Wendell Moore Jr.,SG,22,MIN,16,0,3.0,0.3,0.6,.500,0.0,0.3,.000,0.3,0.4,.833,.500,0.0,0.0,,0.0,0.4,0.4,0.1,0.3,0.1,0.2,0.3,0.6,moorewe01
351,Ja Morant,PG,24,MEM,9,9,35.3,8.9,18.9,.471,1.6,5.7,.275,7.3,13.2,.555,.512,5.8,7.1,.813,0.7,4.9,5.6,8.1,0.8,0.6,3.0,2.1,25.1,moranja01
352,Marcus Morris,PF,34,PHI,37,7,17.2,2.4,5.5,.439,1.0,2.4,.400,1.5,3.1,.470,.527,0.8,1.0,.861,0.5,2.5,2.9,0.7,0.4,0.3,0.5,1.6,6.7,morrima03
353,Markieff Morris,PF,34,DAL,20,1,8.4,1.0,2.6,.365,0.6,1.6,.375,0.4,1.0,.350,.481,0.2,0.2,.750,0.2,1.3,1.5,0.6,0.3,0.1,0.5,0.6,2.7,morrima02
354,Monte Morris,PG,28,TOT,17,0,14.2,2.0,5.3,.378,0.6,2.1,.306,1.4,3.2,.426,.439,0.4,0.5,.667,0.3,1.4,1.7,2.4,0.5,0.2,0.2,0.4,5.0,morrimo01
354,Monte Morris,PG,28,DET,6,0,11.3,2.0,5.5,.364,0.3,1.8,.182,1.7,3.7,.455,.394,0.2,0.3,.500,0.3,1.7,2.0,1.3,0.2,0.2,0.3,0.2,4.5,morrimo01
354,Monte Morris,PG,28,MIN,11,0,15.7,2.0,5.2,.386,0.8,2.3,.360,1.2,2.9,.406,.465,0.5,0.6,.714,0.3,1.3,1.5,2.9,0.6,0.2,0.2,0.5,5.3,morrimo01
355,Trey Murphy III,SF,23,NOP,41,10,27.3,4.7,10.5,.443,2.9,7.7,.376,1.8,2.9,.624,.580,1.7,2.2,.769,0.6,3.6,4.2,1.9,0.8,0.5,0.5,1.2,13.9,murphtr02
356,Dejounte Murray,SG,27,ATL,63,63,35.4,8.5,18.3,.464,2.4,6.6,.364,6.1,11.7,.522,.530,2.9,3.6,.810,0.7,4.5,5.3,5.8,1.3,0.3,2.4,1.7,22.3,murrade01
357,Jamal Murray,PG,26,DEN,51,51,32.0,8.0,16.6,.479,2.4,5.7,.416,5.6,10.9,.512,.551,2.6,3.1,.841,0.7,3.4,4.1,6.6,0.9,0.6,2.1,1.8,20.9,murraja01
358,Keegan Murray,SF,23,SAC,60,60,33.0,5.6,12.1,.462,2.2,6.1,.359,3.4,6.0,.569,.553,1.4,1.7,.840,1.3,4.1,5.3,1.6,1.1,0.7,0.9,2.7,14.8,murrake02
359,Kris Murray,SF,23,POR,46,13,17.6,1.8,4.5,.402,0.6,2.3,.269,1.2,2.3,.533,.469,0.5,0.8,.639,1.0,1.9,2.8,1.1,0.8,0.3,0.8,1.2,4.8,murrakr01
360,Mike Muscala,C,32,TOT,41,6,12.9,1.2,3.5,.350,0.7,2.2,.304,0.5,1.2,.431,.448,0.4,0.6,.708,0.8,1.9,2.7,0.8,0.2,0.3,0.4,1.1,3.5,muscami01
360,Mike Muscala,C,32,WAS,24,2,14.1,1.4,3.8,.367,0.6,2.1,.275,0.8,1.6,.487,.444,0.6,0.8,.750,0.9,2.2,3.1,0.9,0.2,0.3,0.7,1.3,4.0,muscami01
360,Mike Muscala,C,32,DET,13,4,13.2,1.2,3.4,.341,1.0,2.6,.382,0.2,0.8,.200,.489,0.2,0.3,.500,0.8,1.5,2.2,0.8,0.2,0.4,0.2,1.0,3.5,muscami01
360,Mike Muscala,C,32,OKC,4,0,5.0,0.5,2.3,.222,0.3,1.8,.143,0.3,0.5,.500,.278,0.0,0.0,,0.0,1.3,1.3,0.3,0.0,0.0,0.0,0.5,1.3,muscami01
361,Svi Mykhailiuk,SF,26,BOS,27,0,7.7,1.0,2.7,.351,0.7,2.2,.322,0.3,0.6,.467,.480,0.1,0.2,.500,0.3,0.7,1.0,0.5,0.3,0.0,0.3,0.4,2.7,mykhasv01
362,Larry Nance Jr.,C,31,NOP,48,0,18.9,2.1,3.7,.582,0.4,1.0,.429,1.7,2.7,.641,.641,0.8,1.0,.750,1.5,3.6,5.0,1.6,1.0,0.4,0.8,1.5,5.5,nancela02
363,Pete Nance,PF,23,CLE,3,0,2.3,0.0,0.7,.000,0.0,0.0,,0.0,0.7,.000,.000,0.0,0.0,,0.0,0.3,0.3,0.0,0.0,0.0,0.0,0.0,0.0,nancepe01
364,Andrew Nembhard,PG,24,IND,53,32,24.0,3.8,7.7,.489,0.8,2.4,.346,2.9,5.3,.553,.543,0.6,0.8,.810,0.6,1.5,2.1,4.2,0.9,0.1,1.6,2.0,9.0,nembhan01
365,Aaron Nesmith,SF,24,IND,58,33,27.3,4.4,8.8,.502,2.1,4.7,.444,2.3,4.1,.567,.620,1.4,1.9,.735,0.8,2.9,3.8,1.4,1.0,0.7,0.9,3.3,12.3,nesmiaa01
366,Georges Niang,PF,30,CLE,66,6,21.8,3.3,7.6,.442,1.7,4.7,.367,1.6,2.9,.566,.556,0.6,0.7,.833,0.3,3.3,3.6,1.2,0.3,0.2,0.8,2.3,9.0,niangge01
367,Daishen Nix,PG,21,MIN,12,0,3.3,0.7,1.7,.400,0.4,1.2,.357,0.3,0.5,.500,.525,0.1,0.3,.250,0.0,0.1,0.1,0.2,0.3,0.0,0.2,0.1,1.8,nixda01
368,Zeke Nnaji,PF,23,DEN,52,0,9.8,1.1,2.6,.440,0.1,0.4,.238,1.0,2.2,.478,.459,0.8,1.1,.712,1.1,1.0,2.1,0.6,0.3,0.7,0.5,1.4,3.2,nnajize01
369,Jaylen Nowell,SG,24,MEM,9,1,17.3,2.4,6.1,.400,0.4,2.6,.174,2.0,3.6,.563,.436,0.3,0.3,1.000,0.3,1.2,1.6,1.8,0.3,0.0,0.6,1.4,5.7,nowelja01
370,Markquis Nowell,SG,24,TOR,1,0,4.0,0.0,1.0,.000,0.0,0.0,,0.0,1.0,.000,.000,2.0,2.0,1.000,2.0,0.0,2.0,2.0,1.0,0.0,0.0,0.0,2.0,nowelma01
371,Frank Ntilikina,PG,25,CHO,5,0,8.6,0.2,1.8,.111,0.2,1.6,.125,0.0,0.2,.000,.167,0.4,0.4,1.000,0.2,1.0,1.2,0.8,0.0,0.0,0.2,0.8,1.0,ntilila01
372,Jusuf Nurkić,C,29,PHO,63,63,27.4,4.5,8.6,.522,0.3,1.4,.241,4.2,7.3,.575,.541,2.2,3.5,.635,2.9,8.1,11.1,3.8,1.0,1.1,2.3,3.4,11.6,nurkiju01
373,Jordan Nwora,SF,25,TOT,38,1,11.4,2.2,5.0,.429,0.8,2.3,.330,1.4,2.7,.515,.505,0.8,0.9,.882,0.5,1.8,2.2,1.0,0.5,0.2,0.7,0.9,5.9,nworajo01
373,Jordan Nwora,SF,25,IND,18,0,10.2,2.1,4.6,.451,0.6,2.0,.306,1.4,2.6,.565,.518,0.5,0.6,.818,0.4,1.4,1.8,1.0,0.3,0.1,0.7,1.1,5.2,nworajo01
373,Jordan Nwora,SF,25,TOR,20,1,12.6,2.3,5.5,.413,0.9,2.6,.346,1.4,2.9,.474,.495,1.1,1.2,.913,0.5,2.1,2.6,1.0,0.6,0.3,0.7,0.9,6.5,nworajo01
374,Royce O'Neale,SF,30,TOT,64,12,25.4,2.6,6.9,.380,2.0,5.5,.363,0.6,1.4,.444,.524,0.3,0.5,.677,0.8,4.0,4.8,3.0,0.8,0.6,1.0,2.4,7.5,onealro01
374,Royce O'Neale,SF,30,BRK,49,6,24.5,2.6,6.6,.388,2.0,5.4,.366,0.6,1.2,.483,.537,0.3,0.4,.682,0.8,3.7,4.5,2.8,0.7,0.6,1.0,2.4,7.4,onealro01
374,Royce O'Neale,SF,30,PHO,15,6,28.3,2.7,7.7,.357,2.0,5.7,.353,0.7,2.0,.367,.487,0.4,0.6,.667,0.7,5.0,5.7,3.5,1.2,0.5,0.7,2.1,7.9,onealro01
375,Chuma Okeke,SF,25,ORL,39,8,10.2,1.0,2.7,.375,0.6,1.9,.303,0.4,0.7,.571,.486,0.1,0.1,.400,0.5,1.4,1.9,0.5,0.2,0.2,0.3,0.5,2.6,okekech01
376,Josh Okogie,SG,25,PHO,54,11,17.1,1.5,3.7,.417,0.5,1.7,.297,1.0,2.0,.519,.485,1.4,1.9,.740,1.3,1.4,2.7,1.1,0.9,0.4,0.6,1.2,4.9,okogijo01
377,Onyeka Okongwu,C,23,ATL,53,8,25.8,4.0,6.6,.610,0.4,1.2,.338,3.6,5.4,.671,.641,1.7,2.2,.800,2.7,4.3,7.0,1.3,0.4,1.1,0.8,3.0,10.2,okongon01
378,Isaac Okoro,SF,23,CLE,57,34,27.2,3.5,7.1,.498,1.2,3.1,.399,2.3,4.0,.575,.585,1.4,2.1,.686,1.1,2.1,3.2,2.0,0.9,0.5,0.8,2.1,9.7,okorois01
379,Kelly Olynyk,C,32,TOT,65,14,21.2,3.2,5.9,.543,0.8,1.9,.400,2.4,4.0,.612,.608,1.8,2.2,.821,1.4,3.7,5.1,4.2,0.9,0.4,1.7,2.8,9.0,olynyke01
379,Kelly Olynyk,C,32,UTA,50,8,20.4,2.9,5.2,.562,0.7,1.7,.429,2.2,3.5,.626,.632,1.6,1.9,.842,1.3,3.8,5.1,4.4,0.7,0.2,1.6,2.6,8.1,olynyke01
379,Kelly Olynyk,C,32,TOR,15,6,24.0,4.3,8.5,.504,0.9,2.7,.341,3.3,5.7,.581,.559,2.3,3.0,.778,1.7,3.3,5.0,3.7,1.5,0.7,1.9,3.4,11.8,olynyke01
380,Eugene Omoruyi,SF,26,WAS,34,0,7.4,1.7,3.4,.491,0.2,0.8,.222,1.5,2.6,.573,.517,0.7,1.0,.727,0.8,1.2,2.0,0.7,0.6,0.0,0.5,1.4,4.2,omorueu01
381,Cedi Osman,SF,28,SAS,63,1,17.4,2.5,5.3,.474,1.1,3.0,.374,1.4,2.3,.608,.581,0.5,0.8,.680,0.4,2.1,2.5,1.7,0.5,0.1,0.7,1.5,6.7,osmande01
382,Kelly Oubre Jr.,SF,28,PHI,53,37,29.4,5.4,12.2,.443,1.4,4.6,.302,4.0,7.6,.527,.499,2.4,3.3,.731,1.3,3.3,4.7,1.2,1.1,0.5,1.1,3.0,14.5,oubreke01
383,Chris Paul,PG,38,GSW,41,14,27.1,3.4,8.0,.430,1.4,3.8,.372,2.0,4.2,.483,.518,1.0,1.2,.833,0.3,3.5,3.9,7.0,1.3,0.1,1.1,1.8,9.3,paulch01
384,Cameron Payne,PG,29,TOT,62,6,16.3,2.6,5.9,.438,1.2,3.2,.379,1.4,2.7,.509,.541,0.9,1.0,.862,0.2,1.2,1.4,2.5,0.5,0.1,0.8,1.6,7.2,payneca01
384,Cameron Payne,PG,29,MIL,47,2,14.9,2.1,4.7,.455,1.1,2.8,.397,1.0,1.9,.538,.572,0.8,0.9,.841,0.1,1.2,1.3,2.3,0.5,0.1,0.7,1.6,6.2,payneca01
384,Cameron Payne,PG,29,PHI,15,4,20.5,3.9,9.4,.411,1.5,4.5,.343,2.3,4.9,.473,.493,1.3,1.4,.905,0.5,1.0,1.5,3.1,0.4,0.3,1.1,1.9,10.5,payneca01
385,Gary Payton II,SG,31,GSW,30,0,15.5,2.3,4.3,.523,0.5,1.4,.333,1.8,2.9,.614,.577,0.3,0.5,.643,1.2,1.7,2.9,1.0,1.0,0.3,0.6,1.6,5.3,paytoga02
386,Drew Peterson,PF,24,BOS,1,0,3.0,1.0,1.0,1.000,1.0,1.0,1.000,0.0,0.0,,1.500,0.0,0.0,,0.0,0.0,0.0,1.0,0.0,0.0,0.0,1.0,3.0,peterdr01
387,Filip Petrušev,C,23,TOT,3,0,3.3,0.3,0.7,.500,0.0,0.0,,0.3,0.7,.500,.500,0.3,0.7,.500,0.0,0.3,0.3,0.0,0.0,0.0,0.0,0.3,1.0,petrufi01
387,Filip Petrušev,C,23,PHI,1,0,3.0,0.0,0.0,,0.0,0.0,,0.0,0.0,,,0.0,0.0,,0.0,1.0,1.0,0.0,0.0,0.0,0.0,0.0,0.0,petrufi01
387,Filip Petrušev,C,23,SAC,2,0,3.5,0.5,1.0,.500,0.0,0.0,,0.5,1.0,.500,.500,0.5,1.0,.500,0.0,0.0,0.0,0.0,0.0,0.0,0.0,0.5,1.5,petrufi01
388,Julian Phillips,SF,20,CHI,40,0,8.1,0.8,1.9,.416,0.3,1.0,.316,0.5,1.0,.513,.494,0.3,0.5,.684,0.3,0.6,0.9,0.3,0.2,0.2,0.3,1.0,2.2,phillju01
389,Jalen Pickett,SG,24,DEN,21,0,5.1,0.6,1.4,.400,0.3,1.0,.318,0.2,0.4,.625,.517,0.1,0.2,.750,0.0,0.5,0.5,0.7,0.1,0.0,0.4,0.5,1.6,pickeja02
390,Scotty Pippen Jr.,PG,23,MEM,9,5,23.1,3.6,7.4,.478,1.4,2.8,.520,2.1,4.7,.452,.575,1.8,2.6,.696,1.0,2.4,3.4,5.1,1.1,0.6,2.0,2.6,10.3,pippesc02
391,Mason Plumlee,C,33,LAC,32,9,15.5,2.1,3.3,.632,0.0,0.0,.000,2.1,3.3,.638,.632,1.5,2.3,.671,1.3,4.0,5.4,1.2,0.3,0.4,0.8,1.5,5.7,plumlma01
392,Brandin Podziemski,SG,20,GSW,57,22,27.0,3.8,8.5,.449,1.3,3.4,.378,2.5,5.1,.495,.524,0.8,1.3,.616,1.5,4.2,5.8,4.0,0.9,0.2,1.3,1.7,9.7,podzibr01
393,Jakob Poeltl,C,28,TOR,50,50,26.4,5.0,7.6,.656,0.0,0.0,,5.0,7.6,.656,.656,1.2,2.1,.551,2.9,5.7,8.6,2.5,0.7,1.5,1.5,3.0,11.1,poeltja01
394,Aleksej Pokusevski,PF,22,TOT,14,0,8.6,0.9,2.6,.361,0.3,1.3,.222,0.6,1.3,.500,.417,0.3,0.4,.667,0.4,1.2,1.6,0.9,0.3,0.4,0.5,0.6,2.4,pokusal01
394,Aleksej Pokusevski,PF,22,OKC,10,0,6.0,0.4,1.6,.250,0.2,1.1,.182,0.2,0.5,.400,.313,0.2,0.4,.500,0.2,0.8,1.0,0.5,0.1,0.1,0.3,0.5,1.2,pokusal01
394,Aleksej Pokusevski,PF,22,CHO,4,0,15.3,2.3,5.0,.450,0.5,1.8,.286,1.8,3.3,.538,.500,0.5,0.5,1.000,1.0,2.3,3.3,2.0,0.8,1.3,1.0,0.8,5.5,pokusal01
395,Jordan Poole,SG,24,WAS,64,52,29.3,6.0,14.6,.407,2.2,6.9,.319,3.8,7.7,.487,.483,2.4,2.8,.862,0.4,2.2,2.6,3.8,1.1,0.4,2.3,3.3,16.5,poolejo01
396,Craig Porter Jr.,PG,23,CLE,42,5,13.6,2.5,4.9,.515,0.3,0.7,.379,2.3,4.2,.537,.541,0.9,1.2,.725,0.5,1.9,2.3,2.5,0.5,0.3,1.0,0.9,6.2,portecr01
397,Jontay Porter,PF,24,TOR,23,5,13.7,1.6,4.1,.379,0.8,2.4,.339,0.7,1.7,.436,.479,0.6,0.7,.813,0.8,2.2,3.0,2.1,0.7,0.8,0.7,1.5,4.5,portejo01
398,Michael Porter Jr.,SF,25,DEN,66,66,31.6,6.4,13.3,.486,2.8,6.9,.399,3.7,6.3,.580,.590,1.0,1.3,.819,1.3,5.7,7.0,1.5,0.5,0.7,1.1,1.9,16.7,portemi01
399,Otto Porter Jr.,SF,30,TOR,15,1,11.6,0.9,2.2,.424,0.5,1.5,.348,0.4,0.7,.600,.545,0.2,0.2,1.000,0.4,1.5,1.9,0.5,0.3,0.3,0.1,1.3,2.6,porteot01
400,Bobby Portis,PF,28,MIL,67,1,24.0,5.3,10.7,.500,1.1,3.0,.378,4.2,7.7,.548,.553,1.3,1.7,.793,1.6,5.5,7.0,1.2,0.7,0.4,1.0,2.3,13.1,portibo01
401,Kristaps Porziņģis,C,28,BOS,46,46,29.8,6.8,13.2,.520,2.0,5.2,.375,4.9,8.0,.615,.594,4.8,5.6,.859,1.6,5.4,7.0,2.0,0.6,1.8,1.6,2.7,20.4,porzikr01
402,Micah Potter,PF,25,UTA,4,0,8.5,1.8,2.0,.875,1.0,1.3,.800,0.8,0.8,1.000,1.125,0.3,0.3,1.000,0.3,1.8,2.0,0.3,0.0,0.0,0.0,0.5,4.8,pottemi01
403,Dwight Powell,C,32,DAL,54,8,14.0,1.3,1.8,.694,0.0,0.0,.500,1.2,1.8,.698,.699,1.1,1.6,.726,1.6,1.9,3.4,1.4,0.4,0.4,0.5,1.9,3.7,poweldw01
404,Norman Powell,SG,30,LAC,65,1,26.0,4.9,10.1,.489,2.2,5.1,.435,2.7,5.0,.543,.598,1.8,2.2,.826,0.2,2.4,2.6,1.1,0.6,0.3,0.9,1.9,13.9,powelno01
405,Jason Preston,PG,24,UTA,2,0,7.0,0.5,1.5,.333,0.0,0.0,,0.5,1.5,.333,.333,0.0,0.0,,1.0,0.5,1.5,1.0,0.0,0.0,1.0,0.5,1.0,prestja01
406,Joshua Primo,SG,21,LAC,2,0,5.0,0.5,1.5,.333,0.0,0.5,.000,0.5,1.0,.500,.333,0.0,0.0,,0.5,0.0,0.5,0.0,0.0,0.5,2.0,0.0,1.0,primojo01
407,Taurean Prince,PF,29,LAL,64,49,28.3,3.3,7.5,.440,1.9,4.8,.389,1.4,2.7,.529,.564,0.6,0.9,.727,0.2,2.7,3.0,1.6,0.8,0.5,0.9,2.0,9.1,princta02
408,Payton Pritchard,PG,26,BOS,66,1,20.5,2.9,6.6,.438,1.7,4.4,.377,1.3,2.3,.557,.563,0.5,0.6,.821,0.8,2.3,3.2,2.7,0.4,0.1,0.7,1.2,8.0,pritcpa01
409,Olivier-Maxence Prosper,PF,21,DAL,33,0,7.9,0.8,2.2,.351,0.2,1.0,.235,0.5,1.2,.450,.405,0.7,1.0,.676,0.5,1.3,1.9,0.6,0.2,0.1,0.2,0.5,2.5,prospol01
410,Trevelin Queen,SG,26,ORL,13,0,12.5,1.1,2.9,.368,0.2,1.3,.176,0.8,1.6,.524,.408,0.7,0.9,.750,0.2,1.2,1.5,1.4,0.5,0.4,0.5,1.2,3.1,queentr01
411,Neemias Queta,C,24,BOS,24,0,11.9,2.0,3.4,.605,0.0,0.0,,2.0,3.4,.605,.605,0.7,0.9,.727,1.9,2.4,4.3,0.5,0.4,0.6,0.4,1.9,4.8,quetane01
412,Immanuel Quickley,PG-SG,24,TOT,61,31,28.9,5.6,12.9,.435,2.5,6.2,.403,3.1,6.7,.466,.532,2.7,3.3,.830,0.2,3.4,3.6,4.6,0.7,0.1,1.3,1.7,16.5,quickim01
412,Immanuel Quickley,SG,24,NYK,30,0,24.0,5.1,11.2,.454,2.1,5.4,.395,2.9,5.8,.509,.549,2.7,3.1,.872,0.2,2.4,2.6,2.5,0.5,0.1,1.0,1.5,15.0,quickim01
412,Immanuel Quickley,PG,24,TOR,31,31,33.6,6.2,14.6,.422,2.9,7.0,.408,3.3,7.6,.434,.520,2.7,3.4,.792,0.3,4.3,4.6,6.7,0.9,0.2,1.6,1.8,17.9,quickim01
413,Lester Quinones,SG,23,GSW,30,0,11.9,1.6,4.0,.395,0.9,2.4,.356,0.7,1.5,.457,.504,0.6,0.8,.680,0.7,1.6,2.2,1.0,0.2,0.1,0.5,1.4,4.6,quinole01
414,Jahmi'us Ramsey,SG,22,TOR,3,0,14.3,1.7,5.0,.333,0.3,2.3,.143,1.3,2.7,.500,.367,1.7,2.0,.833,1.0,3.7,4.7,0.7,0.7,0.0,0.0,1.0,5.3,ramseja01
415,Julius Randle,PF,29,NYK,46,46,35.4,8.6,18.2,.472,1.7,5.3,.311,6.9,12.9,.539,.518,5.1,6.6,.781,2.2,7.0,9.2,5.0,0.5,0.3,3.5,2.7,24.0,randlju01
416,Duop Reath,C,27,POR,52,16,17.8,3.4,7.2,.470,1.3,3.6,.376,2.0,3.6,.565,.565,1.0,1.4,.707,1.5,2.2,3.7,1.0,0.5,0.6,0.8,2.5,9.1,reathdu01
417,Austin Reaves,SG,25,LAL,67,42,31.7,5.6,11.3,.497,1.9,4.9,.385,3.7,6.4,.583,.580,2.8,3.3,.858,0.6,3.5,4.1,5.5,0.9,0.2,2.1,1.8,16.0,reaveau01
418,Cam Reddish,SF,24,LAL,40,26,22.2,2.2,5.4,.406,0.9,2.6,.343,1.3,2.9,.461,.486,0.9,1.2,.771,0.6,1.7,2.3,1.2,1.1,0.3,0.8,1.5,6.2,reddica01
419,Paul Reed,C,24,PHI,66,23,19.0,3.1,5.7,.545,0.3,0.7,.404,2.8,5.0,.565,.570,0.6,0.9,.719,2.3,3.5,5.8,1.3,0.7,1.0,0.7,2.5,7.2,reedpa01
420,Naz Reid,C,24,MIN,66,1,23.5,4.7,9.8,.483,2.0,4.7,.415,2.8,5.1,.546,.583,1.3,1.7,.757,1.0,3.9,4.9,1.2,0.7,0.9,1.2,2.1,12.7,reidna01
421,Jared Rhoden,SG,24,DET,6,0,7.0,1.0,1.8,.545,0.2,0.7,.250,0.8,1.2,.714,.591,0.3,0.3,1.000,0.2,0.7,0.8,0.7,0.0,0.3,0.5,0.7,2.5,rhodeja01
422,Nick Richards,C,26,CHO,57,44,26.5,3.9,5.7,.684,0.0,0.0,.000,3.9,5.6,.686,.684,2.0,2.8,.720,2.7,5.5,8.2,0.8,0.4,1.2,1.1,2.7,9.8,richani01
423,Josh Richardson,SG,30,MIA,43,6,25.7,3.6,8.1,.444,1.5,4.4,.347,2.0,3.7,.561,.539,1.2,1.3,.944,0.4,2.4,2.8,2.4,0.6,0.3,0.8,1.8,9.9,richajo01
424,Duncan Robinson,SF,29,MIA,61,29,28.5,4.7,10.3,.455,2.9,7.1,.401,1.8,3.2,.575,.593,1.2,1.4,.892,0.2,2.3,2.5,3.0,0.7,0.2,1.4,2.3,13.4,robindu01
425,Jerome Robinson,SG,26,GSW,17,0,3.8,0.5,1.5,.320,0.1,0.8,.143,0.4,0.6,.545,.360,0.4,0.6,.600,0.1,0.2,0.3,0.3,0.0,0.2,0.1,0.2,1.4,robinje01
426,Mitchell Robinson,C,25,NYK,21,21,29.2,2.8,4.7,.592,0.0,0.0,,2.8,4.7,.592,.592,0.7,1.8,.368,5.3,5.0,10.3,0.7,1.5,1.3,1.0,1.9,6.2,robinmi01
427,Orlando Robinson,C,23,MIA,28,7,9.9,1.2,2.4,.493,0.3,0.5,.500,0.9,1.9,.491,.545,0.6,0.9,.750,0.9,2.0,2.8,1.0,0.3,0.3,0.6,1.3,3.3,robinor01
428,Jeremiah Robinson-Earl,PF,23,NOP,28,1,9.5,1.3,2.5,.493,0.4,1.1,.400,0.8,1.5,.561,.577,0.4,0.5,.800,0.6,1.5,2.1,0.5,0.3,0.1,0.4,0.6,3.4,robinje02
429,David Roddy,PF,22,TOT,58,13,19.9,2.8,6.9,.404,0.8,2.8,.294,2.0,4.1,.479,.464,0.8,1.2,.691,0.9,2.6,3.5,1.3,0.4,0.2,1.0,1.2,7.2,roddyda01
429,David Roddy,PF,22,MEM,48,13,23.2,3.2,8.0,.402,1.0,3.3,.301,2.3,4.8,.470,.462,1.0,1.4,.687,1.1,3.1,4.2,1.6,0.5,0.2,1.1,1.4,8.4,roddyda01
429,David Roddy,PF,22,PHO,10,0,4.1,0.7,1.5,.467,0.1,0.7,.143,0.6,0.8,.750,.500,0.1,0.1,1.000,0.1,0.4,0.5,0.0,0.0,0.0,0.3,0.2,1.6,roddyda01
430,Ryan Rollins,PG,21,WAS,10,0,6.6,1.3,2.5,.520,0.2,0.3,.667,1.1,2.2,.500,.560,1.3,1.7,.765,0.2,0.9,1.1,1.1,0.8,0.3,0.7,0.7,4.1,rolliry01
431,Derrick Rose,PG,35,MEM,24,7,16.6,3.2,6.9,.461,0.6,1.7,.366,2.5,5.2,.492,.506,1.0,1.1,.889,0.3,1.6,1.9,3.3,0.3,0.1,1.3,0.9,8.0,rosede01
432,Terry Rozier,SG-PG,29,TOT,49,48,34.0,7.3,16.5,.444,2.2,6.6,.334,5.1,9.9,.517,.511,3.2,3.7,.862,0.6,3.5,4.1,6.1,1.0,0.3,1.9,1.8,20.0,roziete01
432,Terry Rozier,SG,29,CHO,30,30,35.5,8.4,18.3,.459,2.8,7.7,.358,5.6,10.6,.533,.535,3.6,4.3,.845,0.6,3.3,3.9,6.6,1.1,0.4,2.2,1.7,23.2,roziete01
432,Terry Rozier,PG,29,MIA,19,18,31.7,5.6,13.6,.411,1.3,4.8,.275,4.3,8.8,.485,.459,2.5,2.7,.904,0.7,3.7,4.5,5.4,0.9,0.3,1.4,1.8,14.9,roziete01
433,Rayan Rupert,SG,19,POR,23,0,9.2,1.0,2.8,.359,0.5,1.3,.414,0.5,1.5,.314,.453,0.3,0.4,.700,0.6,1.0,1.6,0.9,0.2,0.0,0.5,0.8,2.8,ruperra01
434,D'Angelo Russell,PG,27,LAL,62,55,32.0,6.5,14.0,.468,2.8,6.6,.422,3.7,7.3,.510,.569,2.0,2.5,.797,0.4,2.5,3.0,6.2,0.8,0.5,2.0,2.1,17.8,russeda01
435,Matt Ryan,SF,26,NOP,20,1,17.7,2.4,5.2,.452,2.0,4.3,.471,0.4,1.0,.368,.644,0.7,0.7,.929,0.3,1.7,2.0,0.8,0.3,0.1,0.9,1.5,7.4,ryanma01
436,Domantas Sabonis,C,27,SAC,65,65,35.8,8.1,13.2,.615,0.4,1.1,.414,7.7,12.2,.633,.632,3.3,4.8,.700,3.5,10.1,13.6,8.4,0.9,0.6,3.3,3.1,20.1,sabondo01
437,Luka Šamanić,PF,24,UTA,33,3,7.2,1.1,2.9,.368,0.3,1.2,.250,0.8,1.7,.455,.421,0.7,0.8,.852,0.4,1.6,1.9,0.3,0.1,0.2,0.5,0.7,3.1,samanlu01
438,Jermaine Samuels,SF,25,HOU,11,0,4.8,0.7,1.0,.727,0.0,0.2,.000,0.7,0.8,.889,.727,0.2,0.2,1.000,0.2,0.8,1.0,0.2,0.1,0.1,0.0,0.4,1.6,samueje01
439,Adama Sanogo,PF,21,CHI,3,0,3.7,1.0,1.0,1.000,0.0,0.0,,1.0,1.0,1.000,1.000,0.7,1.0,.667,0.7,1.3,2.0,0.0,0.0,0.0,0.3,0.0,2.7,sanogad01
440,Gui Santos,PF,21,GSW,17,0,8.6,1.1,2.3,.487,0.4,1.1,.389,0.7,1.2,.571,.577,0.8,0.9,.933,0.9,1.7,2.6,0.6,0.2,0.1,0.4,1.0,3.5,santogu01
441,Dario Šarić,C,29,GSW,61,9,17.6,2.9,6.2,.465,1.2,3.2,.376,1.7,3.1,.556,.560,1.2,1.5,.854,1.2,3.4,4.5,2.3,0.5,0.1,1.2,1.8,8.2,saricda01
442,Olivier Sarr,C,24,OKC,14,0,6.8,0.8,1.4,.579,0.1,0.4,.333,0.6,0.9,.692,.632,0.7,1.1,.667,0.7,1.8,2.5,0.1,0.0,0.5,0.2,1.3,2.4,sarrol01
443,Marcus Sasser,PG,23,DET,57,0,16.5,2.8,6.2,.448,1.2,2.9,.393,1.6,3.3,.497,.541,0.6,0.8,.860,0.1,1.5,1.6,3.0,0.6,0.1,1.1,1.5,7.4,sassema01
444,Admiral Schofield,PF,26,ORL,17,0,3.4,0.4,1.0,.353,0.2,0.6,.273,0.2,0.4,.500,.441,0.0,0.1,.000,0.1,0.5,0.6,0.3,0.0,0.0,0.2,0.4,0.9,schofad01
445,Dennis Schröder,PG,30,TOT,66,44,30.5,5.0,11.1,.447,1.7,4.4,.382,3.3,6.7,.490,.523,2.2,2.7,.821,0.4,2.3,2.7,6.0,0.8,0.2,1.8,2.0,13.9,schrode01
445,Dennis Schröder,PG,30,TOR,51,33,30.6,4.8,11.0,.442,1.5,4.3,.350,3.3,6.6,.501,.511,2.5,2.9,.852,0.4,2.3,2.7,6.1,0.9,0.2,1.6,2.1,13.7,schrode01
445,Dennis Schröder,PG,30,BRK,15,11,30.1,5.4,11.7,.463,2.3,4.9,.479,3.1,6.8,.451,.563,1.3,2.0,.667,0.3,2.4,2.7,5.7,0.5,0.2,2.5,1.9,14.5,schrode01
446,Dereon Seabron,SG,23,NOP,6,0,9.2,0.7,2.2,.308,0.2,0.3,.500,0.5,1.8,.273,.346,0.8,1.0,.833,0.2,1.0,1.2,0.8,0.3,0.2,0.0,0.7,2.3,seabrde01
447,Alperen Sengun,C,21,HOU,63,63,32.5,8.4,15.6,.537,0.5,1.8,.297,7.8,13.8,.567,.553,3.9,5.6,.693,2.9,6.4,9.3,5.0,1.2,0.7,2.6,3.3,21.1,sengual01
448,Brice Sensabaugh,SF,20,UTA,16,4,13.9,2.1,4.5,.458,0.6,2.2,.286,1.4,2.3,.622,.528,0.8,0.8,.923,0.3,1.8,2.1,1.0,0.3,0.0,1.1,1.1,5.5,sensabr01
449,Collin Sexton,SG,25,UTA,66,43,25.6,6.2,12.8,.486,1.7,4.2,.404,4.5,8.6,.525,.552,4.1,4.8,.861,0.9,1.7,2.6,4.7,0.8,0.2,2.0,2.0,18.2,sextoco01
450,Landry Shamet,SG,26,WAS,46,5,15.8,2.6,6.0,.431,1.2,3.4,.338,1.4,2.5,.556,.527,0.8,1.0,.826,0.3,1.0,1.3,1.2,0.5,0.2,0.7,1.7,7.1,shamela01
451,Day'Ron Sharpe,C,22,BRK,49,1,15.5,2.8,4.8,.582,0.1,0.2,.333,2.7,4.6,.596,.591,1.4,2.2,.618,2.6,3.9,6.5,1.5,0.4,0.7,1.0,2.2,7.1,sharpda01
452,Shaedon Sharpe,SG,20,POR,32,25,33.1,5.5,13.6,.406,1.9,5.6,.333,3.6,7.9,.457,.475,3.1,3.7,.824,1.3,3.7,5.0,2.9,0.9,0.4,2.3,2.8,15.9,sharpsh01
453,Ben Sheppard,SG,22,IND,42,0,12.3,1.4,3.5,.407,0.8,2.4,.340,0.6,1.1,.556,.524,0.4,0.5,.842,0.2,1.3,1.5,0.7,0.5,0.0,0.2,1.5,4.0,sheppbe01
454,Pascal Siakam,PF,29,TOT,65,65,34.0,8.3,15.6,.533,1.1,3.4,.338,7.2,12.3,.586,.569,3.6,4.9,.740,1.6,5.1,6.7,4.6,0.8,0.3,1.8,2.4,21.4,siakapa01
454,Pascal Siakam,PF,29,TOR,39,39,34.7,8.3,16.0,.522,1.2,3.7,.317,7.2,12.3,.584,.559,4.3,5.7,.758,1.4,4.9,6.3,4.9,0.8,0.3,2.1,2.2,22.2,siakapa01
454,Pascal Siakam,PF,29,IND,26,26,32.8,8.3,15.2,.551,1.1,2.8,.378,7.3,12.3,.591,.586,2.6,3.7,.698,1.9,5.3,7.2,4.2,0.8,0.4,1.4,2.6,20.3,siakapa01
455,Ben Simmons,PG,27,BRK,15,12,23.9,2.9,4.9,.581,0.0,0.0,,2.9,4.9,.581,.581,0.4,1.0,.400,2.1,5.9,7.9,5.7,0.8,0.6,1.8,2.4,6.1,simmobe01
456,Anfernee Simons,SG,24,POR,42,42,34.7,8.0,18.5,.429,3.4,8.9,.387,4.5,9.7,.468,.522,3.7,4.0,.917,0.5,3.2,3.7,5.5,0.5,0.1,2.8,2.2,23.0,simonan01
457,Jericho Sims,C,25,NYK,38,10,13.6,1.0,1.3,.745,0.0,0.0,,1.0,1.3,.745,.745,0.3,0.5,.650,1.3,2.1,3.4,0.6,0.2,0.4,0.3,0.9,2.3,simsje01
458,Dmytro Skapintsev,C,25,NYK,2,0,1.0,0.0,0.5,.000,0.0,0.0,,0.0,0.5,.000,.000,0.0,0.0,,0.0,0.0,0.0,0.0,0.0,0.0,0.0,0.0,0.0,skapidm01
459,Jalen Slawson,SF,24,SAC,6,0,3.3,0.3,0.5,.667,0.0,0.2,.000,0.3,0.3,1.000,.667,0.0,0.0,,0.0,0.8,0.8,0.3,0.0,0.2,0.3,0.7,0.7,slawsja01
460,Javonte Smart,PG,24,PHI,1,0,1.0,0.0,0.0,,0.0,0.0,,0.0,0.0,,,0.0,0.0,,0.0,0.0,0.0,0.0,0.0,0.0,0.0,0.0,0.0,smartja01
461,Marcus Smart,PG,29,MEM,20,20,30.3,5.1,11.9,.430,2.1,6.7,.313,3.0,5.2,.583,.519,2.2,2.8,.768,0.3,2.4,2.7,4.3,2.1,0.3,3.1,2.7,14.5,smartma01
462,Dennis Smith Jr.,PG,26,BRK,50,2,19.7,2.7,6.4,.431,0.6,2.0,.284,2.2,4.3,.500,.476,0.8,1.1,.750,1.0,2.2,3.2,3.7,1.2,0.2,1.2,2.3,6.9,smithde03
463,Dru Smith,SG,26,MIA,9,0,14.6,1.7,3.7,.455,0.8,1.9,.412,0.9,1.8,.500,.561,0.2,0.2,1.000,0.7,0.9,1.6,1.6,1.0,0.3,0.6,1.3,4.3,smithdr01
464,Ish Smith,PG,35,CHO,43,5,17.2,1.5,3.7,.418,0.1,0.2,.500,1.4,3.5,.413,.430,0.1,0.1,.750,0.3,1.5,1.8,3.4,0.4,0.1,1.1,1.1,3.2,smithis01
465,Jabari Smith Jr.,PF,20,HOU,61,61,32.0,4.9,10.8,.450,1.7,4.8,.360,3.1,6.0,.522,.530,2.0,2.4,.821,2.0,6.6,8.5,1.5,0.8,0.7,1.2,2.7,13.4,smithja05
466,Jalen Smith,C,23,IND,47,13,17.7,4.0,6.6,.617,1.1,2.4,.442,3.0,4.1,.718,.698,1.2,1.8,.690,1.6,3.9,5.6,1.1,0.2,0.6,0.8,2.1,10.4,smithja04
467,Nick Smith Jr.,SG,19,CHO,41,0,15.2,2.2,5.7,.393,1.2,2.9,.429,1.0,2.8,.357,.502,0.3,0.3,.846,0.4,1.0,1.4,1.2,0.2,0.2,0.8,1.3,6.0,smithni01
468,Terquavion Smith,PG,21,PHI,12,0,5.8,1.3,3.3,.400,1.0,2.6,.387,0.3,0.8,.444,.550,0.2,0.3,.667,0.0,0.2,0.2,0.8,0.6,0.0,0.3,0.3,3.8,smithte01
469,Jeremy Sochan,PF,20,SAS,67,66,29.6,4.6,10.4,.446,1.0,2.9,.330,3.7,7.5,.491,.492,1.5,1.9,.775,1.8,4.4,6.2,3.4,0.8,0.5,1.9,2.4,11.7,sochaje01
470,Pat Spencer,PG,27,GSW,2,0,1.5,0.0,0.0,,0.0,0.0,,0.0,0.0,,,0.0,0.0,,0.0,0.0,0.0,0.5,0.0,0.0,0.0,0.0,0.0,spencpa01
471,Jaden Springer,SG-PG,21,TOT,40,1,10.0,1.2,3.2,.381,0.2,1.0,.205,1.0,2.2,.460,.413,0.7,0.9,.824,0.7,0.9,1.6,0.9,0.7,0.3,0.7,1.3,3.3,sprinja01
471,Jaden Springer,SG,21,PHI,32,1,11.8,1.4,3.7,.390,0.3,1.2,.216,1.2,2.5,.469,.424,0.9,1.1,.824,0.8,1.0,1.8,1.1,0.8,0.3,0.8,1.5,4.0,sprinja01
471,Jaden Springer,PG,21,BOS,8,0,2.8,0.3,1.0,.250,0.0,0.3,.000,0.3,0.8,.333,.250,0.0,0.0,,0.4,0.1,0.5,0.1,0.1,0.0,0.1,0.4,0.5,sprinja01
472,Lamar Stevens,PF,26,TOT,31,2,12.3,2.5,5.2,.475,0.3,0.8,.400,2.1,4.4,.489,.506,0.8,1.1,.743,0.8,2.1,2.9,0.5,0.4,0.5,0.7,1.2,6.1,stevela01
472,Lamar Stevens,PF,26,BOS,19,1,6.4,1.1,2.4,.467,0.2,0.4,.375,0.9,1.9,.486,.500,0.4,0.6,.727,0.6,1.0,1.6,0.4,0.3,0.3,0.5,0.7,2.8,stevela01
472,Lamar Stevens,PF,26,MEM,12,1,21.7,4.6,9.6,.478,0.6,1.4,.412,4.0,8.2,.490,.509,1.5,2.0,.750,1.2,3.8,4.9,0.7,0.6,0.9,1.2,1.8,11.3,stevela01
473,Isaiah Stewart,PF,22,DET,44,43,31.1,4.1,8.4,.484,1.5,3.8,.381,2.6,4.6,.569,.570,1.5,1.9,.753,1.6,5.0,6.7,1.6,0.4,0.8,1.5,2.3,11.0,stewais01
474,Julian Strawther,SF,21,DEN,41,0,12.1,1.8,4.9,.375,0.9,3.0,.304,0.9,1.8,.493,.470,0.4,0.6,.720,0.1,1.2,1.3,1.0,0.4,0.2,0.4,1.2,5.0,strawju01
475,Max Strus,SF,27,CLE,60,60,32.2,4.4,10.6,.412,2.4,7.1,.340,2.0,3.6,.553,.525,1.0,1.3,.785,0.9,3.9,4.7,3.8,0.9,0.5,1.5,2.6,12.2,strusma01
476,Jalen Suggs,SG,22,ORL,60,60,26.7,4.4,9.6,.463,2.1,5.3,.397,2.3,4.3,.543,.572,1.4,1.8,.752,0.7,2.6,3.2,2.6,1.4,0.6,1.9,2.8,12.3,suggsja01
477,Cole Swider,SF,24,MIA,11,0,5.0,0.8,2.3,.360,0.5,1.7,.263,0.4,0.5,.667,.460,0.2,0.2,1.000,0.1,0.3,0.4,0.4,0.1,0.1,0.5,0.2,2.3,swideco01
478,Jae'Sean Tate,SF,28,HOU,56,9,16.8,1.7,3.6,.466,0.4,1.2,.304,1.3,2.4,.548,.517,0.4,0.6,.667,1.0,2.3,3.2,1.0,0.7,0.2,0.5,2.2,4.2,tateja01
479,Jayson Tatum,PF,25,BOS,63,63,35.8,9.2,19.4,.474,3.1,8.3,.376,6.1,11.1,.547,.555,5.5,6.6,.829,0.9,7.4,8.3,4.9,1.0,0.6,2.5,2.0,27.0,tatumja01
480,Terry Taylor,PF,24,CHI,26,0,6.6,0.7,1.4,.500,0.1,0.3,.222,0.6,1.0,.593,.528,0.1,0.1,.667,0.6,0.7,1.3,0.3,0.2,0.1,0.3,0.6,1.5,taylote01
481,Garrett Temple,SG,37,TOR,16,0,4.3,0.5,1.3,.381,0.1,0.6,.222,0.4,0.8,.500,.429,0.3,0.4,.833,0.3,0.4,0.7,0.4,0.2,0.0,0.3,0.4,1.4,templga01
482,Dalen Terry,SG,21,CHI,44,1,9.8,0.8,2.1,.398,0.3,1.1,.224,0.6,1.0,.591,.457,0.4,0.7,.633,0.4,1.2,1.6,1.2,0.4,0.2,0.5,1.2,2.4,terryda01
483,Daniel Theis,C,31,TOT,51,3,16.9,2.6,4.8,.530,0.4,1.1,.357,2.2,3.7,.581,.571,0.6,0.9,.727,1.4,2.5,3.9,1.0,0.4,0.8,0.7,2.2,6.2,theisda01
483,Daniel Theis,C,31,IND,1,0,8.0,1.0,4.0,.250,0.0,1.0,.000,1.0,3.0,.333,.250,0.0,0.0,,0.0,0.0,0.0,0.0,0.0,0.0,0.0,1.0,2.0,theisda01
483,Daniel Theis,C,31,LAC,50,3,17.1,2.6,4.9,.535,0.4,1.1,.364,2.2,3.8,.585,.576,0.6,0.9,.727,1.5,2.5,4.0,1.0,0.4,0.9,0.7,2.2,6.2,theisda01
484,Cam Thomas,SG,22,BRK,51,36,30.0,7.7,17.5,.440,2.1,5.6,.372,5.6,11.8,.473,.501,3.8,4.5,.832,0.4,2.6,3.0,2.7,0.7,0.2,1.8,2.1,21.3,thomaca02
485,Amen Thompson,SF,21,HOU,47,8,19.9,3.3,6.3,.520,0.2,1.1,.157,3.1,5.3,.595,.534,1.4,2.1,.660,1.8,3.9,5.7,2.3,1.2,0.7,1.4,2.3,8.1,thompam01
486,Ausar Thompson,SF,21,DET,63,38,25.1,3.7,7.6,.483,0.3,1.8,.186,3.3,5.8,.575,.505,1.1,1.9,.597,2.0,4.3,6.4,1.9,1.1,0.9,1.3,2.8,8.8,thompau01
487,Klay Thompson,SF,33,GSW,62,53,29.6,6.0,14.4,.419,3.3,8.7,.380,2.7,5.7,.479,.534,1.7,1.8,.912,0.5,2.9,3.4,2.1,0.6,0.5,1.5,1.7,17.0,thompkl01
488,Tristan Thompson,C,32,CLE,36,0,12.4,1.7,2.6,.649,0.0,0.0,.000,1.7,2.6,.656,.649,0.4,1.2,.310,1.6,2.3,3.9,1.1,0.2,0.3,0.6,1.4,3.8,thomptr01
489,JT Thor,PF,21,CHO,51,1,12.4,1.1,3.0,.377,0.4,1.3,.328,0.7,1.6,.417,.450,0.1,0.3,.538,0.8,1.5,2.3,0.4,0.2,0.4,0.3,0.9,2.8,thorjt01
490,Matisse Thybulle,SF,26,POR,63,19,23.4,2.0,5.0,.401,1.3,3.6,.351,0.7,1.4,.535,.529,0.3,0.5,.759,0.5,1.7,2.1,1.4,1.8,0.8,0.6,1.5,5.6,thybuma01
491,Xavier Tillman Sr.,C-PF,25,TOT,40,13,19.8,2.5,5.8,.427,0.4,1.5,.250,2.1,4.3,.488,.459,0.5,1.1,.444,1.6,2.9,4.5,1.6,1.1,1.0,0.7,1.7,5.8,tillmxa01
491,Xavier Tillman Sr.,C,25,MEM,34,13,20.6,2.6,6.3,.408,0.4,1.6,.226,2.2,4.7,.469,.437,0.5,1.3,.419,1.6,3.0,4.6,1.7,1.2,1.0,0.9,1.8,6.0,tillmxa01
491,Xavier Tillman Sr.,PF,25,BOS,6,0,15.5,2.0,3.2,.632,0.5,1.2,.429,1.5,2.0,.750,.711,0.3,0.3,1.000,1.0,2.5,3.5,0.8,0.3,0.5,0.0,1.0,4.8,tillmxa01
492,Jacob Toppin,SF,23,NYK,9,0,4.2,0.6,1.0,.556,0.1,0.4,.250,0.4,0.6,.800,.611,0.2,0.2,1.000,0.3,0.4,0.8,0.3,0.0,0.1,0.1,0.3,1.4,toppija01
493,Obi Toppin,PF,25,IND,67,28,21.8,4.0,7.2,.563,1.2,3.1,.393,2.8,4.1,.691,.648,1.0,1.3,.747,1.0,2.9,3.9,1.5,0.5,0.5,0.9,1.8,10.3,toppiob01
494,Juan Toscano-Anderson,SF,30,SAC,11,0,4.8,0.3,1.1,.250,0.1,0.4,.250,0.2,0.7,.250,.292,0.0,0.0,,0.4,0.9,1.3,0.4,0.1,0.1,0.2,1.0,0.6,toscaju01
495,Karl-Anthony Towns,PF,28,MIN,60,60,32.8,7.9,15.5,.506,2.2,5.3,.423,5.6,10.3,.550,.578,4.2,4.8,.874,1.5,6.9,8.4,3.0,0.7,0.7,2.8,3.3,22.1,townska01
496,Gary Trent Jr.,SG,25,TOR,60,30,27.4,4.7,11.0,.424,2.5,6.2,.409,2.1,4.8,.444,.539,0.8,1.1,.712,0.3,2.2,2.5,1.5,1.0,0.2,0.7,1.3,12.7,trentga02
497,Oscar Tshiebwe,PF,24,IND,8,0,5.3,1.3,2.5,.500,0.0,0.0,,1.3,2.5,.500,.500,0.8,1.0,.750,1.0,1.0,2.0,0.3,0.3,0.1,0.0,0.4,3.3,tshieos01
498,P.J. Tucker,PF,38,TOT,20,4,16.0,0.6,1.6,.344,0.4,1.3,.320,0.2,0.4,.429,.469,0.2,0.2,1.000,1.1,1.8,2.8,0.5,0.5,0.4,0.4,2.0,1.7,tuckepj01
498,P.J. Tucker,PF,38,PHI,3,3,22.0,0.7,1.7,.400,0.7,1.7,.400,0.0,0.0,,.600,0.0,0.0,,0.3,4.3,4.7,0.0,1.0,0.7,0.7,3.0,2.0,tuckepj01
498,P.J. Tucker,PF,38,LAC,17,1,14.9,0.5,1.6,.333,0.4,1.2,.300,0.2,0.4,.429,.444,0.2,0.2,1.000,1.2,1.3,2.5,0.6,0.4,0.3,0.3,1.8,1.6,tuckepj01
499,Myles Turner,C,27,IND,63,63,27.4,6.3,12.0,.525,1.4,4.1,.345,4.9,7.9,.618,.583,3.4,4.3,.779,1.6,5.5,7.0,1.3,0.5,1.8,1.5,3.1,17.3,turnemy01
500,Hunter Tyson,PF,23,DEN,11,0,2.9,0.3,1.0,.273,0.2,0.8,.222,0.1,0.2,.500,.364,0.0,0.0,,0.1,0.7,0.8,0.1,0.0,0.0,0.2,0.6,0.7,tysonhu01
501,Stanley Umude,SG,24,DET,21,0,11.0,1.3,3.1,.424,1.0,2.0,.488,0.4,1.2,.320,.576,1.1,1.2,.923,0.3,1.7,2.0,0.4,0.4,0.3,0.6,1.6,4.8,umudest01
502,Jonas Valančiūnas,C,31,NOP,66,66,24.7,5.1,9.2,.558,0.5,1.5,.353,4.6,7.6,.599,.587,2.1,2.6,.805,2.5,6.9,9.4,2.2,0.4,1.0,1.4,2.8,12.9,valanjo01
503,Jarred Vanderbilt,PF,24,LAL,29,6,20.0,2.0,3.9,.518,0.3,0.9,.296,1.8,3.0,.586,.553,0.8,1.2,.667,1.4,3.3,4.8,1.2,1.2,0.2,1.0,1.5,5.2,vandeja01
504,Fred VanVleet,PG,29,HOU,59,59,36.8,5.6,13.5,.416,3.0,7.8,.383,2.6,5.6,.461,.527,2.7,3.2,.866,0.4,3.4,3.8,8.0,1.2,0.8,1.8,2.3,16.9,vanvlfr01
505,Devin Vassell,SG,23,SAS,61,55,32.6,7.1,15.2,.469,2.5,6.6,.384,4.6,8.6,.533,.552,2.4,3.1,.791,0.4,3.4,3.9,3.9,1.0,0.4,1.6,1.0,19.2,vassede01
506,Sasha Vezenkov,PF,28,SAC,35,0,12.6,2.1,4.7,.448,1.1,2.9,.380,1.0,1.9,.554,.564,0.3,0.4,.769,0.9,1.6,2.5,0.4,0.5,0.2,0.3,1.0,5.6,vezenal01
507,Gabe Vincent,PG,27,LAL,5,0,25.4,2.4,6.4,.375,0.4,3.4,.118,2.0,3.0,.667,.406,0.2,0.4,.500,0.4,0.6,1.0,3.0,1.2,0.0,0.4,2.4,5.4,vincega01
508,Nikola Vučević,C,33,CHI,62,60,34.5,7.7,16.3,.476,1.2,4.2,.284,6.5,12.0,.544,.513,1.3,1.5,.844,2.8,7.8,10.6,3.3,0.7,0.8,1.6,2.6,18.0,vucevni01
509,Dean Wade,PF,27,CLE,54,32,20.5,1.8,4.3,.414,1.5,3.7,.391,0.3,0.6,.567,.584,0.4,0.5,.769,0.7,3.4,4.0,0.8,0.7,0.5,0.4,1.7,5.4,wadede01
510,Franz Wagner,SF,22,ORL,59,59,32.9,7.5,15.6,.477,1.4,4.8,.294,6.0,10.8,.560,.523,3.7,4.4,.844,1.0,4.5,5.5,3.9,1.1,0.4,2.1,2.3,20.0,wagnefr01
511,Moritz Wagner,C,26,ORL,65,1,18.1,4.2,7.0,.593,0.5,1.4,.319,3.7,5.6,.665,.626,2.2,2.7,.803,1.5,3.0,4.5,1.2,0.5,0.3,1.2,2.1,11.0,wagnemo01
512,Ish Wainright,SF,29,TOT,8,0,7.1,0.9,3.0,.292,0.9,2.5,.350,0.0,0.5,.000,.438,0.3,0.3,1.000,0.4,1.4,1.8,0.1,0.4,0.1,0.3,0.6,2.9,wainris01
512,Ish Wainright,SF,29,POR,7,0,6.6,0.9,2.6,.333,0.9,2.3,.375,0.0,0.3,.000,.500,0.3,0.3,1.000,0.0,1.3,1.3,0.0,0.3,0.1,0.1,0.6,2.9,wainris01
512,Ish Wainright,SF,29,PHO,1,0,11.0,1.0,6.0,.167,1.0,4.0,.250,0.0,2.0,.000,.250,0.0,0.0,,3.0,2.0,5.0,1.0,1.0,0.0,1.0,1.0,3.0,wainris01
513,Jabari Walker,SF,21,POR,57,15,22.1,3.1,6.7,.469,0.5,1.9,.264,2.6,4.8,.547,.505,1.7,2.2,.768,2.0,4.4,6.5,0.9,0.6,0.4,0.9,2.3,8.5,walkeja01
514,Jarace Walker,PF,20,IND,25,0,10.3,1.4,3.6,.404,0.7,1.8,.391,0.7,1.7,.419,.506,0.3,0.4,.889,0.4,1.5,2.0,1.1,0.5,0.4,0.5,0.9,3.9,walkeja02
515,Lonnie Walker IV,SG,25,BRK,45,0,18.0,4.0,9.0,.446,2.1,5.0,.422,1.9,4.0,.475,.562,0.9,1.2,.774,0.2,1.9,2.1,1.4,0.6,0.3,1.0,1.4,11.0,walkelo01
516,Cason Wallace,SG,20,OKC,66,9,20.4,2.6,5.2,.506,1.2,2.8,.426,1.4,2.4,.603,.622,0.3,0.4,.793,0.6,1.6,2.2,1.4,0.8,0.5,0.5,1.6,6.8,wallaca01
517,Jordan Walsh,SF,19,BOS,4,0,8.3,0.3,1.3,.200,0.0,0.8,.000,0.3,0.5,.500,.200,0.0,0.0,,0.5,2.3,2.8,0.5,0.5,0.3,0.5,1.3,0.5,walshjo01
518,T.J. Warren,SF,30,MIN,4,0,16.0,2.3,4.8,.474,0.3,1.8,.143,2.0,3.0,.667,.500,0.0,0.0,,0.5,1.5,2.0,0.8,0.3,0.0,0.8,2.0,4.8,warretj01
519,P.J. Washington,PF,25,TOT,59,31,29.8,4.9,11.1,.440,1.7,5.5,.309,3.2,5.6,.570,.517,1.5,2.1,.699,1.2,4.1,5.3,2.0,0.9,0.8,1.4,2.4,13.0,washipj01
519,P.J. Washington,PF,25,CHO,44,17,29.2,5.2,11.6,.446,1.8,5.5,.324,3.4,6.0,.558,.524,1.5,2.1,.713,1.2,4.1,5.3,2.2,0.9,0.7,1.5,2.5,13.6,washipj01
519,P.J. Washington,PF,25,DAL,15,14,31.7,4.1,9.9,.419,1.5,5.5,.265,2.7,4.3,.615,.493,1.3,1.9,.655,1.1,4.3,5.4,1.3,1.1,0.9,1.2,1.9,11.0,washipj01
520,TyTy Washington Jr.,PG,22,MIL,5,0,4.2,0.2,1.4,.143,0.2,0.6,.333,0.0,0.8,.000,.214,0.0,0.0,,0.0,0.2,0.2,0.2,0.4,0.0,0.4,0.0,0.6,washity02
521,Yuta Watanabe,SF,29,TOT,34,0,13.6,1.2,3.4,.353,0.7,2.5,.294,0.5,0.9,.516,.461,0.3,0.5,.588,0.3,1.3,1.6,0.4,0.4,0.2,0.6,1.1,3.4,watanyu01
521,Yuta Watanabe,SF,29,PHO,29,0,13.2,1.2,3.3,.361,0.8,2.6,.320,0.4,0.8,.500,.485,0.3,0.5,.667,0.4,1.2,1.6,0.3,0.3,0.2,0.6,1.2,3.6,watanyu01
521,Yuta Watanabe,SF,29,MEM,5,0,16.4,1.2,3.8,.316,0.2,2.0,.100,1.0,1.8,.556,.342,0.0,0.4,.000,0.0,1.8,1.8,1.0,0.6,0.0,0.6,1.0,2.6,watanyu01
522,Lindy Waters III,SG,26,OKC,28,0,6.6,0.9,2.1,.441,0.9,2.0,.436,0.1,0.1,.500,.644,0.0,0.0,,0.1,0.9,1.0,0.5,0.1,0.1,0.2,0.6,2.7,waterli01
523,Trendon Watford,PF,23,BRK,48,0,11.3,2.2,4.2,.530,0.3,0.9,.357,1.9,3.3,.576,.568,0.9,1.1,.882,0.8,1.8,2.6,1.1,0.3,0.3,0.7,1.5,5.7,watfotr01
524,Peyton Watson,SF,21,DEN,65,4,18.4,2.7,5.7,.470,0.6,2.1,.309,2.0,3.6,.564,.527,0.9,1.4,.670,0.6,2.3,3.0,1.0,0.5,1.0,0.7,1.7,6.9,watsope01
525,Victor Wembanyama,C,20,SAS,59,59,28.9,7.5,16.1,.465,1.7,5.1,.331,5.8,11.0,.528,.518,3.9,4.9,.806,2.2,8.1,10.3,3.4,1.3,3.4,3.4,2.2,20.6,wembavi01
526,Blake Wesley,SG,20,SAS,46,1,13.4,1.7,3.3,.507,0.1,0.7,.147,1.5,2.5,.612,.523,0.8,1.2,.661,0.3,1.0,1.3,2.7,0.5,0.2,0.7,1.5,4.2,weslebl01
527,Russell Westbrook,PG,35,LAC,58,10,22.6,4.4,9.8,.452,0.6,2.4,.268,3.8,7.4,.510,.484,1.6,2.3,.677,1.4,3.7,5.1,4.4,1.1,0.4,2.0,1.8,11.1,westbru01
528,Coby White,PG,23,CHI,66,66,36.7,6.9,15.3,.452,2.8,7.3,.388,4.1,8.0,.510,.544,2.8,3.4,.839,0.6,4.1,4.7,5.2,0.7,0.2,2.2,2.4,19.5,whiteco01
529,Derrick White,SG,29,BOS,62,62,32.3,5.3,11.4,.466,2.6,6.5,.400,2.7,4.9,.555,.581,1.9,2.1,.899,0.7,3.5,4.1,5.0,1.0,1.3,1.6,2.1,15.1,whitede01
530,Cam Whitmore,SF,19,HOU,38,1,17.8,4.5,9.6,.464,1.6,4.4,.361,2.9,5.2,.553,.548,1.6,2.3,.670,0.9,3.0,3.9,0.5,0.6,0.3,0.9,1.3,12.1,whitmca01
531,Aaron Wiggins,SG,25,OKC,63,0,14.5,2.4,4.2,.568,0.7,1.6,.480,1.7,2.7,.619,.656,0.6,0.8,.771,0.8,1.5,2.3,0.9,0.6,0.2,0.6,1.1,6.1,wiggiaa01
532,Andrew Wiggins,SF,28,GSW,56,44,26.8,4.8,10.5,.456,1.1,3.3,.352,3.7,7.3,.502,.510,1.8,2.5,.736,1.5,2.7,4.2,1.7,0.6,0.5,1.2,2.1,12.6,wiggian01
533,Lindell Wigginton,PG,25,MIL,3,0,2.7,0.7,1.7,.400,0.0,0.7,.000,0.7,1.0,.667,.400,0.7,0.7,1.000,0.0,0.0,0.0,0.0,0.0,0.0,0.3,0.3,2.0,wiggili01
534,Alondes Williams,SG,24,MIA,2,0,4.5,0.0,1.5,.000,0.0,1.0,.000,0.0,0.5,.000,.000,0.0,0.0,,0.0,0.5,0.5,0.0,0.0,0.0,0.5,0.0,0.0,willial06
535,Brandon Williams,PG,24,DAL,12,0,4.9,0.7,1.8,.364,0.2,0.5,.333,0.5,1.3,.375,.409,0.5,0.9,.545,0.3,0.3,0.6,1.0,0.1,0.1,0.3,0.2,2.0,willibr03
536,Grant Williams,PF,25,TOT,63,37,27.5,3.3,7.6,.437,1.7,4.5,.371,1.6,3.1,.534,.547,1.4,1.8,.775,1.1,2.9,4.0,1.9,0.6,0.5,1.4,2.9,9.6,willigr01
536,Grant Williams,PF,25,DAL,47,33,26.4,2.8,6.7,.413,1.7,4.5,.376,1.1,2.3,.486,.538,0.9,1.2,.745,1.0,2.6,3.6,1.7,0.5,0.6,1.1,2.9,8.1,willigr01
536,Grant Williams,PF,25,CHO,16,4,30.8,4.8,9.9,.484,1.6,4.6,.356,3.2,5.4,.593,.566,2.8,3.5,.804,1.4,3.9,5.3,2.4,0.8,0.4,2.3,2.8,14.1,willigr01
537,Jalen Williams,PF,22,OKC,59,59,31.6,7.5,13.9,.538,1.5,3.4,.450,6.0,10.5,.567,.594,2.6,3.2,.819,0.5,3.5,4.0,4.5,1.1,0.6,1.7,2.6,19.2,willija06
538,Jaylin Williams,C,21,OKC,54,0,12.5,1.3,3.2,.400,0.8,2.1,.366,0.5,1.2,.460,.517,0.4,0.5,.821,0.5,2.7,3.2,1.3,0.4,0.4,0.4,1.4,3.8,willija07
539,Jeenathan Williams,SG,24,HOU,13,0,6.2,1.1,2.3,.467,0.1,0.2,.333,1.0,2.1,.481,.483,0.5,0.7,.667,0.7,0.3,1.0,0.5,0.2,0.0,0.2,0.7,2.7,willije02
540,Kenrich Williams,PF,29,OKC,54,1,14.1,1.6,3.6,.449,0.8,2.0,.387,0.9,1.7,.522,.554,0.1,0.2,.300,0.8,2.1,2.9,1.2,0.5,0.1,0.4,1.4,4.1,willike04
541,Mark Williams,C,22,CHO,19,19,26.7,5.2,7.9,.649,0.0,0.0,,5.2,7.9,.649,.649,2.4,3.4,.719,4.0,5.7,9.7,1.2,0.8,1.1,0.9,2.6,12.7,willima07
542,Patrick Williams,PF,22,CHI,43,30,27.3,3.7,8.3,.443,1.4,3.4,.399,2.3,4.9,.474,.525,1.2,1.5,.788,1.1,2.8,3.9,1.5,0.9,0.8,1.3,2.0,10.0,willipa01
543,Robert Williams,C,26,POR,6,0,19.8,2.8,4.3,.654,0.0,0.0,,2.8,4.3,.654,.654,1.2,1.5,.778,1.8,4.5,6.3,0.8,1.2,1.2,1.2,2.8,6.8,williro04
544,Vince Williams Jr.,SG,23,MEM,52,33,27.6,3.3,7.3,.446,1.5,4.0,.378,1.7,3.3,.529,.550,2.0,2.5,.800,1.1,4.4,5.6,3.4,0.9,0.7,1.8,2.6,10.0,willivi01
545,Ziaire Williams,SF,22,MEM,51,15,20.4,2.9,7.4,.397,1.1,3.7,.307,1.8,3.7,.487,.474,1.2,1.5,.827,0.7,2.8,3.5,1.5,0.7,0.2,1.3,1.7,8.2,willizi02
546,Zion Williamson,PF,23,NOP,55,55,30.9,8.9,15.3,.580,0.1,0.3,.357,8.8,15.0,.584,.583,4.7,6.8,.694,1.8,3.9,5.7,5.1,0.9,0.6,2.5,2.2,22.5,willizi01
547,Jalen Wilson,PF,23,BRK,28,1,14.6,1.6,3.8,.411,0.6,1.6,.348,1.0,2.2,.459,.486,0.9,1.0,.889,1.1,1.5,2.7,1.1,0.3,0.0,0.4,1.1,4.6,wilsoja03
548,Dylan Windler,SF,27,TOT,12,0,3.3,0.4,0.9,.455,0.4,0.8,.500,0.0,0.1,.000,.682,0.0,0.0,,0.0,0.4,0.4,0.6,0.0,0.0,0.0,0.3,1.3,windldy01
548,Dylan Windler,SF,27,NYK,3,0,2.3,0.3,0.7,.500,0.3,0.7,.500,0.0,0.0,,.750,0.0,0.0,,0.0,0.3,0.3,0.3,0.0,0.0,0.0,0.3,1.0,windldy01
548,Dylan Windler,SF,27,LAL,8,0,3.5,0.5,1.1,.444,0.5,1.0,.500,0.0,0.1,.000,.667,0.0,0.0,,0.0,0.4,0.4,0.8,0.0,0.0,0.0,0.3,1.5,windldy01
548,Dylan Windler,SF,27,ATL,1,0,5.0,0.0,0.0,,0.0,0.0,,0.0,0.0,,,0.0,0.0,,0.0,1.0,1.0,0.0,0.0,0.0,0.0,1.0,0.0,windldy01
549,James Wiseman,C,22,DET,47,0,14.8,2.7,4.1,.665,0.0,0.0,.000,2.7,4.1,.672,.665,0.8,1.2,.632,1.6,3.0,4.6,0.7,0.2,0.6,0.8,2.1,6.3,wisemja01
550,Christian Wood,PF,28,LAL,50,1,17.4,2.5,5.3,.466,0.7,2.3,.307,1.8,3.0,.587,.532,1.3,1.9,.702,0.8,4.3,5.1,1.0,0.3,0.7,1.0,1.4,6.9,woodch01
551,Delon Wright,PG,31,TOT,36,1,14.2,1.4,3.6,.397,0.4,1.2,.381,1.0,2.5,.404,.458,0.8,1.0,.829,0.4,1.4,1.8,2.5,1.1,0.3,0.3,0.6,4.1,wrighde01
551,Delon Wright,PG,31,WAS,33,0,13.8,1.5,3.7,.393,0.4,1.2,.368,1.0,2.5,.405,.451,0.7,0.9,.828,0.4,1.4,1.8,2.5,1.1,0.2,0.3,0.7,4.1,wrighde01
551,Delon Wright,PG,31,MIA,3,1,18.7,1.3,3.0,.444,0.7,1.3,.500,0.7,1.7,.400,.556,1.7,2.0,.833,0.3,1.0,1.3,3.0,1.0,0.3,0.0,0.3,5.0,wrighde01
552,Thaddeus Young,PF,35,TOT,26,6,14.7,2.2,3.6,.617,0.0,0.2,.167,2.2,3.4,.648,.622,0.2,0.5,.357,1.4,1.9,3.3,2.0,0.7,0.1,0.5,1.6,4.7,youngth01
552,Thaddeus Young,PF,35,TOR,23,6,15.2,2.3,3.8,.621,0.0,0.3,.167,2.3,3.5,.654,.626,0.2,0.5,.417,1.3,2.0,3.3,2.2,0.8,0.1,0.5,1.7,5.0,youngth01
552,Thaddeus Young,PF,35,PHO,3,0,10.7,1.3,2.3,.571,0.0,0.0,,1.3,2.3,.571,.571,0.0,0.7,.000,2.7,1.0,3.7,0.3,0.3,0.0,0.3,1.3,2.7,youngth01
553,Trae Young,PG,25,ATL,51,51,36.5,8.2,19.3,.426,3.3,8.9,.371,4.9,10.3,.473,.512,6.6,7.8,.856,0.4,2.3,2.7,10.8,1.4,0.2,4.3,2.1,26.4,youngtr01
554,Omer Yurtseven,C,25,UTA,35,6,9.1,1.4,2.7,.521,0.1,0.5,.235,1.3,2.2,.584,.543,0.2,0.4,.533,1.3,2.3,3.6,0.5,0.1,0.4,0.7,1.1,3.1,yurtsom01
555,Cody Zeller,C,31,NOP,39,0,7.7,0.6,1.5,.417,0.0,0.1,.333,0.6,1.5,.421,.425,0.6,0.9,.611,1.2,1.6,2.7,0.9,0.2,0.1,0.4,1.1,1.9,zelleco01
556,Ivica Zubac,C,26,LAC,54,54,26.4,4.9,7.5,.653,0.0,0.0,,4.9,7.5,.653,.653,1.7,2.5,.687,2.9,6.2,9.2,1.4,0.2,1.2,1.2,2.7,11.5,zubaciv01