,,,,,,,,,,% of FGA by Distance,% of FGA by Distance,% of FGA by Distance,% of FGA by Distance,% of FGA by Distance,% of FGA by Distance,,FG% by Distance,FG% by Distance,FG% by Distance,FG% by Distance,FG% by Distance,FG% by Distance,,% of FG Ast'd,% of FG Ast'd,,Dunks,Dunks,,Corner 3s,Corner 3s,,Heaves,Heaves,-additional
Rk,Player,Pos,Age,Tm,G,MP,FG%,Dist.,,2P,0-3,3-10,10-16,16-3P,3P,,2P,0-3,3-10,10-16,16-3P,3P,,2P,3P,,%FGA,#,,%3PA,3P%,,Att.,#,-9999
1,Shareef Abdur-Rahim,PF,28,POR,54,1867,.503,8.1,,.942,.397,.251,.101,.193,.058,,.510,.632,.405,.412,.450,.385,,.621,1.000,,.100,63,,.308,.583,,0,0,abdursh01
2,Cory Alexander,SG,31,CHA,16,201,.327,16.4,,.612,.204,.041,.163,.204,.388,,.267,.500,.000,.250,.100,.421,,.250,1.000,,.000,0,,.053,1.000,,0,0,alexaco01
3,Malik Allen,PF,26,TOT,36,519,.475,13.3,,1.000,.147,.130,.260,.463,.000,,.475,.808,.348,.391,.451,,,.643,,,.040,7,,,,,0,0,allenma01
3,Malik Allen,PF,26,MIA,14,248,.461,12.4,,1.000,.184,.158,.224,.434,.000,,.461,.786,.333,.471,.364,,,.571,,,.066,5,,,,,0,0,allenma01
3,Malik Allen,PF,26,CHA,22,271,.485,13.9,,1.000,.119,.109,.287,.485,.000,,.485,.833,.364,.345,.510,,,.694,,,.020,2,,,,,0,0,allenma01
4,Ray Allen*,SG,29,SEA,78,3064,.428,15.8,,.628,.185,.103,.138,.201,.372,,.459,.606,.364,.398,.415,.376,,.311,.804,,.021,27,,.185,.369,,5,0,allenra02
5,Tony Allen,SG,23,BOS,77,1262,.475,7.2,,.920,.574,.132,.041,.173,.080,,.483,.595,.118,.438,.403,.387,,.547,1.000,,.103,40,,.645,.450,,1,0,allento01
6,Rafer Alston,PG,28,TOR,80,2717,.414,14.3,,.601,.302,.103,.049,.147,.399,,.451,.514,.380,.396,.392,.357,,.152,.547,,.000,0,,.100,.308,,1,0,alstora01
7,Chris Andersen,C,26,NOH,67,1430,.534,6.2,,.992,.589,.075,.140,.187,.008,,.538,.678,.333,.300,.358,.000,,.634,,,.196,69,,.000,,,1,0,anderch01
8,Derek Anderson,SG,30,POR,47,1239,.389,16.9,,.614,.153,.074,.092,.294,.386,,.392,.633,.379,.306,.296,.384,,.436,.862,,.010,4,,.265,.375,,1,0,anderde01
9,Kenny Anderson,PG,34,TOT,43,743,.423,12.0,,.935,.249,.114,.219,.353,.065,,.420,.520,.304,.295,.465,.462,,.519,.833,,.000,0,,.615,.375,,0,0,anderke01
9,Kenny Anderson,PG,34,ATL,39,717,.426,11.9,,.932,.253,.116,.226,.337,.068,,.424,.500,.273,.302,.500,.462,,.507,.833,,.000,0,,.615,.375,,0,0,anderke01
9,Kenny Anderson,PG,34,LAC,4,26,.364,13.4,,1.000,.182,.091,.091,.636,.000,,.364,1.000,1.000,.000,.143,,,.750,,,.000,0,,,,,0,0,anderke01
10,Shandon Anderson,SF-SG,31,TOT,66,1171,.452,9.5,,.866,.401,.138,.124,.203,.134,,.495,.621,.367,.259,.477,.172,,.688,1.000,,.014,3,,.793,.174,,0,0,andersh01
10,Shandon Anderson,SG,31,NYK,1,20,.000,20.7,,.500,.000,.000,.000,.500,.500,,.000,,,,.000,.000,,,,,.000,0,,1.000,.000,,0,0,andersh01
10,Shandon Anderson,SF,31,MIA,65,1151,.456,9.4,,.870,.405,.140,.126,.200,.130,,.497,.621,.367,.259,.488,.179,,.688,1.000,,.014,3,,.786,.182,,0,0,andersh01
11,Carmelo Anthony,SF,20,DEN,75,2608,.431,10.5,,.872,.433,.067,.067,.305,.128,,.455,.564,.256,.349,.368,.266,,.623,.762,,.079,90,,.120,.105,,5,0,anthoca01
12,Rafael Araújo,C,24,TOR,59,736,.434,6.9,,.983,.434,.234,.166,.149,.017,,.436,.566,.317,.345,.346,.333,,.627,1.000,,.057,5,,.333,.000,,0,0,araujra01
13,Gilbert Arenas,PG,23,WAS,80,3274,.431,15.2,,.631,.233,.110,.109,.179,.369,,.469,.645,.251,.380,.429,.365,,.257,.668,,.018,27,,.137,.260,,3,1,arenagi01
14,Trevor Ariza,SF,19,NYK,80,1382,.442,8.5,,.967,.481,.116,.057,.314,.033,,.449,.578,.222,.227,.377,.231,,.621,1.000,,.149,56,,.692,.333,,1,0,arizatr01
15,Darrell Armstrong,PG,36,TOT,66,988,.321,17.2,,.599,.188,.043,.087,.282,.401,,.367,.462,.167,.250,.372,.252,,.393,.821,,.004,1,,.225,.280,,2,0,armstda01
15,Darrell Armstrong,PG,36,NOH,14,412,.333,18.3,,.560,.157,.019,.082,.302,.440,,.404,.480,.000,.385,.396,.243,,.528,.765,,.006,1,,.186,.231,,0,0,armstda01
15,Darrell Armstrong,PG,36,DAL,52,576,.305,15.8,,.653,.229,.076,.093,.254,.347,,.325,.444,.222,.091,.333,.268,,.200,.909,,.000,0,,.293,.333,,2,0,armstda01
16,Carlos Arroyo,PG,25,TOT,70,1448,.389,12.8,,.930,.261,.061,.184,.424,.070,,.398,.518,.269,.367,.357,.267,,.377,.500,,.000,0,,.167,.400,,1,0,arroyca01
16,Carlos Arroyo,PG,25,UTA,30,742,.401,13.3,,.922,.233,.069,.211,.409,.078,,.402,.574,.250,.367,.347,.389,,.395,.429,,.000,0,,.111,.500,,1,0,arroyca01
16,Carlos Arroyo,PG,25,DET,40,706,.376,12.2,,.939,.294,.051,.152,.442,.061,,.395,.466,.300,.367,.368,.083,,.356,1.000,,.000,0,,.250,.333,,0,0,arroyca01
17,Chucky Atkins,PG,30,LAL,82,2903,.426,18.1,,.500,.187,.043,.054,.216,.500,,.466,.576,.410,.347,.411,.387,,.344,.903,,.000,0,,.218,.354,,9,0,atkinch01
18,Stacey Augmon,SF,36,ORL,55,663,.407,8.2,,1.000,.347,.222,.257,.174,.000,,.407,.552,.324,.349,.310,,,.529,,,.072,9,,,,,0,0,augmost01
19,Maurice Baker,PG,25,TOT,5,19,.000,13.9,,1.000,.000,.000,1.000,.000,.000,,.000,,,.000,,,,,,,.000,0,,,,,0,0,bakerma01
19,Maurice Baker,PG,25,LAC,1,1,,,,,,,,,,,,,,,,,,,,,,0,,,,,0,0,bakerma01
19,Maurice Baker,PG,25,POR,4,18,.000,13.9,,1.000,.000,.000,1.000,.000,.000,,.000,,,.000,,,,,,,.000,0,,,,,0,0,bakerma01
20,Vin Baker,PF-C,33,TOT,27,204,.310,9.4,,.976,.405,.190,.119,.262,.024,,.317,.294,.375,.200,.364,.000,,.462,,,.000,0,,.000,,,1,0,bakervi01
20,Vin Baker,PF,33,NYK,24,191,.342,9.3,,.974,.421,.184,.132,.237,.026,,.351,.313,.429,.200,.444,.000,,.462,,,.000,0,,.000,,,1,0,bakervi01
20,Vin Baker,C,33,HOU,3,13,.000,9.9,,1.000,.250,.250,.000,.500,.000,,.000,.000,.000,,.000,,,,,,.000,0,,,,,0,0,bakervi01
21,Marcus Banks,PG,23,BOS,81,1145,.402,11.6,,.794,.430,.052,.094,.217,.206,,.414,.520,.200,.259,.323,.356,,.245,.905,,.014,4,,.203,.500,,2,0,banksma01
22,Leandro Barbosa,PG,22,PHO,63,1087,.475,13.5,,.607,.364,.071,.068,.105,.393,,.544,.667,.360,.292,.405,.367,,.410,.667,,.003,1,,.209,.345,,2,0,barbole01
23,Matt Barnes,SF,24,SAC,43,715,.411,10.8,,.854,.311,.252,.040,.252,.146,,.442,.553,.395,.333,.368,.227,,.702,.800,,.040,5,,.364,.125,,1,0,barnema02
24,Andre Barrett,PG,22,TOT,38,483,.363,16.7,,.581,.169,.081,.113,.218,.419,,.431,.476,.200,.571,.407,.269,,.452,.857,,.000,0,,.538,.321,,1,0,barrean01
24,Andre Barrett,PG,22,HOU,27,314,.290,17.4,,.464,.159,.116,.043,.145,.536,,.344,.364,.250,.667,.300,.243,,.727,.889,,.000,0,,.568,.238,,1,0,barrean01
24,Andre Barrett,PG,22,ORL,11,169,.455,15.8,,.727,.182,.036,.200,.309,.273,,.500,.600,.000,.545,.471,.333,,.300,.800,,.000,0,,.467,.571,,0,0,barrean01
25,Brent Barry,SG,33,SAS,81,1742,.423,18.3,,.390,.174,.094,.020,.102,.610,,.525,.713,.395,.333,.362,.357,,.670,.940,,.017,6,,.246,.275,,2,0,barrybr01
26,Jon Barry,SG,35,TOT,69,1505,.438,18.1,,.552,.136,.052,.087,.277,.448,,.443,.580,.316,.344,.431,.430,,.644,.803,,.003,1,,.303,.480,,0,0,barryjo01
26,Jon Barry,SG,35,ATL,16,275,.403,16.8,,.584,.195,.065,.065,.260,.416,,.444,.667,.400,.200,.350,.344,,.750,1.000,,.013,1,,.281,.444,,0,0,barryjo01
26,Jon Barry,SG,35,HOU,53,1230,.447,18.5,,.543,.120,.048,.093,.282,.457,,.443,.543,.286,.370,.451,.451,,.614,.767,,.000,0,,.308,.488,,0,0,barryjo01
27,Tony Battie,C,28,ORL,81,1894,.460,10.0,,.983,.277,.175,.285,.246,.017,,.468,.612,.387,.416,.425,.000,,.730,,,.099,33,,.333,.000,,1,0,battito01
28,Shane Battier,SG,26,MEM,80,2516,.442,11.0,,.711,.378,.140,.098,.095,.289,,.461,.552,.430,.367,.241,.395,,.552,.957,,.039,21,,.548,.412,,1,0,battish01
29,Lonny Baxter,PF,26,NOH,4,36,.273,5.0,,1.000,.545,.273,.000,.182,.000,,.273,.333,.333,,.000,,,.667,,,.000,0,,,,,0,0,baxtelo01
30,Raja Bell,SG,28,UTA,63,1790,.454,17.0,,.799,.135,.049,.091,.523,.201,,.467,.567,.455,.410,.453,.403,,.783,.963,,.009,5,,.493,.439,,3,0,bellra01
31,Jonathan Bender,SF,24,IND,7,93,.400,10.7,,.875,.325,.175,.175,.200,.125,,.429,.692,.143,.429,.250,.200,,.467,1.000,,.100,4,,.200,.000,,0,0,bendejo01
32,Travis Best,PG,32,NJN,76,1461,.420,15.3,,.812,.232,.044,.108,.427,.188,,.447,.552,.400,.347,.420,.306,,.439,.962,,.000,0,,.212,.444,,4,0,besttr01
33,Mike Bibby,PG,26,SAC,80,3084,.443,16.1,,.712,.184,.085,.051,.392,.288,,.477,.677,.435,.375,.405,.360,,.464,.840,,.000,0,,.159,.397,,0,0,bibbymi01
34,Andris Biedriņš,C,18,GSW,30,384,.577,2.6,,.987,.692,.256,.038,.000,.013,,.584,.722,.300,.000,,.000,,.667,,,.218,17,,.000,,,0,0,biedran01
35,Chauncey Billups,PG,28,DET,80,2866,.442,16.8,,.576,.205,.043,.113,.216,.424,,.454,.503,.385,.437,.431,.426,,.339,.727,,.002,2,,.163,.444,,1,0,billuch01
36,Steve Blake,PG,24,WAS,44,648,.328,19.8,,.500,.097,.054,.070,.280,.500,,.269,.389,.200,.077,.288,.387,,.440,.750,,.000,0,,.387,.306,,2,0,blakest01
37,Mark Blount,C,29,BOS,82,2130,.529,9.0,,.998,.356,.155,.228,.259,.002,,.530,.668,.354,.426,.538,.000,,.752,,,.060,36,,1.000,.000,,0,0,blounma01
38,Tony Bobbitt,SG,25,LAL,2,12,.400,22.0,,.600,.000,.000,.000,.600,.400,,.333,,,,.333,.500,,1.000,1.000,,.000,0,,.500,.000,,0,0,bobbito01
39,Keith Bogans,SG,24,CHA,74,1791,.381,13.0,,.749,.297,.119,.105,.228,.251,,.398,.456,.329,.306,.401,.329,,.527,.877,,.004,3,,.358,.403,,1,0,boganke01
40,Matt Bonner,C,24,TOR,82,1553,.533,14.3,,.801,.201,.132,.117,.352,.199,,.561,.602,.557,.519,.552,.424,,.635,1.000,,.019,9,,.272,.440,,0,0,bonnema01
41,Calvin Booth,C,28,TOT,51,451,.454,10.2,,.991,.324,.102,.222,.343,.009,,.458,.657,.364,.333,.378,.000,,.776,,,.130,14,,.000,,,0,0,boothca01
41,Calvin Booth,C,28,DAL,34,262,.430,11.1,,.987,.304,.076,.215,.392,.013,,.436,.625,.333,.294,.387,.000,,.765,,,.114,9,,.000,,,0,0,boothca01
41,Calvin Booth,C,28,MIL,17,189,.517,7.8,,1.000,.379,.172,.241,.207,.000,,.517,.727,.400,.429,.333,,,.800,,,.172,5,,,,,0,0,boothca01
42,Carlos Boozer,PF,23,UTA,51,1772,.521,7.7,,.999,.420,.160,.201,.218,.001,,.522,.670,.441,.403,.404,.000,,.679,,,.082,54,,.000,,,0,0,boozeca01
43,Curtis Borchardt,C,24,UTA,67,859,.430,4.3,,1.000,.605,.203,.081,.110,.000,,.430,.519,.229,.357,.368,,,.608,,,.145,21,,,,,0,0,borchcu01
44,Chris Bosh*,PF,20,TOR,81,3017,.471,8.9,,.990,.357,.164,.242,.227,.010,,.472,.588,.430,.395,.404,.300,,.613,1.000,,.116,103,,.200,.500,,1,0,boshch01
45,Bruce Bowen,SF,33,SAS,82,2627,.420,16.0,,.577,.161,.105,.095,.216,.423,,.432,.625,.286,.281,.426,.403,,.785,1.000,,.003,2,,.881,.413,,0,0,bowenbr01
46,Ryan Bowen,SF,29,HOU,66,604,.423,12.2,,.946,.324,.036,.072,.514,.054,,.419,.444,.250,.250,.439,.500,,.886,1.000,,.000,0,,1.000,.500,,0,0,bowenry01
47,Earl Boykins,PG,28,DEN,82,2162,.413,14.7,,.799,.170,.112,.150,.367,.201,,.432,.571,.446,.419,.368,.337,,.408,.714,,.000,0,,.133,.409,,0,0,boykiea01
48,Michael Bradley,PF,25,TOT,18,119,.625,6.2,,.958,.500,.292,.000,.167,.042,,.652,.750,.571,,.500,.000,,.600,,,.042,1,,.000,,,0,0,bradlmi01
48,Michael Bradley,PF,25,ORL,8,55,.429,7.7,,1.000,.429,.286,.000,.286,.000,,.429,.333,1.000,,.000,,,.667,,,.000,0,,,,,0,0,bradlmi01
48,Michael Bradley,PF,25,SAC,8,48,.667,5.9,,1.000,.417,.417,.000,.167,.000,,.667,.800,.400,,1.000,,,.375,,,.000,0,,,,,0,0,bradlmi01
48,Michael Bradley,PF,25,PHI,2,16,.800,5.1,,.800,.800,.000,.000,.000,.200,,1.000,1.000,,,,.000,,1.000,,,.200,1,,.000,,,0,0,bradlmi01
49,Shawn Bradley,C,32,DAL,77,885,.452,7.4,,1.000,.430,.220,.081,.269,.000,,.452,.475,.415,.467,.440,,,.762,,,.075,12,,,,,0,0,bradlsh01
50,Torraye Braggs,PF,28,HOU,7,24,.429,2.1,,1.000,.857,.000,.143,.000,.000,,.429,.333,,1.000,,,,.333,,,.000,0,,,,,0,0,braggto01
51,Elton Brand,PF,25,LAC,81,3001,.503,8.1,,.998,.332,.237,.291,.137,.002,,.504,.643,.478,.442,.343,.000,,.641,,,.059,71,,.333,.000,,1,0,brandel01
52,Jamison Brewer,PG,24,NYK,18,185,.297,13.4,,.595,.351,.081,.054,.108,.405,,.364,.538,.000,.500,.000,.200,,.625,1.000,,.054,2,,.333,.200,,0,0,breweja01
53,Primož Brezec,C,25,CHA,72,2276,.512,7.7,,1.000,.448,.148,.169,.234,.000,,.512,.640,.473,.383,.384,,,.643,,,.040,29,,,,,0,0,brezepr01
54,Damone Brown,SF,25,WAS,14,152,.371,12.6,,.823,.306,.129,.097,.290,.177,,.373,.579,.375,.000,.278,.364,,.526,.500,,.081,5,,.000,,,0,0,brownda02
55,Devin Brown,SG,26,SAS,67,1238,.423,13.8,,.704,.271,.120,.071,.242,.296,,.444,.604,.388,.345,.323,.372,,.703,.933,,.039,16,,.471,.386,,1,0,brownde02
56,Kedrick Brown,SF,23,PHI,8,55,.333,17.0,,.500,.333,.167,.000,.000,.500,,.667,1.000,.000,,,.000,,1.000,,,.167,1,,.333,.000,,1,0,brownke01
57,Kwame Brown,PF,22,WAS,42,908,.460,6.6,,1.000,.346,.354,.224,.076,.000,,.460,.659,.321,.434,.278,,,.578,,,.110,23,,,,,0,0,brownkw01
58,P.J. Brown,PF,35,NOH,82,2817,.446,9.9,,1.000,.323,.109,.247,.321,.000,,.446,.535,.337,.390,.436,,,.713,,,.050,30,,,,,0,0,brownpj01
59,Tierre Brown,PG,25,LAL,76,1066,.356,11.5,,.793,.322,.158,.152,.161,.207,,.355,.384,.345,.302,.357,.361,,.245,.923,,.000,0,,.139,.400,,1,0,brownti01
60,Rick Brunson,PG,32,LAC,80,1945,.376,18.0,,.706,.113,.018,.111,.464,.294,,.378,.400,.375,.327,.385,.369,,.542,.854,,.000,0,,.462,.433,,2,0,brunsri01
61,Kobe Bryant*,SG,26,LAL,66,2689,.433,13.9,,.708,.272,.113,.124,.199,.292,,.472,.606,.427,.360,.384,.339,,.247,.664,,.045,53,,.127,.327,,6,0,bryanko01
62,Greg Buckner,SG,28,DEN,70,1522,.528,12.3,,.601,.432,.056,.026,.086,.399,,.610,.718,.353,.250,.346,.405,,.784,.959,,.013,4,,.421,.431,,1,0,buckngr01
63,Rodney Buford,SF,27,NJN,64,1313,.382,16.3,,.779,.166,.045,.100,.468,.221,,.402,.457,.455,.327,.393,.315,,.712,.941,,.031,11,,.472,.333,,0,0,buforro01
64,Antonio Burks,PG,24,MEM,24,219,.467,15.1,,.817,.250,.067,.100,.400,.183,,.510,.600,.000,.833,.458,.273,,.400,.667,,.000,0,,.091,.000,,2,0,burksan01
65,Caron Butler,SF,24,LAL,77,2746,.445,10.5,,.874,.415,.091,.093,.275,.126,,.465,.560,.389,.402,.370,.304,,.620,.974,,.078,69,,.528,.348,,5,0,butleca01
66,Jackie Butler,C,19,NYK,3,5,1.000,1.2,,1.000,.750,.250,.000,.000,.000,,1.000,1.000,1.000,,,,,.500,,,.000,0,,,,,0,0,butleja01
67,Rasual Butler,SF,25,MIA,65,1203,.399,18.1,,.626,.093,.044,.152,.337,.374,,.414,.526,.333,.468,.370,.373,,.717,.877,,.020,8,,.261,.375,,0,0,butlera01
68,Žarko Čabarkapa,PF,23,TOT,40,475,.486,11.4,,.797,.282,.243,.056,.215,.203,,.518,.680,.395,.500,.447,.361,,.616,1.000,,.051,9,,.361,.308,,1,0,cabarza01
68,Žarko Čabarkapa,PF,23,PHO,3,11,.571,3.3,,1.000,.714,.286,.000,.000,.000,,.571,.800,.000,,,,,.250,,,.143,1,,,,,0,0,cabarza01
68,Žarko Čabarkapa,PF,23,GSW,37,464,.482,11.7,,.788,.265,.241,.059,.224,.212,,.515,.667,.415,.500,.447,.361,,.638,1.000,,.047,8,,.361,.308,,1,0,cabarza01
69,Marcus Camby,C,30,DEN,66,2015,.465,9.9,,.993,.393,.077,.142,.382,.007,,.468,.623,.239,.365,.393,.000,,.720,,,.112,59,,.250,.000,,0,0,cambyma01
70,Elden Campbell,C,36,TOT,40,390,.317,8.6,,.984,.341,.195,.350,.098,.016,,.322,.405,.292,.279,.250,.000,,.718,,,.081,7,,.000,,,1,0,campbel01
70,Elden Campbell,C,36,NJN,10,50,.000,6.0,,1.000,.429,.286,.286,.000,.000,,.000,.000,.000,.000,,,,,,,.000,0,,,,,0,0,campbel01
70,Elden Campbell,C,36,DET,30,340,.336,8.8,,.983,.336,.190,.353,.103,.017,,.342,.436,.318,.293,.250,.000,,.718,,,.086,7,,.000,,,1,0,campbel01
71,Brian Cardinal,PF,27,MEM,58,1433,.370,14.6,,.711,.231,.102,.111,.266,.289,,.378,.430,.386,.375,.330,.352,,.578,.955,,.005,2,,.272,.353,,2,0,cardibr01
72,Geno Carlisle,SG,28,POR,6,16,.667,6.3,,1.000,.667,.000,.000,.333,.000,,.667,1.000,,,.000,,,.500,,,.000,0,,,,,0,0,carlige01
73,Matt Carroll,SG,24,CHA,25,430,.389,15.3,,.783,.161,.094,.133,.394,.217,,.404,.552,.353,.208,.423,.333,,.754,1.000,,.011,2,,.487,.368,,0,0,carroma01
74,Anthony Carter,PG,29,MIN,66,742,.407,13.4,,.904,.339,.034,.045,.486,.096,,.438,.600,.333,.125,.360,.118,,.571,1.000,,.000,0,,.118,.000,,3,0,cartean01
75,Vince Carter,SF-SG,28,TOT,77,2828,.452,12.8,,.797,.252,.171,.130,.243,.203,,.463,.591,.405,.353,.430,.406,,.508,.835,,.051,70,,.115,.361,,2,0,cartevi01
75,Vince Carter,SG,28,TOR,20,608,.411,13.6,,.805,.215,.172,.116,.301,.195,,.432,.554,.346,.314,.440,.322,,.495,.842,,.036,11,,.203,.250,,0,0,cartevi01
75,Vince Carter,SF,28,NJN,57,2220,.462,12.7,,.795,.262,.171,.134,.228,.205,,.471,.599,.420,.361,.428,.425,,.511,.833,,.055,59,,.094,.417,,2,0,cartevi01
76,Sam Cassell,PG,35,MIN,59,1522,.464,16.9,,.850,.086,.049,.227,.488,.150,,.500,.661,.588,.436,.493,.262,,.318,.815,,.000,0,,.155,.563,,5,0,cassesa01
77,Kelvin Cato,C,30,ORL,62,1525,.539,5.5,,1.000,.576,.128,.178,.118,.000,,.539,.655,.500,.321,.343,,,.775,,,.293,78,,,,,0,0,catoke01
78,Lionel Chalmers,PG,24,LAC,36,433,.336,16.1,,.608,.272,.088,.024,.224,.392,,.395,.353,.364,.000,.500,.245,,.233,.750,,.016,0,,.122,.000,,2,0,chalmli01
79,Tyson Chandler,C,22,CHI,80,2189,.494,4.3,,.995,.635,.184,.074,.103,.005,,.496,.605,.286,.258,.372,.000,,.507,,,.136,53,,.000,,,0,0,chandty01
80,Calbert Cheaney,SG,33,GSW,55,951,.426,12.5,,.989,.200,.128,.192,.468,.011,,.431,.698,.441,.373,.339,.000,,.726,,,.026,6,,.333,.000,,1,0,cheanca01
81,Josh Childress,SG,21,ATL,80,2376,.470,6.6,,.913,.621,.073,.053,.165,.087,,.493,.589,.255,.324,.292,.232,,.547,.923,,.134,83,,.589,.303,,4,0,childjo01
82,Doug Christie,SG,34,TOT,52,1525,.392,15.1,,.813,.238,.039,.078,.458,.187,,.426,.468,.308,.231,.447,.242,,.783,.933,,.042,13,,.452,.214,,2,0,chrisdo01
82,Doug Christie,SG,34,SAC,31,996,.407,14.7,,.809,.279,.034,.049,.446,.191,,.442,.491,.286,.300,.440,.256,,.753,.900,,.044,9,,.410,.188,,2,0,chrisdo01
82,Doug Christie,SG,34,ORL,21,529,.367,15.9,,.820,.172,.047,.125,.477,.180,,.400,.409,.333,.188,.459,.217,,.833,1.000,,.039,4,,.522,.250,,0,0,chrisdo01
83,Speedy Claxton,PG,26,TOT,62,1866,.421,11.2,,.900,.280,.188,.139,.293,.100,,.447,.579,.330,.447,.397,.180,,.244,.909,,.000,0,,.246,.200,,2,0,claxtsp01
83,Speedy Claxton,PG,26,GSW,46,1501,.431,11.2,,.896,.275,.198,.142,.281,.104,,.459,.601,.303,.479,.418,.192,,.228,.900,,.000,0,,.269,.214,,1,0,claxtsp01
83,Speedy Claxton,PG,26,NOH,16,365,.373,11.5,,.918,.300,.145,.127,.345,.082,,.396,.485,.500,.286,.316,.111,,.325,1.000,,.000,0,,.111,.000,,1,0,claxtsp01
84,Mateen Cleaves,PG,27,SEA,14,65,.357,13.2,,.857,.286,.071,.071,.429,.143,,.417,.250,.000,.000,.667,.000,,.800,,,.000,0,,.000,,,0,0,cleavma01
85,Derrick Coleman,C,37,DET,5,50,.214,9.7,,.857,.286,.286,.143,.143,.143,,.250,.000,.500,.000,.500,.000,,.667,,,.000,0,,.000,,,0,0,colemde01
86,Jason Collier,C,27,ATL,70,942,.463,9.9,,.963,.327,.157,.184,.295,.037,,.464,.650,.390,.304,.396,.429,,.696,1.000,,.013,5,,.786,.455,,0,0,collija02
87,Jarron Collins,C,26,UTA,50,961,.414,8.3,,.994,.414,.121,.242,.217,.006,,.417,.492,.263,.368,.412,.000,,.723,,,.006,1,,.000,,,1,0,collija03
88,Jason Collins,C,26,NJN,80,2542,.412,9.9,,.987,.361,.104,.191,.330,.013,,.413,.479,.340,.314,.423,.333,,.750,1.000,,.038,17,,.000,,,1,0,collija04
89,Nick Collison,C,24,SEA,82,1396,.537,3.3,,.992,.675,.186,.076,.051,.008,,.541,.640,.409,.259,.111,.000,,.568,,,.093,29,,.333,.000,,0,0,collini01
90,Brian Cook,C,24,LAL,72,1087,.417,17.9,,.528,.171,.038,.085,.235,.472,,.439,.528,.438,.417,.384,.392,,.745,.974,,.019,7,,.171,.294,,0,0,cookbr01
91,Omar Cook,PG,23,TOR,5,74,.417,16.9,,.833,.167,.083,.042,.542,.167,,.500,.250,1.000,1.000,.462,.000,,.100,,,.000,0,,.250,.000,,1,0,cookom01
92,Jamal Crawford,SG,24,NYK,70,2688,.398,17.9,,.533,.144,.072,.086,.232,.467,,.431,.519,.468,.362,.390,.361,,.310,.800,,.014,14,,.268,.431,,2,0,crawfja01
93,Austin Croshere,PF,29,IND,73,1827,.378,13.7,,.650,.340,.064,.080,.165,.350,,.443,.556,.375,.200,.354,.259,,.580,.956,,.064,28,,.224,.333,,0,0,croshau01
94,Eddy Curry,C,22,CHI,63,1808,.538,4.0,,1.000,.560,.300,.110,.030,.000,,.538,.677,.411,.225,.364,,,.723,,,.199,137,,,,,0,0,curryed01
95,Michael Curry,SF,36,IND,18,249,.448,13.2,,1.000,.276,.000,.103,.621,.000,,.448,.500,,.667,.389,,,.846,,,.000,0,,,,,0,0,currymi01
96,Samuel Dalembert,C,23,PHI,72,1785,.524,5.4,,1.000,.514,.205,.212,.069,.000,,.524,.731,.306,.327,.242,,,.752,,,.216,100,,,,,0,0,dalemsa01
97,Erick Dampier,C,29,DAL,59,1609,.550,2.9,,.992,.670,.240,.054,.027,.008,,.555,.614,.420,.500,.400,.000,,.683,,,.223,72,,.333,.000,,0,0,dampier01
98,Antonio Daniels,PG,29,SEA,75,2026,.438,13.8,,.735,.244,.124,.140,.228,.265,,.489,.625,.429,.437,.408,.297,,.219,.694,,.021,12,,.127,.524,,2,0,daniean01
99,Erik Daniels,SF,22,SAC,21,72,.333,9.8,,.889,.278,.333,.056,.222,.111,,.313,.600,.333,.000,.000,.500,,.000,1.000,,.000,0,,.000,,,0,0,danieer01
100,Marquis Daniels,SG,24,DAL,60,1412,.437,8.2,,.931,.383,.256,.153,.139,.069,,.454,.560,.465,.325,.286,.200,,.418,1.000,,.040,20,,.314,.273,,2,0,daniema01
101,Antonio Davis,PF,36,CHI,72,1843,.461,8.4,,1.000,.389,.165,.200,.246,.000,,.461,.571,.304,.464,.388,,,.710,,,.081,31,,,,,0,0,davisan01
102,Baron Davis,PG,25,TOT,46,1581,.387,16.3,,.529,.250,.074,.065,.140,.471,,.435,.548,.339,.347,.324,.333,,.214,.483,,.013,9,,.116,.293,,3,0,davisba01
102,Baron Davis,PG,25,NOH,18,593,.366,16.7,,.548,.254,.026,.056,.211,.452,,.404,.494,.500,.353,.297,.321,,.269,.545,,.013,4,,.146,.350,,1,0,davisba01
102,Baron Davis,PG,25,GSW,28,988,.401,16.0,,.517,.247,.107,.071,.091,.483,,.457,.586,.313,.344,.366,.341,,.179,.446,,.013,5,,.097,.238,,2,0,davisba01
103,Dale Davis,C,35,TOT,61,1307,.479,4.2,,1.000,.611,.197,.162,.030,.000,,.479,.657,.130,.316,.000,,,.634,,,.197,43,,,,,0,0,davisda01
103,Dale Davis,C,35,GSW,36,577,.413,4.6,,1.000,.541,.248,.183,.028,.000,,.413,.627,.037,.350,.000,,,.689,,,.183,19,,,,,0,0,davisda01
103,Dale Davis,C,35,IND,25,730,.536,3.9,,1.000,.672,.152,.144,.032,.000,,.536,.679,.263,.278,.000,,,.597,,,.208,24,,,,,0,0,davisda01
104,Josh Davis,PF,24,PHI,42,328,.378,13.6,,.523,.414,.036,.018,.054,.477,,.397,.478,.000,.000,.167,.358,,.739,.947,,.090,8,,.245,.308,,0,0,davisjo02
105,Ricky Davis,SG,25,BOS,82,2696,.462,13.7,,.827,.250,.085,.161,.331,.173,,.488,.635,.352,.369,.470,.339,,.512,.885,,.060,58,,.400,.417,,7,0,davisri01
106,Andrew DeClercq,C,31,ORL,8,49,.444,1.6,,1.000,.778,.222,.000,.000,.000,,.444,.571,.000,,,,,.750,,,.111,1,,,,,0,0,declean01
107,Carlos Delfino,SG,22,DET,30,459,.359,13.5,,.701,.385,.026,.051,.239,.299,,.402,.467,.667,.167,.321,.257,,.545,1.000,,.077,6,,.286,.100,,2,0,delfica01
108,Tony Delk,SG,31,ATL,56,1340,.416,15.7,,.658,.213,.085,.110,.250,.342,,.447,.492,.400,.400,.446,.356,,.540,.792,,.002,1,,.168,.324,,3,0,delkto01
109,Luol Deng,SF,19,CHI,61,1663,.434,11.7,,.819,.352,.079,.116,.271,.181,,.472,.639,.333,.240,.394,.265,,.663,.871,,.050,31,,.393,.326,,0,0,denglu01
110,Boris Diaw,SG,22,ATL,66,1201,.422,11.9,,.830,.299,.163,.092,.276,.170,,.471,.625,.354,.333,.420,.180,,.548,1.000,,.044,11,,.400,.300,,1,0,diawbo01
111,Dan Dickau,PG,26,TOT,71,2090,.405,15.1,,.676,.225,.095,.091,.265,.324,,.432,.465,.361,.406,.440,.347,,.330,.588,,.000,0,,.229,.411,,0,0,dickada01
111,Dan Dickau,PG,26,DAL,4,16,.125,19.4,,.625,.000,.125,.125,.375,.375,,.000,,.000,.000,.000,.333,,,.000,,.000,0,,.000,,,0,0,dickada01
111,Dan Dickau,PG,26,NOH,67,2074,.408,15.0,,.676,.227,.095,.091,.263,.324,,.437,.465,.366,.412,.447,.347,,.330,.595,,.000,0,,.231,.411,,0,0,dickada01
112,Kaniel Dickens,SF,26,NJN,11,61,.286,17.8,,.357,.214,.000,.071,.071,.643,,.200,.333,,.000,.000,.333,,1.000,1.000,,.071,1,,.778,.286,,0,0,dickeka01
113,DeSagana Diop,C,23,CLE,39,306,.290,10.1,,.971,.261,.159,.304,.246,.029,,.299,.500,.455,.048,.294,.000,,.500,,,.058,3,,.000,,,0,0,diopde01
114,Vlade Divac*,C,36,LAL,15,130,.419,4.3,,1.000,.710,.097,.065,.129,.000,,.419,.545,.333,.000,.000,,,.615,,,.000,0,,,,,0,0,divacvl01
115,Juan Dixon,SG,26,WAS,63,1054,.416,16.3,,.671,.157,.098,.119,.298,.329,,.460,.657,.273,.509,.398,.327,,.471,.729,,.007,3,,.299,.341,,1,0,dixonju01
116,Michael Doleac,C,27,MIA,80,1175,.447,12.8,,.994,.193,.088,.184,.529,.006,,.450,.438,.379,.443,.469,.000,,.865,,,.027,8,,.000,,,0,0,doleami01
117,Keyon Dooling,PG,24,MIA,74,1184,.403,15.2,,.783,.194,.090,.113,.386,.217,,.444,.567,.419,.410,.398,.253,,.200,.789,,.032,9,,.160,.250,,0,0,doolike01
118,Predrag Drobnjak,C,29,ATL,71,1435,.438,12.2,,.869,.258,.114,.201,.297,.131,,.451,.550,.371,.367,.453,.352,,.732,.960,,.020,10,,.296,.429,,0,0,drobnpr01
119,Chris Duhon,PG,22,CHI,82,2177,.352,16.3,,.457,.254,.107,.033,.064,.543,,.350,.379,.346,.313,.258,.355,,.372,.926,,.000,0,,.143,.395,,1,0,duhonch01
120,Tim Duncan*,PF,28,SAS,66,2203,.496,8.2,,.991,.286,.346,.203,.155,.009,,.498,.674,.421,.420,.444,.333,,.506,1.000,,.062,56,,.111,1.000,,0,0,duncati01
121,Mike Dunleavy,SF,24,GSW,79,2570,.451,14.3,,.695,.238,.122,.087,.249,.305,,.479,.698,.336,.380,.373,.388,,.631,.963,,.010,9,,.293,.370,,0,0,dunlemi02
122,Ronald Dupree,SF,24,DET,47,472,.480,6.9,,.984,.575,.039,.087,.283,.016,,.480,.616,.400,.182,.306,.500,,.800,1.000,,.213,24,,.500,.000,,0,0,duprero01
123,Ndudi Ebi,SG,20,MIN,2,54,.524,7.2,,.952,.524,.143,.048,.238,.048,,.550,.727,.667,.000,.200,.000,,.545,,,.190,4,,.000,,,0,0,ebind01
124,Corsley Edwards,C,25,NOH,10,110,.323,4.2,,1.000,.581,.290,.032,.097,.000,,.323,.444,.222,.000,.000,,,.600,,,.194,5,,,,,0,0,edwarco01
125,John Edwards,C,23,IND,25,139,.367,7.0,,1.000,.233,.567,.133,.067,.000,,.367,.571,.353,.000,.500,,,.455,,,.067,2,,,,,0,0,edwarjo01
126,Howard Eisley,PG,32,UTA,74,1428,.398,16.5,,.746,.180,.049,.081,.435,.254,,.444,.507,.250,.424,.443,.262,,.448,.852,,.000,0,,.087,.333,,1,0,eisleho01
127,Obinna Ekezie,C,29,ATL,42,732,.434,7.1,,.995,.385,.253,.253,.104,.005,,.436,.500,.326,.370,.632,.000,,.709,,,.088,15,,.000,,,0,0,ekeziob01
128,Francisco Elson,C,28,DEN,67,939,.468,9.8,,.986,.380,.125,.153,.329,.014,,.469,.683,.370,.242,.366,.333,,.810,1.000,,.162,33,,.333,1.000,,2,0,elsonfr01
129,Melvin Ely,PF,26,CHA,79,1649,.432,6.3,,1.000,.302,.508,.112,.078,.000,,.432,.604,.386,.288,.268,,,.480,,,.049,23,,,,,0,0,elyme01
130,Andre Emmett,SG,22,MEM,8,28,.333,7.6,,1.000,.333,.333,.167,.167,.000,,.333,.500,.000,1.000,.000,,,.500,,,.167,1,,,,,0,0,emmetan01
131,Maurice Evans,SG,26,SAC,65,1233,.442,11.3,,.780,.351,.126,.107,.196,.220,,.474,.588,.426,.400,.342,.329,,.529,.889,,.158,48,,.671,.345,,0,0,evansma01
132,Reggie Evans,PF,24,SEA,79,1881,.476,2.6,,.993,.731,.182,.058,.022,.007,,.480,.547,.340,.188,.167,.000,,.573,,,.076,19,,.000,,,0,0,evansre01
133,Michael Finley,SG,31,DAL,64,2358,.427,17.0,,.686,.079,.103,.185,.319,.314,,.436,.556,.452,.423,.408,.407,,.524,.879,,.011,10,,.288,.439,,3,0,finlemi01
134,Derek Fisher,PG,30,GSW,74,2222,.393,18.4,,.615,.101,.082,.065,.367,.385,,.407,.526,.290,.286,.422,.371,,.397,.833,,.000,0,,.333,.381,,2,0,fishede01
135,Marcus Fizer,PF,26,MIL,54,903,.455,9.3,,.979,.284,.257,.226,.212,.021,,.465,.542,.493,.379,.419,.000,,.639,,,.031,9,,.167,.000,,0,0,fizerma01
136,Luis Flores,PG,23,TOT,16,77,.483,15.0,,.655,.241,.069,.172,.172,.345,,.474,.429,.000,.400,.800,.500,,.556,.400,,.000,0,,.000,,,0,0,florelu01
136,Luis Flores,PG,23,GSW,15,73,.481,15.2,,.667,.222,.074,.185,.185,.333,,.500,.500,.000,.400,.800,.444,,.556,.500,,.000,0,,.000,,,0,0,florelu01
136,Luis Flores,PG,23,DEN,1,4,.500,11.9,,.500,.500,.000,.000,.000,.500,,.000,.000,,,,1.000,,,.000,,.000,0,,.000,,,0,0,florelu01
137,Danny Fortson,C,28,SEA,62,1047,.522,0.9,,1.000,.867,.133,.000,.000,.000,,.522,.541,.400,,,,,.551,,,.000,0,,,,,0,0,fortsda01
138,Jeff Foster,C,28,IND,61,1594,.519,4.9,,.985,.679,.133,.052,.120,.015,,.527,.645,.302,.294,.205,.000,,.571,,,.062,16,,.000,,,1,0,fosteje01
139,Tremaine Fowlkes,SF,28,IND,8,56,.529,15.0,,.824,.118,.118,.176,.412,.176,,.571,1.000,.500,.333,.571,.333,,.500,1.000,,.000,0,,.667,.500,,0,0,fowlktr01
140,Adonal Foyle,C,29,GSW,78,1700,.502,4.5,,1.000,.437,.441,.093,.029,.000,,.502,.640,.387,.414,.444,,,.641,,,.084,22,,,,,0,0,foylead01
141,Richie Frahm,SG,27,POR,43,499,.400,18.4,,.429,.186,.029,.007,.207,.571,,.417,.462,.500,.000,.379,.388,,.600,.935,,.021,3,,.463,.486,,1,0,frahmri01
142,Steve Francis,PG,27,ORL,78,2978,.423,11.9,,.905,.323,.060,.172,.349,.095,,.436,.565,.325,.380,.364,.299,,.248,.447,,.038,45,,.213,.444,,1,0,francst01
143,Matt Freije,PF,23,NOH,23,441,.291,18.9,,.575,.094,.071,.094,.315,.425,,.315,.250,.333,.500,.275,.259,,.696,1.000,,.008,1,,.241,.231,,3,0,freijma01
144,Lawrence Funderburke,PF,34,CHI,2,21,.500,7.9,,1.000,.500,.000,.333,.167,.000,,.500,1.000,,.000,.000,,,.667,,,.000,0,,,,,0,0,fundela01
145,Dan Gadzuric,C,26,MIL,81,1783,.539,2.1,,1.000,.741,.202,.053,.004,.000,,.539,.611,.352,.292,.000,,,.584,,,.248,105,,,,,0,0,gadzuda01
146,Reece Gaines,PG,24,TOT,21,187,.340,14.8,,.720,.240,.060,.080,.340,.280,,.361,.583,1.000,.250,.118,.286,,.538,1.000,,.020,1,,.500,.429,,0,0,gainere01
146,Reece Gaines,PG,24,HOU,10,108,.370,16.4,,.556,.222,.074,.000,.259,.444,,.467,.667,1.000,,.143,.250,,.429,1.000,,.037,1,,.500,.333,,0,0,gainere01
146,Reece Gaines,PG,24,MIL,11,79,.304,13.0,,.913,.261,.043,.174,.435,.087,,.286,.500,1.000,.250,.100,.500,,.667,1.000,,.000,0,,.500,1.000,,0,0,gainere01
147,Alex Garcia,SG,24,NOH,8,146,.346,13.0,,.654,.365,.058,.038,.192,.346,,.382,.526,.000,.500,.200,.278,,.462,.800,,.019,1,,.389,.143,,0,0,garcial01
148,Kevin Garnett*,PF,28,MIN,82,3121,.502,9.8,,.982,.275,.207,.265,.234,.018,,.507,.652,.461,.429,.465,.240,,.665,.667,,.068,86,,.000,,,1,0,garneke01
149,Pat Garrity,PF,28,ORL,71,955,.402,19.1,,.520,.098,.042,.085,.294,.480,,.465,.533,.385,.615,.411,.333,,.770,1.000,,.010,3,,.197,.379,,0,0,garripa01
150,Pau Gasol*,PF,24,MEM,56,1790,.514,5.4,,.991,.430,.380,.101,.081,.009,,.517,.659,.432,.386,.321,.167,,.570,1.000,,.141,85,,.333,.000,,0,0,gasolpa01
151,Devean George,SF,27,LAL,15,306,.356,19.7,,.442,.096,.077,.048,.221,.558,,.348,.500,.250,.600,.261,.362,,.563,.857,,.019,2,,.379,.364,,0,0,georgde01
152,Eddie Gill,PG,26,IND,73,1021,.335,18.0,,.517,.174,.079,.074,.190,.483,,.360,.429,.263,.222,.391,.308,,.444,.861,,.000,0,,.359,.381,,3,0,gilled01
153,Kendall Gill,SG,36,MIL,14,284,.400,12.9,,.888,.288,.038,.113,.450,.113,,.408,.609,.000,.556,.278,.333,,.724,1.000,,.013,1,,.778,.429,,0,0,gillke01
154,Manu Ginóbili*,SG,27,SAS,74,2193,.471,11.5,,.669,.369,.165,.069,.065,.331,,.517,.615,.457,.370,.275,.376,,.433,.907,,.028,22,,.349,.378,,1,0,ginobma01
155,Gordan Giriček,SG,27,UTA,81,1660,.448,14.3,,.834,.225,.084,.125,.400,.166,,.465,.585,.434,.367,.435,.362,,.637,.974,,.014,8,,.390,.317,,0,0,giricgo01
156,Dion Glover,SG,26,SAS,7,68,.364,10.8,,.636,.409,.182,.045,.000,.364,,.500,.444,.750,.000,,.125,,.571,1.000,,.091,2,,.625,.200,,0,0,glovedi01
157,Anthony Goldwire,PG,33,TOT,33,537,.419,19.4,,.412,.147,.029,.051,.184,.588,,.446,.650,.250,.286,.360,.400,,.440,.938,,.000,0,,.188,.467,,1,0,goldwan01
157,Anthony Goldwire,PG,33,DET,9,55,.267,22.3,,.400,.000,.000,.067,.333,.600,,.167,,,.000,.200,.333,,1.000,1.000,,.000,0,,.333,1.000,,0,0,goldwan01
157,Anthony Goldwire,PG,33,MIL,24,482,.438,19.0,,.413,.165,.033,.050,.165,.587,,.480,.650,.250,.333,.400,.408,,.417,.931,,.000,0,,.169,.333,,1,0,goldwan01
158,Drew Gooden,PF,23,CLE,82,2523,.492,7.9,,.970,.371,.269,.196,.134,.030,,.502,.631,.461,.384,.397,.179,,.675,1.000,,.087,77,,.143,.000,,0,0,goodedr01
159,Ben Gordon,SG,21,CHI,82,2002,.411,15.7,,.687,.168,.118,.124,.277,.313,,.414,.407,.432,.405,.414,.405,,.390,.694,,.007,5,,.287,.484,,2,0,gordobe01
160,Brian Grant,C,32,LAL,69,1136,.493,8.5,,1.000,.431,.105,.163,.301,.000,,.493,.533,.455,.500,.444,,,.728,,,.038,6,,,,,0,0,grantbr01
161,Willie Green,SG,23,PHI,57,1066,.366,13.6,,.752,.279,.102,.099,.272,.248,,.393,.568,.256,.262,.313,.286,,.328,.833,,.019,8,,.171,.611,,1,0,greenwi01
162,Adrian Griffin,SF,30,CHI,69,667,.360,12.4,,.944,.224,.149,.149,.422,.056,,.368,.389,.333,.417,.353,.222,,.518,1.000,,.000,0,,.333,.333,,0,0,griffad01
163,Eddie Griffin,PF,22,MIN,70,1492,.387,14.7,,.609,.220,.148,.123,.119,.391,,.425,.548,.377,.313,.371,.328,,.563,1.000,,.054,25,,.025,.800,,0,0,griffed01
164,Tom Gugliotta,PF,35,TOT,47,966,.411,14.6,,.892,.145,.075,.241,.432,.108,,.423,.571,.333,.310,.452,.308,,.813,1.000,,.021,4,,.231,.333,,0,0,guglito01
164,Tom Gugliotta,PF,35,BOS,20,218,.297,13.9,,1.000,.162,.081,.243,.514,.000,,.297,.500,.333,.111,.316,,,.818,,,.000,0,,,,,0,0,guglito01
164,Tom Gugliotta,PF,35,ATL,27,748,.431,14.7,,.873,.142,.074,.240,.417,.127,,.449,.586,.333,.347,.482,.308,,.813,1.000,,.025,4,,.231,.333,,0,0,guglito01
165,Marcus Haislip,PF,24,IND,9,106,.342,9.0,,.974,.342,.211,.211,.211,.026,,.351,.692,.250,.250,.000,.000,,.385,,,.158,5,,.000,,,0,0,haislma01
166,Darvin Ham,SF,31,DET,47,275,.459,4.5,,1.000,.730,.000,.081,.189,.000,,.459,.519,,.333,.286,,,.647,,,.243,8,,,,,0,0,hamda01
167,Richard Hamilton,SG,26,DET,76,2926,.440,11.8,,.898,.248,.120,.261,.269,.102,,.455,.590,.396,.442,.369,.305,,.574,1.000,,.017,19,,.508,.367,,0,0,hamilri01
168,Zendon Hamilton,C,29,MIL,16,159,.344,4.1,,1.000,.688,.094,.094,.125,.000,,.344,.364,.333,.333,.250,,,.818,,,.000,0,,,,,0,0,hamilze01
169,Ben Handlogten,C,31,UTA,21,297,.518,5.8,,.988,.627,.108,.108,.145,.012,,.524,.673,.444,.111,.250,.000,,.744,,,.048,4,,.000,,,1,0,handlbe01
170,Anfernee Hardaway,SF,33,NYK,37,894,.423,14.8,,.808,.162,.146,.115,.385,.192,,.452,.595,.447,.533,.370,.300,,.484,1.000,,.000,0,,.280,.214,,0,0,hardaan01
171,Matt Harpring,SF,28,UTA,78,2584,.489,8.9,,.950,.448,.069,.175,.257,.050,,.504,.634,.458,.373,.377,.209,,.738,1.000,,.007,6,,.395,.176,,0,0,harprma01
172,Al Harrington,SF,24,ATL,66,2550,.459,8.5,,.925,.434,.134,.203,.154,.075,,.479,.612,.348,.330,.414,.216,,.453,.938,,.083,81,,.378,.214,,3,0,harrial01
173,Junior Harrington,SG,24,NOH,29,550,.360,14.3,,.893,.264,.028,.096,.506,.107,,.365,.426,.400,.176,.367,.316,,.517,1.000,,.011,2,,.158,.333,,0,0,harriju01
174,Othella Harrington,PF,31,CHI,70,1271,.512,8.4,,1.000,.285,.262,.337,.116,.000,,.512,.636,.495,.476,.347,,,.599,,,.000,0,,,,,0,0,harriot01
175,Devin Harris,PG,21,DAL,76,1173,.429,13.9,,.642,.328,.066,.079,.169,.358,,.481,.567,.375,.379,.403,.336,,.257,.795,,.027,9,,.229,.433,,3,0,harride01
176,Lucious Harris,SG,34,CLE,73,1128,.395,16.8,,.783,.130,.043,.120,.488,.217,,.415,.410,.385,.250,.459,.323,,.835,1.000,,.000,0,,.523,.441,,1,0,harrilu01
177,David Harrison,C,22,IND,43,760,.576,4.8,,1.000,.538,.288,.136,.038,.000,,.576,.667,.472,.480,.429,,,.594,,,.120,22,,,,,0,0,harrida01
178,Jason Hart,PG,26,CHA,74,1887,.449,14.8,,.834,.188,.113,.094,.438,.166,,.464,.463,.431,.519,.462,.368,,.374,.771,,.000,0,,.200,.368,,2,0,hartja01
179,Donnell Harvey,PF,24,NJN,3,16,1.000,0.8,,1.000,1.000,.000,.000,.000,.000,,1.000,1.000,,,,,,.000,,,.000,0,,,,,0,0,harvedo01
180,Udonis Haslem,PF,24,MIA,80,2675,.540,8.0,,.994,.490,.056,.206,.242,.006,,.543,.662,.278,.424,.465,.000,,.734,,,.120,70,,.000,,,3,0,hasleud01
181,Trenton Hassell,SG,25,MIN,82,2068,.474,10.7,,.977,.295,.183,.154,.345,.023,,.483,.557,.414,.466,.463,.091,,.674,1.000,,.053,23,,.000,,,2,0,hassetr01
182,Jarvis Hayes,SF,23,WAS,54,1560,.389,15.2,,.768,.145,.142,.177,.304,.232,,.403,.688,.347,.255,.379,.341,,.555,.952,,.025,13,,.301,.351,,0,0,hayesja01
183,Brendan Haywood,C,25,WAS,68,1865,.560,3.8,,1.000,.504,.431,.059,.007,.000,,.560,.763,.370,.280,.000,,,.540,,,.220,92,,,,,0,0,haywobr01
184,Alan Henderson,PF,32,DAL,78,1203,.527,3.3,,.991,.677,.209,.082,.023,.009,,.532,.631,.304,.333,.400,.000,,.552,,,.068,15,,.000,,,1,0,hendeal01
185,Nenê,C,22,DEN,55,1317,.503,5.1,,.995,.596,.161,.109,.130,.005,,.505,.670,.242,.310,.240,.000,,.711,,,.207,72,,.500,.000,,0,0,hilarne01
186,Grant Hill*,SF,32,ORL,67,2338,.509,11.2,,.987,.269,.092,.282,.345,.013,,.513,.674,.409,.469,.451,.231,,.508,1.000,,.024,23,,.308,.250,,1,0,hillgr01
187,Kirk Hinrich,PG,24,CHI,77,2800,.397,17.0,,.636,.152,.087,.102,.295,.364,,.420,.503,.276,.368,.438,.355,,.423,.752,,.001,1,,.152,.387,,1,0,hinriki01
188,Fred Hoiberg,SG,32,MIN,76,1272,.489,18.7,,.489,.148,.046,.049,.246,.511,,.496,.643,.154,.357,.500,.483,,.884,1.000,,.007,2,,.276,.500,,1,0,hoibefr01
189,Robert Horry,PF,34,SAS,75,1396,.419,14.2,,.632,.240,.149,.112,.131,.368,,.447,.656,.429,.310,.204,.370,,.736,.922,,.072,21,,.261,.417,,0,0,horryro01
190,Eddie House,PG-SG,26,TOT,68,891,.451,18.2,,.735,.082,.055,.096,.503,.265,,.450,.467,.400,.514,.440,.454,,.570,.886,,.000,0,,.392,.632,,1,0,houseed01
190,Eddie House,SG,26,CHA,13,300,.452,17.0,,.785,.081,.104,.126,.474,.215,,.462,.364,.429,.647,.438,.414,,.633,.750,,.000,0,,.345,.600,,0,0,houseed01
190,Eddie House,SG,26,MIL,5,41,.353,21.3,,.647,.000,.000,.000,.647,.353,,.182,,,,.182,.667,,.500,1.000,,.000,0,,.500,.667,,0,0,houseed01
190,Eddie House,PG,26,SAC,50,550,.458,18.7,,.710,.089,.028,.084,.509,.290,,.461,.526,.333,.389,.468,.452,,.529,.929,,.000,0,,.403,.640,,1,0,houseed01
191,Allan Houston,SG,33,NYK,20,532,.415,19.4,,.610,.024,.029,.220,.337,.390,,.432,.400,.667,.422,.420,.388,,.648,.935,,.000,0,,.375,.300,,1,0,houstal01
192,Dwight Howard,PF,19,ORL,82,2670,.520,3.7,,.997,.592,.301,.062,.041,.003,,.521,.623,.407,.167,.429,.000,,.526,,,.257,162,,.000,,,0,0,howardw01
193,Josh Howard,SF,24,DAL,76,2446,.475,9.7,,.855,.405,.153,.108,.189,.145,,.506,.636,.488,.349,.333,.296,,.504,1.000,,.068,49,,.278,.188,,1,0,howarjo01
194,Juwan Howard,PF,31,HOU,61,1624,.451,11.2,,.998,.161,.257,.238,.340,.002,,.452,.586,.504,.388,.391,.000,,.689,,,.017,7,,.000,,,0,0,howarju01
195,Troy Hudson,PG,28,MIN,79,1729,.401,18.1,,.611,.133,.051,.089,.339,.389,,.436,.500,.235,.475,.431,.345,,.260,.640,,.000,0,,.101,.192,,0,0,hudsotr01
196,Larry Hughes,SG,26,WAS,61,2358,.430,13.0,,.808,.249,.150,.130,.279,.192,,.465,.678,.288,.376,.413,.282,,.365,.746,,.053,54,,.172,.333,,0,0,hughela01
197,Ryan Humphrey,SF,25,MEM,35,317,.408,5.9,,.981,.563,.175,.097,.146,.019,,.416,.466,.278,.200,.533,.000,,.571,,,.058,5,,.500,.000,,0,0,humphry01
198,Kris Humphries,PF,19,UTA,67,873,.404,8.5,,.979,.408,.146,.195,.230,.021,,.406,.556,.262,.304,.318,.333,,.614,1.000,,.132,34,,.333,.500,,0,0,humphkr01
199,Brandon Hunter,PF,24,ORL,31,224,.507,3.8,,1.000,.534,.370,.041,.055,.000,,.507,.641,.370,.333,.250,,,.486,,,.137,9,,,,,0,0,huntebr01
200,Lindsey Hunter,SG,34,DET,76,1144,.358,13.7,,.722,.325,.066,.056,.275,.278,,.390,.469,.250,.176,.373,.274,,.506,1.000,,.013,3,,.262,.500,,1,0,hunteli01
201,Steven Hunter,C,23,PHO,76,1046,.614,2.2,,.995,.764,.177,.045,.009,.005,,.616,.696,.385,.300,.000,.000,,.644,,,.291,59,,.000,,,1,0,huntest01
202,Andre Iguodala,SG,21,PHI,82,2686,.493,10.3,,.740,.462,.086,.077,.115,.260,,.550,.698,.234,.333,.333,.331,,.662,.957,,.244,122,,.507,.306,,1,0,iguodan01
203,Zydrunas Ilgauskas,C,29,CLE,78,2615,.468,7.5,,.993,.426,.208,.173,.186,.007,,.469,.571,.377,.361,.440,.286,,.654,1.000,,.050,46,,.000,,,0,0,ilgauzy01
204,D.J. Mbenga,C,24,DAL,15,58,.429,5.6,,1.000,.429,.429,.143,.000,.000,,.429,.667,.333,.000,,,,.667,,,.143,1,,,,,0,0,mbengdj01
205,Allen Iverson*,PG,29,PHI,75,3174,.424,12.2,,.814,.313,.095,.154,.252,.186,,.451,.548,.434,.386,.376,.308,,.169,.567,,.002,3,,.098,.424,,1,0,iversal01
206,Royal Ivey,PG,23,ATL,62,809,.429,9.7,,.955,.318,.247,.136,.253,.045,,.434,.556,.388,.296,.400,.333,,.524,.667,,.005,1,,.111,1.000,,2,0,iveyro01
207,Bobby Jackson,SG,31,SAC,25,536,.427,15.5,,.624,.247,.063,.071,.243,.376,,.478,.587,.438,.389,.403,.344,,.395,.758,,.000,0,,.292,.464,,0,0,jacksbo01
208,Jermaine Jackson,SG,28,NYK,21,230,.515,11.8,,.939,.364,.030,.121,.424,.061,,.548,.833,.000,.500,.357,.000,,.412,,,.000,0,,.000,,,0,0,jacksje01
209,Jim Jackson,SF,34,TOT,64,1987,.426,19.4,,.493,.079,.064,.089,.261,.507,,.439,.500,.378,.385,.454,.414,,.476,.926,,.002,1,,.458,.422,,3,0,jacksji01
209,Jim Jackson,SF,34,HOU,24,990,.417,19.1,,.481,.085,.074,.095,.226,.519,,.471,.542,.476,.556,.406,.367,,.516,.963,,.004,1,,.442,.446,,2,0,jacksji01
209,Jim Jackson,SF,34,PHO,40,997,.435,19.7,,.505,.074,.054,.084,.294,.495,,.411,.455,.250,.200,.489,.459,,.435,.897,,.000,0,,.473,.400,,1,0,jacksji01
210,Luke Jackson,SF,23,CLE,10,43,.370,13.4,,.778,.185,.148,.296,.148,.222,,.286,.400,.250,.250,.250,.667,,.500,1.000,,.000,0,,.167,.000,,0,0,jackslu02
211,Marc Jackson,C,30,PHI,81,1976,.465,7.7,,.997,.432,.155,.189,.222,.003,,.466,.551,.407,.370,.426,.000,,.674,,,.023,16,,.500,.000,,0,0,jacksma02
212,Stephen Jackson,SF,26,IND,51,1806,.403,15.1,,.651,.238,.106,.095,.211,.349,,.426,.559,.333,.308,.376,.360,,.388,.903,,.023,17,,.308,.409,,4,0,jacksst02
213,Casey Jacobsen,SG-SF,23,TOT,84,1798,.404,14.0,,.566,.336,.071,.032,.127,.434,,.429,.482,.207,.385,.423,.373,,.485,.985,,.007,3,,.441,.372,,0,0,jacobca01
213,Casey Jacobsen,SF,23,PHO,40,768,.414,16.3,,.433,.248,.070,.025,.089,.567,,.456,.564,.273,.250,.357,.382,,.484,1.000,,.006,1,,.562,.420,,0,0,jacobca01
213,Casey Jacobsen,SG,23,NOH,44,1030,.398,12.5,,.649,.390,.072,.036,.151,.351,,.417,.449,.167,.444,.447,.364,,.485,.969,,.008,2,,.318,.286,,0,0,jacobca01
214,Jerome James,C,29,SEA,80,1330,.509,6.1,,.994,.298,.485,.175,.035,.006,,.512,.706,.470,.333,.333,.000,,.529,,,.158,47,,.000,,,0,0,jamesje01
215,LeBron James,SF,20,CLE,80,3388,.472,12.1,,.817,.311,.137,.121,.248,.183,,.499,.725,.370,.324,.373,.351,,.445,.500,,.076,126,,.185,.491,,0,0,jamesle01
216,Mike James,PG,29,TOT,74,1859,.441,15.1,,.655,.253,.089,.073,.241,.345,,.470,.505,.463,.382,.464,.386,,.333,.820,,.000,0,,.324,.417,,1,0,jamesmi01
216,Mike James,PG,29,MIL,47,1167,.446,14.9,,.670,.257,.093,.080,.239,.330,,.477,.500,.512,.351,.482,.382,,.313,.810,,.000,0,,.230,.429,,1,0,jamesmi01
216,Mike James,PG,29,HOU,27,692,.433,15.4,,.632,.247,.082,.062,.244,.368,,.457,.514,.375,.444,.437,.393,,.369,.833,,.000,0,,.458,.408,,0,0,jamesmi01
217,Antawn Jamison,PF,28,WAS,68,2605,.437,13.0,,.825,.201,.226,.129,.269,.175,,.457,.690,.390,.320,.403,.341,,.663,.944,,.006,7,,.236,.388,,1,0,jamisan01
218,Marko Jarić,PG,26,LAC,50,1656,.414,15.8,,.670,.256,.028,.092,.293,.330,,.435,.573,.077,.262,.403,.371,,.414,.857,,.015,7,,.086,.385,,1,0,jaricma01
219,Al Jefferson,PF,20,BOS,71,1051,.528,4.4,,.992,.542,.333,.087,.030,.008,,.533,.585,.504,.406,.273,.000,,.585,,,.136,49,,.333,.000,,1,0,jeffeal01
220,Richard Jefferson,SF,24,NJN,33,1355,.422,12.7,,.842,.287,.108,.105,.342,.158,,.438,.531,.410,.441,.368,.337,,.490,.900,,.073,38,,.348,.419,,0,0,jefferi01
221,Jared Jeffries,SF,23,WAS,77,2007,.468,6.8,,.882,.507,.249,.058,.069,.118,,.488,.627,.333,.280,.200,.314,,.465,.750,,.104,43,,.235,.333,,0,0,jeffrja01
222,Horace Jenkins,PG,30,DET,15,104,.333,11.6,,.800,.400,.044,.089,.267,.200,,.417,.500,.000,.250,.417,.000,,.600,,,.000,0,,.222,.000,,0,0,jenkiho01
223,Britton Johnsen,SF,25,IND,6,87,.273,13.8,,.818,.227,.136,.000,.455,.182,,.333,.200,.333,,.400,.000,,.667,,,.000,0,,.250,.000,,0,0,johnsbr01
224,Anthony Johnson,PG,30,IND,63,1747,.445,13.8,,.763,.191,.169,.169,.235,.237,,.466,.552,.377,.481,.449,.380,,.333,.659,,.022,9,,.343,.351,,0,0,johnsan02
225,DerMarr Johnson,SG,24,DEN,71,1232,.499,12.6,,.601,.412,.032,.057,.100,.399,,.592,.686,.500,.333,.378,.358,,.606,.981,,.178,61,,.547,.420,,0,0,johnsde03
226,Ervin Johnson,C,37,MIN,46,410,.519,3.6,,.981,.667,.204,.111,.000,.019,,.509,.583,.364,.333,,1.000,,.667,1.000,,.019,1,,.000,,,0,0,johnser02
227,Joe Johnson,SF,23,PHO,82,3240,.461,15.3,,.686,.178,.128,.120,.260,.314,,.454,.557,.510,.451,.356,.478,,.278,.949,,.014,15,,.524,.515,,10,1,johnsjo02
228,Linton Johnson,SF,24,SAS,2,15,.000,14.3,,.500,.000,.500,.000,.000,.500,,.000,,.000,,,.000,,,,,.000,0,,1.000,.000,,0,0,johnsli01
229,Dahntay Jones,SG,24,MEM,52,649,.437,13.5,,.684,.305,.079,.063,.237,.316,,.462,.517,.400,.500,.400,.383,,.500,1.000,,.063,10,,.883,.434,,0,0,jonesda02
230,Damon Jones,PG,28,MIA,82,2576,.456,21.5,,.282,.072,.015,.037,.158,.718,,.517,.692,.636,.370,.461,.432,,.443,.791,,.000,0,,.194,.465,,0,0,jonesda01
231,Eddie Jones,SF,33,MIA,80,2839,.428,16.3,,.534,.223,.063,.078,.170,.466,,.477,.617,.481,.297,.374,.372,,.684,.993,,.021,16,,.319,.361,,1,0,jonesed02
232,Fred Jones,SG,25,IND,77,2268,.425,15.0,,.646,.253,.107,.073,.213,.354,,.450,.549,.420,.277,.406,.380,,.202,.828,,.028,16,,.210,.500,,1,0,jonesfr01
233,James Jones,SF,24,IND,75,1330,.396,19.3,,.478,.094,.041,.107,.236,.522,,.395,.500,.385,.294,.400,.398,,.583,.924,,.013,4,,.307,.471,,0,0,jonesja02
234,Jumaine Jones,SF,25,LAL,76,1830,.432,15.9,,.463,.282,.043,.049,.088,.537,,.480,.540,.476,.333,.372,.391,,.667,.971,,.029,14,,.441,.383,,1,0,jonesju01
235,Mark Jones,SF,29,ORL,10,116,.290,13.6,,.871,.258,.000,.161,.452,.129,,.333,.375,,.200,.357,.000,,.667,,,.000,0,,.750,.000,,0,0,jonesma03
236,Chris Kaman,C,22,LAC,63,1632,.497,5.6,,.998,.424,.360,.158,.057,.002,,.498,.581,.489,.346,.357,.000,,.585,,,.079,36,,.000,,,1,0,kamanch01
237,Jason Kapono,SF,23,CHA,81,1491,.401,17.0,,.711,.100,.063,.167,.382,.289,,.396,.493,.333,.330,.410,.412,,.788,.938,,.000,0,,.423,.439,,0,0,kaponja01
238,Mario Kasun,C,24,ORL,45,356,.480,2.4,,.990,.735,.184,.061,.010,.010,,.485,.556,.333,.167,.000,.000,,.596,,,.133,12,,.000,,,0,0,kasunma01
239,Viktor Khryapa,SF,22,POR,32,523,.435,10.8,,.911,.339,.137,.089,.347,.089,,.442,.667,.235,.182,.372,.364,,.820,1.000,,.113,13,,.364,.250,,0,0,khryavi01
240,Jason Kidd*,PG,31,NJN,66,2435,.398,17.1,,.581,.186,.046,.105,.244,.419,,.425,.509,.359,.322,.416,.360,,.427,.829,,.000,0,,.221,.367,,1,0,kiddja01
241,Andrei Kirilenko,PF,23,UTA,41,1349,.493,10.2,,.817,.440,.081,.107,.188,.183,,.536,.649,.382,.333,.456,.299,,.652,.913,,.107,43,,.117,.111,,0,0,kirilan01
242,Kerry Kittles,SG,30,LAC,11,243,.384,15.7,,.712,.192,.082,.110,.329,.288,,.404,.571,.667,.375,.250,.333,,.762,1.000,,.027,1,,.095,1.000,,0,0,kittlke01
243,Brandin Knight,PG,23,HOU,1,3,.000,0.0,,1.000,1.000,.000,.000,.000,.000,,.000,.000,,,,,,,,,.000,0,,,,,0,0,knighbr02
244,Brevin Knight,PG,29,CHA,66,1944,.422,13.1,,.966,.199,.114,.165,.487,.034,,.432,.513,.418,.412,.409,.150,,.253,.667,,.000,0,,.150,.000,,0,0,knighbr01
245,Kyle Korver,SF,23,PHI,82,2667,.418,21.7,,.265,.063,.026,.055,.120,.735,,.453,.563,.400,.524,.374,.405,,.582,.965,,.001,1,,.256,.476,,0,0,korveky01
246,Nenad Krstić,PF,21,NJN,75,1965,.493,5.9,,.996,.472,.261,.153,.111,.004,,.495,.584,.436,.437,.333,.000,,.683,,,.081,40,,.000,,,0,0,krstine01
247,Toni Kukoč*,SF,36,MIL,53,1099,.410,16.2,,.547,.238,.090,.074,.145,.453,,.450,.590,.391,.211,.378,.362,,.476,.952,,.016,4,,.216,.480,,2,0,kukocto01
248,Ibo Kutluay,SG,30,SEA,5,12,.000,15.2,,1.000,.000,.000,1.000,.000,.000,,.000,,,.000,,,,,,,.000,0,,,,,0,0,kutluib01
249,Christian Laettner,PF,35,MIA,49,739,.582,11.4,,.962,.348,.027,.130,.457,.038,,.599,.766,.600,.708,.440,.143,,.708,1.000,,.000,0,,.143,.000,,0,0,laettch01
250,Raef LaFrentz,PF,28,BOS,80,2196,.496,11.7,,.673,.449,.064,.028,.132,.327,,.559,.660,.341,.316,.374,.364,,.788,.988,,.073,46,,.311,.457,,0,0,lafrera01
251,Maciej Lampe,C,19,TOT,37,380,.371,11.7,,.970,.265,.144,.152,.409,.030,,.367,.429,.316,.350,.352,.500,,.745,1.000,,.008,1,,.000,,,0,0,lampema01
251,Maciej Lampe,C,19,PHO,16,119,.347,14.5,,.939,.184,.102,.082,.571,.061,,.326,.222,.400,.250,.357,.667,,.667,1.000,,.000,0,,.000,,,0,0,lampema01
251,Maciej Lampe,C,19,NOH,21,261,.386,10.0,,.988,.313,.169,.193,.313,.012,,.390,.500,.286,.375,.346,.000,,.781,,,.012,1,,.000,,,0,0,lampema01
252,Voshon Lenard,SG,31,DEN,3,54,.385,16.7,,.538,.231,.038,.038,.231,.462,,.429,.833,.000,.000,.167,.333,,.833,.750,,.000,0,,.417,.200,,0,0,lenarvo01
253,Rashard Lewis,SF,25,SEA,71,2697,.462,14.5,,.625,.179,.200,.125,.121,.375,,.499,.655,.417,.458,.446,.400,,.460,.960,,.044,50,,.306,.485,,2,0,lewisra02
254,Randy Livingston,PG,29,UTA,17,227,.423,13.5,,.846,.231,.135,.192,.288,.154,,.386,.333,.286,.500,.400,.625,,.294,1.000,,.000,0,,.500,.750,,1,0,livinra01
255,Shaun Livingston,PG,19,LAC,30,814,.414,9.5,,.991,.312,.177,.274,.228,.009,,.418,.478,.342,.373,.449,.000,,.494,,,.023,4,,.000,,,0,0,livinsh01
256,Raül López,PG,24,UTA,31,518,.422,16.1,,.667,.207,.052,.089,.319,.333,,.411,.643,.286,.417,.279,.444,,.324,.600,,.000,0,,.022,1.000,,0,0,lopezra01
257,Tyronn Lue,PG,27,TOT,70,2007,.451,14.0,,.763,.232,.113,.138,.280,.237,,.481,.520,.432,.422,.497,.355,,.175,.800,,.000,0,,.168,.308,,0,0,luety01
257,Tyronn Lue,PG,27,HOU,21,479,.393,15.7,,.631,.197,.115,.107,.213,.369,,.429,.458,.500,.385,.385,.333,,.273,.933,,.000,0,,.356,.313,,0,0,luety01
257,Tyronn Lue,PG,27,ATL,49,1528,.464,13.6,,.793,.241,.113,.145,.295,.207,,.491,.531,.417,.429,.516,.364,,.159,.750,,.000,0,,.091,.300,,0,0,luety01
258,George Lynch,SF,34,NOH,44,933,.360,13.5,,.804,.270,.085,.079,.370,.196,,.375,.451,.313,.333,.343,.297,,.772,1.000,,.021,4,,.541,.300,,0,0,lynchge01
259,Mark Madsen,C,29,MIN,41,601,.515,2.4,,1.000,.742,.182,.076,.000,.000,,.515,.531,.583,.200,,,,.500,,,.076,3,,,,,0,0,madsema01
260,Corey Maggette,SG,25,LAC,66,2436,.431,13.6,,.830,.281,.077,.095,.376,.170,,.457,.567,.355,.447,.399,.304,,.655,.863,,.030,28,,.161,.296,,3,0,maggeco01
261,Jamaal Magloire,C,26,NOH,23,703,.432,5.1,,1.000,.441,.370,.119,.070,.000,,.432,.590,.357,.222,.188,,,.643,,,.115,24,,,,,0,0,magloja01
262,Stephon Marbury,PG,27,NYK,82,3281,.462,12.1,,.752,.363,.108,.061,.219,.248,,.497,.562,.440,.488,.422,.354,,.213,.635,,.001,1,,.089,.414,,1,0,marbust01
263,Shawn Marion,PF,26,PHO,81,3146,.476,11.4,,.735,.344,.126,.164,.100,.265,,.526,.667,.417,.434,.333,.334,,.681,.965,,.119,143,,.393,.328,,0,0,mariosh01
264,Sean Marks,PF,29,SAS,23,244,.338,11.6,,.963,.288,.138,.113,.425,.038,,.351,.565,.091,.444,.265,.000,,.741,,,.188,10,,.000,,,0,0,marksse01
265,Donyell Marshall,PF,31,TOR,65,1645,.443,17.5,,.387,.221,.047,.019,.100,.613,,.485,.702,.214,.182,.186,.416,,.676,.993,,.052,29,,.567,.471,,1,0,marshdo01
266,Darrick Martin,PG,33,LAC,11,190,.320,17.1,,.640,.120,.140,.120,.260,.360,,.344,.333,.286,.333,.385,.278,,.364,.200,,.000,0,,.111,.000,,0,0,martida01
267,Kenyon Martin,PF,27,DEN,70,2272,.490,7.7,,.987,.432,.196,.159,.200,.013,,.496,.648,.410,.361,.359,.000,,.664,,,.198,163,,.250,.000,,3,0,martike01
268,Kevin Martin,PG,21,SAC,45,455,.385,11.9,,.786,.282,.179,.188,.137,.214,,.435,.545,.333,.364,.438,.200,,.450,.600,,.051,6,,.240,.167,,0,0,martike02
269,Desmond Mason,SF,27,MIL,80,2893,.443,8.4,,.993,.392,.166,.215,.220,.007,,.445,.560,.408,.401,.312,.125,,.564,1.000,,.070,63,,.250,.000,,2,0,masonde01
270,Tony Massenburg,PF,37,SAS,61,699,.407,8.2,,1.000,.291,.324,.247,.137,.000,,.407,.566,.339,.333,.360,,,.689,,,.055,9,,,,,0,0,masseto01
271,Walter McCarty,PF,30,TOT,72,906,.404,20.1,,.340,.102,.047,.064,.128,.660,,.500,.500,.455,.400,.567,.355,,.800,1.000,,.004,1,,.226,.314,,0,0,mccarwa01
271,Walter McCarty,PF,30,BOS,44,553,.413,19.0,,.400,.140,.047,.060,.153,.600,,.533,.476,.714,.333,.609,.333,,.813,1.000,,.007,1,,.233,.238,,0,0,mccarwa01
271,Walter McCarty,PF,30,PHO,28,353,.388,22.0,,.235,.035,.047,.071,.082,.765,,.400,.667,.000,.500,.429,.385,,.750,1.000,,.000,0,,.215,.429,,0,0,mccarwa01
272,Jelani McCoy,C,27,ATL,10,88,.538,0.3,,1.000,.923,.077,.000,.000,.000,,.538,.500,1.000,,,,,.429,,,.154,2,,,,,0,0,mccoyje01
273,Antonio McDyess,PF,30,DET,77,1797,.513,9.5,,.998,.301,.134,.348,.216,.002,,.514,.633,.425,.514,.403,.000,,.775,,,.059,33,,.000,,,0,0,mcdyean01
274,Tracy McGrady*,SF,25,HOU,78,3182,.431,15.5,,.738,.225,.066,.081,.365,.262,,.468,.572,.364,.385,.441,.326,,.358,.514,,.042,62,,.051,.318,,6,0,mcgratr01
275,Jeff McInnis,PG,30,CLE,76,2651,.412,14.8,,.711,.131,.183,.220,.178,.289,,.439,.450,.479,.418,.417,.345,,.469,.923,,.000,0,,.212,.286,,2,0,mcinnje01
276,Aaron McKie,SG,32,PHI,68,1118,.430,16.9,,.563,.176,.063,.085,.239,.437,,.513,.640,.222,.583,.471,.323,,.732,.950,,.000,0,,.661,.415,,1,0,mckieaa01
277,Keith McLeod,PG,25,UTA,53,1382,.350,14.9,,.824,.252,.049,.086,.436,.176,,.372,.437,.150,.343,.365,.250,,.296,.389,,.029,9,,.028,.000,,2,0,mcleoke01
278,Stanislav Medvedenko,PF,25,LAL,43,423,.455,11.6,,.994,.276,.135,.141,.442,.006,,.458,.628,.524,.409,.348,.000,,.577,,,.019,3,,.000,,,0,0,medvest01
279,Ron Mercer,SF,28,NJN,18,390,.411,15.8,,.981,.108,.076,.089,.709,.019,,.419,.412,.333,.571,.411,.000,,.846,,,.000,0,,.667,.000,,0,0,mercero01
280,Chris Mihm,C,25,LAL,75,1870,.507,4.6,,.996,.536,.301,.098,.062,.004,,.509,.598,.410,.444,.324,.000,,.639,,,.145,73,,.000,,,1,0,mihmch01
281,Darius Miles,SF,23,POR,63,1699,.482,9.0,,.967,.406,.154,.121,.287,.033,,.487,.671,.355,.310,.370,.348,,.610,.750,,.155,97,,.348,.500,,2,0,milesda01
282,Darko Miličić,C,19,DET,37,254,.329,10.4,,1.000,.263,.184,.289,.263,.000,,.329,.700,.214,.227,.150,,,.800,,,.079,6,,,,,0,0,milicda01
283,Andre Miller,PG,28,DEN,82,2852,.477,10.0,,.956,.378,.106,.208,.265,.044,,.492,.648,.379,.355,.422,.154,,.451,.333,,.003,3,,.051,.000,,9,0,millean02
284,Anthony Miller,PF,33,ATL,2,9,.667,0.0,,1.000,1.000,.000,.000,.000,.000,,.667,.667,,,,,,1.000,,,.000,0,,,,,0,0,millean01
285,Brad Miller,C,28,SAC,56,2089,.524,9.5,,.969,.401,.135,.069,.365,.031,,.532,.611,.500,.429,.477,.263,,.701,1.000,,.054,31,,.053,1.000,,0,0,millebr01
286,Mike Miller,SF,24,MEM,76,2278,.505,16.0,,.578,.265,.042,.026,.245,.422,,.558,.640,.375,.350,.521,.433,,.575,.950,,.022,15,,.152,.449,,0,0,millemi01
287,Reggie Miller*,SG,39,IND,66,2105,.437,19.3,,.586,.056,.038,.149,.344,.414,,.518,.725,.630,.561,.453,.322,,.665,.948,,.007,5,,.299,.393,,1,0,millere01
288,Yao Ming*,C,24,HOU,80,2447,.552,6.2,,1.000,.379,.341,.229,.051,.000,,.552,.719,.467,.457,.300,,,.716,,,.148,126,,,,,0,0,mingya01
289,Cuttino Mobley,SG,29,TOT,66,2388,.438,16.5,,.633,.166,.075,.112,.280,.367,,.437,.581,.357,.375,.398,.439,,.391,.827,,.023,19,,.231,.519,,1,0,moblecu01
289,Cuttino Mobley,SG,29,ORL,23,726,.432,18.0,,.578,.132,.054,.115,.277,.422,,.409,.513,.313,.382,.390,.464,,.500,.793,,.014,4,,.200,.520,,0,0,moblecu01
289,Cuttino Mobley,SG,29,SAC,43,1662,.440,15.9,,.659,.182,.085,.110,.281,.341,,.449,.603,.370,.371,.402,.424,,.351,.848,,.027,15,,.249,.519,,1,0,moblecu01
290,Nazr Mohammed,C,27,TOT,77,1933,.480,4.5,,.998,.503,.346,.126,.023,.002,,.481,.607,.351,.355,.357,.000,,.522,,,.159,83,,.000,,,0,0,mohamna01
290,Nazr Mohammed,C,27,NYK,54,1519,.509,4.7,,.998,.478,.354,.143,.022,.002,,.510,.636,.411,.348,.400,.000,,.534,,,.163,67,,.000,,,0,0,mohamna01
290,Nazr Mohammed,C,27,SAS,23,414,.387,3.9,,1.000,.585,.317,.070,.028,.000,,.387,.530,.133,.400,.250,,,.473,,,.148,16,,,,,0,0,mohamna01
291,Jérôme Moïso,C-PF,26,TOT,20,120,.500,5.5,,.944,.500,.222,.222,.000,.056,,.529,.778,.250,.250,,.000,,.556,,,.111,2,,.000,,,0,0,moisoje01
291,Jérôme Moïso,C,26,TOR,8,69,.333,7.0,,.889,.444,.222,.222,.000,.111,,.375,.750,.000,.000,,.000,,.667,,,.000,0,,.000,,,0,0,moisoje01
291,Jérôme Moïso,C,26,NJN,8,24,.750,1.4,,1.000,.750,.250,.000,.000,.000,,.750,.667,1.000,,,,,.667,,,.250,1,,,,,0,0,moisoje01
291,Jérôme Moïso,PF,26,CLE,4,27,.600,6.0,,1.000,.400,.200,.400,.000,.000,,.600,1.000,.000,.500,,,,.333,,,.200,1,,,,,0,0,moisoje01
292,Mikki Moore,PF,29,LAC,74,1178,.502,7.5,,.983,.460,.185,.129,.209,.017,,.507,.644,.453,.324,.367,.200,,.671,1.000,,.188,49,,.200,1.000,,0,0,mooremi01
293,Alonzo Mourning*,C-PF,34,TOT,37,702,.472,6.6,,1.000,.453,.241,.108,.198,.000,,.472,.563,.451,.348,.357,,,.670,,,.156,31,,,,,0,0,mournal01
293,Alonzo Mourning*,PF,34,NJN,18,457,.453,7.2,,1.000,.427,.213,.133,.227,.000,,.453,.516,.438,.400,.382,,,.706,,,.140,21,,,,,0,0,mournal01
293,Alonzo Mourning*,C,34,MIA,19,245,.516,4.9,,1.000,.516,.306,.048,.129,.000,,.516,.656,.474,.000,.250,,,.594,,,.194,10,,,,,0,0,mournal01
294,Troy Murphy,PF,24,GSW,70,2375,.414,12.1,,.844,.281,.165,.079,.319,.156,,.417,.534,.282,.347,.401,.399,,.649,.966,,.038,34,,.176,.423,,0,0,murphtr01
295,Lamond Murray,SF,31,TOR,62,918,.426,15.6,,.661,.206,.065,.116,.274,.339,,.420,.500,.300,.444,.376,.438,,.605,.935,,.048,15,,.457,.438,,1,0,murrala01
296,Ronald Murray,SG,25,SEA,49,883,.361,14.9,,.738,.198,.132,.171,.237,.262,,.399,.625,.333,.323,.302,.253,,.290,.750,,.025,6,,.263,.400,,7,0,murraro01
297,Dikembe Mutombo*,C,38,HOU,80,1212,.498,4.3,,1.000,.553,.290,.124,.032,.000,,.498,.608,.365,.333,.429,,,.500,,,.143,29,,,,,0,0,mutomdi01
298,Mamadou N'Diaye,C,29,LAC,11,72,.400,8.6,,.950,.400,.300,.200,.050,.050,,.421,.500,.500,.250,.000,.000,,.250,,,.050,0,,.000,,,1,0,ndiayma02
299,Boštjan Nachbar,PF-SF,24,TOT,71,1341,.392,16.3,,.523,.241,.046,.071,.165,.477,,.400,.505,.368,.207,.338,.383,,.500,.933,,.044,16,,.291,.421,,0,0,nachbbo01
299,Boštjan Nachbar,SF,24,HOU,16,204,.349,18.2,,.512,.116,.093,.070,.233,.488,,.227,.400,.000,.000,.300,.476,,.200,1.000,,.000,0,,.333,.571,,0,0,nachbbo01
299,Boštjan Nachbar,PF,24,NOH,55,1137,.397,16.0,,.524,.255,.041,.071,.158,.476,,.420,.511,.467,.231,.345,.371,,.519,.923,,.049,16,,.286,.400,,0,0,nachbbo01
300,Lee Nailon,SF,29,NOH,68,2017,.478,10.4,,.998,.285,.137,.231,.344,.002,,.479,.589,.496,.458,.395,.000,,.680,,,.031,24,,.000,,,0,0,nailole01
301,Eduardo Nájera,PF,28,TOT,68,1185,.450,10.0,,.935,.385,.134,.093,.323,.065,,.462,.653,.279,.333,.346,.286,,.719,.833,,.037,12,,.095,.500,,0,0,najered01
301,Eduardo Nájera,PF,28,GSW,42,610,.407,11.8,,.913,.279,.151,.110,.372,.087,,.408,.667,.308,.316,.281,.400,,.703,.833,,.035,6,,.133,.500,,0,0,najered01
301,Eduardo Nájera,PF,28,DEN,26,575,.500,7.8,,.960,.507,.113,.073,.267,.040,,.521,.645,.235,.364,.450,.000,,.733,,,.040,6,,.000,,,0,0,najered01
302,Steve Nash*,PG,30,PHO,75,2573,.502,14.6,,.746,.201,.083,.180,.282,.254,,.526,.605,.465,.461,.529,.431,,.101,.564,,.000,0,,.110,.333,,0,0,nashst01
303,Jameer Nelson,PG,22,ORL,79,1612,.455,14.2,,.775,.288,.041,.086,.360,.225,,.497,.597,.423,.407,.447,.312,,.388,.841,,.000,0,,.277,.410,,1,0,nelsoja01
304,Rasho Nesterović,C,28,SAS,70,1785,.460,7.9,,1.000,.291,.351,.191,.167,.000,,.460,.680,.457,.280,.292,,,.707,,,.037,15,,,,,0,0,nestera01
305,Ira Newble,SG,30,CLE,74,1832,.429,11.8,,.875,.351,.052,.106,.366,.125,,.439,.584,.182,.378,.355,.358,,.828,1.000,,.073,26,,.774,.317,,0,0,newblir01
306,Andrés Nocioni,SF,25,CHI,81,1892,.401,11.4,,.839,.300,.156,.178,.205,.161,,.429,.511,.362,.355,.423,.258,,.620,1.000,,.028,14,,.361,.343,,0,0,nocioan01
307,Moochie Norris,PG,31,TOT,38,360,.321,14.0,,.890,.266,.092,.101,.431,.110,,.361,.310,.300,.273,.426,.000,,.600,,,.000,0,,.250,.000,,2,0,norrimo01
307,Moochie Norris,PG,31,NYK,32,321,.344,14.5,,.871,.247,.108,.097,.419,.129,,.395,.304,.300,.222,.513,.000,,.594,,,.000,0,,.250,.000,,2,0,norrimo01
307,Moochie Norris,PG,31,HOU,6,39,.188,10.8,,1.000,.375,.000,.125,.500,.000,,.188,.333,,.500,.000,,,.667,,,.000,0,,,,,0,0,norrimo01
308,Dirk Nowitzki*,PF,26,DAL,78,3020,.459,14.5,,.842,.181,.072,.203,.386,.158,,.470,.637,.452,.410,.427,.399,,.491,.802,,.035,48,,.105,.333,,2,0,nowitdi01
309,Jermaine O'Neal,PF,26,IND,44,1530,.452,9.0,,.993,.249,.297,.283,.163,.007,,.454,.568,.457,.434,.309,.167,,.600,1.000,,.056,46,,.000,,,0,0,onealje01
310,Shaquille O'Neal*,C,32,MIA,73,2492,.601,3.3,,1.000,.566,.381,.051,.002,.000,,.601,.748,.439,.196,.000,,,.530,,,.244,255,,,,,0,0,onealsh01
311,Lamar Odom,PF,25,LAL,64,2320,.473,8.4,,.849,.460,.209,.080,.099,.151,,.502,.576,.420,.403,.416,.308,,.430,.889,,.045,35,,.145,.235,,3,0,odomla01
312,Emeka Okafor,PF,22,CHA,73,2600,.447,7.9,,.999,.356,.228,.246,.168,.001,,.447,.650,.358,.308,.343,.000,,.694,,,.090,86,,.000,,,0,0,okafoem01
313,Mehmet Okur,C,25,UTA,82,2304,.468,9.8,,.917,.374,.147,.153,.242,.083,,.486,.572,.369,.440,.454,.270,,.561,.941,,.048,36,,.048,.000,,1,0,okurme01
314,Kevin Ollie,PG,32,PHI,26,158,.355,12.6,,1.000,.161,.161,.161,.516,.000,,.355,.400,.200,.200,.438,,,.727,,,.000,0,,,,,0,0,ollieke01
315,Michael Olowokandi,C,29,MIN,62,1215,.456,7.2,,1.000,.232,.453,.300,.014,.000,,.456,.634,.450,.349,.000,,,.596,,,.025,8,,,,,0,0,olowomi01
316,Greg Ostertag,C,31,SAC,56,556,.440,4.3,,.976,.643,.226,.048,.060,.024,,.451,.537,.263,.500,.200,.000,,.432,,,.060,3,,.000,,,1,0,ostergr01
317,Bo Outlaw,PF,33,PHO,39,214,.353,8.4,,1.000,.500,.059,.088,.353,.000,,.353,.471,.000,.333,.250,,,.500,,,.000,0,,,,,0,0,outlabo01
318,Travis Outlaw,SF,20,POR,59,793,.498,10.0,,.963,.341,.142,.191,.288,.037,,.502,.659,.447,.490,.351,.400,,.512,.750,,.180,42,,.200,.500,,0,0,outlatr01
319,Zaza Pachulia,C,20,MIL,74,1397,.452,3.9,,.997,.647,.169,.133,.048,.003,,.453,.476,.433,.383,.412,.000,,.669,,,.025,8,,.000,,,1,0,pachuza01
320,Scott Padgett,PF,28,HOU,66,942,.421,18.1,,.459,.197,.030,.039,.193,.541,,.449,.457,.571,.556,.400,.397,,.708,.980,,.021,4,,.175,.273,,0,0,padgesc01
321,Milt Palacio,PG,26,TOR,80,1533,.446,9.0,,.969,.469,.056,.158,.286,.031,,.455,.505,.182,.403,.455,.167,,.410,.500,,.003,1,,.000,,,2,0,palacmi01
322,Jannero Pargo,PG,25,CHI,32,453,.385,18.6,,.690,.075,.052,.099,.465,.310,,.401,.500,.364,.333,.404,.348,,.424,.826,,.000,0,,.121,.000,,1,0,pargoja01
323,Smush Parker,PG,23,TOT,16,144,.419,13.5,,.698,.326,.023,.093,.256,.302,,.500,.643,1.000,.500,.273,.231,,.600,1.000,,.047,2,,.615,.375,,0,0,parkesm01
323,Smush Parker,PG,23,DET,11,110,.393,13.6,,.679,.357,.000,.071,.250,.321,,.474,.700,,.500,.143,.222,,.667,1.000,,.036,1,,.556,.400,,0,0,parkesm01
323,Smush Parker,PG,23,PHO,5,34,.467,13.5,,.733,.267,.067,.133,.267,.267,,.545,.500,1.000,.500,.500,.250,,.500,1.000,,.067,1,,.750,.333,,0,0,parkesm01
324,Tony Parker*,PG,22,SAS,80,2735,.482,10.0,,.860,.386,.205,.053,.217,.140,,.516,.647,.424,.407,.395,.276,,.315,.907,,.001,1,,.308,.333,,1,0,parketo01
325,Ruben Patterson,SF,29,POR,70,1957,.531,4.6,,.958,.641,.185,.057,.077,.042,,.550,.644,.378,.353,.326,.080,,.609,1.000,,.136,79,,.240,.333,,3,0,patteru01
326,Sasha Pavlović,SG,21,CLE,65,862,.435,14.1,,.717,.279,.069,.087,.283,.283,,.455,.558,.474,.375,.372,.385,,.700,1.000,,.047,12,,.513,.375,,0,0,pavloal01
327,Gary Payton*,PG,36,BOS,77,2541,.468,9.7,,.822,.419,.156,.099,.148,.178,,.498,.628,.327,.389,.383,.326,,.391,.976,,.000,0,,.256,.364,,0,0,paytoga01
328,Anthony Peeler,SG,35,WAS,40,529,.373,18.8,,.567,.080,.073,.107,.307,.433,,.365,.500,.273,.188,.413,.385,,.710,.840,,.007,1,,.231,.333,,0,0,peelean01
329,Kirk Penney,SG,24,LAC,4,12,.333,20.8,,.667,.000,.000,.000,.667,.333,,.500,,,,.500,.000,,1.000,,,.000,0,,.000,,,0,0,penneki01
330,Kendrick Perkins,C,20,BOS,60,548,.471,4.5,,1.000,.588,.261,.092,.059,.000,,.471,.557,.387,.364,.143,,,.571,,,.160,18,,,,,0,0,perkike01
331,Wesley Person,SF,33,TOT,41,667,.473,19.5,,.606,.058,.027,.075,.447,.394,,.482,.615,.500,.353,.485,.461,,.833,.976,,.004,1,,.315,.500,,0,0,persowe01
331,Wesley Person,SF,33,MIA,16,206,.439,20.1,,.632,.018,.018,.123,.474,.368,,.472,.000,1.000,.429,.481,.381,,.765,1.000,,.000,0,,.333,.571,,0,0,persowe01
331,Wesley Person,SF,33,DEN,25,461,.485,19.3,,.598,.071,.030,.059,.438,.402,,.485,.667,.400,.300,.486,.485,,.857,.970,,.006,1,,.309,.476,,0,0,persowe01
332,Morris Peterson,SG,27,TOR,82,2510,.420,14.6,,.605,.284,.075,.077,.169,.395,,.442,.568,.266,.354,.350,.385,,.608,.868,,.035,22,,.534,.369,,3,0,petermo01
333,Eric Piatkowski,SG,34,CHI,68,841,.430,17.9,,.481,.182,.047,.047,.205,.519,,.435,.596,.250,.250,.377,.425,,.704,.877,,.000,0,,.351,.468,,0,0,piatker01
334,Paul Pierce*,SF,27,BOS,82,2960,.455,13.5,,.761,.280,.084,.134,.262,.239,,.481,.627,.330,.390,.421,.370,,.404,.778,,.029,32,,.182,.321,,1,0,piercpa01
335,Mickaël Piétrus,SF,22,GSW,67,1340,.427,15.0,,.611,.253,.106,.066,.186,.389,,.480,.717,.302,.303,.323,.344,,.565,.836,,.082,39,,.369,.333,,1,0,pietrmi01
336,Zoran Planinić,PG,22,NJN,43,515,.448,12.0,,.770,.368,.132,.057,.213,.230,,.470,.531,.478,.400,.378,.375,,.444,.933,,.011,2,,.325,.615,,4,0,planizo01
337,Pavel Podkolzin,C,20,DAL,5,10,,,,,,,,,,,,,,,,,,,,,,0,,,,,0,0,podkopa01
338,Scot Pollard,C,29,IND,49,865,.473,6.6,,1.000,.545,.108,.204,.144,.000,,.473,.604,.333,.235,.417,,,.633,,,.012,2,,,,,0,0,pollasc01
339,Mark Pope,PF,32,DEN,9,27,.333,1.7,,1.000,.667,.333,.000,.000,.000,,.333,.500,.000,,,,,.500,,,.000,0,,,,,0,0,popema01
340,James Posey,SF,28,MEM,50,1382,.357,15.0,,.500,.278,.096,.045,.081,.500,,.404,.485,.206,.250,.448,.309,,.528,.964,,.042,13,,.421,.360,,1,0,poseyja01
341,Vitaly Potapenko,C,29,SEA,33,335,.517,8.3,,.989,.299,.230,.287,.172,.011,,.523,.808,.350,.520,.267,.000,,.733,,,.034,3,,1.000,.000,,0,0,potapvi01
342,Tayshaun Prince,SF,24,DET,82,3039,.487,10.6,,.857,.339,.160,.126,.233,.143,,.512,.653,.461,.413,.393,.341,,.585,.979,,.081,73,,.536,.365,,0,0,princta01
343,Laron Profit,SF,27,WAS,42,428,.438,12.3,,.781,.367,.117,.047,.250,.219,,.480,.617,.200,.500,.406,.286,,.521,.875,,.063,7,,.214,.167,,1,0,profila01
344,Joel Przybilla,C,25,POR,76,1858,.598,2.9,,1.000,.727,.153,.072,.048,.000,,.598,.694,.373,.333,.250,,,.754,,,.324,96,,,,,0,0,przybjo01
345,Vladimir Radmanović,PF,24,SEA,63,1856,.409,17.3,,.494,.202,.083,.054,.157,.506,,.430,.588,.278,.314,.353,.389,,.486,.969,,.048,30,,.225,.351,,3,0,radmavl01
346,Aleksandar Radojević,C,28,UTA,12,128,.316,4.2,,1.000,.632,.211,.158,.000,.000,,.316,.167,.500,.667,,,,.667,,,.053,1,,,,,0,0,radojal01
347,Peter John Ramos,C,19,WAS,6,20,.500,10.2,,1.000,.300,.100,.200,.400,.000,,.500,.667,.000,.000,.750,,,.800,,,.200,2,,,,,0,0,ramospe01
348,Zach Randolph,PF,23,POR,46,1603,.448,7.9,,.992,.350,.281,.158,.204,.008,,.452,.544,.413,.342,.430,.000,,.548,,,.012,9,,.333,.000,,0,0,randoza01
349,Theo Ratliff,C,31,POR,63,1731,.447,5.8,,1.000,.459,.249,.206,.086,.000,,.447,.559,.391,.302,.364,,,.704,,,.156,34,,,,,0,0,ratlith01
350,Željko Rebrača,C,32,LAC,58,928,.568,6.9,,1.000,.291,.410,.256,.043,.000,,.568,.574,.625,.517,.300,,,.669,,,.030,6,,,,,0,0,rebraze01
351,Michael Redd,SG,25,MIL,75,2848,.441,13.8,,.793,.200,.110,.238,.246,.207,,.463,.590,.321,.427,.458,.355,,.516,.865,,.016,20,,.314,.370,,0,0,reddmi01
352,Justin Reed,SF,23,BOS,23,121,.517,11.6,,.897,.379,.069,.034,.414,.103,,.577,.545,.500,1.000,.583,.000,,.733,,,.138,4,,.667,.000,,0,0,reedju01
353,Jared Reiner,C,22,CHI,19,132,.333,9.4,,1.000,.333,.167,.100,.400,.000,,.333,.300,.400,.000,.417,,,.800,,,.000,0,,,,,0,0,reineja01
354,Jason Richardson,SG,24,GSW,72,2724,.446,13.1,,.730,.283,.140,.091,.216,.270,,.486,.703,.328,.347,.363,.338,,.468,.752,,.079,98,,.192,.394,,1,0,richaja01
355,Quentin Richardson,SG,24,PHO,79,2839,.389,18.1,,.396,.212,.058,.034,.091,.604,,.437,.527,.377,.139,.379,.358,,.486,.894,,.040,39,,.176,.378,,5,0,richaqu01
356,Luke Ridnour,PG,23,SEA,82,2571,.405,14.4,,.759,.177,.153,.130,.299,.241,,.414,.489,.354,.448,.385,.376,,.254,.761,,.000,0,,.360,.344,,0,0,ridnolu01
357,Bernard Robinson,SG,24,CHA,31,328,.444,8.9,,.901,.469,.086,.198,.148,.099,,.452,.605,.000,.313,.417,.375,,.455,1.000,,.037,3,,.125,1.000,,1,0,robinbe01
358,Clifford Robinson,C-PF,38,TOT,71,1689,.386,16.5,,.631,.111,.157,.101,.262,.369,,.409,.534,.415,.321,.387,.347,,.785,.970,,.013,6,,.254,.347,,1,0,robincl02
358,Clifford Robinson,C,38,GSW,42,1090,.398,16.8,,.641,.085,.175,.102,.280,.359,,.436,.600,.484,.389,.374,.331,,.798,.952,,.008,3,,.213,.333,,1,0,robincl02
358,Clifford Robinson,PF,38,NJN,29,599,.361,16.0,,.609,.166,.118,.101,.225,.391,,.350,.464,.200,.176,.421,.379,,.750,1.000,,.024,3,,.333,.364,,0,0,robincl02
359,Glenn Robinson,SF,32,SAS,9,157,.442,13.6,,.922,.052,.208,.338,.325,.078,,.451,.750,.438,.385,.480,.333,,.563,1.000,,.000,0,,.500,.333,,0,0,robingl01
360,Rodney Rogers,SF-PF,33,TOT,58,1367,.382,14.3,,.627,.309,.076,.058,.184,.373,,.440,.554,.382,.308,.313,.286,,.677,1.000,,.022,8,,.155,.115,,1,0,rogerro01
360,Rodney Rogers,SF,33,NOH,30,882,.377,14.1,,.682,.298,.069,.055,.260,.318,,.426,.558,.350,.375,.307,.272,,.702,1.000,,.014,2,,.207,.105,,0,0,rogerro01
360,Rodney Rogers,PF,33,PHI,28,485,.391,14.5,,.528,.329,.087,.062,.050,.472,,.471,.547,.429,.200,.375,.303,,.625,1.000,,.037,6,,.092,.143,,1,0,rogerro01
361,Jalen Rose,SF,32,TOR,81,2710,.455,14.0,,.764,.161,.160,.213,.230,.236,,.473,.636,.497,.445,.368,.394,,.356,.870,,.016,17,,.438,.425,,3,0,roseja01
362,Malik Rose,PF,30,TOT,76,1475,.449,10.3,,.977,.356,.113,.175,.333,.023,,.457,.580,.320,.403,.401,.100,,.665,1.000,,.057,17,,.300,.333,,3,0,rosema01
362,Malik Rose,PF,30,SAS,50,862,.464,10.2,,.985,.360,.094,.187,.345,.015,,.471,.594,.280,.460,.402,.000,,.669,,,.056,11,,.000,,,1,0,rosema01
362,Malik Rose,PF,30,NYK,26,613,.425,10.4,,.966,.351,.144,.155,.316,.034,,.435,.557,.360,.296,.400,.167,,.658,1.000,,.057,6,,.500,.333,,2,0,rosema01
363,Quinton Ross,SG,23,LAC,78,1659,.432,10.4,,.989,.378,.067,.153,.391,.011,,.434,.546,.320,.333,.384,.250,,.688,.000,,.040,12,,.000,,,1,0,rossqu01
364,Michael Ruffin,C,28,WAS,79,1262,.414,3.4,,.990,.667,.242,.071,.010,.010,,.418,.606,.000,.143,.000,.000,,.439,,,.273,23,,.000,,,0,0,ruffimi01
365,Kareem Rush,SG,24,TOT,48,968,.387,16.6,,.663,.150,.067,.113,.333,.337,,.394,.508,.333,.326,.378,.372,,.481,.941,,.012,5,,.336,.391,,0,0,rushka01
365,Kareem Rush,SG,24,LAL,14,91,.200,20.3,,.500,.050,.000,.150,.300,.500,,.200,1.000,,.000,.167,.200,,.500,1.000,,.000,0,,.400,.250,,0,0,rushka01
365,Kareem Rush,SG,24,CHA,34,877,.396,16.4,,.671,.155,.070,.111,.334,.329,,.402,.500,.333,.349,.388,.386,,.481,.939,,.013,5,,.331,.405,,0,0,rushka01
366,Bryon Russell,SF,34,DEN,70,1026,.377,19.3,,.409,.143,.028,.020,.218,.591,,.379,.389,.571,.600,.327,.376,,.590,.964,,.008,1,,.497,.459,,2,0,russebr01
367,John Salmons,SG,25,PHI,58,993,.405,15.0,,.567,.267,.071,.129,.100,.433,,.454,.571,.400,.333,.333,.341,,.296,.903,,.029,6,,.374,.382,,0,0,salmojo01
368,Jamal Sampson,PF,21,CHA,23,329,.452,7.5,,1.000,.435,.194,.129,.242,.000,,.452,.630,.250,.500,.267,,,.571,,,.113,5,,,,,0,0,sampsja01
369,Daniel Santiago,C,28,MIL,11,105,.333,6.7,,1.000,.381,.286,.190,.143,.000,,.333,.500,.167,.250,.333,,,1.000,,,.048,1,,,,,0,0,santida01
370,Brian Scalabrine,PF,26,NJN,54,1167,.398,12.5,,.795,.292,.142,.087,.274,.205,,.417,.577,.298,.276,.352,.324,,.718,1.000,,.024,7,,.441,.367,,0,0,scalabr01
371,Ansu Sesay,SF,28,GSW,16,128,.405,11.7,,.810,.262,.214,.095,.238,.190,,.441,.545,.222,.250,.600,.250,,.667,1.000,,.000,0,,.625,.400,,0,0,sesayan01
372,Ha Seung-Jin,C,19,POR,19,104,.435,2.6,,1.000,.565,.348,.087,.000,.000,,.435,.615,.250,.000,,,,.800,,,.174,4,,,,,0,0,seungha01
373,Paul Shirley,PF,27,PHO,9,30,.455,15.9,,1.000,.091,.091,.182,.636,.000,,.455,1.000,.000,1.000,.286,,,.800,,,.000,0,,,,,0,0,shirlpa01
374,Bobby Simmons,SF,24,LAC,75,2799,.466,15.3,,.887,.182,.040,.096,.568,.113,,.470,.622,.268,.408,.446,.435,,.731,.960,,.025,24,,.783,.456,,1,0,simmobo01
375,Brian Skinner,C-PF,28,TOT,49,941,.507,4.7,,.995,.478,.366,.102,.049,.005,,.510,.612,.493,.333,.000,.000,,.529,,,.146,28,,.000,,,1,0,skinnbr01
375,Brian Skinner,PF,28,PHI,24,246,.386,5.3,,.982,.491,.316,.123,.053,.018,,.393,.393,.500,.286,.000,.000,,.591,,,.053,2,,.000,,,1,0,skinnbr01
375,Brian Skinner,C,28,SAC,25,695,.554,4.5,,1.000,.473,.385,.095,.047,.000,,.554,.700,.491,.357,.000,,,.512,,,.182,26,,,,,0,0,skinnbr01
376,Tamar Slay,SG,24,CHA,8,78,.333,15.1,,.692,.205,.128,.051,.308,.308,,.407,.875,.000,.500,.250,.167,,.636,1.000,,.000,0,,.083,.000,,0,0,slayta01
377,Donta Smith,SG,21,ATL,38,433,.389,10.0,,.805,.381,.186,.124,.115,.195,,.418,.581,.143,.357,.385,.273,,.447,1.000,,.080,8,,.182,.250,,0,0,smithdo04
378,J.R. Smith,SG,19,NOH,76,1859,.394,15.6,,.624,.245,.068,.070,.242,.376,,.458,.590,.373,.327,.387,.288,,.556,.889,,.080,49,,.167,.340,,1,0,smithjr01
379,Jabari Smith,PF,27,NJN,45,648,.419,12.0,,.986,.297,.041,.169,.480,.014,,.418,.477,.333,.440,.380,.500,,.836,1.000,,.054,7,,.000,,,0,0,smithja01
380,Joe Smith,PF,29,MIL,74,2265,.514,9.4,,.998,.348,.138,.213,.300,.002,,.515,.639,.419,.455,.457,.000,,.749,,,.066,36,,1.000,.000,,0,0,smithjo02
381,Josh Smith,SF,19,ATL,74,2050,.455,7.7,,.962,.498,.133,.100,.231,.038,,.466,.637,.213,.200,.360,.174,,.611,1.000,,.199,114,,.435,.300,,2,0,smithjo03
382,Steve Smith,SG,35,TOT,50,750,.411,17.3,,.577,.109,.097,.185,.185,.423,,.427,.444,.458,.435,.391,.390,,.525,.902,,.000,0,,.314,.545,,1,0,smithst01
382,Steve Smith,SG,35,CHA,37,636,.427,17.4,,.587,.101,.106,.197,.183,.413,,.430,.409,.478,.442,.400,.422,,.491,.895,,.000,0,,.311,.571,,1,0,smithst01
382,Steve Smith,SG,35,MIA,13,114,.300,17.1,,.500,.167,.033,.100,.200,.500,,.400,.600,.000,.333,.333,.200,,.833,1.000,,.000,0,,.333,.400,,0,0,smithst01
383,Theron Smith,SF,24,CHA,33,510,.324,12.1,,.912,.331,.051,.103,.426,.088,,.331,.489,.429,.071,.259,.250,,.756,1.000,,.015,2,,.500,.167,,1,0,smithth01
384,Eric Snow,SG,31,CLE,81,1844,.382,13.6,,.862,.232,.043,.235,.352,.138,,.397,.461,.214,.416,.365,.289,,.688,1.000,,.000,0,,.444,.250,,0,0,snower01
385,Kirk Snyder,SG,21,UTA,68,906,.372,13.5,,.741,.369,.027,.052,.293,.259,,.379,.562,.000,.118,.229,.353,,.630,.933,,.073,21,,.424,.500,,3,0,snydeki01
386,Darius Songaila,PF,26,SAC,81,1668,.527,9.8,,.994,.365,.160,.078,.391,.006,,.530,.579,.436,.526,.524,.000,,.739,,,.039,18,,.000,,,0,0,songada01
387,Pape Sow,C,23,TOR,27,255,.397,4.7,,1.000,.569,.172,.224,.034,.000,,.397,.545,.400,.077,.000,,,.565,,,.172,8,,,,,0,0,sowpa01
388,Latrell Sprewell,SF,34,MIN,80,2450,.414,14.9,,.780,.166,.091,.199,.325,.220,,.439,.581,.368,.440,.385,.327,,.602,.928,,.003,2,,.403,.365,,1,0,sprewla01
389,Jerry Stackhouse,SG,30,DAL,56,1617,.414,12.9,,.819,.272,.092,.178,.276,.181,,.446,.539,.426,.390,.399,.267,,.426,.906,,.047,30,,.417,.340,,3,0,stackje01
390,DeShawn Stevenson,SG,23,ORL,55,1089,.408,12.3,,.843,.373,.052,.052,.366,.157,,.415,.484,.045,.273,.417,.373,,.523,.840,,.040,14,,.209,.429,,1,0,stevede01
391,Michael Stewart,PF,29,ATL,12,145,.524,2.1,,1.000,.810,.095,.048,.048,.000,,.524,.529,.000,1.000,1.000,,,.364,,,.143,3,,,,,0,0,stewami01
392,Peja Stojaković,SF,27,SAC,66,2534,.444,16.8,,.574,.200,.041,.082,.251,.426,,.475,.675,.381,.349,.373,.402,,.653,.862,,.011,11,,.238,.417,,2,0,stojape01
393,Awvee Storey,SG,27,NJN,9,32,.300,14.0,,.800,.300,.000,.100,.400,.200,,.250,.667,,.000,.000,.500,,.000,1.000,,.100,1,,1.000,.500,,0,0,storeaw01
394,Damon Stoudamire,PG,31,POR,81,2762,.392,17.5,,.579,.148,.072,.089,.270,.421,,.409,.509,.357,.346,.389,.369,,.362,.829,,.000,0,,.161,.392,,1,0,stoudda01
395,Amar'e Stoudemire,C,22,PHO,80,2889,.559,7.0,,.988,.460,.209,.155,.165,.012,,.564,.708,.412,.449,.459,.188,,.597,.667,,.195,237,,.188,.333,,3,0,stoudam01
396,Erick Strickland,SG,31,MIL,62,1014,.375,15.4,,.727,.168,.063,.220,.276,.273,,.421,.471,.368,.388,.429,.253,,.538,.857,,.000,0,,.301,.200,,0,0,stricer01
397,Rod Strickland,PG,38,HOU,16,196,.209,12.1,,.953,.233,.140,.302,.279,.047,,.195,.500,.167,.154,.000,.500,,.125,1.000,,.000,0,,.000,,,0,0,stricro02
398,Bruno Šundov,C,24,NYK,21,73,.297,14.4,,.919,.108,.216,.081,.514,.081,,.294,.000,.125,.333,.421,.333,,.900,1.000,,.000,0,,.333,.000,,0,0,sundobr01
399,Bob Sura,PG,31,HOU,61,1922,.427,12.5,,.692,.357,.089,.073,.173,.308,,.458,.556,.289,.297,.414,.355,,.406,.945,,.004,2,,.316,.367,,0,0,surabo01
400,Mike Sweetney,C,22,NYK,77,1509,.531,4.2,,.998,.621,.200,.101,.076,.002,,.533,.650,.348,.356,.294,.000,,.586,,,.067,29,,.000,,,0,0,sweetmi01
401,Robert Swift,C,19,SEA,16,72,.455,8.2,,1.000,.091,.545,.364,.000,.000,,.455,1.000,.333,.500,,,,1.000,,,.000,0,,,,,0,0,swiftro01
402,Stromile Swift,PF,25,MEM,60,1279,.449,6.2,,.992,.469,.252,.133,.137,.008,,.452,.620,.325,.292,.269,.000,,.648,,,.207,85,,.250,.000,,2,0,swiftst01
403,Wally Szczerbiak,SF,27,MIN,81,2558,.506,13.5,,.816,.234,.102,.151,.329,.184,,.536,.721,.521,.511,.421,.373,,.721,.921,,.020,16,,.402,.368,,0,0,szczewa02
404,Yuta Tabuse,PG,24,PHO,4,17,.167,12.7,,.833,.333,.000,.167,.333,.167,,.000,.000,,.000,.000,1.000,,,.000,,.000,0,,.000,,,0,0,tabusyu01
405,Maurice Taylor,PF-C,28,TOT,65,1336,.455,10.0,,.980,.321,.179,.152,.327,.020,,.458,.559,.588,.324,.349,.333,,.600,1.000,,.074,26,,.333,.333,,0,0,tayloma01
405,Maurice Taylor,PF,28,HOU,38,905,.435,10.6,,.973,.349,.113,.134,.377,.027,,.437,.529,.697,.282,.327,.375,,.653,1.000,,.079,18,,.375,.333,,0,0,tayloma01
405,Maurice Taylor,C,28,NYK,27,431,.494,9.0,,.994,.266,.305,.188,.234,.006,,.497,.634,.511,.379,.417,.000,,.513,,,.065,8,,.000,,,0,0,tayloma01
406,Sebastian Telfair,PG,19,POR,68,1330,.393,12.8,,.840,.281,.112,.114,.333,.160,,.421,.537,.271,.286,.420,.246,,.349,.765,,.000,0,,.275,.368,,2,0,telfase01
407,Jason Terry,PG,27,DAL,80,2401,.501,14.9,,.670,.192,.137,.136,.205,.330,,.540,.587,.510,.495,.546,.420,,.230,.709,,.005,4,,.237,.431,,2,0,terryja01
408,Billy Thomas,SF,29,NJN,25,356,.362,19.1,,.404,.149,.011,.096,.149,.596,,.447,.571,.000,.333,.429,.304,,.824,1.000,,.011,1,,.518,.345,,0,0,thomabi01
409,Etan Thomas,C,26,WAS,47,976,.502,4.3,,1.000,.471,.396,.122,.012,.000,,.502,.658,.347,.419,.333,,,.594,,,.169,38,,,,,0,0,thomaet01
410,James Thomas,PF,24,TOT,11,117,.600,1.9,,1.000,.850,.100,.000,.050,.000,,.600,.647,.500,,.000,,,.417,,,.100,2,,,,,0,0,thomaja02
410,James Thomas,PF,24,POR,9,112,.611,2.1,,1.000,.833,.111,.000,.056,.000,,.611,.667,.500,,.000,,,.455,,,.111,2,,,,,0,0,thomaja02
410,James Thomas,PF,24,ATL,2,5,.500,0.0,,1.000,1.000,.000,.000,.000,.000,,.500,.500,,,,,,.000,,,.000,0,,,,,0,0,thomaja02
411,John Thomas,C,29,MIN,44,521,.488,3.1,,1.000,.698,.140,.128,.035,.000,,.488,.583,.333,.273,.000,,,.714,,,.140,11,,,,,0,0,thomajo02
412,Kenny Thomas,PF,27,TOT,73,2167,.470,11.9,,.994,.284,.115,.092,.502,.006,,.472,.550,.444,.292,.467,.200,,.694,1.000,,.052,38,,.400,.500,,0,0,thomake01
412,Kenny Thomas,PF,27,PHI,47,1344,.456,11.9,,.992,.288,.103,.099,.502,.008,,.458,.518,.347,.255,.485,.250,,.727,1.000,,.042,20,,.500,.500,,0,0,thomake01
412,Kenny Thomas,PF,27,SAC,26,823,.492,11.9,,.997,.279,.134,.082,.502,.003,,.493,.600,.561,.360,.438,.000,,.647,,,.069,18,,.000,,,0,0,thomake01
413,Kurt Thomas,PF,32,NYK,80,2855,.471,14.0,,.996,.110,.092,.284,.509,.004,,.470,.606,.422,.477,.447,.500,,.834,1.000,,.002,2,,.500,.500,,0,0,thomaku01
414,Tim Thomas,SF,27,NYK,71,1940,.439,12.8,,.710,.263,.199,.099,.149,.290,,.451,.603,.357,.408,.336,.409,,.496,.976,,.049,30,,.418,.448,,6,0,thomati01
415,Jamaal Tinsley,PG,26,IND,40,1301,.418,12.8,,.701,.261,.199,.117,.125,.299,,.437,.500,.433,.443,.308,.372,,.081,.655,,.000,0,,.160,.400,,0,0,tinslja01
416,Robert Traylor,C,27,CLE,74,1327,.444,8.2,,.980,.426,.195,.145,.213,.020,,.453,.600,.321,.345,.353,.000,,.638,,,.120,46,,.000,,,1,0,traylro01
417,Jake Tsakalidis,C,25,MEM,31,278,.500,6.1,,1.000,.484,.281,.063,.172,.000,,.500,.548,.556,.250,.364,,,.750,,,.156,8,,,,,0,0,tsakaja01
418,Nikoloz Tskitishvili,PF,21,TOT,35,220,.297,15.6,,.770,.203,.068,.081,.419,.230,,.351,.400,.400,.167,.355,.118,,.800,.000,,.000,0,,.176,.333,,0,0,tskitni01
418,Nikoloz Tskitishvili,PF,21,DEN,23,158,.294,15.1,,.863,.196,.078,.078,.510,.137,,.341,.400,.500,.000,.346,.000,,.733,,,.000,0,,.143,.000,,0,0,tskitni01
418,Nikoloz Tskitishvili,PF,21,GSW,12,62,.304,16.6,,.565,.217,.043,.087,.217,.435,,.385,.400,.000,.500,.400,.200,,1.000,.000,,.000,0,,.200,.500,,0,0,tskitni01
419,Hedo Türkoğlu,SF,25,ORL,67,1757,.419,15.2,,.687,.231,.077,.128,.251,.313,,.438,.619,.333,.400,.321,.380,,.451,.839,,.035,25,,.102,.240,,2,0,turkohe01
420,Beno Udrih,PG,22,SAS,80,1149,.444,15.2,,.636,.200,.097,.167,.172,.364,,.464,.679,.263,.446,.343,.408,,.565,.914,,.000,0,,.415,.458,,2,0,udrihbe01
421,Nick Van Exel,SG,33,POR,53,1619,.381,17.0,,.542,.096,.169,.132,.144,.458,,.375,.407,.389,.324,.383,.389,,.289,.810,,.000,0,,.148,.316,,0,0,vanexni01
422,Keith Van Horn,SF-PF,29,TOT,62,1502,.456,11.8,,.748,.326,.144,.133,.145,.252,,.481,.592,.407,.387,.390,.380,,.517,.981,,.035,17,,.204,.310,,1,0,vanhoke01
422,Keith Van Horn,SF,29,MIL,33,818,.449,12.8,,.726,.295,.112,.151,.168,.274,,.473,.583,.469,.395,.354,.385,,.622,1.000,,.035,9,,.269,.333,,0,0,vanhoke01
422,Keith Van Horn,PF,29,DAL,29,684,.462,10.7,,.771,.358,.176,.115,.122,.229,,.488,.600,.367,.375,.441,.375,,.419,.958,,.036,8,,.125,.250,,1,0,vanhoke01
423,Anderson Varejão,PF,22,CLE,54,863,.513,6.4,,.990,.544,.155,.098,.192,.010,,.518,.629,.400,.316,.405,.000,,.606,,,.078,14,,.500,.000,,0,0,varejan01
424,Jacque Vaughn,SG,29,NJN,71,1410,.449,13.0,,.954,.283,.046,.089,.535,.046,,.455,.478,.267,.414,.466,.333,,.652,1.000,,.000,0,,.667,.400,,0,0,vaughja01
425,Jake Voskuhl,C,27,PHO,38,360,.458,6.5,,1.000,.610,.034,.068,.288,.000,,.458,.639,.000,.250,.176,,,.630,,,.119,7,,,,,0,0,voskuja01
426,Jackson Vroman,C-PF,23,TOT,46,705,.412,5.3,,.985,.603,.141,.090,.151,.015,,.418,.458,.464,.278,.300,.000,,.659,,,.106,19,,.333,.000,,0,0,vromaja01
426,Jackson Vroman,PF,23,PHO,10,57,.375,3.5,,1.000,.688,.063,.250,.000,.000,,.375,.364,1.000,.250,,,,.500,,,.063,1,,,,,0,0,vromaja01
426,Jackson Vroman,C,23,NOH,36,648,.415,5.4,,.984,.596,.148,.077,.164,.016,,.422,.468,.444,.286,.300,.000,,.671,,,.109,18,,.333,.000,,0,0,vromaja01
427,Sasha Vujačić,SG,20,LAL,35,403,.282,18.5,,.462,.197,.043,.043,.179,.538,,.296,.391,.000,.000,.333,.270,,.750,.941,,.017,2,,.270,.412,,3,0,vujacsa01
428,Dwyane Wade*,SG,23,MIA,77,2974,.478,8.3,,.966,.441,.149,.135,.241,.034,,.485,.587,.401,.343,.429,.289,,.251,.308,,.095,114,,.222,.100,,3,1,wadedw01
429,Dajuan Wagner,SG,21,CLE,11,102,.327,16.1,,.527,.182,.218,.073,.055,.473,,.448,.400,.583,.250,.333,.192,,.385,1.000,,.000,0,,.269,.286,,0,0,wagneda02
430,Antoine Walker,PF,28,TOT,77,2955,.422,9.6,,.752,.412,.218,.076,.046,.248,,.455,.533,.377,.305,.375,.323,,.335,.891,,.009,12,,.235,.250,,0,0,walkean02
430,Antoine Walker,PF,28,ATL,53,2128,.415,10.0,,.735,.394,.217,.079,.045,.265,,.450,.541,.359,.288,.370,.317,,.310,.894,,.009,8,,.235,.190,,0,0,walkean02
430,Antoine Walker,PF,28,BOS,24,827,.442,8.4,,.799,.462,.220,.069,.049,.201,,.467,.512,.425,.360,.389,.342,,.397,.880,,.011,4,,.233,.471,,0,0,walkean02
431,Samaki Walker,PF,28,WAS,14,134,.355,8.6,,1.000,.226,.323,.290,.161,.000,,.355,.429,.300,.222,.600,,,.727,,,.032,1,,,,,0,0,walkesa01
432,Ben Wallace*,C,30,DET,74,2671,.453,4.4,,.986,.665,.131,.094,.097,.014,,.458,.561,.235,.279,.222,.111,,.633,1.000,,.204,112,,.000,,,1,0,wallabe01
433,Gerald Wallace,SF,22,CHA,70,2147,.449,9.6,,.903,.485,.044,.033,.341,.097,,.468,.592,.143,.333,.346,.274,,.643,1.000,,.122,70,,.468,.276,,0,0,wallage01
434,Rasheed Wallace,PF,30,DET,79,2687,.440,12.6,,.778,.237,.167,.228,.146,.222,,.475,.603,.435,.397,.432,.318,,.605,.960,,.087,85,,.186,.159,,2,0,wallara01
435,Luke Walton,SF,24,LAL,61,768,.411,11.4,,.661,.422,.117,.044,.078,.339,,.487,.526,.429,.125,.571,.262,,.621,1.000,,.039,5,,.328,.400,,0,0,waltolu01
436,Charlie Ward,PG,34,HOU,14,360,.312,19.1,,.338,.156,.078,.039,.065,.662,,.308,.417,.167,.333,.200,.314,,.125,1.000,,.000,0,,.235,.333,,1,0,wardch01
437,Earl Watson,PG,25,MEM,80,1808,.426,11.9,,.706,.395,.094,.051,.166,.294,,.471,.521,.365,.500,.402,.319,,.147,.827,,.016,9,,.166,.259,,1,0,watsoea01
438,Clarence Weatherspoon,PF,34,HOU,40,525,.412,9.0,,1.000,.360,.140,.246,.254,.000,,.412,.537,.375,.286,.379,,,.745,,,.018,1,,,,,0,0,weathcl01
439,Chris Webber*,PF,31,TOT,67,2370,.433,12.2,,.966,.206,.193,.121,.447,.034,,.436,.610,.433,.329,.386,.341,,.648,.867,,.055,64,,.023,1.000,,1,0,webbech01
439,Chris Webber*,PF,31,SAC,46,1668,.449,12.3,,.968,.210,.200,.106,.453,.032,,.452,.632,.464,.361,.383,.379,,.631,.909,,.057,46,,.000,,,1,0,webbech01
439,Chris Webber*,PF,31,PHI,21,702,.391,12.2,,.959,.194,.175,.158,.432,.041,,.396,.549,.344,.276,.392,.267,,.698,.750,,.049,18,,.067,1.000,,0,0,webbech01
440,Bonzi Wells,SG,28,MEM,69,1489,.441,10.5,,.831,.402,.088,.105,.237,.169,,.460,.597,.278,.369,.336,.346,,.669,.917,,.076,43,,.750,.333,,0,0,wellsbo01
441,Jiří Welsch,SG-SF,25,TOT,71,1317,.402,15.4,,.704,.221,.059,.100,.323,.296,,.441,.683,.091,.324,.375,.309,,.661,.941,,.027,10,,.409,.333,,0,0,welscji01
441,Jiří Welsch,SG,25,BOS,55,1125,.428,15.6,,.691,.225,.044,.103,.319,.309,,.475,.708,.143,.364,.392,.323,,.648,.938,,.031,10,,.424,.333,,0,0,welscji01
441,Jiří Welsch,SF,25,CLE,16,192,.235,14.0,,.784,.196,.157,.078,.353,.216,,.250,.500,.000,.000,.278,.182,,.800,1.000,,.000,0,,.273,.333,,0,0,welscji01
442,David Wesley,SG,34,TOT,80,2774,.398,18.1,,.625,.149,.018,.042,.417,.375,,.411,.584,.200,.400,.360,.375,,.769,.932,,.000,0,,.390,.398,,2,0,wesleda01
442,David Wesley,SG,34,NOH,26,934,.389,17.0,,.766,.181,.015,.041,.529,.234,,.401,.500,.000,.500,.370,.350,,.752,1.000,,.000,0,,.250,.400,,1,0,wesleda01
442,David Wesley,SG,34,HOU,54,1840,.404,18.9,,.528,.127,.020,.042,.339,.472,,.422,.667,.300,.333,.349,.383,,.784,.911,,.000,0,,.438,.398,,1,0,wesleda01
443,David West,SF,24,NOH,30,552,.436,8.7,,.971,.419,.134,.186,.233,.029,,.437,.514,.261,.406,.425,.400,,.562,1.000,,.023,3,,.200,1.000,,1,0,westda01
444,Delonte West,SG,21,BOS,39,507,.426,16.0,,.568,.252,.032,.058,.226,.432,,.477,.615,.400,.222,.400,.358,,.571,.833,,.019,3,,.388,.308,,0,0,westde01
445,Jahidi White,C,28,CHA,17,135,.452,0.5,,1.000,.935,.065,.000,.000,.000,,.452,.448,.500,,,,,.357,,,.065,2,,,,,0,0,whiteja01
446,Rodney White,SF,24,TOT,58,677,.419,15.2,,.792,.173,.138,.087,.394,.208,,.424,.660,.375,.400,.342,.400,,.649,.917,,.038,10,,.133,.250,,1,0,whitero02
446,Rodney White,SF,24,DEN,42,531,.432,15.9,,.806,.141,.137,.079,.449,.194,,.432,.656,.419,.500,.353,.432,,.608,.947,,.026,6,,.091,.250,,1,0,whitero02
446,Rodney White,SF,24,GSW,16,146,.371,12.4,,.742,.290,.145,.113,.194,.258,,.391,.667,.222,.143,.250,.313,,.833,.800,,.081,4,,.250,.250,,0,0,whitero02
447,Chris Wilcox,C,22,LAC,54,1005,.514,4.5,,1.000,.523,.313,.109,.055,.000,,.514,.640,.398,.222,.556,,,.645,,,.213,67,,,,,0,0,wilcoch01
448,Damien Wilkins,SF,25,SEA,29,520,.435,12.8,,.649,.315,.155,.036,.143,.351,,.523,.679,.538,.167,.250,.271,,.421,.938,,.077,11,,.254,.200,,0,0,wilkida02
449,Mike Wilks,PG,25,SAS,48,278,.416,11.8,,.792,.299,.182,.130,.182,.208,,.443,.565,.500,.400,.214,.313,,.259,1.000,,.000,0,,.563,.556,,0,0,wilksmi01
450,Aaron Williams,C,33,TOT,42,315,.460,6.8,,1.000,.429,.222,.222,.127,.000,,.460,.593,.429,.357,.250,,,.828,,,.143,8,,,,,0,0,williaa01
450,Aaron Williams,C,33,NJN,19,150,.519,4.6,,1.000,.593,.185,.148,.074,.000,,.519,.688,.200,.250,.500,,,.786,,,.222,5,,,,,0,0,williaa01
450,Aaron Williams,C,33,TOR,23,165,.417,8.5,,1.000,.306,.250,.278,.167,.000,,.417,.455,.556,.400,.167,,,.867,,,.083,3,,,,,0,0,williaa01
451,Eric Williams,SG,32,TOT,55,1322,.430,11.2,,.779,.285,.242,.118,.133,.221,,.444,.436,.438,.487,.432,.384,,.491,.964,,.015,4,,.411,.533,,0,0,willier01
451,Eric Williams,SG,32,NJN,21,739,.470,10.7,,.784,.314,.238,.097,.135,.216,,.483,.466,.523,.444,.480,.425,,.529,.941,,.022,3,,.450,.556,,0,0,willier01
451,Eric Williams,SG,32,TOR,34,583,.379,11.8,,.772,.248,.248,.145,.131,.228,,.393,.389,.333,.524,.368,.333,,.432,1.000,,.007,1,,.364,.500,,0,0,willier01
452,Frank Williams,SG,24,CHI,9,71,.150,13.4,,.800,.300,.000,.100,.400,.200,,.188,.167,,.500,.125,.000,,.333,,,.000,0,,.500,.000,,0,0,willifr02
453,Jason Williams,PG,29,MEM,71,1952,.413,18.3,,.488,.200,.033,.031,.224,.512,,.506,.620,.571,.300,.424,.324,,.176,.738,,.000,0,,.130,.302,,5,0,willija02
454,Jerome Williams,SF,31,NYK,79,1211,.502,4.9,,.979,.646,.132,.058,.144,.021,,.513,.586,.313,.500,.371,.000,,.607,,,.103,24,,.600,.000,,0,0,willije01
455,Mo Williams,PG,22,MIL,80,2254,.438,12.9,,.866,.280,.075,.172,.339,.134,,.456,.471,.345,.472,.460,.323,,.247,.781,,.000,0,,.212,.381,,1,0,willima01
456,Scott Williams,C,36,CLE,19,152,.293,9.5,,.976,.317,.220,.195,.244,.024,,.300,.385,.333,.125,.300,.000,,.667,,,.024,1,,.000,,,0,0,willisc01
457,Corliss Williamson,PF,31,TOT,72,1527,.467,5.6,,.997,.450,.327,.123,.096,.003,,.469,.593,.414,.278,.321,.000,,.626,,,.022,7,,.500,.000,,0,0,willico02
457,Corliss Williamson,PF,31,PHI,48,1056,.465,5.2,,.995,.475,.317,.139,.065,.005,,.467,.571,.432,.276,.296,.000,,.675,,,.022,5,,.500,.000,,0,0,willico02
457,Corliss Williamson,PF,31,SAC,24,471,.473,6.5,,1.000,.389,.353,.084,.174,.000,,.473,.662,.373,.286,.345,,,.506,,,.024,2,,,,,0,0,willico02
458,Kevin Willis,C,42,ATL,29,344,.389,6.7,,.978,.456,.233,.211,.078,.022,,.398,.537,.381,.158,.286,.000,,.514,,,.078,7,,.000,,,1,0,willike02
459,Loren Woods,C,26,TOR,45,712,.433,5.0,,.994,.610,.128,.171,.085,.006,,.436,.500,.381,.250,.429,.000,,.451,,,.061,8,,.000,,,0,0,woodslo01
460,Qyntel Woods,SF,23,MIA,3,40,.417,9.2,,1.000,.417,.083,.083,.417,.000,,.417,.600,.000,.000,.400,,,.600,,,.000,0,,,,,0,0,woodsqy01
461,Metta World Peace,SF,25,IND,7,291,.496,10.9,,.857,.387,.084,.168,.218,.143,,.510,.609,.400,.450,.423,.412,,.596,1.000,,.025,3,,.353,.167,,0,0,artesro01
462,Dorell Wright,SF,19,MIA,3,27,.273,15.4,,.636,.182,.091,.273,.091,.364,,.429,1.000,1.000,.000,.000,.000,,.667,,,.091,1,,.250,.000,,0,0,wrighdo01
463,Lorenzen Wright,C,29,MEM,80,2287,.469,7.1,,.996,.433,.208,.192,.163,.004,,.471,.571,.415,.374,.387,.000,,.734,,,.097,61,,.000,,,1,0,wrighlo02
464,Wang Zhizhi,C,27,MIA,20,92,.472,10.4,,.917,.333,.278,.028,.278,.083,,.455,.333,.500,.000,.600,.667,,.533,.500,,.000,0,,.000,,,0,0,zhizhwa01