,,,,,,,,,,% of FGA by Distance,% of FGA by Distance,% of FGA by Distance,% of FGA by Distance,% of FGA by Distance,% of FGA by Distance,,FG% by Distance,FG% by Distance,FG% by Distance,FG% by Distance,FG% by Distance,FG% by Distance,,% of FG Ast'd,% of FG Ast'd,,Dunks,Dunks,,Corner 3s,Corner 3s,,Heaves,Heaves,-additional
Rk,Player,Pos,Age,Tm,G,MP,FG%,Dist.,,2P,0-3,3-10,10-16,16-3P,3P,,2P,0-3,3-10,10-16,16-3P,3P,,2P,3P,,%FGA,#,,%3PA,3P%,,Att.,#,-9999
1,Shareef Abdur-Rahim,PF,29,SAC,72,1961,.525,7.9,,.965,.392,.290,.071,.212,.035,,.536,.657,.464,.400,.455,.227,,.535,1.000,,.111,65,,.182,.250,,0,0,abdursh01
2,Alex Acker,SG,23,DET,5,35,.250,16.1,,.688,.188,.000,.313,.188,.313,,.273,.000,,.400,.333,.200,,.333,.000,,.000,0,,.200,.000,,0,0,ackeral01
3,Malik Allen,PF,27,CHI,54,701,.490,11.5,,.996,.186,.186,.291,.332,.004,,.488,.435,.522,.472,.512,1.000,,.725,.000,,.028,6,,.000,,,0,0,allenma01
4,Ray Allen*,SG,30,SEA,78,3022,.454,17.2,,.565,.145,.100,.123,.197,.435,,.486,.628,.400,.451,.447,.412,,.337,.751,,.011,16,,.170,.432,,4,0,allenra02
5,Tony Allen,PG,24,BOS,51,978,.471,7.4,,.876,.544,.153,.058,.120,.124,,.492,.617,.310,.250,.273,.324,,.466,.909,,.044,12,,.471,.438,,0,0,allento01
6,Rafer Alston,PG,29,HOU,63,2431,.379,15.7,,.577,.225,.117,.041,.195,.423,,.418,.530,.419,.233,.326,.327,,.174,.912,,.000,0,,.212,.439,,1,0,alstora01
7,Chris Andersen,C,27,NOK,32,570,.571,2.7,,1.000,.827,.031,.051,.092,.000,,.571,.617,.333,.400,.333,,,.536,,,.245,20,,,,,0,0,anderch01
8,Alan Anderson,SF,23,CHA,36,564,.414,12.6,,.680,.370,.083,.044,.182,.320,,.415,.537,.267,.375,.242,.414,,.569,.875,,.066,11,,.621,.472,,0,0,anderal01
9,Derek Anderson,SG,31,TOT,43,1047,.356,17.9,,.558,.125,.059,.109,.264,.442,,.402,.579,.278,.394,.350,.299,,.382,.875,,.007,2,,.291,.385,,0,0,anderde01
9,Derek Anderson,SG,31,HOU,20,582,.393,17.7,,.613,.127,.064,.104,.318,.387,,.462,.682,.455,.444,.382,.284,,.408,.789,,.012,2,,.194,.385,,0,0,anderde01
9,Derek Anderson,SG,31,MIA,23,465,.308,18.2,,.485,.123,.054,.115,.192,.515,,.302,.438,.000,.333,.280,.313,,.316,.952,,.000,0,,.388,.385,,0,0,anderde01
10,Shandon Anderson,SF,32,MIA,48,638,.429,13.3,,.849,.246,.087,.135,.381,.151,,.458,.548,.455,.294,.458,.263,,.816,1.000,,.000,0,,.474,.333,,0,0,andersh01
11,Martynas Andriuškevičius,C,19,CLE,6,9,.000,6.9,,1.000,.000,1.000,.000,.000,.000,,.000,,.000,,,,,,,,.000,0,,,,,0,0,andrima01
12,Carmelo Anthony,SF,21,DEN,80,2941,.481,10.5,,.903,.429,.059,.077,.339,.097,,.506,.620,.315,.364,.428,.243,,.613,.919,,.109,165,,.151,.261,,5,0,anthoca01
13,Rafael Araújo,C,25,TOR,52,601,.366,6.8,,.993,.386,.290,.214,.103,.007,,.368,.464,.262,.355,.333,.000,,.792,,,.055,8,,1.000,.000,,0,0,araujra01
14,Gilbert Arenas,PG,24,WAS,80,3384,.447,15.3,,.676,.231,.079,.100,.266,.324,,.485,.637,.318,.407,.431,.369,,.282,.603,,.016,24,,.102,.345,,2,0,arenagi01
15,Trevor Ariza,SF,20,TOT,57,999,.412,6.0,,.978,.606,.106,.080,.186,.022,,.416,.540,.250,.222,.190,.200,,.511,.000,,.133,26,,.600,.000,,1,0,arizatr01
15,Trevor Ariza,SF,20,NYK,36,709,.418,6.5,,.979,.575,.110,.082,.212,.021,,.420,.548,.188,.333,.226,.333,,.550,.000,,.151,20,,.333,.000,,1,0,arizatr01
15,Trevor Ariza,SF,20,ORL,21,290,.400,5.0,,.975,.663,.100,.075,.138,.025,,.410,.528,.375,.000,.091,.000,,.438,,,.100,6,,1.000,.000,,0,0,arizatr01
16,Darrell Armstrong,PG,37,DAL,62,622,.336,16.4,,.625,.227,.070,.047,.281,.375,,.400,.483,.444,.333,.333,.229,,.375,.818,,.000,0,,.333,.438,,2,0,armstda01
17,Carlos Arroyo,PG-SG,26,TOT,77,1194,.444,12.3,,.947,.246,.095,.204,.402,.053,,.450,.516,.333,.455,.434,.350,,.273,.429,,.000,0,,.100,.000,,0,0,arroyca01
17,Carlos Arroyo,PG,26,DET,50,600,.363,12.4,,.962,.248,.070,.223,.420,.038,,.364,.436,.091,.457,.318,.333,,.327,.500,,.000,0,,.167,.000,,0,0,arroyca01
17,Carlos Arroyo,SG,26,ORL,27,594,.502,12.3,,.937,.244,.113,.190,.389,.063,,.512,.574,.440,.452,.523,.357,,.245,.400,,.000,0,,.071,.000,,0,0,arroyca01
18,Chucky Atkins,PG-SG,31,TOT,71,1713,.394,17.6,,.522,.187,.072,.038,.225,.478,,.431,.533,.244,.273,.434,.354,,.217,.742,,.000,0,,.164,.378,,3,0,atkinch01
18,Chucky Atkins,SG,31,WAS,28,552,.379,18.8,,.471,.144,.080,.023,.224,.529,,.402,.640,.214,.000,.359,.359,,.394,.697,,.000,0,,.250,.478,,1,0,atkinch01
18,Chucky Atkins,PG,31,MEM,43,1161,.401,17.1,,.544,.206,.068,.045,.226,.456,,.442,.500,.259,.333,.467,.352,,.156,.766,,.000,0,,.121,.273,,2,0,atkinch01
19,Stacey Augmon,SF,37,ORL,36,385,.342,6.9,,1.000,.342,.342,.233,.082,.000,,.342,.560,.240,.176,.333,,,.560,,,.041,3,,,,,0,0,augmost01
20,Vin Baker,C,34,LAC,8,85,.467,4.8,,1.000,.467,.400,.067,.067,.000,,.467,.429,.500,1.000,.000,,,.429,,,.067,1,,,,,0,0,bakervi01
21,Marcus Banks,PG,24,TOT,58,1497,.468,13.0,,.865,.346,.041,.047,.432,.135,,.486,.617,.316,.273,.421,.349,,.345,.545,,.009,4,,.048,.333,,2,0,banksma01
21,Marcus Banks,PG,24,BOS,18,269,.413,14.3,,.763,.325,.063,.050,.325,.238,,.443,.692,.400,.000,.269,.316,,.333,.833,,.000,0,,.105,.500,,2,0,banksma01
21,Marcus Banks,PG,24,MIN,40,1228,.479,12.8,,.887,.351,.036,.046,.454,.113,,.494,.603,.286,.333,.443,.364,,.347,.438,,.010,4,,.023,.000,,0,0,banksma01
22,Leandro Barbosa,SG,23,PHO,57,1592,.481,12.0,,.654,.427,.069,.065,.093,.346,,.501,.574,.282,.324,.453,.444,,.409,.793,,.002,0,,.316,.371,,2,0,barbole01
23,Matt Barnes,PF-SF,25,TOT,56,631,.500,7.8,,.893,.493,.193,.043,.164,.107,,.536,.609,.444,.500,.435,.200,,.701,1.000,,.064,9,,.733,.182,,0,0,barnema02
23,Matt Barnes,SF,25,NYK,6,93,.367,10.3,,.867,.367,.200,.067,.233,.133,,.385,.636,.333,.000,.143,.250,,.700,1.000,,.067,2,,1.000,.250,,0,0,barnema02
23,Matt Barnes,PF,25,PHI,50,538,.536,7.1,,.900,.527,.191,.036,.145,.100,,.576,.603,.476,.750,.563,.182,,.702,1.000,,.064,7,,.636,.143,,0,0,barnema02
24,Andre Barrett,PG,23,TOT,19,282,.365,12.7,,.865,.308,.096,.077,.385,.135,,.400,.469,.500,.500,.300,.143,,.222,.500,,.000,0,,.429,.167,,0,0,barrean01
24,Andre Barrett,PG,23,PHO,2,21,.429,12.9,,.857,.286,.000,.286,.286,.143,,.500,.500,,.500,.500,.000,,.333,,,.000,0,,1.000,.000,,0,0,barrean01
24,Andre Barrett,PG,23,TOR,17,261,.361,12.7,,.866,.309,.103,.062,.392,.134,,.393,.467,.500,.500,.289,.154,,.212,.500,,.000,0,,.385,.200,,0,0,barrean01
25,Earl Barron,C,24,MIA,8,45,.313,9.7,,1.000,.188,.250,.375,.188,.000,,.313,.000,.500,.333,.333,,,.800,,,.000,0,,,,,0,0,barroea01
26,Brent Barry,SG,34,SAS,74,1259,.452,18.1,,.414,.177,.078,.035,.125,.586,,.531,.689,.407,.333,.442,.396,,.605,.950,,.035,10,,.287,.500,,0,0,barrybr01
27,Jon Barry,SG,36,HOU,20,342,.385,18.2,,.508,.169,.015,.077,.246,.492,,.394,.455,.000,.200,.438,.375,,.692,.833,,.000,0,,.250,.250,,0,0,barryjo01
28,Eddie Basden,SF,22,CHI,19,141,.405,8.6,,.811,.541,.108,.027,.135,.189,,.467,.600,.000,.000,.400,.143,,.714,1.000,,.000,0,,.429,.333,,0,0,basdeed01
29,Brandon Bass,PF,20,NOK,29,268,.400,6.7,,1.000,.457,.214,.171,.157,.000,,.400,.563,.400,.167,.182,,,.607,,,.086,6,,,,,0,0,bassbr01
30,Esteban Batista,PF,22,ATL,57,495,.425,1.3,,.988,.850,.125,.013,.000,.013,,.430,.471,.200,.000,,.000,,.441,,,.050,4,,.000,,,0,0,batises01
31,Tony Battie,C,29,ORL,82,2215,.507,8.6,,.989,.313,.245,.261,.170,.011,,.513,.676,.430,.479,.383,.000,,.718,,,.125,63,,.000,,,1,0,battito01
32,Shane Battier,SF,27,MEM,81,2839,.488,10.6,,.734,.367,.180,.082,.105,.266,,.522,.601,.429,.490,.431,.394,,.584,.969,,.023,11,,.715,.458,,1,0,battish01
33,Lonny Baxter,C-PF,27,TOT,41,400,.433,4.5,,1.000,.625,.163,.106,.106,.000,,.433,.569,.176,.182,.273,,,.556,,,.058,6,,,,,0,0,baxtelo01
33,Lonny Baxter,C,27,HOU,23,281,.458,3.8,,1.000,.667,.167,.083,.083,.000,,.458,.583,.167,.000,.500,,,.515,,,.056,4,,,,,0,0,baxtelo01
33,Lonny Baxter,PF,27,CHA,18,119,.375,6.3,,1.000,.531,.156,.156,.156,.000,,.375,.529,.200,.400,.000,,,.667,,,.063,2,,,,,0,0,baxtelo01
34,Charlie Bell,SG,26,MIL,59,1283,.439,15.7,,.590,.273,.024,.063,.229,.410,,.450,.563,.300,.308,.372,.423,,.495,.915,,.010,3,,.327,.382,,0,0,bellch01
35,Raja Bell,SG,29,PHO,79,2959,.457,19.4,,.520,.082,.040,.069,.330,.480,,.471,.553,.351,.422,.476,.442,,.680,.954,,.005,5,,.361,.466,,1,0,bellra01
36,Jonathan Bender,SF,25,IND,2,21,.800,2.6,,1.000,.600,.400,.000,.000,.000,,.800,1.000,.500,,,,,.750,,,.600,3,,,,,0,0,bendejo01
37,Mike Bibby,PG,27,SAC,82,3167,.432,18.3,,.640,.130,.043,.037,.431,.360,,.458,.615,.350,.412,.425,.386,,.417,.906,,.000,0,,.163,.432,,2,0,bibbymi01
38,Andris Biedriņš,C,19,GSW,68,1000,.638,1.9,,1.000,.762,.211,.022,.005,.000,,.638,.730,.359,.250,.000,,,.729,,,.216,38,,,,,0,0,biedran01
39,Chauncey Billups,PG,29,DET,81,2925,.418,17.0,,.580,.192,.041,.134,.213,.420,,.407,.433,.415,.419,.375,.433,,.268,.484,,.001,1,,.144,.475,,0,0,billuch01
40,Steve Blake,PG,25,POR,68,1781,.438,19.0,,.609,.089,.057,.094,.368,.391,,.455,.595,.333,.545,.416,.413,,.362,.829,,.002,1,,.168,.419,,3,0,blakest01
41,Andray Blatche,PF,19,WAS,29,175,.388,13.2,,.806,.299,.090,.090,.328,.194,,.426,.550,.167,.333,.409,.231,,.435,.667,,.060,4,,.538,.000,,0,0,blatcan01
42,Mark Blount,C,30,TOT,81,2240,.508,9.4,,1.000,.311,.199,.208,.282,.000,,.508,.645,.466,.399,.469,,,.740,,,.069,49,,,,,0,0,blounma01
42,Mark Blount,C,30,BOS,39,1083,.511,8.8,,1.000,.321,.232,.211,.237,.000,,.511,.639,.523,.400,.422,,,.722,,,.066,23,,,,,0,0,blounma01
42,Mark Blount,C,30,MIN,42,1157,.506,10.1,,1.000,.299,.164,.206,.331,.000,,.506,.651,.379,.397,.504,,,.760,,,.073,26,,,,,0,0,blounma01
43,Keith Bogans,SG-SF,25,TOT,72,1912,.395,13.3,,.632,.368,.048,.059,.158,.368,,.436,.550,.154,.281,.314,.325,,.420,.908,,.006,3,,.310,.435,,0,0,boganke01
43,Keith Bogans,SG,25,CHA,39,848,.396,13.5,,.660,.340,.066,.059,.194,.340,,.426,.561,.158,.294,.321,.337,,.395,.909,,.007,2,,.296,.448,,0,0,boganke01
43,Keith Bogans,SF,25,HOU,33,1064,.395,13.1,,.602,.398,.027,.059,.117,.398,,.448,.539,.143,.267,.300,.314,,.449,.906,,.004,1,,.324,.424,,0,0,boganke01
44,Andrew Bogut,PF,21,MIL,82,2348,.533,3.4,,.995,.670,.196,.069,.059,.005,,.536,.616,.387,.405,.278,.000,,.598,,,.109,61,,.000,,,0,0,bogutan01
45,Matt Bonner,PF,25,TOR,78,1710,.448,18.6,,.480,.118,.079,.086,.197,.520,,.478,.600,.405,.375,.478,.420,,.636,1.000,,.013,5,,.202,.327,,1,0,bonnema01
46,Calvin Booth,C,29,WAS,33,250,.426,10.9,,.957,.319,.064,.277,.298,.043,,.422,.667,.000,.385,.286,.500,,.684,1.000,,.085,3,,.000,,,0,0,boothca01
47,Carlos Boozer,PF,24,UTA,33,1025,.549,7.5,,1.000,.439,.158,.183,.221,.000,,.549,.714,.429,.452,.386,,,.694,,,.073,27,,,,,0,0,boozeca01
48,Chris Bosh*,C,21,TOR,70,2751,.505,9.7,,.988,.318,.162,.239,.269,.012,,.511,.647,.398,.427,.493,.000,,.488,,,.074,76,,.154,.000,,0,0,boshch01
49,Bruce Bowen,SF,34,SAS,82,2755,.433,16.9,,.543,.129,.101,.095,.218,.457,,.440,.493,.370,.392,.462,.424,,.734,.990,,.004,2,,.906,.446,,1,0,bowenbr01
50,Ryan Bowen,SF,30,HOU,68,652,.298,13.5,,.823,.298,.032,.097,.395,.177,,.333,.514,.250,.167,.245,.136,,.824,1.000,,.000,0,,.545,.167,,0,0,bowenry01
51,Earl Boykins,PG,29,DEN,60,1542,.410,15.8,,.729,.144,.082,.160,.343,.271,,.434,.568,.500,.396,.379,.346,,.311,.710,,.000,0,,.168,.233,,0,0,boykiea01
52,Michael Bradley,PF,26,PHI,46,367,.405,9.0,,.937,.418,.177,.152,.190,.063,,.419,.545,.500,.333,.133,.200,,.677,1.000,,.013,1,,.200,.000,,2,0,bradlmi01
53,Elton Brand,PF,26,LAC,79,3099,.527,9.4,,.998,.245,.242,.346,.166,.002,,.527,.650,.527,.494,.416,.333,,.595,1.000,,.042,56,,.000,,,0,0,brandel01
54,Primož Brezec,C,26,CHA,79,2165,.517,9.9,,.997,.341,.134,.177,.345,.003,,.518,.656,.509,.457,.418,.000,,.682,,,.030,22,,.000,,,0,0,brezepr01
55,Devin Brown,SG,27,UTA,81,1711,.393,12.6,,.776,.338,.101,.078,.260,.224,,.411,.556,.283,.195,.336,.331,,.619,1.000,,.013,6,,.297,.371,,2,0,brownde02
56,Kwame Brown,C,23,LAL,72,1978,.526,3.4,,.997,.611,.284,.067,.036,.003,,.527,.616,.445,.269,.143,.000,,.676,,,.173,63,,.000,,,0,0,brownkw01
57,P.J. Brown,C,36,NOK,75,2380,.461,10.5,,1.000,.285,.108,.268,.340,.000,,.461,.524,.302,.391,.515,,,.773,,,.055,25,,,,,0,0,brownpj01
58,Rick Brunson,PG,33,TOT,27,246,.389,15.2,,.759,.222,.000,.167,.370,.241,,.390,.500,,.333,.350,.385,,.625,1.000,,.000,0,,.692,.444,,0,0,brunsri01
58,Rick Brunson,PG,33,SEA,4,31,.625,14.3,,.875,.125,.000,.500,.250,.125,,.714,1.000,,.500,1.000,.000,,.200,,,.000,0,,1.000,.000,,0,0,brunsri01
58,Rick Brunson,PG,33,HOU,23,215,.348,15.4,,.739,.239,.000,.109,.391,.261,,.324,.455,,.200,.278,.417,,.818,1.000,,.000,0,,.667,.500,,0,0,brunsri01
59,Kobe Bryant*,SG,27,LAL,80,3277,.450,15.1,,.762,.200,.083,.148,.331,.238,,.482,.598,.494,.455,.421,.347,,.377,.706,,.029,59,,.077,.350,,3,0,bryanko01
60,Greg Buckner,SG,29,DEN,73,1758,.434,16.8,,.417,.240,.050,.026,.101,.583,,.546,.660,.524,.182,.381,.354,,.726,.988,,.007,3,,.374,.286,,0,0,buckngr01
61,Pat Burke,C,32,PHO,42,346,.496,10.5,,.945,.339,.150,.134,.323,.055,,.508,.721,.421,.412,.366,.286,,.754,1.000,,.102,12,,.000,,,0,0,burkepa01
62,Antonio Burks,PG,25,MEM,57,570,.354,12.3,,.958,.326,.069,.083,.479,.042,,.362,.447,.200,.250,.348,.167,,.220,.000,,.000,0,,.167,.000,,1,0,burksan01
63,Kevin Burleson,PG,26,CHA,39,340,.250,20.3,,.386,.159,.023,.068,.136,.614,,.353,.500,.500,.167,.250,.185,,.167,.600,,.011,1,,.074,.250,,3,0,burleke01
64,Caron Butler,SF,25,WAS,75,2708,.455,12.6,,.890,.257,.155,.123,.355,.110,,.469,.659,.351,.381,.413,.342,,.488,.610,,.045,49,,.150,.278,,3,0,butleca01
65,Jackie Butler,C,20,NYK,55,740,.544,4.0,,1.000,.516,.381,.065,.037,.000,,.544,.604,.512,.429,.250,,,.564,,,.037,8,,,,,0,0,butleja01
66,Rasual Butler,SF,26,NOK,79,1875,.406,16.6,,.618,.164,.051,.125,.278,.382,,.422,.615,.250,.443,.330,.380,,.533,.935,,.022,14,,.326,.392,,0,0,butlera01
67,Andrew Bynum,C,18,LAL,46,338,.402,3.4,,1.000,.573,.366,.049,.012,.000,,.402,.468,.333,.250,.000,,,.576,,,.110,8,,,,,0,0,bynuman01
68,Will Bynum,PG,23,GSW,15,162,.404,10.5,,.827,.423,.135,.058,.212,.173,,.442,.636,.143,.333,.273,.222,,.105,1.000,,.058,2,,.111,.000,,1,0,bynumwi01
69,Žarko Čabarkapa,PF,24,GSW,61,505,.385,10.0,,.885,.356,.190,.103,.236,.115,,.403,.548,.394,.222,.268,.250,,.613,1.000,,.075,13,,.200,.250,,0,0,cabarza01
70,José Calderón,SG,24,TOR,64,1487,.423,11.6,,.862,.401,.054,.087,.321,.138,,.465,.536,.353,.185,.470,.163,,.256,.714,,.003,1,,.233,.200,,2,0,caldejo01
71,Marcus Camby,C,31,DEN,56,1857,.465,10.9,,.983,.362,.072,.091,.458,.017,,.472,.647,.340,.322,.384,.091,,.721,1.000,,.108,68,,.000,,,0,0,cambyma01
72,Brian Cardinal,PF,28,MEM,36,402,.414,14.9,,.739,.216,.072,.153,.297,.261,,.402,.583,.250,.353,.333,.448,,.788,1.000,,.000,0,,.310,.778,,1,0,cardibr01
73,Matt Carroll,SG,25,CHA,78,1275,.403,16.9,,.611,.166,.065,.086,.294,.389,,.412,.456,.387,.415,.393,.389,,.600,.972,,.002,1,,.486,.378,,0,0,carroma01
74,Anthony Carter,PG,30,MIN,45,589,.387,13.3,,.891,.350,.044,.029,.467,.109,,.402,.458,.667,.250,.344,.267,,.490,.500,,.007,1,,.133,.000,,3,0,cartean01
75,Vince Carter,SG,29,NJN,79,2906,.430,12.6,,.758,.311,.148,.090,.210,.242,,.459,.559,.375,.353,.414,.341,,.441,.744,,.062,87,,.169,.371,,1,0,cartevi01
76,Sam Cassell,PG,36,LAC,78,2653,.443,16.1,,.829,.078,.083,.284,.384,.171,,.459,.598,.413,.519,.396,.368,,.281,.729,,.000,0,,.095,.333,,4,0,cassesa01
77,Kelvin Cato,C,31,TOT,27,333,.429,6.8,,1.000,.393,.286,.167,.155,.000,,.429,.667,.208,.286,.385,,,.833,,,.143,10,,,,,0,0,catoke01
77,Kelvin Cato,C,31,ORL,23,299,.431,6.2,,1.000,.417,.306,.153,.125,.000,,.431,.633,.227,.364,.333,,,.806,,,.153,9,,,,,0,0,catoke01
77,Kelvin Cato,C,31,DET,4,34,.417,10.6,,1.000,.250,.167,.250,.333,.000,,.417,1.000,.000,.000,.500,,,1.000,,,.083,1,,,,,0,0,catoke01
78,Tyson Chandler,C,23,CHI,79,2121,.565,2.4,,.996,.781,.113,.078,.025,.004,,.567,.629,.406,.364,.000,.000,,.506,,,.240,64,,.000,,,0,0,chandty01
79,Calbert Cheaney,SF,34,GSW,42,448,.389,15.2,,.926,.111,.120,.130,.565,.074,,.420,.333,.385,.286,.475,.000,,.619,,,.009,1,,.375,.000,,1,0,cheanca01
80,Josh Childress,SF,22,ATL,74,2249,.552,6.6,,.871,.615,.107,.034,.115,.129,,.560,.623,.407,.412,.414,.492,,.577,1.000,,.143,71,,.692,.467,,1,0,childjo01
81,Doug Christie,SG,35,DAL,7,185,.346,13.8,,.962,.192,.115,.154,.500,.038,,.360,.400,.000,.250,.462,.000,,1.000,,,.000,0,,1.000,.000,,0,0,chrisdo01
82,Speedy Claxton,PG,27,NOK,71,2019,.413,10.9,,.914,.307,.171,.122,.314,.086,,.426,.540,.405,.411,.333,.270,,.296,.706,,.005,3,,.270,.294,,2,0,claxtsp01
83,Mateen Cleaves,PG,28,SEA,27,230,.352,14.2,,.775,.296,.085,.042,.352,.225,,.382,.429,.167,.000,.440,.250,,.381,1.000,,.000,0,,.063,.000,,2,0,cleavma01
84,Jarron Collins,C,27,UTA,79,1730,.461,8.0,,1.000,.464,.075,.232,.229,.000,,.461,.608,.238,.354,.344,,,.628,,,.004,1,,,,,0,0,collija03
85,Jason Collins,C,27,NJN,71,1895,.397,13.1,,.954,.275,.050,.130,.500,.046,,.404,.444,.077,.382,.420,.250,,.911,1.000,,.031,8,,.333,.500,,2,0,collija04
86,Nick Collison,PF,25,SEA,66,1448,.525,6.7,,.992,.503,.190,.102,.198,.008,,.529,.652,.400,.425,.397,.000,,.628,,,.074,26,,.000,,,1,0,collini01
87,Brian Cook,PF,25,LAL,81,1535,.511,14.1,,.836,.249,.057,.131,.399,.164,,.527,.591,.517,.418,.525,.429,,.764,1.000,,.057,25,,.071,.333,,1,0,cookbr01
88,Jamal Crawford,SG,25,NYK,79,2555,.416,15.2,,.667,.200,.126,.121,.220,.333,,.452,.517,.459,.415,.409,.345,,.223,.861,,.009,7,,.341,.400,,4,0,crawfja01
89,Austin Croshere,PF,30,IND,50,1148,.463,16.7,,.509,.242,.060,.039,.168,.491,,.538,.623,.471,.545,.438,.386,,.692,.981,,.060,17,,.207,.310,,1,0,croshau01
90,Eddy Curry,C,23,NYK,72,1865,.563,2.0,,1.000,.709,.273,.017,.002,.000,,.563,.652,.331,.600,.000,,,.688,,,.246,131,,,,,0,0,curryed01
91,Samuel Dalembert,C,24,PHI,66,1761,.531,5.4,,.997,.515,.228,.192,.062,.003,,.533,.658,.357,.451,.391,.000,,.724,,,.230,81,,.000,,,0,0,dalemsa01
92,Erick Dampier,C,30,DAL,82,1934,.493,1.7,,1.000,.752,.228,.017,.003,.000,,.493,.521,.430,.167,.000,,,.468,,,.176,48,,,,,0,0,dampier01
93,Antonio Daniels,SG,30,WAS,80,2283,.418,11.9,,.816,.295,.191,.093,.238,.184,,.461,.679,.324,.431,.313,.228,,.275,.696,,.035,18,,.188,.263,,0,0,daniean01
94,Marquis Daniels,SG,25,DAL,62,1766,.480,7.0,,.963,.414,.277,.156,.115,.037,,.491,.580,.423,.450,.390,.211,,.368,.750,,.041,19,,.316,.167,,0,0,daniema01
95,Antonio Davis,PF-C,37,TOT,44,940,.432,7.0,,.995,.474,.153,.168,.200,.005,,.434,.522,.310,.406,.342,.000,,.720,,,.105,18,,.000,,,0,0,davisan01
95,Antonio Davis,PF,37,NYK,36,749,.428,7.2,,.994,.465,.157,.151,.220,.006,,.430,.514,.240,.458,.371,.000,,.765,,,.107,15,,.000,,,0,0,davisan01
95,Antonio Davis,C,37,TOR,8,191,.452,6.3,,1.000,.516,.129,.258,.097,.000,,.452,.563,.750,.250,.000,,,.500,,,.097,3,,,,,0,0,davisan01
96,Baron Davis,PG,26,GSW,54,1971,.389,14.9,,.624,.254,.124,.092,.153,.376,,.434,.607,.280,.405,.288,.315,,.133,.451,,.026,20,,.117,.421,,6,0,davisba01
97,Dale Davis,C,36,DET,28,178,.375,7.1,,.958,.542,.042,.292,.083,.042,,.391,.538,.000,.143,.500,.000,,.556,,,.083,2,,1.000,.000,,0,0,davisda01
98,Josh Davis,PF,25,TOT,6,17,.286,12.7,,.714,.286,.143,.143,.143,.286,,.400,.500,1.000,.000,.000,.000,,.500,,,.143,1,,.000,,,0,0,davisjo02
98,Josh Davis,PF,25,MIL,4,12,.250,10.0,,.750,.500,.000,.250,.000,.250,,.333,.500,,.000,,.000,,1.000,,,.250,1,,.000,,,0,0,davisjo02
98,Josh Davis,PF,25,HOU,1,0,,,,,,,,,,,,,,,,,,,,,,0,,,,,0,0,davisjo02
98,Josh Davis,PF,25,PHO,1,5,.333,16.4,,.667,.000,.333,.000,.333,.333,,.500,,1.000,,.000,.000,,.000,,,.000,0,,.000,,,0,0,davisjo02
99,Ricky Davis,SG-SF,26,TOT,78,3207,.448,14.3,,.814,.245,.061,.150,.360,.186,,.481,.605,.354,.441,.435,.302,,.562,.849,,.040,52,,.215,.269,,6,0,davisri01
99,Ricky Davis,SG,26,BOS,42,1747,.464,13.6,,.824,.272,.062,.164,.326,.176,,.495,.617,.295,.422,.468,.320,,.516,.875,,.044,31,,.288,.278,,2,0,davisri01
99,Ricky Davis,SF,26,MIN,36,1460,.429,15.2,,.803,.212,.059,.133,.400,.197,,.464,.587,.429,.468,.403,.282,,.622,.818,,.035,21,,.137,.250,,4,0,davisri01
100,Carlos Delfino,SG,23,DET,68,726,.403,13.5,,.735,.345,.018,.075,.296,.265,,.428,.526,.250,.235,.373,.333,,.648,1.000,,.066,13,,.483,.414,,1,0,delfica01
101,Tony Delk,PG-SG,32,TOT,24,385,.441,16.2,,.708,.161,.112,.124,.311,.292,,.447,.692,.278,.300,.440,.426,,.392,.700,,.000,0,,.128,.167,,1,0,delkto01
101,Tony Delk,SG,32,ATL,1,7,.000,21.8,,1.000,.000,.000,.000,1.000,.000,,.000,,,,.000,,,,,,.000,0,,,,,0,0,delkto01
101,Tony Delk,PG,32,DET,23,378,.444,16.2,,.706,.163,.113,.125,.306,.294,,.451,.692,.278,.300,.449,.426,,.392,.700,,.000,0,,.128,.167,,1,0,delkto01
102,Luol Deng,SF,20,CHI,78,2604,.463,10.8,,.918,.355,.112,.117,.333,.082,,.481,.628,.402,.384,.384,.269,,.691,1.000,,.044,40,,.705,.327,,2,0,denglu01
103,Boris Diaw,PF,23,PHO,81,2874,.526,8.4,,.965,.438,.154,.117,.256,.035,,.536,.660,.450,.350,.459,.267,,.499,1.000,,.047,40,,.567,.294,,1,0,diawbo01
104,Dan Dickau,PG,27,BOS,19,234,.370,17.0,,.565,.239,.022,.087,.217,.435,,.269,.273,.000,.000,.400,.500,,.286,.600,,.000,0,,.400,.375,,1,0,dickada01
105,Travis Diener,PG,23,ORL,23,246,.420,24.4,,.174,.000,.000,.014,.159,.826,,.333,,,.000,.364,.439,,1.000,.800,,.000,0,,.228,.615,,1,0,dienetr01
106,Ike Diogu,PF,22,GSW,69,1031,.524,5.8,,1.000,.446,.320,.123,.111,.000,,.524,.705,.355,.341,.486,,,.686,,,.135,43,,,,,0,0,dioguik01
107,DeSagana Diop,C,24,DAL,81,1510,.487,4.9,,.987,.617,.123,.195,.052,.013,,.487,.642,.263,.267,.000,.500,,.662,1.000,,.162,21,,.000,,,1,0,diopde01
108,Juan Dixon,SG,27,POR,76,1920,.435,15.0,,.793,.185,.094,.135,.379,.207,,.449,.559,.416,.523,.376,.382,,.462,.785,,.000,0,,.288,.388,,1,0,dixonju01
109,Michael Doleac,C,28,MIA,31,371,.420,11.5,,1.000,.227,.182,.159,.432,.000,,.420,.400,.438,.357,.447,,,.757,,,.023,1,,,,,0,0,doleami01
110,Keyon Dooling,PG,25,ORL,50,1137,.440,12.0,,.894,.319,.084,.116,.375,.106,,.456,.574,.412,.426,.375,.302,,.309,.846,,.037,12,,.372,.500,,0,0,doolike01
111,Chris Duhon,PG,23,CHI,74,2155,.400,16.7,,.483,.264,.065,.035,.119,.517,,.442,.486,.429,.316,.391,.360,,.261,.830,,.000,0,,.248,.478,,5,0,duhonch01
112,Tim Duncan*,PF,29,SAS,80,2784,.484,7.5,,.996,.321,.362,.178,.135,.004,,.485,.705,.399,.379,.331,.400,,.500,.500,,.057,65,,.200,1.000,,0,0,duncati01
113,Mike Dunleavy,SF,25,GSW,81,2578,.406,15.2,,.681,.213,.113,.093,.262,.319,,.462,.707,.337,.395,.341,.285,,.677,.919,,.011,8,,.258,.343,,1,0,dunlemi02
114,Ronald Dupree,SF,25,MIN,36,265,.524,7.9,,.984,.540,.063,.095,.286,.016,,.532,.676,.500,.167,.389,.000,,.667,,,.190,11,,1.000,.000,,0,0,duprero01
115,John Edwards,C,24,ATL,40,296,.484,7.5,,1.000,.406,.172,.250,.172,.000,,.484,.615,.091,.688,.273,,,.806,,,.094,6,,,,,0,0,edwarjo01
116,Howard Eisley,PG,33,TOT,32,394,.330,18.6,,.592,.117,.068,.049,.359,.408,,.344,.417,.286,.200,.351,.310,,.143,.462,,.000,0,,.167,.571,,1,0,eisleho01
116,Howard Eisley,PG,33,LAC,13,112,.235,15.9,,.765,.118,.118,.118,.412,.235,,.231,.000,.500,.500,.143,.250,,.000,.000,,.000,0,,.250,.000,,0,0,eisleho01
116,Howard Eisley,PG,33,DEN,19,282,.349,19.2,,.558,.116,.058,.035,.349,.442,,.375,.500,.200,.000,.400,.316,,.167,.500,,.000,0,,.158,.667,,1,0,eisleho01
117,Monta Ellis,SG,20,GSW,49,886,.415,11.4,,.742,.340,.176,.085,.142,.258,,.441,.565,.321,.444,.289,.341,,.423,.929,,.038,10,,.524,.395,,0,0,ellismo01
118,Francisco Elson,C,29,DEN,72,1579,.532,10.0,,.982,.394,.074,.123,.391,.018,,.538,.679,.476,.343,.468,.200,,.800,.000,,.197,49,,.600,.333,,0,0,elsonfr01
119,Melvin Ely,PF,27,CHA,57,1348,.508,5.5,,.995,.313,.593,.054,.035,.005,,.511,.594,.496,.348,.267,.000,,.481,,,.087,29,,.000,,,1,0,elyme01
120,Maurice Evans,SG,27,DET,80,1139,.452,13.3,,.660,.320,.050,.126,.164,.340,,.493,.642,.412,.326,.357,.371,,.658,.977,,.106,34,,.724,.357,,0,0,evansma01
121,Reggie Evans,PF,25,TOT,67,1393,.489,3.6,,.996,.627,.254,.052,.063,.004,,.491,.548,.397,.286,.471,.000,,.481,,,.037,9,,.000,,,1,0,evansre01
121,Reggie Evans,PF,25,SEA,41,788,.509,3.6,,.994,.613,.289,.040,.052,.006,,.512,.566,.420,.429,.444,.000,,.500,,,.040,6,,.000,,,1,0,evansre01
121,Reggie Evans,PF,25,DEN,26,605,.453,3.7,,1.000,.653,.189,.074,.084,.000,,.453,.516,.333,.143,.500,,,.442,,,.032,3,,,,,0,0,evansre01
122,Daniel Ewing,SG,22,LAC,66,971,.380,15.8,,.694,.247,.039,.078,.329,.306,,.424,.524,.300,.350,.381,.282,,.560,.818,,.012,3,,.218,.471,,2,0,ewingda01
123,Noel Felix,SF,24,SEA,12,82,.240,13.1,,.880,.240,.120,.200,.320,.120,,.227,.500,.000,.200,.125,.333,,.600,1.000,,.120,2,,.333,1.000,,0,0,felixno01
124,Raymond Felton,PG,21,CHA,80,2406,.391,13.7,,.693,.360,.061,.051,.221,.307,,.405,.440,.370,.267,.390,.358,,.234,.753,,.015,10,,.129,.371,,8,1,feltora01
125,Michael Finley,SG,32,SAS,77,2038,.412,18.2,,.599,.088,.056,.125,.329,.401,,.423,.705,.308,.402,.376,.394,,.682,.973,,.023,15,,.423,.415,,1,0,finlemi01
126,Derek Fisher,PG,31,GSW,82,2589,.410,16.9,,.667,.145,.095,.080,.347,.333,,.417,.496,.333,.352,.422,.397,,.364,.838,,.001,0,,.305,.400,,0,0,fishede01
127,Gerald Fitch,PG,23,MIA,18,239,.337,15.5,,.708,.180,.157,.056,.315,.292,,.365,.375,.500,.600,.250,.269,,.304,.857,,.000,0,,.192,.200,,2,1,fitchge01
128,Marcus Fizer,PF,27,NOK,3,39,.529,14.2,,.941,.059,.294,.118,.471,.059,,.500,1.000,.600,.500,.375,1.000,,.375,1.000,,.000,0,,1.000,1.000,,0,0,fizerma01
129,Sharrod Ford,PF,24,PHO,3,13,.667,5.4,,1.000,.667,.000,.000,.333,.000,,.667,.500,,,1.000,,,.500,,,.000,0,,,,,0,0,fordsh02
130,T.J. Ford,PG,22,MIL,72,2557,.416,10.3,,.868,.357,.143,.181,.186,.132,,.428,.475,.336,.503,.333,.337,,.212,.800,,.010,5,,.337,.543,,1,0,fordtj01
131,Danny Fortson,C,29,SEA,23,276,.529,1.4,,1.000,.725,.275,.000,.000,.000,,.529,.622,.286,,,,,.444,,,.000,0,,,,,0,0,fortsda01
132,Jeff Foster,C,29,IND,63,1581,.552,2.3,,.984,.872,.072,.020,.020,.016,,.561,.601,.222,.200,.400,.000,,.667,,,.120,28,,.000,,,0,0,fosteje01
133,Adonal Foyle,C,30,GSW,77,1824,.507,4.3,,1.000,.493,.387,.077,.043,.000,,.507,.574,.474,.304,.385,,,.691,,,.120,31,,,,,0,0,foylead01
134,Richie Frahm,SG,28,TOT,33,342,.390,20.1,,.300,.130,.010,.050,.110,.700,,.533,.692,1.000,.200,.455,.329,,.750,1.000,,.030,3,,.414,.310,,0,0,frahmri01
134,Richie Frahm,SG,28,MIN,25,225,.369,20.5,,.262,.123,.000,.062,.077,.738,,.529,.625,,.250,.600,.313,,.778,1.000,,.015,1,,.417,.350,,0,0,frahmri01
134,Richie Frahm,SG,28,HOU,8,117,.429,19.2,,.371,.143,.029,.029,.171,.629,,.538,.800,1.000,.000,.333,.364,,.714,1.000,,.057,2,,.409,.222,,0,0,frahmri01
135,Steve Francis,PG-SG,28,TOT,70,2393,.435,11.0,,.892,.374,.052,.165,.301,.108,,.452,.556,.275,.437,.361,.301,,.253,.560,,.027,21,,.325,.333,,0,0,francst01
135,Steve Francis,PG,28,ORL,46,1734,.433,11.4,,.878,.362,.049,.158,.310,.122,,.457,.563,.286,.429,.376,.257,,.251,.500,,.028,16,,.271,.263,,0,0,francst01
135,Steve Francis,SG,28,NYK,24,659,.442,9.8,,.932,.411,.063,.184,.274,.068,,.435,.538,.250,.457,.308,.538,,.260,.714,,.026,5,,.615,.500,,0,0,francst01
136,Channing Frye,C,22,NYK,65,1572,.477,10.3,,.986,.273,.217,.181,.314,.014,,.479,.583,.453,.388,.458,.333,,.623,1.000,,.067,38,,.333,.667,,0,0,fryech01
137,Dan Gadzuric,C,27,MIL,74,885,.553,3.3,,.997,.644,.217,.120,.016,.003,,.555,.688,.358,.243,.200,.000,,.813,,,.301,90,,.000,,,0,0,gadzuda01
138,Deng Gai,C,23,PHI,2,5,,,,,,,,,,,,,,,,,,,,,,0,,,,,0,0,gaide01
139,Reece Gaines,PG,25,MIL,12,54,.500,17.3,,.833,.167,.083,.083,.500,.167,,.600,1.000,.000,1.000,.500,.000,,.833,,,.000,0,,.000,,,0,0,gainere01
140,Francisco García,SF,24,SAC,67,1301,.400,15.7,,.578,.268,.049,.031,.231,.422,,.484,.609,.563,.400,.333,.285,,.560,.872,,.018,5,,.336,.283,,0,0,garcifr01
141,Kevin Garnett*,PF,29,MIN,76,2957,.526,10.8,,.975,.263,.173,.238,.301,.025,,.532,.668,.476,.511,.464,.267,,.604,.750,,.083,96,,.100,.000,,3,0,garneke01
142,Pat Garrity,PF,29,ORL,57,938,.417,20.0,,.467,.070,.041,.103,.252,.533,,.451,.471,.500,.360,.475,.388,,.725,1.000,,.004,1,,.163,.429,,0,0,garripa01
143,Pau Gasol*,PF,25,MEM,80,3135,.503,6.3,,.990,.411,.324,.147,.108,.010,,.505,.654,.411,.366,.411,.250,,.494,1.000,,.116,126,,.500,.167,,1,0,gasolpa01
144,Devean George,SF,28,LAL,71,1542,.400,16.4,,.624,.202,.054,.075,.292,.376,,.453,.488,.565,.438,.411,.313,,.608,.940,,.042,14,,.444,.394,,1,0,georgde01
145,Eddie Gill,PG,27,IND,41,122,.222,18.7,,.489,.222,.022,.022,.222,.511,,.136,.100,.000,.000,.200,.304,,.000,.571,,.000,0,,.304,.429,,1,0,gilled01
146,Manu Ginóbili*,SG,28,SAS,65,1813,.462,12.0,,.676,.348,.176,.066,.085,.324,,.500,.584,.424,.432,.368,.382,,.363,.819,,.019,11,,.221,.417,,1,0,ginobma01
147,Gordan Giriček,SG,28,UTA,37,956,.433,15.6,,.846,.204,.037,.086,.520,.154,,.457,.641,.429,.424,.392,.305,,.743,.889,,.013,4,,.271,.313,,0,0,giricgo01
148,Anthony Goldwire,PG,34,LAC,3,22,.143,21.2,,.714,.286,.000,.143,.286,.286,,.200,.000,,.000,.500,.000,,.000,,,.000,0,,.000,,,1,0,goldwan01
149,Ryan Gomes,PF,23,BOS,61,1376,.487,8.1,,.975,.499,.101,.121,.254,.025,,.491,.633,.278,.442,.322,.333,,.712,.667,,.042,14,,.556,.400,,0,0,gomesry01
150,Drew Gooden,PF,24,CLE,79,2174,.512,6.2,,.995,.492,.233,.155,.115,.005,,.513,.611,.382,.446,.453,.333,,.583,1.000,,.118,70,,.667,.500,,0,0,goodedr01
151,Ben Gordon,SG,22,CHI,80,2482,.422,16.7,,.668,.167,.080,.095,.326,.332,,.416,.448,.359,.382,.423,.435,,.375,.693,,.003,4,,.280,.430,,1,0,gordobe01
152,Joey Graham,SF,23,TOR,80,1581,.478,11.9,,.790,.283,.164,.145,.198,.210,,.517,.641,.559,.467,.341,.333,,.621,.966,,.065,24,,.517,.378,,1,0,grahajo01
153,Stephen Graham,SG,23,TOT,22,175,.389,12.4,,.815,.333,.019,.222,.241,.185,,.432,.389,.000,.417,.538,.200,,.684,1.000,,.056,2,,.400,.250,,0,0,grahast01
153,Stephen Graham,SG,23,HOU,6,38,.375,13.1,,.688,.313,.000,.313,.063,.313,,.455,.600,,.400,.000,.200,,.800,1.000,,.063,1,,.200,.000,,0,0,grahast01
153,Stephen Graham,SG,23,CHI,3,20,.200,22.4,,.200,.000,.000,.200,.000,.800,,.000,,,.000,,.250,,,1.000,,.000,0,,.500,.500,,0,0,grahast01
153,Stephen Graham,SG,23,CLE,13,117,.424,10.5,,.970,.394,.030,.182,.364,.030,,.438,.308,.000,.500,.583,.000,,.643,,,.061,1,,1.000,.000,,0,0,grahast01
154,Danny Granger,SF,22,IND,78,1765,.462,12.9,,.805,.310,.098,.090,.308,.195,,.496,.595,.383,.349,.476,.323,,.686,.967,,.052,25,,.366,.441,,2,0,grangda01
155,Brian Grant,C,33,PHO,21,248,.415,13.6,,1.000,.200,.031,.169,.600,.000,,.415,.538,1.000,.455,.333,,,.889,,,.015,1,,,,,0,0,grantbr01
156,Devin Green,SG,23,LAL,27,135,.214,9.8,,.929,.321,.179,.250,.179,.071,,.231,.444,.000,.143,.200,.000,,.833,,,.036,1,,.500,.000,,0,0,greende01
157,Gerald Green,SG,20,BOS,32,374,.478,13.3,,.855,.225,.138,.145,.348,.145,,.508,.581,.526,.550,.438,.300,,.533,.667,,.116,13,,.400,.250,,1,1,greenge01
158,Willie Green,SG,24,PHI,10,153,.424,16.3,,.712,.121,.136,.091,.364,.288,,.383,.625,.333,.333,.333,.526,,.278,1.000,,.000,0,,.263,.200,,0,0,greenwi01
159,Orien Greene,PG,23,BOS,80,1235,.395,12.0,,.842,.383,.067,.067,.324,.158,,.427,.474,.353,.353,.402,.225,,.473,.889,,.051,12,,.125,.200,,0,0,greenor01
160,Adrian Griffin,SG,31,DAL,52,1245,.480,9.7,,.990,.319,.201,.132,.338,.010,,.485,.569,.610,.185,.449,.000,,.571,,,.015,2,,.000,,,1,0,griffad01
161,Eddie Griffin,C,23,MIN,70,1359,.351,12.6,,.778,.303,.108,.132,.235,.222,,.396,.598,.400,.204,.241,.195,,.561,1.000,,.065,23,,.183,.333,,0,0,griffed01
162,Anthony Grundy,SG,26,ATL,12,108,.500,12.5,,.605,.395,.079,.079,.053,.395,,.609,.800,.667,.000,.000,.333,,.357,.800,,.026,1,,.267,.250,,0,0,grundan01
163,Richard Hamilton,SG,27,DET,80,2825,.491,12.0,,.909,.250,.095,.244,.320,.091,,.494,.630,.492,.440,.430,.458,,.736,1.000,,.005,6,,.650,.500,,1,0,hamilri01
164,Zendon Hamilton,C,30,TOT,12,49,.500,2.4,,1.000,.714,.286,.000,.000,.000,,.500,.500,.500,,,,,.714,,,.071,1,,,,,0,0,hamilze01
164,Zendon Hamilton,C,30,CLE,11,46,.538,2.4,,1.000,.692,.308,.000,.000,.000,,.538,.556,.500,,,,,.714,,,.077,1,,,,,0,0,hamilze01
164,Zendon Hamilton,C,30,PHI,1,3,.000,2.8,,1.000,1.000,.000,.000,.000,.000,,.000,.000,,,,,,,,,.000,0,,,,,0,0,hamilze01
165,Anfernee Hardaway,SF,34,NYK,4,72,.286,15.1,,.929,.143,.000,.214,.571,.071,,.308,.500,,.333,.250,.000,,.500,,,.000,0,,1.000,.000,,0,0,hardaan01
166,Matt Harpring,SF,29,UTA,71,1944,.475,10.0,,.942,.398,.074,.150,.320,.058,,.482,.622,.340,.402,.378,.359,,.795,1.000,,.007,5,,.615,.417,,0,0,harprma01
167,Al Harrington,PF,25,ATL,76,2782,.452,11.2,,.843,.325,.120,.169,.229,.157,,.471,.605,.320,.359,.444,.346,,.491,.985,,.040,47,,.340,.354,,0,0,harrial01
168,Othella Harrington,C,32,CHI,72,824,.495,9.5,,1.000,.220,.238,.377,.165,.000,,.495,.550,.477,.524,.378,,,.637,,,.004,1,,,,,0,0,harriot01
169,Devin Harris,PG,22,DAL,56,1275,.469,7.9,,.948,.521,.094,.141,.193,.052,,.482,.573,.263,.439,.372,.238,,.378,.600,,.022,8,,.095,.000,,4,0,harride01
170,David Harrison,C,23,IND,67,1034,.503,4.6,,1.000,.520,.323,.119,.037,.000,,.503,.614,.442,.200,.455,,,.703,,,.133,38,,,,,0,0,harrida01
171,Jason Hart,PG,27,SAC,66,818,.389,15.4,,.860,.172,.086,.054,.548,.140,,.405,.553,.211,.333,.397,.290,,.571,.778,,.000,0,,.355,.273,,0,0,hartja01
172,Udonis Haslem,PF,25,MIA,81,2491,.508,11.0,,.997,.298,.068,.239,.393,.003,,.509,.716,.325,.433,.431,.000,,.803,,,.090,48,,.000,,,1,0,hasleud01
173,Trenton Hassell,SG,26,MIN,77,2514,.464,11.1,,.963,.269,.175,.188,.330,.037,,.470,.572,.509,.388,.414,.304,,.541,.714,,.037,23,,.174,.500,,3,0,hassetr01
174,Chuck Hayes,PF,22,HOU,40,535,.562,1.7,,.990,.848,.114,.010,.019,.010,,.567,.596,.500,.000,.000,.000,,.593,,,.048,4,,.000,,,1,0,hayesch01
175,Jarvis Hayes,SG,24,WAS,21,516,.421,15.3,,.743,.169,.115,.142,.317,.257,,.441,.548,.286,.538,.397,.362,,.650,1.000,,.027,4,,.277,.231,,0,0,hayesja01
176,Brendan Haywood,C,26,WAS,79,1879,.514,3.7,,1.000,.549,.368,.072,.012,.000,,.514,.675,.333,.226,.400,,,.505,,,.162,69,,,,,0,0,haywobr01
177,Luther Head,SG,23,HOU,80,2310,.403,16.5,,.503,.233,.059,.056,.156,.497,,.445,.558,.378,.314,.347,.361,,.390,.814,,.005,3,,.361,.434,,1,0,headlu01
178,Alan Henderson,C,33,CLE,51,531,.516,2.3,,1.000,.813,.110,.066,.011,.000,,.516,.581,.200,.333,.000,,,.681,,,.099,7,,,,,0,0,hendeal01
179,Nenê,PF,23,DEN,1,3,.000,3.8,,1.000,.000,1.000,.000,.000,.000,,.000,,.000,,,,,,,,.000,0,,,,,0,0,hilarne01
180,Grant Hill*,SF,33,ORL,21,613,.490,10.5,,.967,.325,.074,.313,.255,.033,,.498,.658,.333,.434,.419,.250,,.333,.500,,.033,8,,.500,.250,,0,0,hillgr01
181,Kirk Hinrich,PG,25,CHI,81,2955,.418,15.8,,.684,.222,.054,.080,.328,.316,,.441,.523,.362,.407,.407,.370,,.302,.802,,.000,0,,.155,.283,,2,0,hinriki01
182,Julius Hodge,SG,22,DEN,14,33,.385,2.9,,1.000,.769,.077,.077,.077,.000,,.385,.400,.000,.000,1.000,,,.400,,,.000,0,,,,,0,0,hodgeju01
183,Randy Holcomb,SF,26,CHI,4,11,1.000,18.6,,1.000,.000,.000,.000,1.000,.000,,1.000,,,,1.000,,,1.000,,,.000,0,,,,,0,0,holcora01
184,Robert Horry,PF,35,SAS,63,1182,.384,17.0,,.507,.178,.106,.079,.144,.493,,.399,.558,.290,.522,.214,.368,,.576,.906,,.034,8,,.285,.390,,1,0,horryro01
185,Eddie House,PG,27,PHO,81,1421,.422,20.0,,.584,.075,.026,.037,.445,.416,,.445,.491,.200,.393,.456,.389,,.609,.886,,.000,0,,.237,.373,,2,0,houseed01
186,Dwight Howard,PF,20,ORL,82,3021,.531,3.3,,.998,.613,.294,.068,.023,.002,,.532,.643,.402,.217,.200,.000,,.530,,,.269,214,,.000,,,1,0,howardw01
187,Josh Howard,SF,25,DAL,59,1915,.471,9.5,,.915,.312,.254,.168,.180,.085,,.475,.573,.460,.368,.425,.429,,.415,.926,,.030,21,,.238,.333,,0,0,howarjo01
188,Juwan Howard,PF,32,HOU,80,2537,.459,11.1,,.995,.214,.215,.211,.355,.005,,.461,.505,.422,.464,.456,.000,,.706,,,.013,8,,.250,.000,,2,0,howarju01
189,Troy Hudson,PG,29,MIN,36,800,.381,17.0,,.697,.159,.039,.123,.375,.303,,.375,.509,.385,.268,.352,.396,,.230,.475,,.000,0,,.059,.667,,0,0,hudsotr01
190,Larry Hughes,SG,27,CLE,36,1281,.409,12.3,,.838,.309,.117,.124,.288,.162,,.417,.538,.309,.414,.333,.368,,.354,.929,,.041,16,,.224,.176,,0,0,hughela01
191,Kris Humphries,PF,20,UTA,62,619,.379,9.0,,.975,.345,.177,.217,.236,.025,,.389,.529,.361,.318,.271,.000,,.610,,,.079,14,,.400,.000,,0,0,humphkr01
192,Lindsey Hunter,PG,35,DET,30,353,.370,17.5,,.570,.180,.040,.080,.270,.430,,.456,.500,.250,.375,.481,.256,,.462,.727,,.000,0,,.302,.308,,0,0,hunteli01
193,Steven Hunter,C,24,PHI,69,1312,.601,2.1,,1.000,.732,.223,.038,.007,.000,,.601,.695,.385,.182,.000,,,.674,,,.337,89,,,,,0,0,huntest01
194,Andre Iguodala,SF,22,PHI,82,3086,.500,9.5,,.770,.480,.113,.080,.097,.230,,.543,.645,.372,.364,.388,.354,,.622,.929,,.206,129,,.570,.411,,3,0,iguodan01
195,Zydrunas Ilgauskas,C,30,CLE,78,2283,.506,6.9,,.994,.445,.255,.134,.160,.006,,.509,.631,.410,.319,.486,.000,,.593,,,.057,47,,.000,,,2,0,ilgauzy01
196,D.J. Mbenga,C,25,DAL,43,237,.533,7.7,,.983,.317,.267,.317,.083,.017,,.542,.684,.375,.474,.800,.000,,.688,,,.067,4,,.000,,,0,0,mbengdj01
197,Allen Iverson*,PG,30,PHI,72,3103,.447,11.4,,.878,.295,.130,.190,.262,.122,,.465,.549,.435,.473,.379,.323,,.199,.667,,.002,3,,.139,.290,,0,0,iversal01
198,Royal Ivey,PG,24,ATL,73,978,.439,12.1,,.962,.254,.117,.148,.443,.038,,.441,.672,.226,.308,.410,.400,,.741,1.000,,.004,1,,.200,.000,,1,0,iveyro01
199,Jarrett Jack,SG,22,POR,79,1599,.442,13.3,,.822,.250,.129,.121,.322,.178,,.480,.579,.473,.423,.428,.263,,.254,1.000,,.002,1,,.329,.280,,1,0,jackja01
200,Bobby Jackson,PG,32,MEM,71,1775,.382,16.2,,.556,.229,.067,.056,.205,.444,,.377,.497,.300,.167,.327,.389,,.210,.853,,.000,0,,.334,.450,,1,0,jacksbo01
201,Jermaine Jackson,PG,29,MIL,30,202,.423,11.6,,.846,.346,.115,.269,.115,.154,,.455,.333,.667,.429,.667,.250,,.700,.000,,.000,0,,.250,1.000,,0,0,jacksje01
202,Jim Jackson,SF,35,TOT,40,512,.294,19.8,,.538,.081,.050,.069,.338,.463,,.337,.538,.250,.455,.278,.243,,.552,.833,,.000,0,,.351,.269,,0,0,jacksji01
202,Jim Jackson,SF,35,PHO,27,420,.295,20.0,,.512,.085,.039,.070,.318,.488,,.364,.545,.000,.556,.317,.222,,.542,.786,,.000,0,,.349,.273,,0,0,jacksji01
202,Jim Jackson,SF,35,LAL,13,92,.290,18.9,,.645,.065,.097,.065,.419,.355,,.250,.500,.667,.000,.154,.364,,.600,1.000,,.000,0,,.364,.250,,0,0,jacksji01
203,Luke Jackson,SF,24,CLE,36,315,.341,15.2,,.576,.235,.094,.059,.188,.424,,.347,.450,.250,.000,.375,.333,,.412,.917,,.000,0,,.528,.263,,0,0,jackslu02
204,Marc Jackson,C,31,TOT,64,1027,.472,10.4,,.995,.304,.138,.211,.341,.005,,.471,.580,.490,.346,.444,.500,,.566,1.000,,.014,4,,.000,,,0,0,jacksma02
204,Marc Jackson,C,31,NJN,37,433,.446,10.0,,1.000,.291,.176,.236,.297,.000,,.446,.535,.538,.314,.409,,,.591,,,.014,1,,,,,0,0,jacksma02
204,Marc Jackson,C,31,NOK,27,594,.489,10.6,,.991,.312,.113,.195,.371,.009,,.489,.609,.440,.372,.463,.500,,.551,1.000,,.014,3,,.000,,,0,0,jacksma02
205,Stephen Jackson,SG,27,IND,81,2910,.411,14.3,,.705,.242,.127,.114,.221,.295,,.439,.543,.390,.389,.378,.345,,.462,.812,,.026,27,,.239,.358,,2,0,jacksst02
206,Jerome James,C,30,NYK,45,406,.463,5.4,,1.000,.388,.397,.174,.041,.000,,.463,.681,.396,.190,.200,,,.518,,,.174,18,,,,,0,0,jamesje01
207,LeBron James,SF,21,CLE,79,3361,.480,12.4,,.792,.353,.092,.094,.253,.208,,.518,.689,.411,.304,.398,.335,,.303,.417,,.065,114,,.185,.343,,5,0,jamesle01
208,Mike James,PG,30,TOR,79,2925,.469,14.3,,.689,.254,.126,.061,.248,.311,,.481,.561,.426,.320,.467,.442,,.170,.609,,.002,2,,.160,.475,,2,0,jamesmi01
209,Antawn Jamison,SF,29,WAS,82,3288,.442,14.0,,.750,.196,.205,.088,.261,.250,,.458,.621,.431,.409,.372,.394,,.641,.959,,.011,16,,.225,.405,,1,0,jamisan01
210,Marko Jarić,PG,27,MIN,75,2102,.399,13.6,,.765,.341,.041,.076,.307,.235,,.430,.513,.435,.279,.374,.301,,.419,.900,,.007,4,,.173,.435,,5,0,jaricma01
211,Šarūnas Jasikevičius,PG,29,IND,75,1557,.396,18.6,,.450,.093,.117,.128,.112,.550,,.435,.400,.520,.400,.417,.364,,.369,.686,,.000,0,,.208,.469,,3,0,jasiksa01
212,Al Jefferson,PF,21,BOS,59,1062,.499,4.2,,.989,.565,.306,.095,.024,.011,,.504,.598,.397,.306,.444,.000,,.492,,,.079,29,,.000,,,0,0,jeffeal01
213,Richard Jefferson,SF,25,NJN,78,3059,.493,10.6,,.813,.437,.072,.064,.241,.187,,.532,.629,.222,.406,.483,.319,,.743,.917,,.142,121,,.383,.361,,1,0,jefferi01
214,Jared Jeffries,PF,24,WAS,77,1951,.451,8.6,,.880,.482,.166,.051,.181,.120,,.468,.605,.319,.286,.293,.320,,.497,1.000,,.120,48,,.280,.357,,1,0,jeffrja01
215,Amir Johnson,SF,18,DET,3,39,.700,8.2,,.700,.600,.000,.100,.000,.300,,.714,.833,,.000,,.667,,.600,1.000,,.200,2,,1.000,.667,,0,0,johnsam01
216,Anthony Johnson,PG,31,IND,75,1981,.443,14.4,,.743,.191,.134,.182,.235,.257,,.482,.643,.469,.382,.437,.329,,.384,.706,,.017,10,,.232,.278,,2,0,johnsan02
217,DerMarr Johnson,SG,25,DEN,58,924,.431,16.1,,.477,.245,.046,.059,.127,.523,,.521,.680,.214,.333,.410,.350,,.684,.946,,.092,25,,.600,.323,,0,0,johnsde03
218,Ervin Johnson,C,38,MIL,18,81,.412,4.5,,1.000,.471,.294,.176,.059,.000,,.412,.500,.200,.333,1.000,,,.857,,,.000,0,,,,,0,0,johnser02
219,Joe Johnson,SG,24,ATL,82,3340,.453,13.7,,.742,.186,.213,.132,.211,.258,,.487,.618,.495,.418,.407,.356,,.308,.844,,.007,10,,.314,.460,,4,0,johnsjo02
220,Linton Johnson,SF,25,TOT,36,524,.409,12.4,,.758,.302,.134,.067,.255,.242,,.425,.644,.200,.100,.368,.361,,.479,1.000,,.040,6,,.667,.333,,0,0,johnsli01
220,Linton Johnson,SF,25,NJN,9,35,.500,6.3,,1.000,.500,.200,.100,.200,.000,,.500,.600,.500,.000,.500,,,1.000,,,.100,1,,,,,0,0,johnsli01
220,Linton Johnson,SF,25,NOK,27,489,.403,12.9,,.741,.288,.129,.065,.259,.259,,.417,.650,.167,.111,.361,.361,,.419,1.000,,.036,5,,.667,.333,,0,0,johnsli01
221,Dahntay Jones,SF,25,MEM,71,967,.414,10.9,,.920,.361,.103,.087,.369,.080,,.438,.621,.222,.217,.371,.143,,.453,1.000,,.049,10,,.952,.150,,0,0,jonesda02
222,Damon Jones,PG,29,CLE,82,2089,.387,21.7,,.244,.069,.020,.029,.126,.756,,.417,.559,.300,.286,.387,.377,,.480,.907,,.000,0,,.310,.417,,0,0,jonesda01
223,Dwayne Jones,PF,22,BOS,14,87,.400,2.3,,1.000,.700,.300,.000,.000,.000,,.400,.571,.000,,,,,.500,,,.300,3,,,,,0,0,jonesdw02
224,Eddie Jones,SG,34,MEM,75,2437,.404,16.5,,.482,.216,.072,.065,.129,.518,,.457,.590,.365,.319,.355,.356,,.597,.940,,.022,13,,.388,.338,,1,0,jonesed02
225,Fred Jones,SG,26,IND,68,1837,.417,15.5,,.665,.211,.088,.118,.249,.335,,.457,.653,.388,.318,.381,.337,,.294,.810,,.041,21,,.241,.311,,0,0,jonesfr01
226,James Jones,SF,25,PHO,75,1772,.418,20.4,,.509,.071,.022,.062,.355,.491,,.449,.537,.308,.556,.422,.386,,.752,.973,,.015,9,,.295,.488,,0,0,jonesja02
227,Jumaine Jones,PF,26,CHA,76,2089,.405,17.9,,.545,.154,.030,.075,.287,.455,,.456,.602,.455,.455,.379,.343,,.749,.948,,.016,11,,.427,.420,,2,0,jonesju01
228,Chris Kaman,C,23,LAC,78,2560,.523,4.6,,.997,.462,.411,.098,.027,.003,,.524,.586,.507,.377,.263,.000,,.539,,,.054,35,,.000,,,2,0,kamanch01
229,Jason Kapono,SF,24,MIA,51,665,.446,17.3,,.701,.113,.068,.102,.418,.299,,.468,.700,.167,.500,.446,.396,,.655,1.000,,.000,0,,.415,.455,,0,0,kaponja01
230,Mario Kasun,C,25,ORL,28,213,.449,2.1,,1.000,.725,.203,.058,.014,.000,,.449,.560,.071,.250,1.000,,,.613,,,.159,11,,,,,0,0,kasunma01
231,Viktor Khryapa,SF,23,POR,69,1492,.462,10.5,,.912,.401,.088,.091,.333,.088,,.474,.672,.267,.355,.325,.333,,.709,1.000,,.091,31,,.400,.417,,1,0,khryavi01
232,Jason Kidd*,PG,32,NJN,80,2975,.404,17.3,,.564,.188,.055,.080,.241,.436,,.445,.524,.300,.431,.422,.352,,.379,.921,,.000,0,,.225,.404,,4,0,kiddja01
233,Andrei Kirilenko,SF,24,UTA,69,2604,.460,9.4,,.840,.488,.090,.063,.199,.160,,.489,.624,.227,.391,.310,.308,,.533,.889,,.100,71,,.111,.385,,0,0,kirilan01
234,Linas Kleiza,PF,21,DEN,61,519,.445,9.5,,.925,.468,.075,.040,.341,.075,,.469,.605,.462,.000,.339,.154,,.800,1.000,,.064,10,,.308,.000,,1,0,kleizli01
235,Brevin Knight,PG,30,CHA,69,2351,.399,12.2,,.983,.259,.093,.153,.478,.017,,.402,.455,.347,.322,.409,.231,,.318,.333,,.000,0,,.077,1.000,,0,0,knighbr01
236,Yaroslav Korolev,SF,18,LAC,24,127,.300,14.0,,.767,.233,.133,.133,.267,.233,,.304,.286,.500,.250,.250,.286,,.571,1.000,,.033,1,,.143,.000,,0,0,korolya01
237,Kyle Korver,SF,24,PHI,82,2563,.430,20.4,,.424,.071,.042,.079,.233,.576,,.443,.519,.313,.450,.441,.420,,.769,.962,,.004,3,,.212,.527,,0,0,korveky01
238,Nenad Krstić,PF,22,NJN,80,2469,.507,8.3,,.995,.369,.226,.157,.244,.005,,.509,.566,.457,.413,.530,.250,,.776,1.000,,.064,51,,.000,,,2,0,krstine01
239,Toni Kukoč*,PF,37,MIL,65,1018,.389,17.8,,.507,.154,.077,.091,.185,.493,,.470,.565,.348,.593,.382,.306,,.423,.978,,.003,1,,.163,.167,,0,0,kukocto01
240,Raef LaFrentz,PF,29,BOS,82,2033,.431,17.4,,.482,.205,.043,.043,.190,.518,,.474,.513,.250,.417,.495,.392,,.794,.991,,.024,11,,.241,.464,,0,0,lafrera01
241,Maciej Lampe,C,20,TOT,6,28,.182,8.6,,1.000,.273,.364,.091,.273,.000,,.182,.667,.000,.000,.000,,,1.000,,,.000,0,,,,,0,0,lampema01
241,Maciej Lampe,C,20,NOK,2,16,.000,11.8,,1.000,.250,.000,.250,.500,.000,,.000,.000,,.000,.000,,,,,,.000,0,,,,,0,0,lampema01
241,Maciej Lampe,C,20,HOU,4,12,.286,6.7,,1.000,.286,.571,.000,.143,.000,,.286,1.000,.000,,.000,,,1.000,,,.000,0,,,,,0,0,lampema01
242,David Lee,SF,22,NYK,67,1129,.596,4.5,,1.000,.652,.143,.070,.135,.000,,.596,.680,.303,.188,.710,,,.664,,,.209,41,,,,,0,0,leeda02
243,Voshon Lenard,SG,32,TOT,26,458,.393,17.9,,.592,.162,.031,.084,.314,.408,,.442,.516,.000,.500,.433,.321,,.660,.960,,.000,0,,.205,.375,,0,0,lenarvo01
243,Voshon Lenard,SG,32,DEN,12,238,.408,16.9,,.660,.165,.029,.136,.330,.340,,.471,.529,.000,.500,.471,.286,,.750,.900,,.000,0,,.200,.429,,0,0,lenarvo01
243,Voshon Lenard,SG,32,POR,14,220,.375,18.9,,.511,.159,.034,.023,.295,.489,,.400,.500,.000,.500,.385,.349,,.500,1.000,,.000,0,,.209,.333,,0,0,lenarvo01
244,Rashard Lewis,SF,26,SEA,78,2876,.467,14.1,,.679,.195,.202,.139,.142,.321,,.507,.653,.519,.356,.436,.384,,.452,.958,,.047,52,,.276,.431,,4,0,lewisra02
245,Randy Livingston,PG,30,CHI,5,22,.000,2.1,,1.000,.500,.500,.000,.000,.000,,.000,.000,.000,,,,,,,,.000,0,,,,,0,0,livinra01
246,Shaun Livingston,PG,20,LAC,61,1525,.427,10.2,,.977,.295,.172,.232,.278,.023,,.434,.515,.417,.469,.330,.125,,.405,1.000,,.026,8,,.375,.333,,0,0,livinsh01
247,John Lucas III,PG,23,HOU,13,107,.389,14.7,,.750,.167,.222,.083,.278,.250,,.444,.667,.500,.333,.300,.222,,.250,1.000,,.000,0,,.222,.500,,0,0,lucasjo02
248,Tyronn Lue,PG,28,ATL,51,1234,.459,15.4,,.696,.215,.086,.117,.278,.304,,.460,.422,.361,.429,.534,.457,,.216,.569,,.000,0,,.102,.385,,1,0,luety01
249,Arvydas Macijauskas,SG,26,NOK,19,135,.341,16.2,,.707,.171,.073,.122,.341,.293,,.379,.857,.333,.200,.214,.250,,.273,.667,,.000,0,,.167,.500,,0,0,macijar01
250,Mark Madsen,C,30,MIN,62,676,.409,5.0,,.894,.591,.258,.045,.000,.106,,.458,.538,.353,.000,,.000,,.667,,,.121,7,,.000,,,0,0,madsema01
251,Corey Maggette,SF,26,LAC,32,943,.445,13.8,,.811,.269,.075,.107,.360,.189,,.470,.624,.357,.400,.400,.338,,.664,1.000,,.035,10,,.183,.692,,2,0,maggeco01
252,Jamaal Magloire,C,27,MIL,82,2465,.467,4.0,,1.000,.480,.421,.062,.037,.000,,.467,.600,.375,.132,.348,,,.620,,,.107,64,,,,,0,0,magloja01
253,Stephon Marbury,PG,28,NYK,60,2193,.451,10.5,,.866,.415,.115,.063,.273,.134,,.472,.505,.416,.388,.464,.317,,.218,.758,,.001,1,,.144,.200,,1,0,marbust01
254,Shawn Marion,PF,27,PHO,81,3263,.525,10.1,,.788,.384,.151,.155,.097,.212,,.577,.752,.432,.443,.323,.331,,.737,.938,,.151,190,,.455,.386,,1,0,mariosh01
255,Sean Marks,PF,30,SAS,25,181,.521,16.5,,.958,.141,.028,.056,.732,.042,,.544,.700,1.000,.500,.500,.000,,.892,,,.085,6,,.333,.000,,0,0,marksse01
256,Donyell Marshall,PF,32,CLE,81,2077,.395,16.3,,.411,.264,.061,.034,.052,.589,,.496,.599,.366,.217,.314,.324,,.664,.984,,.055,32,,.577,.338,,1,0,marshdo01
257,Rawle Marshall,SF,23,DAL,23,241,.400,7.5,,.950,.450,.167,.200,.133,.050,,.404,.667,.200,.167,.125,.333,,.478,1.000,,.067,3,,.333,.000,,0,0,marshra01
258,Darrick Martin,PG,34,TOR,40,339,.351,17.2,,.588,.206,.052,.031,.299,.412,,.316,.350,.400,.333,.276,.400,,.056,.875,,.000,0,,.300,.333,,0,0,martida01
259,Kenyon Martin,PF,28,DEN,56,1546,.495,8.9,,.963,.373,.188,.162,.240,.037,,.505,.683,.336,.454,.396,.227,,.733,.800,,.167,95,,.500,.364,,0,0,martike01
260,Kevin Martin,SG,22,SAC,72,1913,.480,13.2,,.672,.328,.082,.086,.176,.328,,.534,.637,.422,.617,.354,.369,,.571,.909,,.075,40,,.346,.419,,0,0,martike02
261,Desmond Mason,SF,28,NOK,70,2102,.399,7.0,,.991,.394,.288,.171,.138,.009,,.401,.533,.317,.254,.379,.167,,.540,1.000,,.084,52,,.333,.500,,3,0,masonde01
262,Jason Maxiell,PF,22,DET,26,159,.426,9.0,,1.000,.389,.056,.352,.204,.000,,.426,.619,.000,.421,.182,,,.652,,,.167,8,,,,,0,0,maxieja01
263,Sean May,PF,21,CHA,23,398,.409,10.5,,.971,.304,.181,.129,.357,.029,,.422,.577,.452,.318,.311,.000,,.671,,,.029,5,,.000,,,1,0,mayse01
264,Rashad McCants,SG,21,MIN,79,1362,.450,13.1,,.664,.348,.080,.075,.161,.336,,.490,.602,.372,.375,.360,.372,,.552,.925,,.065,31,,.233,.476,,1,0,mccanra01
265,Walter McCarty,SF,31,LAC,36,353,.333,17.0,,.545,.202,.071,.141,.131,.455,,.426,.450,.286,.429,.462,.222,,.696,1.000,,.010,1,,.133,.000,,1,0,mccarwa01
266,Antonio McDyess,PF,31,DET,82,1733,.509,11.9,,.996,.252,.054,.259,.432,.004,,.511,.738,.267,.469,.434,.000,,.800,,,.066,37,,.500,.000,,0,0,mcdyean01
267,Tracy McGrady*,SF,26,HOU,47,1745,.406,15.7,,.769,.200,.066,.110,.393,.231,,.434,.530,.463,.315,.413,.312,,.359,.548,,.030,28,,.056,.385,,3,0,mcgratr01
268,Jeff McInnis,SG,31,NJN,28,486,.441,12.8,,.888,.168,.238,.210,.273,.112,,.472,.583,.471,.333,.513,.188,,.433,1.000,,.000,0,,.188,.000,,1,0,mcinnje01
269,Aaron McKie,PG,33,LAL,14,121,.250,18.5,,.833,.000,.083,.083,.667,.167,,.300,,1.000,.000,.250,.000,,.667,,,.000,0,,.500,.000,,0,0,mckieaa01
270,Keith McLeod,PG,26,UTA,66,1232,.353,17.2,,.759,.174,.029,.044,.512,.241,,.372,.525,.200,.267,.339,.293,,.573,.542,,.018,5,,.012,.000,,0,0,mcleoke01
271,Stanislav Medvedenko,PF,26,LAL,2,6,.500,2.9,,1.000,.500,.500,.000,.000,.000,,.500,1.000,.000,,,,,1.000,,,.000,0,,,,,0,0,medvest01
272,Chris Mihm,C,26,LAL,59,1541,.501,5.9,,1.000,.436,.329,.120,.115,.000,,.501,.610,.464,.327,.377,,,.609,,,.087,37,,,,,0,0,mihmch01
273,Aaron Miles,PG,22,GSW,19,118,.333,10.3,,1.000,.278,.222,.111,.389,.000,,.333,.400,.000,.500,.429,,,.333,,,.000,0,,,,,0,0,milesaa01
274,C.J. Miles,PG,18,UTA,23,203,.368,16.1,,.737,.224,.053,.026,.434,.263,,.411,.471,.500,.000,.394,.250,,.652,1.000,,.013,1,,.200,.000,,1,0,milescj01
275,Darius Miles,SF,24,POR,40,1286,.461,10.4,,.980,.339,.151,.092,.398,.020,,.466,.642,.416,.362,.360,.200,,.532,1.000,,.104,44,,.100,.000,,0,0,milesda01
276,Darko Miličić,C,20,TOT,55,767,.509,10.5,,.991,.321,.184,.115,.372,.009,,.513,.640,.558,.407,.414,.000,,.681,,,.077,16,,.000,,,0,0,milicda01
276,Darko Miličić,C,20,DET,25,140,.515,11.7,,.939,.364,.030,.061,.485,.061,,.548,.750,.000,.000,.500,.000,,.824,,,.091,3,,.000,,,0,0,milicda01
276,Darko Miličić,C,20,ORL,30,627,.507,10.3,,1.000,.313,.209,.124,.353,.000,,.507,.619,.571,.440,.394,,,.657,,,.075,13,,,,,0,0,milicda01
277,Andre Miller,PG,29,DEN,82,2937,.463,9.4,,.969,.396,.114,.202,.258,.031,,.472,.554,.444,.409,.409,.185,,.316,.600,,.001,0,,.111,.333,,10,1,millean02
278,Brad Miller,C,29,SAC,79,2923,.495,13.3,,.900,.225,.139,.083,.453,.100,,.507,.640,.533,.438,.446,.386,,.715,.941,,.023,19,,.273,.417,,2,0,millebr01
279,Mike Miller,SG,25,MEM,74,2268,.466,17.1,,.554,.226,.038,.033,.257,.446,,.513,.657,.207,.440,.441,.407,,.481,.877,,.012,8,,.097,.242,,0,0,millemi01
280,Yao Ming*,C,25,HOU,57,1949,.519,6.2,,.999,.340,.392,.241,.026,.001,,.519,.676,.479,.392,.261,.000,,.621,,,.078,63,,.000,,,0,0,mingya01
281,Cuttino Mobley,SG,30,LAC,79,2979,.426,14.3,,.757,.218,.101,.170,.268,.243,,.453,.532,.431,.433,.411,.339,,.488,.952,,.005,5,,.290,.366,,1,0,moblecu01
282,Nazr Mohammed,C,28,SAS,80,1389,.504,4.6,,1.000,.554,.276,.146,.024,.000,,.504,.593,.404,.418,.111,,,.589,,,.117,33,,,,,0,0,mohamna01
283,Sergei Monia,SF,22,TOT,26,343,.333,13.5,,.609,.333,.092,.023,.161,.391,,.377,.414,.250,.000,.429,.265,,.500,.889,,.080,4,,.529,.278,,0,0,moniase01
283,Sergei Monia,SF,22,POR,23,336,.341,13.3,,.612,.341,.094,.024,.153,.388,,.385,.414,.250,.000,.462,.273,,.500,.889,,.082,4,,.545,.278,,0,0,moniase01
283,Sergei Monia,SF,22,SAC,3,7,.000,20.2,,.500,.000,.000,.000,.500,.500,,.000,,,,.000,.000,,,,,.000,0,,.000,,,0,0,moniase01
284,Mikki Moore,C,30,SEA,47,583,.435,9.0,,.984,.387,.161,.129,.306,.016,,.443,.646,.300,.313,.316,.000,,.648,,,.177,19,,.500,.000,,0,0,mooremi01
285,Terence Morris,SF,27,ORL,22,192,.327,14.6,,.959,.204,.020,.122,.612,.041,,.340,.600,.000,.167,.300,.000,,.875,,,.000,0,,.000,,,0,0,morrite01
286,Alonzo Mourning*,C,35,MIA,65,1302,.597,3.7,,.997,.549,.340,.067,.041,.003,,.599,.775,.402,.238,.462,.000,,.622,,,.241,74,,.000,,,0,0,mournal01
287,Troy Murphy,PF,25,GSW,74,2516,.433,12.7,,.784,.272,.172,.074,.266,.216,,.464,.632,.326,.355,.413,.320,,.600,.983,,.047,35,,.127,.261,,1,0,murphtr01
288,Lamond Murray,SF,32,NJN,57,576,.398,17.0,,.569,.199,.039,.061,.271,.431,,.437,.583,.429,.364,.347,.346,,.689,1.000,,.039,7,,.385,.367,,0,0,murrala01
289,Ronald Murray,SG,26,TOT,76,2112,.418,11.9,,.816,.337,.128,.126,.225,.184,,.453,.579,.367,.392,.347,.262,,.313,.838,,.038,18,,.298,.333,,8,0,murraro01
289,Ronald Murray,SG,26,SEA,48,1085,.397,11.6,,.831,.322,.151,.135,.224,.169,,.432,.572,.324,.426,.307,.224,,.278,.824,,.044,12,,.184,.214,,5,0,murraro01
289,Ronald Murray,SG,26,CLE,28,1027,.448,12.2,,.795,.360,.095,.114,.227,.205,,.484,.588,.467,.333,.403,.308,,.361,.850,,.028,6,,.431,.393,,3,0,murraro01
290,Dikembe Mutombo*,C,39,HOU,64,955,.526,3.0,,1.000,.695,.168,.116,.021,.000,,.526,.652,.375,.091,.000,,,.620,,,.116,9,,,,,0,0,mutomdi01
291,Boniface N'Dong,C,28,LAC,23,152,.415,10.1,,.981,.245,.226,.245,.264,.019,,.423,.615,.500,.462,.143,.000,,.727,,,.075,3,,.000,,,0,0,ndongbo01
292,Boštjan Nachbar,PF-SF,25,TOT,36,502,.346,16.3,,.545,.224,.064,.058,.199,.455,,.412,.600,.100,.111,.387,.268,,.514,.947,,.038,5,,.310,.273,,0,0,nachbbo01
292,Boštjan Nachbar,PF,25,NOK,25,405,.339,16.7,,.540,.202,.065,.073,.202,.460,,.373,.560,.125,.111,.360,.298,,.400,.941,,.024,3,,.246,.357,,0,0,nachbbo01
292,Boštjan Nachbar,SF,25,NJN,11,97,.375,14.7,,.563,.313,.063,.000,.188,.438,,.556,.700,.000,,.500,.143,,.800,1.000,,.094,2,,.571,.125,,0,0,nachbbo01
293,Lee Nailon,PF,30,PHI,22,237,.500,9.3,,1.000,.338,.138,.263,.263,.000,,.500,.778,.273,.333,.429,,,.725,,,.013,1,,,,,0,0,nailole01
294,Eduardo Nájera,PF,29,DEN,64,1449,.422,7.3,,.960,.555,.090,.066,.249,.040,,.426,.539,.185,.200,.320,.333,,.772,1.000,,.073,15,,.500,.167,,0,0,najered01
295,Steve Nash*,PG,31,PHO,79,2796,.512,15.0,,.676,.233,.092,.110,.241,.324,,.548,.703,.454,.457,.475,.439,,.138,.473,,.000,0,,.038,.385,,3,0,nashst01
296,Jameer Nelson,PG,23,ORL,62,1784,.483,14.2,,.771,.296,.042,.086,.346,.229,,.500,.610,.333,.290,.478,.424,,.206,.829,,.003,1,,.194,.406,,3,0,nelsoja01
297,Rasho Nesterović,C,29,SAS,80,1515,.515,7.8,,.994,.317,.371,.120,.186,.006,,.518,.736,.468,.275,.403,.000,,.756,,,.045,15,,.000,,,1,0,nestera01
298,Ira Newble,SG,31,CLE,36,353,.298,13.2,,.772,.333,.088,.105,.246,.228,,.318,.526,.400,.167,.071,.231,,.571,1.000,,.053,2,,.615,.125,,1,0,newblir01
299,Andrés Nocioni,PF,26,CHI,82,2239,.461,12.8,,.714,.336,.084,.085,.208,.286,,.489,.556,.429,.394,.445,.391,,.610,1.000,,.028,21,,.332,.392,,0,0,nocioan01
300,Moochie Norris,PG,32,TOT,45,424,.411,13.2,,.875,.268,.116,.054,.438,.125,,.429,.467,.308,.333,.449,.286,,.452,.500,,.000,0,,.143,.000,,0,0,norrimo01
300,Moochie Norris,PG,32,HOU,29,241,.400,11.9,,.923,.323,.092,.062,.446,.077,,.433,.333,.500,.250,.517,.000,,.615,,,.000,0,,.200,.000,,0,0,norrimo01
300,Moochie Norris,PG,32,NOK,16,183,.426,15.0,,.809,.191,.149,.043,.426,.191,,.421,.778,.143,.500,.350,.444,,.188,.500,,.000,0,,.111,.000,,0,0,norrimo01
301,Dirk Nowitzki*,PF,27,DAL,81,3089,.480,14.4,,.827,.158,.099,.263,.307,.173,,.496,.591,.419,.491,.475,.406,,.438,.909,,.017,23,,.063,.588,,5,0,nowitdi01
302,Jermaine O'Neal,PF,27,IND,51,1802,.472,8.7,,.988,.287,.277,.267,.157,.012,,.474,.654,.439,.381,.365,.300,,.647,.667,,.087,66,,.400,.500,,0,0,onealje01
303,Shaquille O'Neal*,C,33,MIA,59,1806,.600,3.1,,1.000,.559,.394,.048,.000,.000,,.600,.779,.394,.211,,,,.583,,,.269,203,,,,,0,0,onealsh01
304,Fabricio Oberto,C,30,SAS,59,490,.473,6.7,,.978,.495,.183,.247,.054,.022,,.484,.674,.294,.261,.400,.000,,.591,,,.022,2,,.000,,,1,0,obertfa01
305,Lamar Odom,PF,26,LAL,80,3221,.481,9.8,,.768,.454,.147,.074,.093,.232,,.514,.621,.426,.338,.267,.372,,.411,.875,,.058,53,,.098,.476,,2,0,odomla01
306,Emeka Okafor,PF,23,CHA,26,874,.415,7.1,,1.000,.392,.263,.212,.133,.000,,.415,.621,.337,.299,.143,,,.664,,,.089,27,,,,,0,0,okafoem01
307,Mehmet Okur,PF,26,UTA,82,2945,.460,13.3,,.793,.241,.156,.121,.275,.207,,.491,.610,.364,.478,.465,.342,,.636,.938,,.023,23,,.017,.250,,1,0,okurme01
308,Kevin Ollie,SG,33,PHI,70,1069,.431,12.8,,.983,.241,.040,.218,.483,.017,,.433,.476,.429,.395,.429,.333,,.689,.000,,.000,0,,.000,,,0,0,ollieke01
309,Michael Olowokandi,C,30,TOT,48,919,.446,6.7,,1.000,.246,.504,.242,.008,.000,,.446,.593,.463,.276,.000,,,.626,,,.075,15,,,,,0,0,olowomi01
309,Michael Olowokandi,C,30,MIN,32,752,.446,6.6,,1.000,.262,.497,.231,.010,.000,,.446,.569,.454,.311,.000,,,.701,,,.082,13,,,,,0,0,olowomi01
309,Michael Olowokandi,C,30,BOS,16,167,.444,7.1,,1.000,.178,.533,.289,.000,.000,,.444,.750,.500,.154,,,,.300,,,.044,2,,,,,0,0,olowomi01
310,Greg Ostertag,C,32,UTA,60,807,.492,3.3,,1.000,.726,.105,.081,.089,.000,,.492,.567,.308,.300,.273,,,.607,,,.137,15,,,,,0,0,ostergr01
311,Bo Outlaw,PF,34,ORL,32,355,.603,2.7,,1.000,.690,.241,.034,.034,.000,,.603,.700,.357,.500,.500,,,.600,,,.034,2,,,,,0,0,outlabo01
312,Travis Outlaw,PF,21,POR,69,1153,.440,14.3,,.856,.212,.073,.144,.427,.144,,.470,.654,.296,.396,.433,.264,,.628,.929,,.106,36,,.377,.200,,0,0,outlatr01
313,Andre Owens,PG,25,UTA,23,210,.365,14.4,,.784,.297,.054,.041,.392,.216,,.414,.318,.750,.333,.448,.188,,.625,1.000,,.000,0,,.063,.000,,1,0,owensan01
314,Zaza Pachulia,C,21,ATL,78,2452,.451,4.7,,.997,.596,.169,.145,.087,.003,,.452,.530,.330,.374,.288,.000,,.550,,,.029,19,,.000,,,0,0,pachuza01
315,Scott Padgett,PF,29,NJN,62,718,.353,18.2,,.398,.209,.010,.040,.139,.602,,.363,.429,.500,.125,.321,.347,,.759,1.000,,.000,0,,.331,.450,,0,0,padgesc01
316,Milt Palacio,PG,27,UTA,71,1376,.424,7.8,,.960,.548,.072,.074,.266,.040,,.439,.520,.276,.367,.336,.063,,.465,.000,,.005,2,,.125,.000,,3,0,palacmi01
317,Jannero Pargo,PG,26,CHI,57,646,.373,19.4,,.647,.065,.021,.140,.421,.353,,.370,.368,.333,.317,.390,.379,,.429,.718,,.000,0,,.320,.455,,2,0,pargoja01
318,Smush Parker,PG,24,LAL,82,2773,.447,14.0,,.579,.340,.073,.058,.108,.421,,.506,.660,.351,.267,.250,.366,,.535,.942,,.065,45,,.238,.410,,3,0,parkesm01
319,Tony Parker*,PG,23,SAS,80,2715,.548,8.7,,.968,.469,.133,.055,.311,.032,,.556,.705,.444,.349,.416,.306,,.324,.727,,.002,2,,.278,.500,,0,0,parketo01
320,Ruben Patterson,SF-SG,30,TOT,71,1792,.515,3.7,,.980,.668,.219,.043,.050,.020,,.524,.634,.309,.259,.219,.077,,.531,1.000,,.107,65,,.000,,,5,0,patteru01
320,Ruben Patterson,SF,30,POR,45,1056,.496,3.8,,.982,.649,.245,.047,.040,.018,,.505,.622,.312,.222,.133,.000,,.495,,,.098,34,,.000,,,4,0,patteru01
320,Ruben Patterson,SG,30,DEN,26,736,.543,3.5,,.977,.695,.180,.035,.066,.023,,.552,.652,.304,.333,.294,.167,,.580,1.000,,.121,31,,.000,,,1,0,patteru01
321,Chris Paul,PG,20,NOK,78,2808,.430,11.3,,.813,.340,.153,.089,.231,.187,,.464,.531,.428,.333,.438,.282,,.132,.780,,.013,11,,.096,.235,,2,0,paulch01
322,Sasha Pavlović,SG,22,CLE,53,813,.410,15.9,,.547,.255,.066,.052,.175,.453,,.448,.574,.214,.091,.459,.365,,.558,.914,,.038,8,,.427,.488,,0,0,pavloal01
323,Gary Payton*,PG,37,MIA,81,2305,.420,14.3,,.580,.280,.104,.077,.119,.420,,.517,.641,.368,.286,.508,.287,,.409,1.000,,.000,0,,.400,.380,,1,0,paytoga01
324,Kendrick Perkins,C,21,BOS,68,1332,.515,4.1,,.992,.523,.395,.064,.011,.008,,.519,.590,.486,.235,.000,.000,,.496,,,.094,22,,.000,,,1,0,perkike01
325,Morris Peterson,SG,28,TOR,82,3140,.436,16.1,,.591,.220,.072,.078,.222,.409,,.465,.564,.367,.447,.403,.395,,.548,.881,,.016,14,,.491,.432,,6,1,petermo01
326,Johan Petro,C,20,SEA,68,1282,.510,4.9,,1.000,.460,.347,.167,.027,.000,,.510,.601,.433,.440,.375,,,.673,,,.163,40,,,,,0,0,petrojo01
327,Eric Piatkowski,SG,35,CHI,29,228,.393,18.2,,.459,.197,.016,.033,.213,.541,,.536,.667,.000,.000,.538,.273,,.800,1.000,,.000,0,,.455,.200,,0,0,piatker01
328,Paul Pierce*,SF,28,BOS,79,3084,.471,12.6,,.785,.341,.068,.133,.243,.215,,.503,.617,.232,.436,.456,.354,,.413,.829,,.036,49,,.121,.447,,2,0,piercpa01
329,Mickaël Piétrus,SF,23,GSW,52,1179,.404,14.5,,.579,.325,.067,.026,.160,.421,,.467,.618,.357,.182,.254,.318,,.637,.893,,.081,31,,.625,.355,,1,0,pietrmi01
330,Zoran Planinić,PG,23,NJN,56,596,.361,12.7,,.694,.393,.098,.071,.131,.306,,.417,.500,.389,.231,.292,.232,,.415,.846,,.005,1,,.321,.444,,4,1,planizo01
331,Pavel Podkolzin,C,21,DAL,1,18,.000,13.6,,1.000,.000,.000,1.000,.000,.000,,.000,,,.000,,,,,,,.000,0,,,,,0,0,podkopa01
332,Scot Pollard,C,30,IND,45,771,.455,7.4,,1.000,.468,.143,.221,.169,.000,,.455,.569,.409,.412,.231,,,.757,,,.013,2,,,,,0,0,pollasc01
333,James Posey,SF,29,MIA,67,1914,.403,19.7,,.266,.147,.028,.028,.063,.734,,.400,.586,.273,.091,.160,.403,,.500,.983,,.023,8,,.400,.448,,0,0,poseyja01
334,Vitaly Potapenko,C,30,TOT,33,353,.521,6.4,,1.000,.380,.310,.268,.042,.000,,.521,.519,.545,.526,.333,,,.784,,,.000,0,,,,,0,0,potapvi01
334,Vitaly Potapenko,C,30,SEA,24,321,.500,6.0,,1.000,.422,.297,.250,.031,.000,,.500,.519,.579,.438,.000,,,.750,,,.000,0,,,,,0,0,potapvi01
334,Vitaly Potapenko,C,30,SAC,9,32,.714,10.6,,1.000,.000,.429,.429,.143,.000,,.714,,.333,1.000,1.000,,,1.000,,,.000,0,,,,,0,0,potapvi01
335,Josh Powell,PF,23,DAL,37,429,.457,8.2,,1.000,.358,.272,.099,.272,.000,,.457,.586,.318,.500,.409,,,.649,,,.062,5,,,,,0,0,poweljo01
336,Ronnie Price,PG,22,SAC,29,150,.362,17.3,,.534,.276,.000,.017,.241,.466,,.484,.688,,.000,.286,.222,,.600,.667,,.103,6,,.333,.111,,1,0,pricero01
337,Tayshaun Prince,SF,25,DET,82,2898,.455,12.3,,.817,.281,.131,.134,.270,.183,,.479,.662,.420,.351,.381,.350,,.634,.953,,.084,78,,.536,.378,,1,0,princta01
338,Laron Profit,SG,28,LAL,25,279,.476,12.2,,.786,.393,.060,.036,.298,.214,,.561,.788,.200,.667,.320,.167,,.649,1.000,,.095,8,,.222,.250,,1,0,profila01
339,Joel Przybilla,C,26,POR,56,1395,.548,2.4,,1.000,.711,.218,.063,.008,.000,,.548,.653,.327,.133,.500,,,.672,,,.272,56,,,,,0,0,przybjo01
340,Vladimir Radmanović,PF,25,TOT,77,1974,.407,17.7,,.449,.199,.081,.031,.138,.551,,.429,.516,.269,.450,.393,.390,,.613,.964,,.039,21,,.178,.492,,1,0,radmavl01
340,Vladimir Radmanović,PF,25,SEA,47,1089,.401,17.4,,.490,.198,.099,.034,.159,.510,,.436,.513,.289,.385,.443,.367,,.634,.972,,.039,13,,.122,.625,,1,0,radmavl01
340,Vladimir Radmanović,PF,25,LAC,30,885,.417,18.2,,.390,.201,.054,.027,.108,.610,,.416,.519,.214,.571,.286,.418,,.571,.955,,.039,8,,.247,.410,,0,0,radmavl01
341,Shavlik Randolph,PF,22,PHI,57,487,.454,2.4,,1.000,.711,.216,.041,.031,.000,,.454,.536,.286,.000,.333,,,.545,,,.186,17,,,,,0,0,randosh01
342,Zach Randolph,PF,24,POR,74,2545,.436,9.8,,.955,.315,.224,.117,.299,.045,,.443,.545,.371,.340,.429,.291,,.481,.938,,.006,7,,.255,.429,,2,1,randoza01
343,Theo Ratliff,C,32,POR,55,1301,.571,5.4,,1.000,.397,.413,.116,.074,.000,,.571,.733,.474,.545,.286,,,.593,,,.212,38,,,,,0,0,ratlith01
344,Željko Rebrača,C,33,LAC,29,412,.542,6.4,,1.000,.281,.479,.229,.010,.000,,.542,.704,.478,.455,1.000,,,.788,,,.010,1,,,,,0,0,rebraze01
345,Michael Redd,SG,26,MIL,80,3130,.450,13.8,,.728,.269,.080,.150,.229,.272,,.471,.576,.413,.399,.412,.395,,.503,.853,,.012,17,,.298,.447,,0,0,reddmi01
346,Justin Reed,SF,24,TOT,72,997,.403,8.8,,.997,.444,.102,.088,.363,.003,,.405,.511,.300,.385,.308,.000,,.681,,,.054,14,,1.000,.000,,0,0,reedju01
346,Justin Reed,SF,24,BOS,32,291,.338,8.9,,1.000,.459,.095,.068,.378,.000,,.338,.500,.000,.400,.214,,,.800,,,.041,3,,,,,0,0,reedju01
346,Justin Reed,SF,24,MIN,40,706,.425,8.8,,.995,.439,.104,.095,.357,.005,,.427,.515,.391,.381,.342,.000,,.649,,,.059,11,,1.000,.000,,0,0,reedju01
347,Jason Richardson,SG,25,GSW,75,2877,.446,14.1,,.668,.254,.134,.089,.191,.332,,.477,.668,.342,.336,.382,.384,,.467,.770,,.059,78,,.233,.432,,2,0,richaja01
348,Quentin Richardson,SF,25,NYK,55,1442,.355,14.7,,.590,.279,.076,.072,.163,.410,,.365,.484,.286,.212,.267,.340,,.394,.922,,.017,8,,.356,.343,,1,0,richaqu01
349,Luke Ridnour,PG,24,SEA,79,2625,.418,14.3,,.814,.176,.146,.128,.363,.186,,.448,.482,.436,.402,.452,.289,,.340,.651,,.000,0,,.309,.283,,1,0,ridnolu01
350,Anthony Roberson,PG,22,MEM,16,88,.452,16.2,,.677,.226,.000,.097,.355,.323,,.429,.286,,.000,.636,.500,,.556,1.000,,.000,0,,.200,1.000,,0,0,roberan02
351,Lawrence Roberts,C,23,MEM,33,181,.455,8.3,,.955,.455,.205,.091,.205,.045,,.476,.650,.222,.750,.222,.000,,.750,,,.091,4,,.000,,,0,0,roberla01
352,Bernard Robinson,SF,25,CHA,66,1303,.430,7.0,,.942,.551,.104,.151,.137,.058,,.451,.542,.289,.364,.300,.095,,.490,1.000,,.044,15,,.190,.500,,1,0,robinbe01
353,Clifford Robinson,PF,39,NJN,80,1863,.427,16.4,,.659,.135,.101,.140,.283,.341,,.470,.594,.519,.333,.462,.343,,.855,.983,,.016,8,,.291,.373,,1,0,robincl02
354,Nate Robinson,PG,21,NYK,72,1544,.407,13.0,,.742,.342,.080,.087,.234,.258,,.411,.503,.267,.306,.364,.397,,.308,.741,,.009,5,,.397,.466,,7,0,robinna01
355,Jalen Rose,SF-SG,33,TOT,72,1983,.423,13.8,,.749,.193,.145,.194,.218,.251,,.450,.523,.485,.368,.436,.343,,.381,.915,,.009,6,,.610,.400,,1,0,roseja01
355,Jalen Rose,SF,33,TOR,46,1236,.404,14.2,,.742,.170,.152,.202,.217,.258,,.450,.526,.515,.356,.433,.270,,.362,.968,,.011,5,,.617,.352,,1,0,roseja01
355,Jalen Rose,SG,33,NYK,26,747,.460,13.0,,.762,.234,.130,.180,.218,.238,,.451,.518,.419,.395,.442,.491,,.415,.857,,.004,1,,.596,.500,,0,0,roseja01
356,Malik Rose,PF,31,NYK,72,1119,.374,7.8,,.996,.477,.096,.171,.253,.004,,.371,.478,.296,.229,.296,1.000,,.683,1.000,,.018,3,,.000,,,0,0,rosema01
357,Quinton Ross,SF,24,LAC,67,1515,.422,13.1,,.977,.256,.055,.097,.568,.023,,.432,.532,.412,.333,.406,.000,,.831,,,.019,6,,.429,.000,,0,0,rossqu01
358,Michael Ruffin,C,29,WAS,76,1010,.442,3.4,,.974,.805,.117,.013,.039,.026,,.453,.516,.222,.000,.000,.000,,.353,,,.195,12,,.000,,,1,0,ruffimi01
359,Kareem Rush,SG,25,CHA,47,1111,.386,16.2,,.650,.186,.079,.100,.286,.350,,.407,.667,.270,.319,.306,.348,,.516,.965,,.017,8,,.189,.419,,1,0,rushka01
360,Bryon Russell,SF,35,DEN,1,3,,,,,,,,,,,,,,,,,,,,,,0,,,,,0,0,russebr01
361,John Salmons,SG,26,PHI,82,2059,.420,10.3,,.833,.353,.159,.184,.136,.167,,.445,.516,.422,.417,.324,.299,,.342,.962,,.029,15,,.322,.214,,0,0,salmojo01
362,Jamal Sampson,PF,22,SAC,12,39,.714,4.6,,1.000,.429,.571,.000,.000,.000,,.714,1.000,.500,,,,,.200,,,.143,1,,,,,0,0,sampsja01
363,Melvin Sanders,SG,25,SAS,16,113,.485,12.0,,.909,.242,.182,.152,.333,.091,,.467,.375,.500,1.000,.273,.667,,.929,1.000,,.030,1,,.333,1.000,,0,0,sandeme01
364,Brian Scalabrine,PF,27,BOS,71,938,.383,17.6,,.549,.171,.062,.041,.275,.451,,.406,.576,.417,.250,.321,.356,,.674,.968,,.016,3,,.391,.294,,0,0,scalabr01
365,Alex Scales,SG,27,SAS,1,0,,,,,,,,,,,,,,,,,,,,,,0,,,,,0,0,scaleal01
366,Luke Schenscher,C,23,CHI,20,149,.615,5.1,,1.000,.385,.500,.038,.077,.000,,.615,.700,.615,.000,.500,,,.688,,,.000,0,,,,,0,0,schenlu01
367,Ha Seung-Jin,C,20,POR,27,212,.581,1.6,,1.000,.806,.194,.000,.000,.000,,.581,.680,.167,,,,,.611,,,.387,10,,,,,0,0,seungha01
368,Wayne Simien,PF,22,MIA,43,414,.483,9.5,,1.000,.275,.217,.267,.242,.000,,.483,.667,.385,.344,.517,,,.586,,,.025,3,,,,,0,0,simiewa01
369,Bobby Simmons,SF,25,MIL,75,2538,.453,15.2,,.691,.207,.066,.135,.283,.309,,.468,.521,.415,.339,.502,.420,,.659,.971,,.015,12,,.364,.396,,0,0,simmobo01
370,James Singleton,SF,24,LAC,59,753,.510,9.8,,.868,.411,.152,.066,.238,.132,,.511,.710,.217,.200,.444,.500,,.582,.800,,.146,19,,.550,.545,,0,0,singlja01
371,Brian Skinner,PF-C,29,TOT,65,944,.513,5.0,,1.000,.456,.388,.081,.075,.000,,.513,.630,.435,.462,.250,,,.500,,,.056,7,,,,,0,0,skinnbr01
371,Brian Skinner,PF,29,SAC,38,429,.551,4.3,,1.000,.478,.377,.116,.029,.000,,.551,.667,.538,.250,.000,,,.447,,,.101,5,,,,,0,0,skinnbr01
371,Brian Skinner,C,29,POR,27,515,.484,5.5,,1.000,.440,.396,.055,.110,.000,,.484,.600,.361,.800,.300,,,.545,,,.022,2,,,,,0,0,skinnbr01
372,Charles Smith,SG,30,TOT,22,210,.417,17.6,,.472,.194,.042,.028,.208,.528,,.441,.500,.000,.500,.467,.395,,.933,1.000,,.014,1,,.395,.333,,0,0,smithch04
372,Charles Smith,SG,30,POR,21,208,.423,17.5,,.479,.197,.042,.028,.211,.521,,.441,.500,.000,.500,.467,.405,,.933,1.000,,.014,1,,.378,.357,,0,0,smithch04
372,Charles Smith,SG,30,DEN,1,2,.000,23.8,,.000,.000,.000,.000,.000,1.000,,,,,,,.000,,,,,.000,0,,1.000,.000,,0,0,smithch04
373,Donta Smith,SG,22,ATL,23,127,.556,7.7,,.852,.593,.037,.111,.111,.148,,.565,.750,.000,.333,.000,.500,,.769,1.000,,.185,5,,.500,.500,,0,0,smithdo04
374,J.R. Smith,SG,20,NOK,55,989,.393,15.7,,.617,.265,.041,.055,.257,.383,,.407,.515,.200,.250,.362,.371,,.598,.904,,.087,22,,.114,.625,,0,0,smithjr01
375,Joe Smith,PF,30,MIL,44,887,.475,9.8,,.993,.292,.184,.226,.292,.007,,.479,.607,.464,.420,.404,.000,,.793,,,.033,9,,.500,.000,,0,0,smithjo02
376,Josh Smith,SF,20,ATL,80,2559,.425,11.2,,.858,.364,.110,.093,.291,.142,,.444,.599,.247,.292,.373,.309,,.641,.941,,.099,75,,.345,.289,,3,0,smithjo03
377,Eric Snow,PG,32,CLE,82,2351,.409,12.2,,.975,.263,.068,.238,.406,.025,,.416,.495,.222,.411,.401,.100,,.673,1.000,,.000,0,,.200,.500,,1,0,snower01
378,Kirk Snyder,SG,22,NOK,68,1310,.453,13.4,,.715,.322,.049,.106,.238,.285,,.491,.678,.364,.292,.352,.357,,.459,.891,,.102,43,,.264,.412,,1,0,snydeki01
379,Darius Songaila,PF,27,CHI,62,1329,.481,10.5,,.990,.332,.132,.134,.391,.010,,.481,.552,.477,.470,.427,.400,,.803,1.000,,.018,8,,.200,.000,,0,0,songada01
380,Pape Sow,C,24,TOR,42,590,.431,4.0,,1.000,.667,.154,.081,.098,.000,,.431,.488,.316,.100,.500,,,.642,,,.146,13,,,,,0,0,sowpa01
381,Jerry Stackhouse,SG,31,DAL,55,1525,.401,14.2,,.784,.194,.090,.221,.280,.216,,.436,.530,.407,.383,.420,.277,,.383,1.000,,.032,17,,.477,.323,,1,0,stackje01
382,DeShawn Stevenson,SG,24,ORL,82,2648,.460,10.6,,.981,.410,.052,.078,.440,.019,,.466,.538,.341,.393,.427,.133,,.655,1.000,,.058,41,,.133,.500,,3,0,stevede01
383,Peja Stojaković,SF,28,TOT,71,2601,.437,16.7,,.603,.201,.051,.069,.282,.397,,.461,.683,.385,.271,.362,.401,,.625,.920,,.009,9,,.228,.489,,0,0,stojape01
383,Peja Stojaković,SF,28,SAC,31,1147,.403,17.4,,.578,.167,.052,.059,.300,.422,,.408,.620,.364,.240,.331,.397,,.600,.930,,.005,2,,.223,.475,,0,0,stojape01
383,Peja Stojaković,SF,28,IND,40,1454,.461,16.1,,.621,.226,.051,.076,.269,.379,,.496,.716,.400,.289,.388,.404,,.639,.912,,.012,7,,.231,.500,,0,0,stojape01
384,Awvee Storey,SF,28,WAS,25,116,.390,15.4,,.829,.220,.000,.146,.463,.171,,.382,.889,,.333,.158,.429,,.846,1.000,,.049,2,,.143,.000,,0,0,storeaw01
385,Damon Stoudamire,PG,32,MEM,27,862,.397,14.9,,.638,.289,.049,.066,.233,.362,,.426,.446,.143,.526,.433,.346,,.192,.833,,.000,0,,.115,.417,,0,0,stoudda01
386,Salim Stoudamire,SG,23,ATL,61,1236,.415,18.0,,.561,.150,.063,.087,.260,.439,,.442,.486,.355,.395,.453,.380,,.385,.768,,.010,4,,.130,.321,,1,0,stoudsa01
387,Amar'e Stoudemire,C,23,PHO,3,50,.333,7.7,,.963,.370,.296,.111,.185,.037,,.346,.600,.125,.000,.400,.000,,.333,,,.037,1,,1.000,.000,,0,0,stoudam01
388,Mike Sweetney,C,23,CHI,66,1222,.450,5.6,,1.000,.489,.270,.126,.115,.000,,.450,.535,.417,.321,.314,,,.605,,,.032,12,,,,,0,0,sweetmi01
389,Robert Swift,C,20,SEA,47,987,.515,3.7,,1.000,.544,.332,.108,.017,.000,,.515,.580,.413,.538,.250,,,.669,,,.183,40,,,,,0,0,swiftro01
390,Stromile Swift,C,26,HOU,66,1344,.491,5.5,,.996,.517,.236,.107,.135,.004,,.493,.599,.343,.388,.435,.000,,.596,,,.175,68,,1.000,.000,,0,0,swiftst01
391,Wally Szczerbiak,SF,28,TOT,72,2729,.487,14.4,,.748,.216,.107,.137,.288,.252,,.517,.708,.426,.446,.440,.400,,.627,.833,,.022,21,,.345,.466,,0,0,szczewa02
391,Wally Szczerbiak,SF,28,MIN,40,1555,.495,14.4,,.758,.227,.090,.139,.302,.242,,.523,.739,.396,.402,.455,.406,,.650,.793,,.029,17,,.343,.490,,0,0,szczewa02
391,Wally Szczerbiak,SF,28,BOS,32,1174,.476,14.5,,.735,.201,.130,.135,.268,.265,,.506,.659,.455,.509,.416,.393,,.592,.886,,.012,4,,.348,.436,,0,0,szczewa02
392,Chris Taft,C,20,GSW,17,144,.605,3.4,,1.000,.632,.263,.105,.000,.000,,.605,.667,.400,.750,,,,.609,,,.132,5,,,,,0,0,taftch01
393,Donell Taylor,SG,23,WAS,51,465,.390,11.7,,.875,.360,.096,.051,.368,.125,,.412,.510,.308,.429,.340,.235,,.551,.500,,.015,2,,.235,.250,,0,0,taylodo01
394,Maurice Taylor,PF,29,NYK,67,1210,.468,9.4,,.997,.275,.272,.170,.280,.003,,.469,.617,.472,.409,.358,.000,,.489,,,.028,10,,.000,,,1,0,tayloma01
395,Sebastian Telfair,PG,20,POR,68,1641,.394,13.4,,.720,.330,.062,.080,.247,.280,,.411,.545,.222,.326,.308,.352,,.170,.719,,.000,0,,.216,.457,,3,0,telfase01
396,Jason Terry,PG,28,DAL,80,2798,.470,16.3,,.621,.154,.086,.151,.231,.379,,.505,.592,.394,.452,.524,.411,,.339,.842,,.005,5,,.248,.476,,4,0,terryja01
397,Billy Thomas,SG,30,WAS,17,131,.325,23.7,,.250,.025,.000,.025,.200,.750,,.300,1.000,,.000,.250,.333,,.667,1.000,,.000,0,,.400,.500,,1,0,thomabi01
398,Etan Thomas,C,27,WAS,71,1121,.533,3.2,,1.000,.573,.354,.065,.008,.000,,.533,.681,.333,.313,.500,,,.473,,,.199,48,,,,,0,0,thomaet01
399,James Thomas,PF,25,TOT,22,150,.526,0.7,,1.000,.895,.105,.000,.000,.000,,.526,.529,.500,,,,,.800,,,.053,1,,,,,0,0,thomaja02
399,James Thomas,PF,25,PHI,15,124,.538,0.5,,1.000,.923,.077,.000,.000,.000,,.538,.500,1.000,,,,,.857,,,.000,0,,,,,0,0,thomaja02
399,James Thomas,PF,25,CHI,7,26,.500,1.2,,1.000,.833,.167,.000,.000,.000,,.500,.600,.000,,,,,.667,,,.167,1,,,,,0,0,thomaja02
400,John Thomas,C,30,TOT,16,127,.400,3.3,,1.000,.733,.067,.200,.000,.000,,.400,.455,1.000,.000,,,,.667,,,.000,0,,,,,0,0,thomajo02
400,John Thomas,C,30,MEM,3,25,1.000,2.3,,1.000,1.000,.000,.000,.000,.000,,1.000,1.000,,,,,,1.000,,,.000,0,,,,,0,0,thomajo02
400,John Thomas,C,30,ATL,11,66,.429,1.4,,1.000,.857,.143,.000,.000,.000,,.429,.333,1.000,,,,,.667,,,.000,0,,,,,0,0,thomajo02
400,John Thomas,C,30,NJN,2,36,.167,5.9,,1.000,.500,.000,.500,.000,.000,,.167,.333,,.000,,,,.000,,,.000,0,,,,,0,0,thomajo02
401,Kenny Thomas,PF,28,SAC,82,2293,.505,8.0,,.998,.475,.131,.075,.318,.002,,.506,.676,.304,.378,.365,.000,,.721,,,.093,54,,.000,,,0,0,thomake01
402,Kurt Thomas,C,33,PHO,53,1411,.486,11.5,,1.000,.274,.074,.215,.437,.000,,.486,.636,.448,.429,.427,,,.879,,,.020,7,,,,,0,0,thomaku01
403,Tim Thomas,PF-SF,28,TOT,29,666,.431,15.4,,.576,.225,.111,.092,.149,.424,,.444,.576,.448,.167,.410,.414,,.463,.978,,.034,9,,.270,.533,,0,0,thomati01
403,Tim Thomas,SF,28,CHI,3,32,.375,15.3,,.625,.188,.063,.188,.188,.375,,.500,.333,.000,.667,.667,.167,,.800,1.000,,.063,1,,.333,.000,,0,0,thomati01
403,Tim Thomas,PF,28,PHO,26,634,.435,15.4,,.573,.228,.114,.085,.146,.427,,.440,.589,.464,.095,.389,.429,,.435,.978,,.033,8,,.267,.571,,0,0,thomati01
404,Dijon Thompson,SG,22,PHO,10,43,.440,15.0,,.560,.280,.040,.040,.200,.440,,.500,.571,.000,.000,.600,.364,,.429,.750,,.040,1,,.273,.333,,0,0,thompdi01
405,Jamaal Tinsley,PG,27,IND,42,1122,.409,12.1,,.819,.246,.215,.166,.192,.181,,.449,.505,.518,.359,.378,.229,,.225,.750,,.000,0,,.214,.200,,1,0,tinslja01
406,Jake Tsakalidis,C,26,MEM,51,732,.606,3.2,,1.000,.679,.194,.061,.067,.000,,.606,.679,.438,.400,.545,,,.650,,,.170,21,,,,,0,0,tsakaja01
407,Nikoloz Tskitishvili,SF-PF,22,TOT,17,99,.351,11.8,,.919,.324,.108,.108,.378,.081,,.353,.333,.500,.250,.357,.333,,.750,1.000,,.027,1,,.333,1.000,,0,0,tskitni01
407,Nikoloz Tskitishvili,PF,22,MIN,5,13,.250,16.5,,1.000,.000,.000,.750,.250,.000,,.250,,,.333,.000,,,.000,,,.000,0,,,,,0,0,tskitni01
407,Nikoloz Tskitishvili,SF,22,PHO,12,86,.364,11.3,,.909,.364,.121,.030,.394,.091,,.367,.333,.500,.000,.385,.333,,.818,1.000,,.030,1,,.333,1.000,,0,0,tskitni01
408,Ronny Turiaf,C,23,LAL,23,161,.500,5.4,,1.000,.567,.233,.100,.100,.000,,.500,.588,.143,.667,.667,,,.600,,,.133,4,,,,,0,0,turiaro01
409,Hedo Türkoğlu,SF,26,ORL,78,2615,.454,15.2,,.677,.230,.075,.139,.233,.323,,.478,.550,.348,.443,.471,.403,,.380,.921,,.024,19,,.170,.542,,3,0,turkohe01
410,Ime Udoka,SF,28,NYK,8,114,.375,13.8,,.875,.292,.000,.125,.458,.125,,.381,.571,,.333,.273,.333,,.500,1.000,,.000,0,,.667,.500,,0,0,udokaim01
411,Beno Udrih,PG,23,SAS,54,586,.455,12.7,,.700,.335,.099,.120,.146,.300,,.503,.590,.391,.536,.353,.343,,.537,.917,,.000,0,,.357,.360,,1,0,udrihbe01
412,Nick Van Exel,PG,34,SAS,65,986,.397,17.4,,.551,.073,.181,.131,.166,.449,,.429,.520,.387,.489,.386,.357,,.333,.673,,.000,0,,.201,.355,,1,0,vanexni01
413,Keith Van Horn,SF,30,DAL,53,1090,.424,13.8,,.649,.284,.101,.124,.140,.351,,.454,.555,.538,.313,.315,.368,,.596,1.000,,.052,19,,.257,.486,,1,0,vanhoke01
414,Anderson Varejão,C,23,CLE,48,760,.527,4.7,,.993,.713,.080,.027,.173,.007,,.530,.598,.333,.500,.346,.000,,.658,,,.093,13,,.000,,,0,0,varejan01
415,Jacque Vaughn,SG,30,NJN,80,1234,.437,13.1,,.976,.265,.041,.078,.592,.024,,.444,.662,.400,.105,.393,.167,,.613,1.000,,.000,0,,.500,.000,,0,0,vaughja01
416,Charlie Villanueva,PF,21,TOR,81,2361,.463,10.7,,.772,.335,.196,.143,.099,.228,,.503,.632,.478,.343,.344,.327,,.556,.986,,.088,75,,.393,.333,,0,0,villach01
417,Jake Voskuhl,C,28,CHA,51,818,.437,12.5,,.989,.226,.073,.218,.471,.011,,.438,.644,.263,.386,.390,.333,,.779,1.000,,.042,9,,.333,1.000,,1,0,voskuja01
418,Jackson Vroman,PF,24,NOK,41,406,.394,3.2,,1.000,.712,.167,.061,.061,.000,,.394,.489,.273,.000,.000,,,.577,,,.152,9,,,,,0,0,vromaja01
419,Sasha Vujačić,PG,21,LAL,82,1449,.346,19.4,,.449,.138,.026,.048,.237,.551,,.350,.442,.125,.200,.351,.343,,.694,.983,,.000,0,,.215,.351,,1,0,vujacsa01
420,Dwyane Wade*,SG,24,MIA,75,2892,.495,9.9,,.946,.386,.142,.132,.287,.054,,.513,.661,.485,.366,.397,.171,,.334,.692,,.115,152,,.237,.167,,10,0,wadedw01
421,Von Wafer,SG,20,LAL,16,73,.158,18.5,,.553,.184,.079,.026,.263,.447,,.190,.143,.000,.000,.300,.118,,.250,.500,,.026,1,,.059,1.000,,0,0,wafervo01
422,Antoine Walker,PF,29,MIA,82,2199,.435,12.8,,.573,.329,.194,.027,.024,.427,,.493,.580,.391,.292,.364,.358,,.343,.964,,.011,8,,.159,.377,,0,0,walkean02
423,Samaki Walker,PF,29,IND,7,22,.000,10.6,,1.000,.000,.500,.500,.000,.000,,.000,,.000,.000,,,,,,,.000,0,,,,,0,0,walkesa01
424,Ben Wallace*,C,31,DET,82,2890,.510,3.0,,.991,.753,.103,.095,.041,.009,,.514,.606,.208,.273,.158,.000,,.646,,,.312,124,,.500,.000,,0,0,wallabe01
425,Gerald Wallace,SF,23,CHA,55,1895,.538,5.3,,.915,.701,.059,.041,.114,.085,,.562,.632,.314,.292,.358,.280,,.512,1.000,,.168,91,,.460,.348,,0,0,wallage01
426,Rasheed Wallace,PF,31,DET,80,2780,.430,16.6,,.593,.133,.120,.189,.151,.407,,.480,.613,.484,.470,.373,.357,,.609,.981,,.044,38,,.108,.340,,0,0,wallara01
427,Matt Walsh,SG,23,MIA,2,3,1.000,4.3,,1.000,.000,1.000,.000,.000,.000,,1.000,,1.000,,,,,.000,,,.000,0,,,,,0,0,walshma01
428,Luke Walton,SF,25,LAL,69,1333,.412,12.6,,.832,.247,.159,.159,.268,.168,,.429,.494,.423,.404,.386,.327,,.538,1.000,,.015,4,,.564,.323,,1,0,waltolu01
429,Hakim Warrick,PF,23,MEM,68,724,.443,5.0,,1.000,.518,.250,.158,.075,.000,,.443,.568,.404,.167,.294,,,.604,,,.189,38,,,,,0,0,warriha01
430,Earl Watson,PG,26,TOT,70,1578,.430,17.0,,.466,.206,.092,.057,.110,.534,,.460,.543,.404,.552,.304,.404,,.284,.918,,.008,2,,.199,.463,,2,0,watsoea01
430,Earl Watson,PG,26,DEN,46,975,.429,17.9,,.390,.227,.050,.021,.092,.610,,.482,.547,.500,.667,.269,.395,,.453,.941,,.011,2,,.262,.444,,2,0,watsoea01
430,Earl Watson,PG,26,SEA,24,603,.432,16.0,,.559,.181,.145,.101,.132,.441,,.441,.537,.364,.522,.333,.420,,.125,.881,,.004,0,,.090,.556,,0,0,watsoea01
431,Chris Webber*,PF,32,PHI,75,2893,.434,10.8,,.946,.257,.220,.155,.313,.054,,.443,.568,.450,.262,.425,.273,,.622,.810,,.056,73,,.169,.385,,1,0,webbech01
432,Martell Webster,SF,19,POR,61,1070,.399,17.9,,.477,.178,.040,.046,.213,.523,,.446,.597,.357,.438,.338,.357,,.514,.923,,.055,16,,.368,.358,,1,0,webstma02
433,Bonzi Wells,SG,29,SAC,52,1684,.463,8.1,,.927,.481,.144,.103,.199,.073,,.482,.600,.398,.254,.377,.222,,.573,1.000,,.073,40,,.711,.250,,2,0,wellsbo01
434,Jiří Welsch,SF,26,MIL,58,866,.387,13.9,,.779,.275,.063,.126,.315,.221,,.416,.590,.286,.321,.329,.286,,.597,.929,,.014,3,,.286,.286,,0,0,welscji01
435,David Wesley,SG,35,HOU,71,2372,.403,18.3,,.517,.160,.043,.046,.267,.483,,.438,.578,.292,.308,.400,.365,,.559,.929,,.000,0,,.317,.360,,1,0,wesleda01
436,David West,PF,25,NOK,74,2526,.512,10.0,,.989,.341,.125,.178,.347,.011,,.514,.598,.450,.451,.487,.273,,.641,.333,,.044,40,,.000,,,0,0,westda01
437,Delonte West,PG,22,BOS,71,2418,.487,14.4,,.681,.314,.058,.064,.244,.319,,.534,.614,.325,.477,.497,.385,,.390,.905,,.023,16,,.385,.381,,5,1,westde01
438,Robert Whaley,C,23,UTA,23,212,.404,6.4,,1.000,.491,.193,.158,.158,.000,,.404,.500,.455,.222,.222,,,.565,,,.035,1,,,,,0,0,whalero01
439,Chris Wilcox,C-PF,23,TOT,77,1529,.571,5.1,,.996,.480,.307,.191,.018,.004,,.574,.755,.428,.360,.500,.000,,.767,,,.231,97,,.000,,,1,0,wilcoch01
439,Chris Wilcox,C,23,LAC,48,657,.536,5.5,,.988,.440,.357,.179,.012,.012,,.542,.757,.367,.367,.500,.000,,.744,,,.185,29,,.000,,,1,0,wilcoch01
439,Chris Wilcox,PF,23,SEA,29,872,.592,4.8,,1.000,.504,.277,.199,.021,.000,,.592,.754,.474,.357,.500,,,.778,,,.259,68,,,,,0,0,wilcoch01
440,Damien Wilkins,SF,26,SEA,82,1525,.444,10.8,,.871,.320,.161,.147,.244,.129,,.472,.727,.314,.281,.358,.250,,.531,1.000,,.060,24,,.482,.370,,0,0,wilkida02
441,Mike Wilks,PG,26,TOT,47,348,.322,14.0,,.789,.278,.133,.067,.311,.211,,.366,.480,.083,.333,.393,.158,,.231,.667,,.000,0,,.158,.333,,2,0,wilksmi01
441,Mike Wilks,PG,26,CLE,37,243,.288,13.9,,.763,.305,.136,.051,.271,.237,,.333,.500,.000,.333,.313,.143,,.333,1.000,,.000,0,,.214,.333,,2,0,wilksmi01
441,Mike Wilks,PG,26,SEA,10,105,.387,14.2,,.839,.226,.129,.097,.387,.161,,.423,.429,.250,.333,.500,.200,,.091,.000,,.000,0,,.000,,,0,0,wilksmi01
442,Aaron Williams,C,34,TOT,48,791,.517,5.6,,1.000,.523,.199,.136,.142,.000,,.517,.674,.314,.250,.480,,,.692,,,.170,30,,,,,0,0,williaa01
442,Aaron Williams,C,34,TOR,14,99,.526,4.9,,1.000,.474,.316,.211,.000,.000,,.526,.778,.333,.250,,,,.600,,,.105,2,,,,,0,0,williaa01
442,Aaron Williams,C,34,NOK,34,692,.516,5.7,,1.000,.529,.185,.127,.159,.000,,.516,.663,.310,.250,.480,,,.704,,,.178,28,,,,,0,0,williaa01
443,Alvin Williams,PG,31,TOR,1,10,.000,23.2,,.333,.000,.000,.000,.333,.667,,.000,,,,.000,.000,,,,,.000,0,,.500,.000,,0,0,willial02
444,Deron Williams,PG,21,UTA,80,2307,.421,15.0,,.728,.239,.066,.086,.338,.272,,.423,.505,.321,.391,.393,.416,,.472,.725,,.010,6,,.078,.588,,2,1,willide01
445,Eric Williams,SF,33,TOR,28,352,.387,13.1,,.760,.187,.227,.147,.200,.240,,.421,.429,.471,.182,.533,.278,,.417,.800,,.013,1,,.556,.100,,0,0,willier01
446,Jason Williams,PG,30,MIA,59,1874,.442,16.0,,.525,.277,.050,.043,.155,.475,,.506,.571,.433,.538,.404,.372,,.149,.766,,.000,0,,.205,.441,,2,0,willija02
447,Lou Williams,PG,19,PHI,30,145,.442,10.2,,.827,.481,.058,.038,.250,.173,,.488,.560,.333,.000,.462,.222,,.429,1.000,,.038,2,,.333,.000,,0,0,willilo02
448,Marvin Williams,PF,19,ATL,79,1952,.443,11.3,,.900,.386,.062,.066,.386,.100,,.464,.610,.152,.314,.395,.245,,.725,.923,,.100,47,,.208,.000,,0,0,willima02
449,Mo Williams,PG,23,MIL,58,1531,.424,15.3,,.696,.223,.057,.167,.250,.304,,.443,.507,.611,.410,.369,.382,,.299,.740,,.000,0,,.262,.360,,1,0,willima01
450,Corliss Williamson,SF,32,SAC,37,362,.417,7.1,,.981,.369,.340,.136,.136,.019,,.406,.500,.457,.214,.214,1.000,,.537,1.000,,.029,3,,1.000,1.000,,0,0,willico02
451,Loren Woods,C,27,TOR,27,324,.475,4.3,,.983,.661,.136,.102,.085,.017,,.483,.641,.250,.000,.200,.000,,.357,,,.153,7,,.000,,,0,0,woodslo01
452,Qyntel Woods,SF,24,NYK,49,1013,.508,10.7,,.764,.398,.122,.091,.154,.236,,.552,.743,.258,.261,.462,.367,,.570,.955,,.165,40,,.733,.341,,0,0,woodsqy01
453,Metta World Peace,SF,26,TOT,56,2207,.404,14.0,,.708,.286,.098,.083,.241,.292,,.443,.597,.365,.319,.335,.308,,.371,.654,,.015,11,,.206,.250,,3,0,artesro01
453,Metta World Peace,SF,26,IND,16,603,.460,11.9,,.772,.388,.089,.068,.228,.228,,.497,.620,.333,.313,.407,.333,,.396,.722,,.030,5,,.278,.267,,0,0,artesro01
453,Metta World Peace,SF,26,SAC,40,1604,.383,14.8,,.684,.248,.102,.089,.246,.316,,.420,.583,.375,.321,.310,.302,,.359,.633,,.010,6,,.186,.243,,3,0,artesro01
454,Antoine Wright,SG,21,NJN,39,370,.358,9.3,,.815,.506,.062,.074,.173,.185,,.424,.537,.200,.167,.286,.067,,.786,1.000,,.062,5,,.600,.111,,0,0,wrighan01
455,Bracey Wright,SG,21,MIN,7,135,.412,17.1,,.667,.118,.118,.137,.294,.333,,.441,.667,.333,.571,.333,.353,,.600,1.000,,.000,0,,.176,.333,,0,0,wrighbr02
456,Dorell Wright,SF,20,MIA,20,132,.465,14.6,,.860,.186,.116,.093,.465,.140,,.459,.750,.400,.000,.450,.500,,.588,1.000,,.047,2,,.167,1.000,,0,0,wrighdo01
457,Lorenzen Wright,C,30,MEM,78,1689,.478,6.2,,.995,.493,.180,.202,.121,.005,,.480,.650,.342,.293,.306,.000,,.696,,,.113,44,,.000,,,0,0,wrighlo02
458,Derrick Zimmerman,PG,24,NJN,2,32,.667,2.4,,1.000,.667,.333,.000,.000,.000,,.667,.500,1.000,,,,,1.000,,,.000,0,,,,,0,0,zimmede01