,,,,,,,,,,% of FGA by Distance,% of FGA by Distance,% of FGA by Distance,% of FGA by Distance,% of FGA by Distance,% of FGA by Distance,,FG% by Distance,FG% by Distance,FG% by Distance,FG% by Distance,FG% by Distance,FG% by Distance,,% of FG Ast'd,% of FG Ast'd,,Dunks,Dunks,,Corner 3s,Corner 3s,,Heaves,Heaves,-additional
Rk,Player,Pos,Age,Tm,G,MP,FG%,Dist.,,2P,0-3,3-10,10-16,16-3P,3P,,2P,0-3,3-10,10-16,16-3P,3P,,2P,3P,,%FGA,#,,%3PA,3P%,,Att.,#,-9999
1,Shareef Abdur-Rahim,C,30,SAC,80,2015,.474,7.8,,.969,.381,.304,.061,.223,.031,,.484,.562,.472,.375,.397,.150,,.541,1.000,,.099,59,,.400,.375,,0,0,abdursh01
2,Hassan Adams,SG,22,NJN,61,495,.556,5.2,,.993,.681,.059,.074,.178,.007,,.560,.652,.000,.300,.500,.000,,.747,,,.111,15,,.000,,,0,0,adamsha01
3,Maurice Ager,SG,22,DAL,32,214,.314,12.8,,.786,.357,.043,.071,.314,.214,,.309,.280,.333,.000,.409,.333,,.235,.400,,.057,2,,.200,.000,,0,0,agerma01
4,LaMarcus Aldridge,C,21,POR,63,1392,.503,9.3,,.996,.367,.129,.194,.305,.004,,.505,.710,.484,.312,.390,.000,,.680,,,.121,52,,.000,,,0,0,aldrila01
5,Malik Allen,PF,28,CHI,60,638,.415,12.2,,.996,.178,.167,.244,.407,.004,,.416,.522,.279,.349,.467,.000,,.710,,,.004,1,,.000,,,0,0,allenma01
6,Ray Allen*,SG,31,SEA,55,2219,.438,16.2,,.616,.181,.090,.129,.215,.384,,.479,.608,.365,.477,.419,.372,,.306,.806,,.008,9,,.181,.363,,3,0,allenra02
7,Tony Allen,SG,25,BOS,33,805,.514,7.7,,.873,.548,.124,.062,.139,.127,,.553,.669,.406,.188,.389,.242,,.448,.875,,.066,16,,.364,.167,,0,0,allento01
8,Rafer Alston,PG,30,HOU,82,3040,.375,16.4,,.481,.220,.113,.043,.106,.519,,.389,.487,.348,.227,.296,.363,,.272,.797,,.000,0,,.174,.272,,0,0,alstora01
9,Lou Amundson,PF,24,TOT,11,89,.400,1.9,,1.000,.800,.067,.133,.000,.000,,.400,.500,.000,.000,,,,.833,,,.200,3,,,,,0,0,amundlo01
9,Lou Amundson,PF,24,UTA,1,2,,,,,,,,,,,,,,,,,,,,,,0,,,,,0,0,amundlo01
9,Lou Amundson,PF,24,PHI,10,87,.400,1.9,,1.000,.800,.067,.133,.000,.000,,.400,.500,.000,.000,,,,.833,,,.200,3,,,,,0,0,amundlo01
10,Alan Anderson,SG,24,CHA,17,256,.457,12.6,,.753,.383,.074,.086,.210,.247,,.525,.613,.333,.714,.353,.250,,.406,1.000,,.012,0,,.400,.375,,1,0,anderal01
11,Derek Anderson,SF,32,CHA,50,1190,.429,18.1,,.483,.160,.031,.068,.224,.517,,.507,.702,.556,.350,.409,.355,,.583,.926,,.007,2,,.355,.315,,0,0,anderde01
12,Carmelo Anthony,SF,22,DEN,65,2486,.476,10.0,,.897,.422,.081,.114,.281,.103,,.499,.641,.407,.333,.380,.268,,.584,.875,,.115,157,,.121,.333,,2,0,anthoca01
13,Rafael Araújo,C,26,UTA,28,248,.415,8.8,,1.000,.323,.277,.077,.323,.000,,.415,.524,.333,.400,.381,,,.704,,,.031,2,,,,,0,0,araujra01
14,Gilbert Arenas,PG,25,WAS,74,2942,.418,16.2,,.623,.242,.048,.066,.267,.377,,.459,.572,.347,.353,.402,.351,,.251,.580,,.006,9,,.087,.294,,2,0,arenagi01
15,Trevor Ariza,SG,21,ORL,57,1278,.539,6.3,,.981,.633,.073,.046,.229,.019,,.549,.677,.222,.176,.376,.000,,.585,,,.124,46,,.286,.000,,1,0,arizatr01
16,Darrell Armstrong,PG,38,IND,81,1275,.414,19.5,,.432,.154,.053,.053,.172,.568,,.515,.707,.250,.400,.462,.336,,.452,.736,,.000,0,,.271,.328,,6,1,armstda01
17,Hilton Armstrong,C,22,NOK,56,634,.544,5.5,,1.000,.576,.136,.112,.176,.000,,.544,.694,.294,.429,.318,,,.529,,,.232,28,,,,,0,0,armsthi01
18,Carlos Arroyo,PG,27,ORL,72,1304,.425,13.8,,.893,.192,.092,.195,.414,.107,,.443,.435,.500,.409,.449,.275,,.196,.929,,.000,0,,.255,.462,,0,0,arroyca01
19,Chucky Atkins,PG,32,MEM,75,2064,.434,15.5,,.572,.291,.059,.059,.164,.428,,.474,.524,.357,.452,.436,.379,,.113,.767,,.000,0,,.170,.500,,4,0,atkinch01
20,James Augustine,PF,22,ORL,2,7,.333,0.0,,1.000,1.000,.000,.000,.000,.000,,.333,.333,,,,,,1.000,,,.000,0,,,,,0,0,augusja01
21,Kelenna Azubuike,SG,23,GSW,41,669,.445,12.9,,.641,.336,.132,.050,.123,.359,,.454,.622,.138,.364,.370,.430,,.531,.971,,.050,10,,.278,.455,,0,0,azubuke01
22,Renaldo Balkman,SF,22,NYK,68,1064,.505,4.9,,.902,.735,.055,.040,.073,.098,,.540,.629,.200,.091,.150,.185,,.604,1.000,,.175,44,,.741,.200,,1,0,balkmre01
23,Marcus Banks,PG,25,PHO,45,503,.429,13.0,,.852,.367,.036,.031,.418,.148,,.473,.625,.286,.167,.378,.172,,.443,.400,,.015,3,,.069,.000,,1,0,banksma01
24,Leandro Barbosa,SG,24,PHO,80,2613,.476,14.4,,.606,.325,.059,.065,.157,.394,,.504,.604,.258,.458,.408,.434,,.478,.879,,.000,0,,.326,.510,,6,0,barbole01
25,J.J. Barea,PG,22,DAL,33,191,.359,12.8,,.731,.321,.103,.128,.179,.269,,.386,.520,.500,.300,.143,.286,,.318,.667,,.000,0,,.143,.000,,0,0,bareajo01
26,Andrea Bargnani,PF,21,TOR,65,1629,.427,17.1,,.571,.190,.050,.110,.221,.429,,.468,.597,.194,.333,.486,.373,,.701,.910,,.046,24,,.026,.286,,0,0,bargnan01
27,Matt Barnes,PF,26,GSW,76,1813,.438,14.6,,.538,.256,.175,.025,.081,.462,,.500,.671,.345,.250,.373,.366,,.698,.972,,.041,24,,.334,.351,,0,0,barnema02
28,Andre Barrett,PG,24,CHI,6,29,.500,7.7,,1.000,.500,.000,.250,.250,.000,,.500,.750,,.500,.000,,,.500,,,.000,0,,,,,0,0,barrean01
29,Earl Barron,C,25,MIA,28,203,.289,11.3,,.988,.241,.193,.108,.446,.012,,.293,.550,.250,.111,.216,.000,,.625,,,.024,2,,.000,,,0,0,barroea01
30,Brent Barry,SG,35,SAS,75,1631,.475,19.7,,.325,.127,.059,.045,.094,.675,,.536,.685,.560,.211,.475,.446,,.770,.977,,.014,6,,.265,.474,,1,0,barrybr01
31,Brandon Bass,PF,21,NOK,21,162,.341,7.7,,.977,.409,.205,.250,.114,.023,,.349,.500,.222,.182,.400,.000,,.533,,,.091,2,,.000,,,0,0,bassbr01
32,Maceo Baston,PF,31,IND,47,405,.645,5.0,,.908,.671,.158,.000,.079,.092,,.667,.706,.583,,.500,.429,,.717,1.000,,.316,23,,.000,,,0,0,bastoma01
33,Esteban Batista,PF,23,ATL,13,81,.500,2.4,,1.000,.813,.063,.125,.000,.000,,.500,.538,.000,.500,,,,.625,,,.063,1,,,,,0,0,batises01
34,Tony Battie,PF,30,ORL,66,1575,.489,8.1,,.997,.336,.261,.219,.181,.003,,.490,.645,.489,.329,.400,.000,,.739,,,.150,47,,.000,,,0,0,battito01
35,Shane Battier,SF,28,HOU,82,2988,.446,16.7,,.430,.159,.165,.055,.050,.570,,.480,.587,.435,.361,.424,.421,,.400,.975,,.002,1,,.558,.452,,0,0,battish01
36,Charlie Bell,SG,27,MIL,82,2848,.437,15.2,,.629,.275,.036,.072,.246,.371,,.488,.627,.286,.471,.367,.352,,.542,.913,,.013,11,,.335,.380,,0,0,bellch01
37,Raja Bell,SG,30,PHO,78,2917,.432,19.2,,.478,.120,.033,.061,.264,.522,,.452,.605,.419,.362,.406,.413,,.620,.956,,.004,4,,.375,.457,,2,0,bellra01
38,Mike Bibby,PG,28,SAC,82,2784,.404,18.9,,.587,.108,.051,.040,.389,.413,,.435,.524,.356,.447,.419,.360,,.413,.890,,.000,0,,.121,.397,,0,0,bibbymi01
39,Andris Biedriņš,C,20,GSW,82,2382,.599,1.9,,1.000,.744,.251,.003,.002,.000,,.599,.667,.404,.500,.000,,,.716,,,.131,76,,,,,0,0,biedran01
40,Chauncey Billups,PG,30,DET,70,2533,.427,16.9,,.612,.180,.042,.136,.254,.388,,.479,.599,.353,.396,.459,.345,,.259,.477,,.001,1,,.149,.277,,1,0,billuch01
41,Steve Blake,PG,26,TOT,82,2225,.411,18.9,,.591,.118,.045,.079,.350,.409,,.472,.550,.304,.475,.466,.322,,.465,.910,,.002,1,,.293,.393,,5,0,blakest01
41,Steve Blake,PG,26,MIL,33,583,.349,20.8,,.473,.062,.047,.109,.256,.527,,.426,.375,.500,.429,.424,.279,,.654,.789,,.000,0,,.235,.188,,1,0,blakest01
41,Steve Blake,PG,26,DEN,49,1642,.432,18.3,,.632,.137,.045,.068,.382,.368,,.483,.577,.235,.500,.476,.343,,.422,.958,,.003,1,,.321,.467,,4,0,blakest01
42,Will Blalock,PG,23,DET,14,166,.300,8.1,,.833,.533,.133,.067,.100,.167,,.320,.438,.250,.000,.000,.200,,.375,1.000,,.000,0,,.200,.000,,0,0,blalowi01
43,Andray Blatche,PF,20,WAS,56,682,.437,9.1,,.863,.477,.132,.051,.203,.137,,.482,.628,.346,.200,.300,.148,,.451,1.000,,.107,21,,.222,.000,,0,0,blatcan01
44,Mark Blount,C,31,MIN,82,2544,.509,11.9,,.963,.281,.104,.147,.431,.037,,.517,.669,.333,.480,.475,.290,,.825,1.000,,.060,46,,.323,.400,,0,0,blounma01
45,Keith Bogans,SG,26,ORL,59,990,.404,17.0,,.441,.233,.057,.029,.122,.559,,.426,.579,.286,.000,.300,.387,,.457,.943,,.000,0,,.489,.388,,1,0,boganke01
46,Andrew Bogut,C,22,MIL,66,2258,.553,4.4,,.992,.599,.223,.100,.070,.008,,.556,.658,.479,.333,.250,.200,,.545,1.000,,.103,62,,.000,,,1,0,bogutan01
47,Matt Bonner,PF,26,SAS,56,653,.447,15.1,,.603,.181,.198,.101,.122,.397,,.490,.628,.383,.458,.483,.383,,.586,.972,,.017,4,,.191,.278,,0,0,bonnema01
48,Josh Boone,PF,22,NJN,61,669,.579,0.9,,1.000,.871,.123,.006,.000,.000,,.579,.611,.381,.000,,,,.788,,,.292,44,,,,,0,0,boonejo01
49,Calvin Booth,C,30,WAS,44,380,.470,10.7,,.970,.333,.061,.273,.303,.030,,.469,.636,.500,.222,.500,.500,,.900,1.000,,.091,6,,.000,,,0,0,boothca01
50,Carlos Boozer,PF,25,UTA,74,2557,.561,6.9,,1.000,.462,.166,.194,.178,.000,,.561,.720,.438,.446,.385,,,.697,,,.065,68,,,,,0,0,boozeca01
51,Chris Bosh*,C,22,TOR,69,2658,.496,9.7,,.968,.348,.158,.157,.304,.032,,.501,.656,.428,.343,.444,.343,,.569,.833,,.093,90,,.057,.000,,1,1,boshch01
52,Bruce Bowen,SF,35,SAS,82,2464,.405,18.2,,.503,.122,.049,.075,.257,.497,,.426,.579,.348,.429,.367,.384,,.820,1.000,,.002,1,,.841,.410,,1,0,bowenbr01
53,Earl Boykins,PG,30,TOT,66,2031,.420,15.0,,.689,.178,.124,.165,.222,.311,,.430,.555,.389,.394,.380,.397,,.224,.779,,.000,0,,.184,.318,,0,0,boykiea01
53,Earl Boykins,PG,30,DEN,31,877,.413,14.9,,.709,.175,.119,.164,.251,.291,,.429,.621,.311,.419,.358,.373,,.252,.780,,.000,0,,.209,.304,,0,0,boykiea01
53,Earl Boykins,PG,30,MIL,35,1154,.427,15.1,,.670,.182,.128,.166,.194,.330,,.431,.493,.460,.369,.408,.419,,.195,.778,,.000,0,,.163,.333,,0,0,boykiea01
54,Cedric Bozeman,SG,23,ATL,23,199,.282,11.8,,.667,.359,.179,.026,.103,.333,,.346,.429,.286,.000,.250,.154,,.556,1.000,,.051,2,,.462,.000,,0,0,bozemce01
55,Elton Brand,PF,27,LAC,80,3077,.533,9.1,,.999,.265,.226,.339,.168,.001,,.532,.688,.547,.462,.407,1.000,,.624,1.000,,.051,60,,.000,,,0,0,brandel01
56,Ronnie Brewer,SG,21,UTA,56,675,.528,7.6,,.953,.565,.073,.041,.275,.047,,.554,.725,.214,.125,.358,.000,,.755,,,.171,32,,.333,.000,,0,0,brewero02
57,Primož Brezec,C,27,CHA,58,838,.445,10.0,,.989,.365,.106,.150,.369,.011,,.446,.520,.276,.488,.406,.333,,.719,1.000,,.022,6,,.333,1.000,,0,0,brezepr01
58,Andre Brown,PF,25,SEA,38,271,.568,4.8,,.986,.514,.324,.108,.041,.014,,.575,.632,.583,.375,.333,.000,,.667,,,.135,10,,.000,,,0,0,brownan01
59,Dee Brown,PG,22,UTA,49,450,.327,12.4,,.714,.408,.061,.051,.194,.286,,.371,.450,.167,.200,.316,.214,,.423,.833,,.000,0,,.179,.200,,0,0,brownde03
60,Devin Brown,SG,28,NOK,58,1662,.420,14.3,,.591,.286,.119,.061,.124,.409,,.463,.541,.455,.353,.348,.357,,.421,.914,,.023,13,,.203,.413,,3,0,brownde02
61,Kwame Brown,C,24,LAL,41,1132,.591,1.7,,.996,.760,.223,.008,.004,.004,,.593,.641,.444,.000,1.000,.000,,.629,,,.169,37,,.000,,,0,0,brownkw01
62,P.J. Brown,PF,37,CHI,72,1456,.407,9.8,,.995,.333,.120,.244,.299,.005,,.409,.424,.220,.431,.448,.000,,.788,,,.036,13,,.000,,,1,0,brownpj01
63,Shannon Brown,SG,21,CLE,23,202,.378,15.1,,.662,.284,.041,.095,.243,.338,,.429,.619,.333,.286,.278,.280,,.619,1.000,,.054,4,,.560,.357,,1,1,brownsh01
64,Kobe Bryant*,SG,28,LAL,77,3140,.463,14.5,,.773,.223,.090,.140,.321,.227,,.497,.619,.468,.488,.426,.344,,.351,.642,,.038,59,,.080,.375,,2,0,bryanko01
65,Greg Buckner,SG,30,DAL,76,1372,.411,13.2,,.656,.288,.140,.090,.137,.344,,.464,.663,.333,.296,.293,.311,,.604,1.000,,.003,1,,.544,.268,,0,0,buckngr01
66,Pat Burke,C,33,PHO,23,164,.354,12.7,,.662,.369,.077,.108,.108,.338,,.395,.542,.600,.000,.143,.273,,.706,1.000,,.138,7,,.227,.200,,0,0,burkepa01
67,Caron Butler,SF,26,WAS,63,2474,.463,11.7,,.926,.314,.127,.085,.400,.074,,.480,.601,.363,.386,.441,.250,,.446,.611,,.059,54,,.208,.400,,4,1,butleca01
68,Jackie Butler,C,21,SAS,11,103,.457,6.3,,1.000,.314,.457,.114,.114,.000,,.457,.818,.250,.250,.500,,,.563,,,.029,1,,,,,0,0,butleja01
69,Rasual Butler,SF,27,NOK,81,2223,.398,18.0,,.539,.117,.055,.127,.241,.461,,.424,.576,.465,.370,.368,.369,,.539,.940,,.016,11,,.256,.398,,1,0,butlera01
70,Andrew Bynum,C,19,LAL,82,1793,.558,3.4,,.993,.569,.354,.063,.007,.007,,.561,.683,.408,.393,.000,.000,,.660,,,.149,66,,.333,.000,,1,0,bynuman01
71,José Calderón,PG,25,TOR,77,1614,.521,12.0,,.851,.402,.030,.053,.366,.149,,.553,.635,.667,.407,.476,.333,,.176,.560,,.000,0,,.173,.462,,1,0,caldejo01
72,Marcus Camby,C,32,DEN,70,2369,.473,9.0,,.997,.407,.135,.114,.341,.003,,.475,.616,.416,.427,.347,.000,,.689,,,.103,62,,1.000,.000,,0,0,cambyma01
73,Brian Cardinal,PF,29,MEM,28,313,.494,17.8,,.482,.200,.035,.035,.212,.518,,.585,.588,.333,.333,.667,.409,,.750,.944,,.000,0,,.136,.333,,0,0,cardibr01
74,Rodney Carney,SF,22,PHI,67,1169,.464,12.1,,.816,.311,.135,.117,.253,.184,,.491,.648,.415,.370,.394,.347,,.650,.920,,.107,38,,.361,.538,,3,0,carnero01
75,Matt Carroll,SG,26,CHA,72,1878,.433,16.9,,.594,.160,.064,.082,.289,.406,,.445,.476,.524,.352,.437,.416,,.695,.973,,.002,0,,.509,.419,,0,0,carroma01
76,Anthony Carter,PG,31,DEN,2,37,.375,24.5,,.750,.125,.000,.000,.625,.250,,.500,1.000,,,.400,.000,,.333,,,.000,0,,.000,,,1,0,cartean01
77,Vince Carter,SG,30,NJN,82,3126,.454,12.9,,.727,.331,.109,.064,.223,.273,,.491,.582,.437,.382,.413,.357,,.453,.814,,.057,86,,.119,.442,,1,0,cartevi01
78,Sam Cassell,PG,37,LAC,58,1407,.418,15.1,,.826,.115,.101,.258,.352,.174,,.444,.569,.460,.453,.391,.294,,.262,.844,,.000,0,,.083,.333,,0,0,cassesa01
79,Kelvin Cato,C,32,NYK,18,95,.318,3.6,,1.000,.682,.182,.045,.091,.000,,.318,.200,.750,.000,.500,,,.571,,,.136,2,,,,,0,0,catoke01
80,Tyson Chandler,C,24,NOK,73,2525,.624,2.4,,.998,.690,.250,.047,.011,.002,,.625,.712,.470,.273,.200,.000,,.469,,,.295,125,,.000,,,0,0,chandty01
81,Josh Childress,SG,23,ATL,55,2024,.504,7.3,,.851,.616,.052,.050,.133,.149,,.533,.621,.333,.269,.304,.338,,.511,1.000,,.106,52,,.688,.396,,1,0,childjo01
82,Doug Christie,SG,36,LAC,7,82,.294,18.1,,.647,.118,.059,.059,.412,.353,,.364,1.000,.000,.000,.286,.167,,.250,1.000,,.000,0,,.500,.333,,0,0,chrisdo01
83,Speedy Claxton,PG,28,ATL,42,1054,.327,13.2,,.899,.227,.129,.147,.396,.101,,.340,.349,.278,.390,.336,.214,,.341,.833,,.000,0,,.214,.500,,1,0,claxtsp01
84,Jarron Collins,C,28,UTA,82,913,.441,8.1,,1.000,.435,.129,.171,.265,.000,,.441,.581,.364,.310,.333,,,.720,,,.018,3,,,,,0,0,collija03
85,Jason Collins,PF,28,NJN,80,1844,.364,7.9,,.987,.503,.086,.093,.305,.013,,.369,.461,.308,.071,.326,.000,,.764,,,.053,6,,.000,,,0,0,collija04
86,Mardy Collins,SF,22,NYK,52,777,.382,11.8,,.794,.351,.132,.101,.211,.206,,.409,.575,.300,.304,.250,.277,,.216,.846,,.039,7,,.191,.333,,3,0,collima01
87,Nick Collison,C,26,SEA,82,2378,.500,5.2,,.997,.549,.204,.127,.116,.003,,.502,.659,.277,.346,.324,.000,,.657,,,.107,61,,.000,,,0,0,collini01
88,Will Conroy,PG-SG,24,TOT,7,52,.000,6.7,,1.000,.333,.333,.333,.000,.000,,.000,.000,.000,.000,,,,,,,.000,0,,,,,0,0,conrowi01
88,Will Conroy,SG,24,MEM,3,17,,,,,,,,,,,,,,,,,,,,,,0,,,,,0,0,conrowi01
88,Will Conroy,PG,24,LAC,4,35,.000,6.7,,1.000,.333,.333,.333,.000,.000,,.000,.000,.000,.000,,,,,,,.000,0,,,,,0,0,conrowi01
89,Brian Cook,PF,26,LAL,65,1018,.453,15.7,,.718,.194,.056,.159,.309,.282,,.474,.481,.478,.523,.444,.400,,.698,1.000,,.015,5,,.130,.400,,0,0,cookbr01
90,Jamal Crawford,SG,26,NYK,59,2198,.400,15.2,,.637,.213,.119,.097,.208,.363,,.445,.497,.476,.453,.370,.320,,.203,.777,,.012,10,,.292,.372,,4,0,crawfja01
91,Austin Croshere,PF,31,DAL,61,727,.351,14.8,,.590,.279,.063,.104,.144,.410,,.397,.419,.500,.261,.406,.286,,.635,.962,,.041,8,,.231,.238,,0,0,croshau01
92,Eddy Curry,C,24,NYK,81,2849,.576,2.6,,.999,.630,.333,.031,.006,.001,,.575,.667,.432,.290,.333,1.000,,.646,1.000,,.136,129,,1.000,1.000,,0,0,curryed01
93,Samuel Dalembert,C,25,PHI,82,2535,.541,6.4,,.997,.468,.188,.242,.099,.003,,.543,.643,.452,.465,.431,.000,,.677,,,.155,89,,.000,,,0,0,dalemsa01
94,Erick Dampier,C,31,DAL,76,1915,.626,1.2,,1.000,.790,.207,.003,.000,.000,,.626,.689,.391,.000,,,,.670,,,.284,89,,,,,0,0,dampier01
95,Antonio Daniels,SG,31,WAS,80,1761,.442,12.0,,.838,.311,.136,.123,.267,.162,,.469,.669,.340,.333,.365,.302,,.353,.684,,.021,8,,.159,.400,,0,0,daniean01
96,Marquis Daniels,SG,26,IND,45,800,.459,9.3,,.907,.345,.217,.206,.139,.093,,.482,.629,.443,.431,.256,.231,,.398,.833,,.014,3,,.577,.267,,1,1,daniema01
97,Baron Davis,PG,27,GSW,63,2221,.439,12.5,,.728,.319,.148,.123,.138,.272,,.489,.663,.329,.346,.387,.304,,.202,.518,,.016,16,,.146,.390,,7,0,davisba01
98,Dale Davis,C,37,DET,46,464,.446,5.8,,1.000,.595,.054,.230,.122,.000,,.446,.636,.250,.235,.000,,,.515,,,.230,17,,,,,0,0,davisda01
99,Paul Davis,C,22,LAC,31,180,.423,7.9,,1.000,.423,.135,.212,.231,.000,,.423,.727,.286,.182,.167,,,.545,,,.038,2,,,,,0,0,davispa01
100,Ricky Davis,SF,27,MIN,81,3021,.465,16.3,,.715,.180,.046,.129,.360,.285,,.492,.638,.400,.426,.454,.397,,.540,.902,,.035,34,,.284,.398,,8,1,davisri01
101,Carlos Delfino,SG,24,DET,82,1372,.415,13.0,,.633,.386,.035,.045,.168,.367,,.462,.524,.077,.294,.444,.333,,.573,.913,,.059,19,,.428,.305,,0,0,delfica01
102,Luol Deng,SF,21,CHI,82,3071,.517,10.3,,.994,.369,.105,.103,.418,.006,,.519,.668,.422,.416,.438,.143,,.693,1.000,,.076,90,,.286,.500,,2,0,denglu01
103,Boris Diaw,PF,24,PHO,73,2268,.538,9.8,,.921,.385,.163,.084,.288,.079,,.555,.685,.538,.375,.445,.333,,.546,1.000,,.040,21,,.556,.400,,3,0,diawbo01
104,Yakhouba Diawara,SG,24,DEN,64,1177,.342,16.4,,.418,.271,.068,.010,.068,.582,,.418,.481,.350,.667,.200,.288,,.647,.980,,.031,7,,.318,.222,,1,0,diawaya01
105,Dan Dickau,PG,28,POR,50,444,.358,16.9,,.596,.185,.066,.086,.258,.404,,.422,.571,.500,.308,.333,.262,,.184,.438,,.000,0,,.131,.125,,0,0,dickada01
106,Travis Diener,PG,24,ORL,26,288,.425,21.4,,.375,.063,.013,.050,.250,.625,,.533,.800,.000,.750,.450,.360,,.438,.833,,.000,0,,.180,.444,,0,0,dienetr01
107,Ike Diogu,PF,23,TOT,59,760,.477,5.6,,1.000,.383,.425,.128,.064,.000,,.477,.588,.372,.471,.529,,,.535,,,.079,19,,,,,0,0,dioguik01
107,Ike Diogu,PF,23,GSW,17,222,.530,5.7,,1.000,.373,.410,.157,.060,.000,,.530,.774,.353,.385,.600,,,.568,,,.048,4,,,,,0,0,dioguik01
107,Ike Diogu,PF,23,IND,42,538,.454,5.5,,1.000,.388,.432,.115,.066,.000,,.454,.507,.380,.524,.500,,,.518,,,.093,15,,,,,0,0,dioguik01
108,DeSagana Diop,C,25,DAL,81,1480,.470,2.6,,.993,.775,.119,.046,.053,.007,,.473,.513,.333,.571,.125,.000,,.634,,,.126,19,,1.000,.000,,0,0,diopde01
109,Juan Dixon,SG,28,TOT,81,1926,.425,16.4,,.679,.134,.101,.142,.302,.321,,.461,.660,.451,.450,.382,.350,,.550,.861,,.000,0,,.460,.365,,2,0,dixonju01
109,Juan Dixon,SG,28,POR,55,1243,.426,16.4,,.678,.131,.110,.144,.293,.322,,.455,.707,.388,.484,.354,.364,,.518,.865,,.000,0,,.406,.397,,1,0,dixonju01
109,Juan Dixon,SG,28,TOR,26,683,.425,16.5,,.680,.139,.085,.139,.317,.320,,.472,.583,.591,.389,.427,.325,,.602,.852,,.000,0,,.554,.326,,1,0,dixonju01
110,Michael Doleac,C,29,MIA,56,698,.469,12.5,,.994,.217,.109,.166,.503,.006,,.471,.605,.368,.483,.432,.000,,.793,,,.011,2,,.000,,,0,0,doleami01
111,Keyon Dooling,SG,26,ORL,66,1435,.410,13.6,,.790,.269,.092,.107,.323,.210,,.434,.561,.429,.388,.345,.323,,.433,.935,,.035,12,,.354,.294,,0,0,doolike01
112,Quincy Douby,PG,22,SAC,42,359,.381,16.2,,.603,.143,.151,.103,.206,.397,,.474,.500,.579,.231,.500,.240,,.306,.833,,.008,1,,.340,.176,,0,0,doubyqu01
113,Chris Duhon,PG,24,CHI,78,1906,.408,16.0,,.493,.290,.058,.039,.106,.507,,.458,.543,.464,.263,.294,.359,,.312,.886,,.002,1,,.249,.361,,2,0,duhonch01
114,Tim Duncan*,C,30,SAS,80,2726,.546,6.6,,.992,.395,.340,.161,.095,.008,,.550,.700,.478,.434,.380,.111,,.462,.000,,.047,40,,.222,.500,,1,0,duncati01
115,Mike Dunleavy,SG-PF,26,TOT,82,2580,.452,14.9,,.736,.216,.099,.100,.321,.264,,.502,.745,.333,.353,.436,.313,,.672,.957,,.021,17,,.272,.361,,0,0,dunlemi02
115,Mike Dunleavy,PF,26,GSW,39,1051,.449,14.3,,.719,.246,.122,.068,.284,.281,,.489,.714,.289,.400,.400,.346,,.700,.944,,.019,6,,.240,.320,,0,0,dunlemi02
115,Mike Dunleavy,SG,26,IND,43,1529,.454,15.4,,.750,.194,.081,.125,.350,.250,,.511,.774,.385,.333,.458,.283,,.652,.971,,.023,11,,.300,.389,,0,0,dunlemi02
116,Ronald Dupree,SF,26,DET,19,94,.355,8.3,,1.000,.387,.161,.226,.226,.000,,.355,.583,.400,.143,.143,,,.455,,,.161,5,,,,,0,0,duprero01
117,Monta Ellis,SG,21,GSW,77,2638,.475,10.5,,.858,.386,.128,.095,.250,.142,,.509,.679,.364,.323,.389,.273,,.449,.692,,.049,46,,.434,.194,,2,0,ellismo01
118,Francisco Elson,C,30,SAS,70,1332,.511,6.8,,.993,.493,.181,.160,.160,.007,,.514,.683,.294,.444,.311,.000,,.743,,,.191,43,,.000,,,0,0,elsonfr01
119,Melvin Ely,PF-C,28,TOT,30,309,.363,6.3,,1.000,.275,.525,.150,.050,.000,,.363,.500,.214,.583,.500,,,.655,,,.063,5,,,,,0,0,elyme01
119,Melvin Ely,PF,28,CHA,24,244,.383,5.5,,1.000,.317,.550,.100,.033,.000,,.383,.526,.242,.667,.500,,,.696,,,.067,4,,,,,0,0,elyme01
119,Melvin Ely,C,28,SAS,6,65,.300,8.8,,1.000,.150,.450,.300,.100,.000,,.300,.333,.111,.500,.500,,,.500,,,.050,1,,,,,0,0,elyme01
120,Maurice Evans,SG,28,LAL,76,1732,.432,11.8,,.755,.327,.114,.138,.175,.245,,.455,.531,.419,.373,.400,.361,,.570,.875,,.076,39,,.564,.413,,0,0,evansma01
121,Reggie Evans,PF,26,DEN,66,1127,.544,2.4,,1.000,.758,.144,.047,.051,.000,,.544,.589,.387,.600,.273,,,.590,,,.051,9,,,,,0,0,evansre01
122,Daniel Ewing,PG,23,LAC,61,712,.404,16.9,,.727,.137,.075,.112,.404,.273,,.436,.409,.333,.611,.415,.318,,.490,.929,,.012,1,,.136,.500,,0,0,ewingda01
123,Jordan Farmar,PG,20,LAL,72,1090,.422,15.6,,.534,.293,.061,.058,.122,.466,,.503,.570,.389,.412,.444,.328,,.570,.800,,.010,3,,.219,.400,,2,0,farmajo01
124,Desmon Farmer,SG,25,SEA,8,32,.333,19.0,,.467,.200,.000,.000,.267,.533,,.429,.333,,,.500,.250,,.333,.500,,.000,0,,.250,.000,,0,0,farmede01
125,Raymond Felton,PG,22,CHA,78,2832,.384,13.9,,.695,.329,.069,.045,.252,.305,,.407,.457,.282,.283,.399,.330,,.266,.903,,.002,2,,.119,.297,,6,0,feltora01
126,Michael Finley,SF,33,SAS,82,1823,.412,18.7,,.569,.081,.068,.106,.314,.431,,.448,.685,.356,.414,.418,.364,,.728,.981,,.014,8,,.399,.360,,2,0,finlemi01
127,Derek Fisher,SG,32,UTA,82,2287,.382,15.1,,.769,.253,.053,.065,.397,.231,,.405,.444,.333,.295,.407,.308,,.552,.771,,.000,0,,.282,.227,,2,0,fishede01
128,T.J. Ford,PG,23,TOR,75,2243,.436,11.2,,.924,.305,.116,.206,.296,.076,,.447,.527,.410,.435,.386,.304,,.164,.619,,.004,3,,.261,.389,,3,0,fordtj01
129,Danny Fortson,C,30,SEA,14,158,.500,2.4,,.967,.767,.167,.033,.000,.033,,.517,.478,.800,.000,,.000,,.400,,,.000,0,,.000,,,0,0,fortsda01
130,Jeff Foster,C,30,IND,75,1740,.469,3.1,,.996,.788,.108,.015,.085,.004,,.471,.522,.250,.500,.273,.000,,.615,,,.062,15,,1.000,.000,,0,0,fosteje01
131,Randy Foye,PG,23,MIN,82,1879,.434,13.2,,.732,.288,.130,.090,.224,.268,,.458,.573,.411,.403,.361,.368,,.259,.868,,.013,8,,.259,.396,,3,0,foyera01
132,Adonal Foyle,C,31,GSW,48,475,.565,4.3,,1.000,.541,.329,.071,.059,.000,,.565,.609,.643,.333,.000,,,.646,,,.094,6,,,,,0,0,foylead01
133,Steve Francis,SG,29,NYK,44,1237,.408,14.2,,.676,.321,.029,.064,.262,.324,,.422,.555,.200,.182,.344,.378,,.245,.738,,.006,1,,.369,.415,,0,0,francst01
134,Matt Freije,PF,25,ATL,19,147,.296,16.2,,.593,.204,.093,.074,.222,.407,,.406,.455,.400,.750,.250,.136,,.385,1.000,,.000,0,,.182,.000,,0,0,freijma01
135,Channing Frye,PF,23,NYK,72,1896,.433,13.3,,.974,.149,.168,.184,.472,.026,,.440,.553,.517,.378,.400,.167,,.644,1.000,,.022,14,,.333,.000,,0,0,fryech01
136,Dan Gadzuric,C,28,MIL,54,840,.474,3.8,,.996,.654,.184,.123,.035,.004,,.476,.564,.238,.321,.625,.000,,.704,,,.197,38,,.000,,,0,0,gadzuda01
137,Jorge Garbajosa,PF,29,TOR,67,1909,.420,18.3,,.635,.113,.059,.049,.414,.365,,.464,.550,.387,.423,.457,.342,,.840,1.000,,.004,1,,.238,.348,,0,0,garbajo01
138,Francisco García,SF,25,SAC,79,1410,.429,15.3,,.608,.258,.058,.061,.232,.392,,.476,.602,.409,.435,.364,.356,,.500,.925,,.011,3,,.228,.412,,0,0,garcifr01
139,Kevin Garnett*,PF,30,MIN,76,2995,.476,11.8,,.958,.211,.187,.245,.315,.042,,.487,.643,.482,.439,.423,.214,,.593,.833,,.049,60,,.000,,,7,0,garneke01
140,Pat Garrity,PF,30,ORL,33,277,.314,18.4,,.543,.129,.057,.057,.300,.457,,.289,.222,.500,.000,.333,.344,,.727,1.000,,.000,0,,.000,,,0,0,garripa01
141,Pau Gasol*,C,26,MEM,59,2133,.538,7.2,,.987,.365,.323,.161,.139,.013,,.542,.645,.480,.522,.437,.273,,.514,1.000,,.099,82,,.182,.000,,0,0,gasolpa01
142,Rudy Gay,SF,20,MEM,78,2103,.422,12.2,,.812,.292,.157,.122,.241,.188,,.436,.563,.420,.344,.339,.364,,.465,.923,,.101,62,,.308,.432,,5,0,gayru01
143,Mickaël Gelabale,SF,23,SEA,70,1239,.462,11.6,,.822,.352,.091,.114,.265,.178,,.512,.731,.458,.167,.386,.234,,.676,1.000,,.080,20,,.723,.265,,0,0,gelabmi01
144,Devean George,SF,29,DAL,60,1283,.395,16.2,,.595,.170,.108,.100,.216,.405,,.423,.619,.500,.189,.338,.353,,.484,.943,,.022,7,,.473,.352,,2,0,georgde01
145,Daniel Gibson,PG,20,CLE,60,988,.424,17.6,,.463,.208,.043,.048,.165,.537,,.430,.521,.100,.091,.500,.419,,.413,.942,,.013,1,,.371,.391,,2,0,gibsoda01
146,Manu Ginóbili*,SG,29,SAS,75,2060,.464,13.5,,.622,.307,.128,.083,.104,.378,,.505,.607,.468,.394,.337,.396,,.448,.875,,.013,10,,.226,.479,,1,0,ginobma01
147,Gordan Giriček,SG,29,UTA,61,1188,.462,17.2,,.680,.150,.058,.129,.344,.320,,.479,.596,.364,.347,.496,.426,,.621,.981,,.010,3,,.279,.382,,2,0,giricgo01
148,Andreas Glyniadakis,C,25,SEA,13,81,.471,7.6,,1.000,.235,.412,.294,.059,.000,,.471,.500,.571,.400,.000,,,1.000,,,.000,0,,,,,0,0,glynian01
149,Ryan Gomes,PF,24,BOS,73,2275,.467,12.4,,.942,.284,.083,.142,.433,.058,,.473,.629,.267,.417,.428,.381,,.708,1.000,,.004,3,,.381,.438,,0,0,gomesry01
150,Drew Gooden,PF,25,CLE,80,2238,.473,9.5,,.992,.286,.217,.270,.219,.008,,.476,.598,.394,.410,.477,.167,,.605,1.000,,.070,48,,.500,.333,,0,0,goodedr01
151,Ben Gordon,SG,23,CHI,82,2704,.455,16.5,,.720,.147,.070,.116,.387,.280,,.471,.513,.430,.503,.454,.413,,.368,.684,,.002,3,,.259,.381,,0,0,gordobe01
152,Joey Graham,SF,24,TOR,79,1319,.495,11.0,,.920,.353,.101,.129,.338,.080,,.513,.693,.333,.420,.412,.290,,.699,.889,,.095,31,,.387,.333,,2,0,grahajo01
153,Stephen Graham,SG,24,POR,14,165,.425,13.0,,.725,.350,.050,.100,.225,.275,,.483,.357,.500,.250,.778,.273,,.643,1.000,,.025,0,,.455,.400,,0,0,grahast01
154,Danny Granger,SF,23,IND,82,2785,.459,14.9,,.668,.236,.106,.078,.248,.332,,.497,.668,.511,.309,.386,.382,,.552,.945,,.039,32,,.347,.410,,1,0,grangda01
155,Gerald Green,SF,21,BOS,81,1780,.419,15.6,,.651,.211,.089,.092,.258,.349,,.447,.532,.318,.412,.435,.368,,.558,.958,,.057,34,,.283,.425,,1,0,greenge01
156,Willie Green,SG,25,PHI,74,1842,.411,13.6,,.819,.225,.119,.175,.301,.181,,.430,.497,.398,.375,.425,.325,,.333,.863,,.018,15,,.185,.414,,3,0,greenwi01
157,Orien Greene,SG,24,IND,41,254,.371,11.2,,.823,.339,.177,.032,.274,.177,,.412,.524,.182,.000,.471,.182,,.095,.000,,.016,1,,.091,.000,,0,0,greenor01
158,Lynn Greer,SG,27,MIL,41,432,.433,15.4,,.631,.234,.078,.057,.262,.369,,.483,.545,.636,.750,.324,.346,,.279,.833,,.000,0,,.346,.444,,0,0,greerly01
159,Adrian Griffin,SF,32,CHI,54,585,.473,10.5,,.953,.380,.155,.178,.240,.047,,.496,.510,.600,.391,.484,.000,,.557,,,.008,1,,.000,,,2,0,griffad01
160,Eddie Griffin,PF,24,MIN,13,92,.259,12.7,,.963,.185,.111,.259,.407,.037,,.269,.400,.333,.286,.182,.000,,.857,,,.000,0,,.000,,,0,0,griffed01
161,Mike Hall,SF,22,WAS,2,13,.250,14.3,,1.000,.250,.000,.000,.750,.000,,.250,1.000,,,.000,,,1.000,,,.000,0,,,,,0,0,hallmi01
162,Richard Hamilton,SG,28,DET,75,2763,.468,11.8,,.890,.260,.112,.250,.268,.110,,.483,.579,.466,.451,.428,.341,,.654,.932,,.007,8,,.566,.301,,1,0,hamilri01
163,Matt Harpring,SF,30,UTA,77,1965,.491,9.8,,.941,.380,.102,.184,.274,.059,,.501,.667,.328,.355,.433,.333,,.822,.923,,.005,3,,.718,.357,,1,0,harprma01
164,Al Harrington,PF,26,TOT,78,2563,.457,12.5,,.729,.343,.102,.110,.174,.271,,.466,.559,.378,.361,.399,.433,,.568,.937,,.047,49,,.246,.486,,3,0,harrial01
164,Al Harrington,PF,26,IND,36,1208,.458,11.7,,.758,.370,.099,.123,.166,.242,,.458,.556,.396,.283,.407,.458,,.568,.944,,.033,16,,.280,.394,,0,0,harrial01
164,Al Harrington,PF,26,GSW,42,1355,.456,13.2,,.706,.322,.106,.099,.180,.294,,.473,.563,.365,.441,.393,.417,,.568,.932,,.059,33,,.223,.564,,3,0,harrial01
165,Junior Harrington,PG,26,MEM,29,543,.416,14.6,,.810,.248,.066,.102,.394,.190,,.450,.647,.444,.214,.389,.269,,.340,1.000,,.000,0,,.038,.000,,0,0,harriju01
166,Othella Harrington,PF,33,CHA,26,220,.446,7.7,,1.000,.304,.304,.232,.161,.000,,.446,.765,.412,.231,.222,,,.680,,,.018,1,,,,,0,0,harriot01
167,Devin Harris,PG,23,DAL,80,2081,.492,8.6,,.916,.508,.096,.091,.221,.084,,.512,.615,.281,.519,.374,.280,,.439,.714,,.022,13,,.240,.333,,7,0,harride01
168,David Harrison,C,24,IND,24,190,.517,4.4,,1.000,.466,.448,.069,.017,.000,,.517,.593,.500,.250,.000,,,.533,,,.034,2,,,,,0,0,harrida01
169,Jason Hart,PG,28,TOT,36,846,.446,16.1,,.871,.156,.054,.063,.598,.129,,.477,.629,.333,.429,.455,.241,,.581,.714,,.000,0,,.276,.375,,0,0,hartja01
169,Jason Hart,PG,28,SAC,13,100,.500,14.9,,.800,.233,.067,.067,.433,.200,,.500,.714,.000,.000,.538,.500,,.417,.333,,.000,0,,.000,,,0,0,hartja01
169,Jason Hart,PG,28,LAC,23,746,.438,16.2,,.881,.144,.052,.062,.624,.119,,.474,.607,.400,.500,.446,.174,,.605,1.000,,.000,0,,.348,.375,,0,0,hartja01
170,Udonis Haslem,PF,26,MIA,79,2483,.492,9.6,,.994,.343,.107,.244,.300,.006,,.495,.646,.442,.417,.405,.000,,.799,,,.054,33,,.000,,,0,0,hasleud01
171,Trenton Hassell,SG,27,MIN,76,2223,.490,11.2,,.944,.280,.147,.165,.352,.056,,.505,.605,.477,.452,.462,.240,,.550,1.000,,.038,15,,.480,.250,,0,0,hassetr01
172,Chuck Hayes,PF,23,HOU,78,1714,.573,1.3,,1.000,.830,.158,.009,.003,.000,,.573,.597,.491,.000,.000,,,.729,,,.012,4,,,,,0,0,hayesch01
173,Jarvis Hayes,SF,25,WAS,81,1626,.410,16.9,,.665,.136,.073,.141,.315,.335,,.435,.716,.400,.364,.355,.361,,.747,.970,,.009,5,,.322,.339,,0,0,hayesja01
174,Brendan Haywood,C,27,WAS,77,1740,.558,3.4,,1.000,.614,.293,.070,.023,.000,,.558,.702,.346,.200,.500,,,.510,,,.228,78,,,,,0,0,haywobr01
175,Luther Head,SG,24,HOU,80,2211,.437,18.1,,.427,.201,.033,.047,.146,.573,,.431,.553,.348,.364,.304,.441,,.488,.768,,.006,4,,.299,.483,,3,0,headlu01
176,Alan Henderson,PF,34,PHI,38,418,.642,1.8,,1.000,.776,.209,.015,.000,.000,,.642,.731,.357,.000,,,,.558,,,.090,5,,,,,0,0,hendeal01
177,Walter Herrmann,PF,27,CHA,48,936,.527,14.2,,.652,.279,.094,.036,.242,.348,,.563,.717,.387,.250,.500,.461,,.802,.962,,.024,8,,.791,.451,,0,0,herrmwa01
178,Nenê,C,24,DEN,64,1715,.570,3.8,,.998,.636,.194,.097,.072,.002,,.571,.701,.420,.340,.135,.000,,.748,,,.234,113,,.000,,,1,0,hilarne01
179,Grant Hill*,SG,34,ORL,65,2009,.518,9.8,,.982,.379,.071,.223,.309,.018,,.525,.716,.447,.367,.422,.167,,.512,1.000,,.021,13,,.500,.167,,0,0,hillgr01
180,Kirk Hinrich,PG,26,CHI,80,2839,.448,16.4,,.682,.184,.059,.108,.331,.318,,.463,.585,.476,.365,.425,.415,,.322,.779,,.000,0,,.157,.472,,2,0,hinriki01
181,Robert Hite,SG,23,MIA,12,136,.317,16.6,,.617,.217,.083,.100,.217,.383,,.378,.462,.000,.333,.462,.217,,.643,1.000,,.017,1,,.304,.143,,2,0,hitero01
182,Julius Hodge,SG,23,TOT,9,65,.500,5.6,,1.000,.500,.250,.083,.167,.000,,.500,.500,.667,.000,.500,,,.333,,,.000,0,,,,,0,0,hodgeju01
182,Julius Hodge,SG,23,DEN,4,37,.400,4.2,,1.000,.400,.400,.200,.000,.000,,.400,.500,.500,.000,,,,.500,,,.000,0,,,,,0,0,hodgeju01
182,Julius Hodge,SG,23,MIL,5,28,.571,6.5,,1.000,.571,.143,.000,.286,.000,,.571,.500,1.000,,.500,,,.250,,,.000,0,,,,,0,0,hodgeju01
183,Ryan Hollins,C,22,CHA,27,185,.556,2.7,,1.000,.694,.250,.056,.000,.000,,.556,.760,.111,.000,,,,.750,,,.361,12,,,,,0,0,holliry01
184,Robert Horry,PF,36,SAS,68,1124,.359,18.5,,.406,.163,.048,.044,.151,.594,,.392,.585,.417,.545,.132,.336,,.700,.880,,.020,3,,.342,.353,,0,0,horryro01
185,Eddie House,SG,28,NJN,56,946,.428,19.6,,.584,.071,.014,.095,.404,.416,,.427,.533,.500,.425,.406,.429,,.857,.973,,.000,0,,.417,.466,,1,0,houseed01
186,Dwight Howard,C,21,ORL,82,3023,.603,2.7,,.998,.627,.331,.037,.003,.002,,.603,.720,.429,.188,.333,.500,,.556,1.000,,.312,254,,.000,,,0,0,howardw01
187,Josh Howard,SF,26,DAL,70,2455,.459,13.6,,.778,.218,.134,.178,.248,.222,,.480,.632,.451,.497,.348,.385,,.426,.870,,.021,22,,.259,.323,,2,0,howarjo01
188,Juwan Howard,PF,33,HOU,80,2123,.465,10.7,,1.000,.224,.211,.226,.340,.000,,.465,.597,.436,.367,.460,,,.689,,,.021,14,,,,,0,0,howarju01
189,Troy Hudson,PG,30,MIN,34,554,.379,18.4,,.590,.113,.021,.113,.344,.410,,.400,.318,1.000,.455,.373,.350,,.348,.929,,.000,0,,.150,.333,,0,0,hudsotr01
190,Larry Hughes,SG,28,CLE,70,2596,.400,14.3,,.767,.226,.093,.125,.323,.233,,.420,.516,.326,.378,.396,.333,,.495,.905,,.008,8,,.239,.321,,0,0,hughela01
191,Kris Humphries,PF,21,TOR,60,670,.470,4.4,,1.000,.573,.222,.151,.054,.000,,.470,.557,.341,.429,.200,,,.655,,,.141,23,,,,,0,0,humphkr01
192,Lindsey Hunter,PG,36,DET,52,745,.385,17.4,,.512,.209,.033,.066,.205,.488,,.448,.510,.250,.313,.460,.319,,.339,.816,,.000,0,,.395,.383,,1,0,hunteli01
193,Steven Hunter,PF,25,PHI,70,1605,.577,3.6,,1.000,.638,.209,.107,.046,.000,,.577,.707,.309,.400,.400,,,.707,,,.255,78,,,,,0,0,huntest01
194,Andre Iguodala,SG,23,PHI,76,3062,.447,11.9,,.844,.367,.054,.107,.315,.156,,.472,.640,.259,.302,.372,.310,,.468,.792,,.126,120,,.245,.263,,2,0,iguodan01
195,Zydrunas Ilgauskas,C,31,CLE,78,2130,.485,7.9,,.999,.402,.214,.168,.214,.001,,.486,.605,.435,.391,.388,.000,,.662,,,.038,28,,1.000,.000,,0,0,ilgauzy01
196,Mile Ilić,C,22,NJN,5,6,.000,4.9,,1.000,.333,.667,.000,.000,.000,,.000,.000,.000,,,,,,,,.000,0,,,,,0,0,ilicmi01
197,D.J. Mbenga,C,26,DAL,21,79,.313,5.8,,1.000,.500,.188,.250,.063,.000,,.313,.500,.333,.000,.000,,,.800,,,.125,1,,,,,0,0,mbengdj01
198,Ersan İlyasova,PF,19,MIL,66,973,.383,15.1,,.592,.248,.110,.080,.154,.408,,.395,.522,.350,.172,.339,.365,,.671,.833,,.011,4,,.203,.267,,0,0,ilyaser01
199,Allen Iverson*,SG-PG,31,TOT,65,2761,.442,11.9,,.850,.274,.130,.204,.241,.150,,.465,.586,.398,.433,.391,.315,,.183,.823,,.002,2,,.173,.176,,0,0,iversal01
199,Allen Iverson*,PG,31,PHI,15,640,.413,12.5,,.855,.254,.107,.219,.276,.145,,.444,.570,.410,.350,.416,.226,,.180,.833,,.000,0,,.113,.167,,0,0,iversal01
199,Allen Iverson*,SG,31,DEN,50,2121,.454,11.6,,.848,.282,.139,.199,.228,.152,,.473,.592,.394,.468,.380,.347,,.184,.820,,.002,2,,.194,.179,,0,0,iversal01
200,Royal Ivey,PG,25,ATL,53,539,.448,13.7,,.888,.238,.105,.140,.406,.112,,.465,.559,.333,.300,.500,.313,,.763,1.000,,.000,0,,.250,.750,,2,0,iveyro01
201,Jarrett Jack,PG,23,POR,79,2651,.454,14.0,,.745,.264,.104,.095,.282,.255,,.490,.597,.534,.403,.402,.350,,.128,.873,,.000,0,,.233,.429,,5,0,jackja01
202,Bobby Jackson,SG,33,NOK,56,1330,.394,13.7,,.681,.313,.091,.056,.222,.319,,.425,.556,.404,.172,.313,.327,,.340,.870,,.000,0,,.285,.319,,1,0,jacksbo01
203,Luke Jackson,SF,25,TOT,13,138,.442,12.8,,.605,.442,.000,.047,.116,.395,,.538,.526,,.000,.800,.294,,.571,1.000,,.047,2,,.235,.500,,0,0,jackslu02
203,Luke Jackson,SF,25,LAC,3,16,.125,14.7,,.500,.375,.000,.125,.000,.500,,.000,.000,,.000,,.250,,,1.000,,.000,0,,.250,.000,,0,0,jackslu02
203,Luke Jackson,SF,25,TOR,10,122,.514,12.3,,.629,.457,.000,.029,.143,.371,,.636,.625,,.000,.800,.308,,.571,1.000,,.057,2,,.231,.667,,0,0,jackslu02
204,Marc Jackson,PF,32,NOK,56,1025,.410,12.5,,.997,.219,.137,.155,.487,.003,,.411,.576,.340,.267,.402,.000,,.742,,,.003,1,,.000,,,1,0,jacksma02
205,Stephen Jackson,SF-SG,28,TOT,75,2479,.433,14.0,,.671,.288,.102,.086,.195,.329,,.488,.640,.417,.309,.380,.322,,.482,.890,,.017,16,,.264,.354,,0,0,jacksst02
205,Stephen Jackson,SG,28,IND,37,1186,.419,14.1,,.679,.272,.102,.098,.207,.321,,.476,.641,.386,.357,.360,.297,,.561,.951,,.012,5,,.268,.297,,0,0,jacksst02
205,Stephen Jackson,SF,28,GSW,38,1293,.446,13.8,,.663,.302,.101,.076,.185,.337,,.499,.639,.442,.256,.400,.341,,.418,.847,,.021,11,,.260,.400,,0,0,jacksst02
206,Jerome James,C,31,NYK,41,273,.418,6.5,,1.000,.316,.430,.177,.076,.000,,.418,.720,.324,.214,.167,,,.364,,,.101,7,,,,,0,0,jamesje01
207,LeBron James,SF,22,CLE,78,3190,.476,12.2,,.809,.333,.125,.111,.241,.191,,.513,.725,.406,.361,.346,.319,,.321,.495,,.068,108,,.145,.444,,5,1,jamesle01
208,Mike James,PG,31,MIN,82,2069,.422,14.3,,.694,.272,.107,.044,.270,.306,,.445,.560,.427,.355,.353,.372,,.300,.888,,.001,0,,.242,.385,,1,0,jamesmi01
209,Antawn Jamison,PF,30,WAS,70,2662,.450,14.1,,.667,.240,.175,.061,.191,.333,,.492,.648,.457,.357,.372,.364,,.588,.986,,.003,2,,.251,.379,,1,0,jamisan01
210,Marko Jarić,SG,28,MIN,70,1555,.418,13.8,,.738,.338,.040,.046,.314,.262,,.433,.555,.154,.400,.343,.376,,.567,.938,,.009,2,,.341,.345,,1,0,jaricma01
211,Šarūnas Jasikevičius,SG-PG,30,TOT,63,973,.398,17.3,,.596,.093,.102,.183,.217,.404,,.438,.433,.394,.424,.471,.338,,.524,.773,,.000,0,,.200,.462,,1,0,jasiksa01
211,Šarūnas Jasikevičius,SG,30,IND,37,664,.412,17.0,,.611,.095,.104,.190,.222,.389,,.437,.429,.435,.476,.408,.372,,.627,.844,,.000,0,,.186,.563,,0,0,jasiksa01
211,Šarūnas Jasikevičius,PG,30,GSW,26,309,.366,17.9,,.564,.089,.099,.168,.208,.436,,.439,.444,.300,.294,.619,.273,,.280,.583,,.000,0,,.227,.300,,1,0,jasiksa01
212,Al Jefferson,C,22,BOS,69,2319,.514,5.5,,.999,.422,.404,.120,.053,.001,,.514,.645,.452,.321,.383,.000,,.521,,,.076,65,,.000,,,0,0,jeffeal01
213,Richard Jefferson,SF,26,NJN,55,1956,.456,12.0,,.782,.361,.080,.071,.271,.218,,.483,.567,.491,.426,.383,.359,,.681,.962,,.087,49,,.434,.302,,0,0,jefferi01
214,Jared Jeffries,SF,25,NYK,55,1307,.461,8.0,,.903,.515,.146,.049,.194,.097,,.500,.642,.200,.200,.425,.100,,.538,1.000,,.107,20,,.600,.167,,1,0,jeffrja01
215,Alexander Johnson,PF,23,MEM,59,753,.538,4.5,,1.000,.586,.189,.166,.059,.000,,.538,.677,.344,.429,.100,,,.626,,,.178,27,,,,,0,0,johnsal01
216,Amir Johnson,PF,19,DET,8,124,.545,4.3,,.909,.667,.242,.000,.000,.091,,.600,.773,.125,,,.000,,.500,,,.242,7,,.333,.000,,0,0,johnsam01
217,Anthony Johnson,PG,32,TOT,67,1301,.414,15.0,,.787,.172,.082,.192,.341,.213,,.433,.610,.571,.318,.376,.342,,.427,.760,,.012,3,,.233,.471,,0,0,johnsan02
217,Anthony Johnson,PG,32,DAL,40,562,.411,14.4,,.801,.192,.068,.199,.342,.199,,.419,.643,.400,.379,.320,.379,,.469,1.000,,.014,1,,.310,.667,,0,0,johnsan02
217,Anthony Johnson,PG,32,ATL,27,739,.416,15.4,,.777,.157,.091,.188,.340,.223,,.444,.581,.667,.270,.418,.318,,.397,.571,,.010,2,,.182,.250,,0,0,johnsan02
218,DerMarr Johnson,SF,26,DEN,39,419,.325,16.6,,.429,.234,.078,.019,.097,.571,,.470,.639,.333,.000,.267,.216,,.581,1.000,,.052,7,,.466,.268,,0,0,johnsde03
219,Joe Johnson,SG,25,ATL,57,2359,.471,14.5,,.726,.219,.133,.089,.285,.274,,.504,.600,.497,.505,.434,.381,,.300,.765,,.005,6,,.321,.430,,1,0,johnsjo02
220,Linton Johnson,PF,26,NOK,54,720,.489,13.8,,.842,.274,.053,.084,.432,.158,,.519,.635,.400,.563,.451,.333,,.735,1.000,,.053,10,,.800,.375,,1,0,johnsli01
221,Bobby Jones,SF,23,PHI,44,336,.462,9.2,,.903,.473,.065,.086,.280,.097,,.500,.682,.500,.000,.346,.111,,.595,1.000,,.043,4,,.444,.250,,0,0,jonesbo02
222,Dahntay Jones,SG,26,MEM,78,1671,.477,9.9,,.974,.386,.115,.132,.341,.026,,.479,.624,.509,.295,.376,.417,,.558,1.000,,.050,20,,.500,.500,,2,0,jonesda02
223,Damon Jones,PG,30,CLE,60,1173,.386,21.0,,.349,.065,.025,.051,.208,.651,,.387,.522,.333,.333,.365,.385,,.500,.854,,.000,0,,.390,.389,,0,0,jonesda01
224,Dwayne Jones,PF,23,CLE,4,18,.000,0.8,,1.000,1.000,.000,.000,.000,.000,,.000,.000,,,,,,,,,.000,0,,,,,0,0,jonesdw02
225,Eddie Jones,SG,35,TOT,64,1594,.422,17.0,,.474,.225,.050,.057,.142,.526,,.500,.632,.429,.375,.367,.351,,.570,.936,,.005,1,,.396,.420,,1,0,jonesed02
225,Eddie Jones,SG,35,MEM,29,561,.377,17.3,,.510,.199,.060,.066,.185,.490,,.455,.500,.444,.200,.500,.297,,.457,.955,,.007,1,,.324,.458,,0,0,jonesed02
225,Eddie Jones,SG,35,MIA,35,1033,.446,16.8,,.454,.240,.044,.052,.118,.546,,.528,.692,.417,.500,.250,.378,,.631,.929,,.004,0,,.432,.406,,1,0,jonesed02
226,Fred Jones,SG,27,TOT,63,1319,.385,14.0,,.645,.307,.080,.069,.188,.355,,.429,.595,.379,.280,.235,.305,,.460,.974,,.050,17,,.336,.279,,3,0,jonesfr01
226,Fred Jones,SG,27,TOR,39,870,.386,14.9,,.594,.277,.084,.064,.169,.406,,.432,.638,.333,.250,.214,.317,,.438,.969,,.040,9,,.337,.294,,2,0,jonesfr01
226,Fred Jones,SG,27,POR,24,449,.384,12.0,,.759,.375,.071,.080,.232,.241,,.424,.524,.500,.333,.269,.259,,.500,1.000,,.071,8,,.333,.222,,1,0,jonesfr01
227,James Jones,SF,26,PHO,76,1376,.368,21.0,,.459,.052,.014,.055,.339,.541,,.356,.609,.167,.292,.336,.378,,.708,.989,,.007,2,,.319,.461,,0,0,jonesja02
228,Jumaine Jones,SF,27,PHO,18,138,.275,21.3,,.373,.078,.000,.020,.275,.627,,.211,.500,,.000,.143,.313,,.750,1.000,,.000,0,,.281,.333,,0,0,jonesju01
229,Solomon Jones,PF,22,ATL,58,666,.508,3.7,,.992,.734,.070,.094,.094,.008,,.512,.596,.333,.333,.167,.000,,.692,,,.266,32,,.000,,,0,0,jonesso01
230,Chris Kaman,C,24,LAC,75,2176,.451,5.2,,.998,.399,.439,.129,.032,.002,,.452,.531,.455,.226,.333,.000,,.622,,,.020,13,,.000,,,1,0,kamanch01
231,Jason Kapono,SF,25,MIA,67,1767,.494,19.0,,.627,.055,.046,.115,.410,.373,,.482,.548,.192,.492,.502,.514,,.653,.972,,.000,0,,.438,.554,,0,0,kaponja01
232,Viktor Khryapa,PF,24,CHI,33,231,.386,13.3,,.914,.329,.029,.100,.457,.086,,.422,.609,.500,.286,.313,.000,,.815,,,.086,6,,.167,.000,,1,0,khryavi01
233,Jason Kidd*,PG,33,NJN,80,2933,.406,16.2,,.602,.239,.039,.080,.244,.398,,.448,.535,.371,.315,.419,.343,,.388,.944,,.000,0,,.191,.348,,2,0,kiddja01
234,Tarence Kinsey,SG,22,MEM,48,967,.457,12.8,,.849,.296,.076,.125,.352,.151,,.488,.578,.348,.368,.486,.283,,.619,.846,,.049,14,,.478,.364,,1,0,kinseta01
235,Andrei Kirilenko,SF,25,UTA,70,2049,.471,9.7,,.821,.488,.067,.057,.208,.179,,.528,.696,.179,.250,.322,.213,,.729,.875,,.122,51,,.240,.222,,0,0,kirilan01
236,Linas Kleiza,PF,22,DEN,79,1488,.422,15.2,,.534,.272,.080,.051,.131,.466,,.462,.558,.368,.292,.387,.376,,.735,.988,,.065,30,,.344,.382,,1,0,kleizli01
237,Brevin Knight,PG,31,CHA,45,1273,.419,15.2,,.950,.160,.055,.118,.617,.050,,.438,.414,.350,.326,.473,.056,,.464,.000,,.000,0,,.167,.000,,2,0,knighbr01
238,Yaroslav Korolev,SF,19,LAC,10,41,.250,16.1,,.688,.063,.125,.313,.188,.313,,.273,1.000,.500,.200,.000,.200,,.333,1.000,,.000,0,,.200,.000,,0,0,korolya01
239,Kyle Korver,SF,25,PHI,74,2288,.440,18.3,,.637,.099,.032,.150,.355,.363,,.446,.643,.370,.354,.437,.430,,.788,.932,,.004,3,,.195,.450,,1,0,korveky01
240,Nenad Krstić,C,23,NJN,26,848,.526,8.7,,.997,.344,.251,.099,.303,.003,,.528,.640,.494,.469,.449,.000,,.741,,,.025,7,,.000,,,0,0,krstine01
241,Raef LaFrentz,PF,30,POR,27,352,.382,14.0,,.775,.255,.118,.049,.353,.225,,.468,.577,.583,.400,.361,.087,,.757,.500,,.000,0,,.174,.250,,0,0,lafrera01
242,James Lang,C,23,WAS,11,55,.444,2.2,,1.000,.778,.111,.111,.000,.000,,.444,.429,1.000,.000,,,,.500,,,.111,1,,,,,0,0,langja01
243,David Lee,PF,23,NYK,58,1731,.600,3.3,,1.000,.725,.143,.030,.103,.000,,.600,.700,.386,.167,.317,,,.588,,,.153,59,,,,,0,0,leeda02
244,Rashard Lewis,SF,27,SEA,60,2348,.461,15.1,,.615,.176,.179,.138,.121,.385,,.505,.638,.461,.439,.451,.390,,.413,.868,,.043,41,,.220,.388,,3,0,lewisra02
245,Randy Livingston,PG,31,SEA,4,26,.000,13.2,,1.000,.333,.000,.000,.667,.000,,.000,.000,,,.000,,,,,,.000,0,,,,,0,0,livinra01
246,Shaun Livingston,PG,21,LAC,54,1611,.463,10.9,,.964,.241,.165,.334,.225,.036,,.469,.611,.405,.460,.376,.313,,.399,.200,,.038,16,,.125,.500,,3,0,livinsh01
247,Kyle Lowry,PG,20,MEM,10,175,.368,9.8,,.789,.500,.053,.053,.184,.211,,.367,.474,.000,.500,.143,.375,,.000,1.000,,.026,1,,.375,.333,,0,0,lowryky01
248,John Lucas III,PG,24,HOU,47,383,.397,14.9,,.622,.167,.224,.090,.141,.378,,.485,.615,.457,.571,.318,.254,,.170,.867,,.000,0,,.373,.364,,1,0,lucasjo02
249,Tyronn Lue,PG,29,ATL,56,1488,.416,16.6,,.693,.177,.048,.120,.347,.307,,.446,.538,.360,.492,.396,.348,,.241,.786,,.000,0,,.087,.214,,1,0,luety01
250,Mark Madsen,C,31,MIN,56,473,.535,4.0,,1.000,.605,.256,.070,.070,.000,,.535,.654,.364,.000,.667,,,.696,,,.023,0,,,,,0,0,madsema01
251,Corey Maggette,SF,27,LAC,75,2291,.454,11.9,,.920,.337,.087,.089,.407,.080,,.476,.625,.300,.306,.429,.200,,.638,1.000,,.022,18,,.062,.250,,4,0,maggeco01
252,Jamaal Magloire,C,28,POR,81,1703,.504,3.4,,1.000,.552,.367,.056,.025,.000,,.504,.615,.372,.455,.100,,,.633,,,.149,54,,,,,0,0,magloja01
253,Renaldo Major,PF,24,GSW,1,27,.200,8.9,,1.000,.500,.000,.100,.400,.000,,.200,.200,,1.000,.000,,,1.000,,,.100,1,,,,,0,0,majorre01
254,Stephon Marbury,PG,29,NYK,74,2748,.415,13.4,,.638,.357,.077,.061,.143,.362,,.448,.553,.356,.190,.346,.357,,.224,.618,,.000,0,,.104,.361,,4,0,marbust01
255,Shawn Marion,SF,28,PHO,80,3010,.524,9.8,,.765,.415,.156,.125,.068,.235,,.587,.726,.473,.448,.260,.317,,.748,.975,,.171,169,,.460,.336,,3,0,mariosh01
256,Damir Markota,PF,21,MIL,30,170,.365,14.2,,.692,.308,.058,.058,.269,.308,,.361,.563,.000,.667,.143,.375,,.846,1.000,,.019,1,,.125,.500,,0,0,markoda01
257,Sean Marks,PF,31,PHO,3,17,.333,14.1,,.833,.333,.000,.000,.500,.167,,.400,.500,,,.333,.000,,1.000,,,.167,1,,.000,,,0,0,marksse01
258,Donyell Marshall,PF,33,CLE,81,1360,.424,15.3,,.450,.266,.118,.028,.039,.550,,.514,.649,.345,.214,.316,.351,,.702,.989,,.041,17,,.554,.353,,0,0,marshdo01
259,Rawle Marshall,SG,24,IND,40,361,.360,12.0,,.798,.258,.202,.169,.169,.202,,.394,.348,.389,.333,.533,.222,,.429,1.000,,.011,0,,.444,.375,,1,0,marshra01
260,Darrick Martin,PG,35,TOR,31,220,.351,17.3,,.606,.181,.074,.011,.340,.394,,.351,.235,.571,.000,.375,.351,,.050,.462,,.000,0,,.081,.667,,0,0,martida01
261,Kenyon Martin,PF,29,DEN,2,63,.500,9.9,,.938,.438,.125,.063,.313,.063,,.533,.857,.000,.000,.400,.000,,.875,,,.188,3,,1.000,.000,,0,0,martike01
262,Kevin Martin,SG,23,SAC,80,2818,.473,14.2,,.688,.256,.101,.106,.225,.312,,.515,.645,.481,.442,.417,.381,,.495,.882,,.051,51,,.237,.430,,1,0,martike02
263,Desmond Mason,SF,29,NOK,75,2575,.452,4.2,,1.000,.461,.407,.122,.010,.000,,.452,.595,.355,.255,.222,,,.531,,,.078,56,,,,,0,0,masonde01
264,Roger Mason,SG,26,WAS,62,492,.330,19.5,,.430,.156,.011,.017,.246,.570,,.338,.429,.500,.000,.295,.324,,.538,.848,,.000,0,,.275,.464,,0,0,masonro01
265,Jason Maxiell,C,23,DET,67,943,.500,6.1,,1.000,.508,.156,.210,.126,.000,,.500,.602,.415,.400,.364,,,.664,,,.210,45,,,,,0,0,maxieja01
266,Sean May,PF,22,CHA,35,838,.500,9.0,,.991,.393,.149,.116,.332,.009,,.498,.566,.388,.395,.505,.667,,.660,1.000,,.021,7,,.000,,,0,0,mayse01
267,Rashad McCants,SG,22,MIN,37,554,.350,15.8,,.576,.254,.045,.085,.192,.424,,.412,.533,.250,.267,.353,.267,,.619,.800,,.073,12,,.307,.261,,1,0,mccanra01
268,Chris McCray,SG,22,MIL,5,12,.000,19.4,,1.000,.000,.000,.000,1.000,.000,,.000,,,,.000,,,,,,.000,0,,,,,0,0,mccrach01
269,Antonio McDyess,PF,32,DET,82,1729,.526,10.8,,1.000,.324,.048,.226,.402,.000,,.526,.663,.423,.402,.498,,,.792,,,.091,44,,,,,0,0,mcdyean01
270,Ivan McFarlin,PF,24,PHI,11,41,.385,3.5,,.923,.846,.000,.077,.000,.077,,.417,.364,,1.000,,.000,,.600,,,.000,0,,.000,,,0,0,mcfariv01
271,Tracy McGrady*,SG,27,HOU,71,2539,.431,16.0,,.743,.201,.061,.075,.405,.257,,.466,.570,.367,.378,.445,.331,,.383,.595,,.022,31,,.047,.278,,1,0,mcgratr01
272,Jeff McInnis,PG,32,CHA,38,702,.392,11.2,,.956,.221,.227,.221,.287,.044,,.405,.525,.463,.325,.327,.125,,.300,1.000,,.000,0,,.250,.000,,2,0,mcinnje01
273,Aaron McKie,SF,34,LAL,10,131,.647,15.5,,1.000,.118,.118,.118,.647,.000,,.647,1.000,.500,.500,.636,,,.818,,,.000,0,,,,,0,0,mckieaa01
274,Keith McLeod,PG,27,TOT,48,718,.388,16.9,,.761,.144,.080,.064,.473,.239,,.399,.370,.467,.583,.371,.356,,.333,.750,,.000,0,,.089,.500,,1,0,mcleoke01
274,Keith McLeod,PG,27,GSW,26,379,.390,16.5,,.781,.171,.086,.057,.467,.219,,.390,.389,.444,.500,.367,.391,,.344,.778,,.000,0,,.087,1.000,,1,0,mcleoke01
274,Keith McLeod,PG,27,IND,22,339,.386,17.4,,.735,.108,.072,.072,.482,.265,,.410,.333,.500,.667,.375,.318,,.320,.714,,.000,0,,.091,.000,,0,0,mcleoke01
275,Stanislav Medvedenko,C,27,ATL,14,81,.414,12.9,,.931,.172,.172,.103,.483,.069,,.407,.400,.600,.333,.357,.500,,.727,1.000,,.000,0,,1.000,.500,,0,0,medvest01
276,Pops Mensah-Bonsu,PF,23,DAL,12,71,.647,1.4,,1.000,.824,.176,.000,.000,.000,,.647,.714,.333,,,,,.818,,,.471,7,,,,,0,0,mensapo01
277,C.J. Miles,SG,19,UTA,37,373,.345,15.0,,.724,.241,.078,.086,.319,.276,,.393,.464,.333,.300,.378,.219,,.606,1.000,,.034,3,,.219,.000,,0,0,milescj01
278,Darko Miličić,PF,21,ORL,80,1913,.454,5.8,,.998,.438,.376,.046,.139,.002,,.455,.579,.408,.080,.316,.000,,.586,,,.104,54,,.000,,,0,0,milicda01
279,Andre Miller,PG,30,TOT,80,2966,.466,10.4,,.961,.333,.132,.231,.265,.039,,.479,.607,.417,.386,.432,.143,,.289,.800,,.000,0,,.057,.500,,10,0,millean02
279,Andre Miller,PG,30,DEN,23,822,.472,10.4,,.935,.383,.141,.145,.266,.065,,.487,.642,.429,.278,.409,.250,,.292,.750,,.000,0,,.000,,,4,0,millean02
279,Andre Miller,PG,30,PHI,57,2144,.464,10.4,,.971,.315,.129,.263,.265,.029,,.477,.591,.412,.408,.440,.053,,.288,1.000,,.000,0,,.105,.500,,6,0,millean02
280,Brad Miller,C,30,SAC,63,1783,.453,13.5,,.933,.233,.097,.097,.506,.067,,.475,.617,.396,.333,.452,.152,,.749,1.000,,.018,8,,.212,.143,,1,0,millebr01
281,Mike Miller,SG,26,MEM,70,2740,.460,17.6,,.507,.227,.044,.028,.209,.493,,.514,.655,.364,.321,.417,.406,,.506,.837,,.012,12,,.082,.415,,0,0,millemi01
282,Paul Millsap,PF,21,UTA,82,1472,.525,4.0,,.992,.666,.161,.068,.098,.008,,.527,.611,.313,.370,.410,.333,,.601,1.000,,.101,38,,.000,,,0,0,millspa01
283,Yao Ming*,C,26,HOU,48,1624,.516,6.8,,.998,.310,.387,.269,.032,.002,,.518,.650,.467,.445,.462,.000,,.674,,,.066,52,,.000,,,0,0,mingya01
284,Cuttino Mobley,SG,31,LAC,78,2841,.440,15.0,,.721,.203,.095,.153,.270,.279,,.451,.598,.452,.378,.382,.411,,.578,.921,,.010,9,,.280,.406,,1,0,moblecu01
285,Nazr Mohammed,C,29,DET,51,773,.532,5.4,,1.000,.545,.171,.225,.059,.000,,.532,.628,.395,.460,.308,,,.585,,,.117,23,,,,,0,0,mohamna01
286,Mikki Moore,C,31,NJN,79,2082,.609,7.2,,.998,.518,.109,.101,.271,.002,,.610,.687,.436,.471,.584,.000,,.786,,,.221,101,,.000,,,0,0,mooremi01
287,Randolph Morris,C,21,NYK,5,44,.167,6.2,,1.000,.333,.500,.167,.000,.000,,.167,.500,.000,.000,,,,.000,,,.000,0,,,,,0,0,morrira01
288,Adam Morrison,PF,22,CHA,78,2326,.376,15.7,,.727,.119,.178,.130,.300,.273,,.391,.518,.381,.374,.353,.337,,.496,.851,,.007,7,,.147,.395,,1,1,morriad01
289,Alonzo Mourning*,C,36,MIA,77,1572,.560,3.9,,1.000,.482,.438,.056,.024,.000,,.560,.722,.452,.208,.100,,,.655,,,.219,86,,,,,0,0,mournal01
290,Troy Murphy,PF,26,TOT,68,1852,.458,15.8,,.747,.191,.076,.081,.399,.253,,.479,.613,.295,.404,.466,.395,,.678,.966,,.043,24,,.143,.476,,0,0,murphtr01
290,Troy Murphy,PF,26,GSW,26,667,.450,15.8,,.672,.189,.111,.083,.289,.328,,.488,.706,.200,.400,.481,.373,,.661,1.000,,.033,6,,.119,.571,,0,0,murphtr01
290,Troy Murphy,PF,26,IND,42,1185,.461,15.7,,.781,.192,.060,.080,.449,.219,,.476,.571,.375,.406,.461,.409,,.685,.944,,.047,18,,.159,.429,,0,0,murphtr01
291,Ronald Murray,SG,27,DET,69,1477,.404,12.7,,.811,.304,.084,.210,.212,.189,,.431,.541,.324,.348,.398,.289,,.301,1.000,,.014,5,,.301,.320,,7,0,murraro01
292,Dikembe Mutombo*,C,40,HOU,75,1289,.556,2.9,,1.000,.732,.111,.131,.026,.000,,.556,.598,.529,.400,.250,,,.553,,,.098,15,,,,,0,0,mutomdi01
293,Boštjan Nachbar,SF,26,NJN,76,1532,.457,16.4,,.465,.253,.046,.053,.113,.535,,.496,.616,.348,.385,.339,.423,,.816,.991,,.073,34,,.400,.443,,0,0,nachbbo01
294,Eduardo Nájera,PF,30,DEN,75,1658,.576,5.2,,.966,.664,.090,.054,.158,.034,,.594,.689,.500,.421,.304,.083,,.778,1.000,,.040,12,,.167,.500,,0,0,najered01
295,Steve Nash*,PG,32,PHO,76,2682,.532,15.1,,.647,.226,.085,.146,.189,.353,,.575,.676,.554,.500,.522,.455,,.102,.532,,.001,0,,.076,.654,,0,0,nashst01
296,Jameer Nelson,PG,24,ORL,77,2331,.430,13.4,,.778,.312,.070,.072,.325,.222,,.457,.542,.377,.302,.426,.335,,.235,.662,,.000,0,,.273,.377,,1,0,nelsoja01
297,Rasho Nesterović,C,30,TOR,80,1676,.546,7.7,,.998,.337,.337,.152,.171,.002,,.548,.711,.486,.406,.472,.000,,.783,,,.048,16,,.000,,,1,0,nestera01
298,Ira Newble,SF,32,CLE,15,129,.432,12.5,,.595,.432,.081,.000,.081,.405,,.364,.500,.000,,.000,.533,,.500,.875,,.027,1,,.400,.333,,0,0,newblir01
299,Andrés Nocioni,PF,27,CHI,53,1406,.467,14.7,,.642,.236,.110,.096,.200,.358,,.515,.522,.531,.482,.513,.383,,.689,1.000,,.005,3,,.220,.500,,0,0,nocioan01
300,David Noel,PF,22,MIL,68,792,.367,14.5,,.701,.277,.023,.113,.288,.299,,.387,.449,.250,.500,.294,.321,,.646,1.000,,.028,4,,.623,.394,,0,0,noelda01
301,Steve Novak,SF,23,HOU,35,191,.360,22.6,,.220,.040,.020,.020,.140,.780,,.455,.500,1.000,1.000,.286,.333,,.800,.923,,.000,0,,.256,.400,,0,0,novakst01
302,Dirk Nowitzki*,PF,28,DAL,78,2820,.502,13.8,,.871,.180,.082,.255,.353,.129,,.515,.603,.409,.500,.504,.416,,.468,.778,,.016,20,,.075,.462,,2,0,nowitdi01
303,Patrick O'Bryant,C,20,GSW,16,119,.313,12.3,,1.000,.156,.094,.313,.438,.000,,.313,.600,.000,.400,.214,,,.500,,,.031,1,,,,,0,0,obryapa01
304,Jermaine O'Neal,C,28,IND,69,2459,.436,9.2,,.994,.265,.276,.262,.191,.006,,.439,.560,.444,.365,.367,.000,,.602,,,.055,55,,.143,.000,,2,0,onealje01
305,Shaquille O'Neal*,C,34,MIA,40,1135,.591,3.6,,1.000,.486,.484,.029,.000,.000,,.591,.764,.440,.214,,,,.495,,,.186,83,,,,,0,0,onealsh01
306,Fabricio Oberto,C,31,SAS,79,1365,.562,5.8,,1.000,.537,.189,.181,.093,.000,,.562,.702,.396,.412,.385,,,.741,,,.025,7,,,,,0,0,obertfa01
307,Lamar Odom,PF,27,LAL,56,2202,.468,11.2,,.733,.407,.122,.057,.147,.267,,.531,.632,.434,.359,.400,.297,,.494,.741,,.044,27,,.126,.261,,3,0,odomla01
308,Emeka Okafor,C,24,CHA,67,2329,.532,4.6,,1.000,.526,.296,.141,.038,.000,,.532,.663,.416,.337,.357,,,.673,,,.157,108,,,,,0,0,okafoem01
309,Mehmet Okur,C,27,UTA,80,2664,.462,14.8,,.683,.220,.128,.098,.238,.317,,.498,.554,.404,.500,.496,.384,,.651,.977,,.028,29,,.042,.429,,0,0,okurme01
310,Kevin Ollie,PG,34,PHI,53,919,.433,11.6,,.989,.257,.107,.235,.390,.011,,.438,.542,.300,.432,.411,.000,,.580,,,.000,0,,.000,,,0,0,ollieke01
311,Michael Olowokandi,C,31,BOS,24,234,.413,6.3,,1.000,.326,.500,.130,.043,.000,,.413,.533,.478,.000,.000,,,.526,,,.022,1,,,,,0,0,olowomi01
312,Bo Outlaw,PF,35,ORL,41,460,.667,0.9,,1.000,.882,.118,.000,.000,.000,,.667,.689,.500,,,,,.706,,,.059,3,,,,,0,0,outlabo01
313,Travis Outlaw,PF,22,POR,67,1532,.434,14.1,,.935,.198,.113,.146,.478,.065,,.445,.571,.453,.398,.406,.270,,.631,1.000,,.060,29,,.378,.429,,3,0,outlatr01
314,Zaza Pachulia,C,22,ATL,72,2026,.474,5.3,,.998,.619,.099,.129,.151,.002,,.475,.555,.262,.392,.355,.000,,.564,,,.021,12,,.000,,,0,0,pachuza01
315,Scott Padgett,PF,30,TOT,31,231,.286,16.7,,.411,.268,.036,.018,.089,.589,,.348,.467,.000,1.000,.000,.242,,.625,.875,,.018,1,,.242,.375,,0,0,padgesc01
315,Scott Padgett,PF,30,HOU,24,198,.306,16.8,,.408,.265,.041,.020,.082,.592,,.350,.462,.000,1.000,.000,.276,,.571,.875,,.020,1,,.276,.375,,0,0,padgesc01
315,Scott Padgett,PF,30,MEM,7,33,.143,16.6,,.429,.286,.000,.000,.143,.571,,.333,.500,,,.000,.000,,1.000,,,.000,0,,.000,,,0,0,padgesc01
316,Jannero Pargo,PG,27,NOK,82,1710,.409,16.6,,.698,.137,.072,.140,.348,.302,,.418,.484,.400,.330,.432,.388,,.302,.691,,.000,0,,.191,.425,,1,0,pargoja01
317,Anthony Parker,SG,31,TOR,73,2437,.477,16.0,,.620,.188,.061,.100,.271,.380,,.500,.659,.429,.319,.473,.441,,.624,.983,,.036,25,,.648,.503,,0,0,parkean01
318,Smush Parker,PG,25,LAL,82,2457,.436,14.4,,.617,.285,.094,.071,.166,.383,,.479,.563,.378,.446,.408,.365,,.552,.945,,.020,15,,.229,.377,,1,0,parkesm01
319,Tony Parker*,PG,24,SAS,77,2499,.520,9.9,,.965,.396,.141,.072,.357,.035,,.525,.647,.545,.367,.412,.395,,.319,.867,,.000,0,,.421,.375,,0,0,parketo01
320,Ruben Patterson,SF,31,MIL,81,2508,.548,4.4,,.978,.631,.180,.104,.063,.022,,.557,.623,.468,.411,.382,.158,,.551,1.000,,.076,64,,.000,,,0,0,patteru01
321,Chris Paul,PG,21,NOK,64,2353,.437,11.1,,.836,.297,.194,.141,.203,.164,,.455,.552,.432,.423,.356,.350,,.097,.680,,.008,7,,.077,.273,,0,0,paulch01
322,Sasha Pavlović,SG,23,CLE,67,1534,.453,12.6,,.698,.382,.076,.057,.184,.302,,.474,.620,.216,.357,.311,.405,,.574,.983,,.084,40,,.372,.382,,2,0,pavloal01
323,Gary Payton*,PG,38,MIA,68,1503,.393,13.5,,.664,.276,.123,.123,.142,.336,,.461,.584,.400,.400,.327,.260,,.402,.875,,.000,0,,.431,.226,,1,0,paytoga01
324,Kendrick Perkins,C,22,BOS,72,1576,.491,4.9,,.989,.431,.468,.078,.011,.011,,.496,.621,.413,.286,.667,.000,,.477,,,.063,15,,.000,,,1,0,perkike01
325,Morris Peterson,SF,29,TOR,71,1515,.429,17.8,,.429,.195,.058,.031,.145,.571,,.523,.614,.567,.375,.413,.359,,.733,.953,,.008,4,,.434,.438,,2,0,petermo01
326,Johan Petro,C,21,SEA,81,1510,.516,8.2,,1.000,.290,.279,.299,.132,.000,,.516,.622,.516,.397,.552,,,.796,,,.082,29,,,,,0,0,petrojo01
327,Eric Piatkowski,SG,36,PHO,11,73,.360,21.1,,.280,.080,.040,.000,.160,.720,,.286,1.000,.000,,.000,.389,,.500,.857,,.000,0,,.556,.400,,0,0,piatker01
328,Paul Pierce*,SG,29,BOS,47,1740,.439,15.2,,.676,.258,.044,.115,.260,.324,,.463,.553,.297,.439,.412,.389,,.417,.897,,.011,9,,.113,.516,,2,0,piercpa01
329,Mickaël Piétrus,SF,24,GSW,72,1937,.488,13.8,,.590,.338,.063,.024,.166,.410,,.558,.702,.243,.286,.423,.388,,.674,.968,,.101,56,,.821,.401,,0,0,pietrmi01
330,Kevinn Pinkney,PF,23,BOS,6,100,.444,12.3,,.926,.296,.111,.148,.370,.074,,.440,.875,.000,.250,.300,.500,,.727,1.000,,.074,2,,.000,,,0,0,pinknke01
331,Scot Pollard,C,31,CLE,24,109,.423,7.3,,1.000,.577,.038,.077,.308,.000,,.423,.467,.000,.500,.375,,,.727,,,.000,0,,,,,0,0,pollasc01
332,James Posey,SF,30,MIA,71,1919,.431,16.8,,.400,.280,.032,.021,.067,.600,,.514,.636,.286,.111,.241,.375,,.517,.918,,.042,18,,.305,.405,,0,0,poseyja01
333,Vitaly Potapenko,C,31,SAC,3,13,.000,8.9,,1.000,.500,.000,.250,.250,.000,,.000,.000,,.000,.000,,,,,,.000,0,,,,,0,0,potapvi01
334,Leon Powe,C,23,BOS,63,720,.446,4.9,,.989,.571,.271,.073,.073,.011,,.451,.495,.417,.462,.231,.000,,.354,,,.090,15,,.000,,,0,0,powele01
335,Josh Powell,PF,24,TOT,37,353,.462,9.6,,1.000,.333,.172,.151,.344,.000,,.462,.581,.563,.500,.281,,,.674,,,.032,3,,,,,0,0,poweljo01
335,Josh Powell,PF,24,IND,7,64,.133,10.2,,1.000,.400,.067,.067,.467,.000,,.133,.333,.000,.000,.000,,,.500,,,.000,0,,,,,0,0,poweljo01
335,Josh Powell,PF,24,GSW,30,289,.526,9.5,,1.000,.321,.192,.167,.321,.000,,.526,.640,.600,.538,.360,,,.683,,,.038,3,,,,,0,0,poweljo01
336,Roger Powell,SF,24,UTA,3,13,.000,8.1,,.667,.667,.000,.000,.000,.333,,.000,.000,,,,.000,,,,,.000,0,,.000,,,0,0,powelro01
337,Ronnie Price,PG,23,SAC,58,563,.390,14.5,,.622,.308,.058,.081,.174,.378,,.430,.491,.300,.143,.500,.323,,.500,.810,,.035,6,,.138,.222,,1,0,pricero01
338,Tayshaun Prince,SF,26,DET,82,3001,.460,11.7,,.789,.299,.177,.131,.183,.211,,.480,.611,.420,.344,.423,.386,,.561,.938,,.069,66,,.524,.445,,1,0,princta01
339,Joel Przybilla,C,27,POR,43,701,.474,4.6,,1.000,.615,.154,.192,.038,.000,,.474,.583,.250,.267,.667,,,.703,,,.179,13,,,,,0,0,przybjo01
340,Chris Quinn,PG,23,MIA,42,408,.366,16.8,,.565,.168,.130,.061,.206,.435,,.378,.273,.588,.125,.407,.351,,.179,.750,,.000,0,,.053,.333,,1,0,quinnch01
341,Vladimir Radmanović,PF,26,LAL,55,986,.424,13.1,,.627,.323,.127,.070,.108,.373,,.475,.569,.550,.227,.265,.339,,.606,.950,,.028,9,,.356,.476,,0,0,radmavl01
342,Shavlik Randolph,PF,23,PHI,13,179,.479,3.2,,1.000,.646,.250,.083,.021,.000,,.479,.484,.500,.250,1.000,,,.739,,,.292,10,,,,,0,0,randosh01
343,Zach Randolph,PF,25,POR,68,2425,.467,8.5,,.963,.329,.302,.117,.214,.037,,.473,.558,.452,.344,.444,.292,,.456,.857,,.007,9,,.104,.000,,3,0,randoza01
344,Theo Ratliff,C,33,BOS,2,44,.333,5.3,,1.000,.667,.000,.333,.000,.000,,.333,.500,,.000,,,,.000,,,.333,1,,,,,0,0,ratlith01
345,Allan Ray,SG,22,BOS,47,710,.386,17.0,,.552,.212,.054,.042,.243,.448,,.364,.436,.143,.273,.365,.414,,.577,.958,,.008,2,,.422,.408,,0,0,rayal01
346,Michael Redd,SF,27,MIL,53,2036,.465,13.2,,.701,.305,.103,.109,.183,.299,,.501,.636,.415,.438,.362,.382,,.486,.829,,.012,10,,.301,.457,,0,0,reddmi01
347,JJ Redick,PG,22,ORL,42,622,.410,20.5,,.497,.077,.010,.046,.364,.503,,.433,.533,.500,.222,.437,.388,,.690,.921,,.000,0,,.327,.438,,1,0,redicjj01
348,Justin Reed,PF,25,MIN,41,318,.374,8.8,,1.000,.402,.168,.075,.355,.000,,.374,.488,.222,.500,.289,,,.725,,,.065,6,,,,,0,0,reedju01
349,Jared Reiner,C,24,MIL,27,244,.349,4.3,,1.000,.605,.163,.163,.070,.000,,.349,.462,.286,.143,.000,,,.800,,,.070,3,,,,,0,0,reineja01
350,Jason Richardson,SG,26,GSW,51,1675,.417,15.6,,.590,.240,.082,.086,.184,.410,,.453,.602,.417,.365,.311,.365,,.536,.936,,.038,26,,.319,.417,,1,0,richaja01
351,Jeremy Richardson,SG-SF,22,TOT,6,20,.500,23.1,,.500,.000,.000,.000,.500,.500,,.333,,,,.333,.667,,.000,1.000,,.000,0,,.000,,,0,0,richaje01
351,Jeremy Richardson,SG,22,ATL,5,19,.500,23.1,,.500,.000,.000,.000,.500,.500,,.333,,,,.333,.667,,.000,1.000,,.000,0,,.000,,,0,0,richaje01
351,Jeremy Richardson,SF,22,POR,1,1,,,,,,,,,,,,,,,,,,,,,,0,,,,,0,0,richaje01
352,Quentin Richardson,SF,26,NYK,49,1621,.418,15.4,,.527,.277,.081,.033,.136,.473,,.456,.563,.273,.333,.378,.376,,.435,.979,,.013,7,,.264,.412,,0,0,richaqu01
353,Luke Ridnour,PG,25,SEA,71,2091,.433,12.7,,.800,.203,.239,.140,.219,.200,,.453,.475,.482,.433,.414,.353,,.206,.735,,.000,0,,.288,.325,,1,0,ridnolu01
354,Anthony Roberson,PG,23,GSW,20,227,.423,19.4,,.471,.096,.058,.067,.250,.529,,.469,.700,.333,.571,.385,.382,,.565,.857,,.000,0,,.400,.364,,0,0,roberan02
355,Lawrence Roberts,PF,24,MEM,54,969,.452,3.0,,.990,.769,.111,.048,.063,.010,,.456,.513,.261,.300,.231,.000,,.713,,,.168,30,,.000,,,1,0,roberla01
356,Bernard Robinson,SG-SF,26,TOT,31,278,.306,8.0,,.968,.516,.081,.129,.242,.032,,.317,.469,.000,.250,.133,.000,,.526,,,.016,1,,.000,,,0,0,robinbe01
356,Bernard Robinson,SG,26,CHA,21,241,.296,8.4,,.963,.519,.056,.111,.278,.037,,.308,.464,.000,.167,.133,.000,,.563,,,.019,1,,.000,,,0,0,robinbe01
356,Bernard Robinson,SF,26,NJN,10,37,.375,5.2,,1.000,.500,.250,.250,.000,.000,,.375,.500,.000,.500,,,,.333,,,.000,0,,,,,0,0,robinbe01
357,Clifford Robinson,C,40,NJN,50,955,.372,16.1,,.697,.106,.161,.078,.353,.303,,.368,.478,.371,.353,.338,.379,,.911,1.000,,.000,0,,.439,.483,,0,0,robincl02
358,Nate Robinson,PG,22,NYK,64,1356,.434,14.9,,.593,.300,.052,.057,.184,.407,,.465,.510,.556,.433,.375,.390,,.278,.867,,.004,1,,.310,.394,,3,0,robinna01
359,Sergio Rodríguez,PG,20,POR,67,862,.423,16.2,,.644,.218,.088,.050,.289,.356,,.500,.442,.429,.417,.580,.282,,.143,.583,,.000,0,,.129,.273,,1,0,rodrise01
360,Rajon Rondo,PG,20,BOS,78,1831,.418,7.7,,.936,.482,.218,.100,.136,.064,,.432,.548,.306,.356,.279,.207,,.308,1.000,,.033,13,,.241,.571,,5,0,rondora01
361,Jalen Rose,SF,34,PHO,29,246,.442,20.5,,.453,.012,.058,.105,.279,.547,,.436,1.000,.400,.556,.375,.447,,.471,.952,,.000,0,,.426,.500,,0,0,roseja01
362,Malik Rose,PF,32,NYK,65,810,.398,11.4,,.957,.333,.102,.102,.419,.043,,.404,.403,.368,.368,.423,.250,,.694,1.000,,.005,1,,.500,.250,,1,0,rosema01
363,Quinton Ross,SG,25,LAC,81,1700,.467,12.0,,.974,.325,.040,.135,.475,.026,,.474,.634,.267,.294,.433,.200,,.714,1.000,,.024,9,,.200,.000,,1,0,rossqu01
364,Brandon Roy,SG,22,POR,57,2015,.456,12.3,,.809,.268,.180,.110,.251,.191,,.475,.556,.435,.452,.427,.377,,.231,.909,,.009,7,,.315,.478,,3,0,roybr01
365,Michael Ruffin,PF,30,WAS,30,271,.278,1.1,,1.000,.889,.111,.000,.000,.000,,.278,.313,.000,,,,,.200,,,.111,2,,,,,0,0,ruffimi01
366,John Salmons,SG,27,SAC,79,2135,.456,11.4,,.783,.338,.130,.141,.174,.217,,.484,.634,.433,.425,.278,.357,,.337,.950,,.025,11,,.339,.368,,0,0,salmojo01
367,Jamal Sampson,C,23,DEN,22,125,.643,5.8,,.929,.857,.071,.000,.000,.071,,.692,.750,.000,,,.000,,.778,,,.643,8,,.000,,,1,0,sampsja01
368,Brian Scalabrine,PF,28,BOS,54,1027,.403,19.7,,.424,.136,.026,.047,.215,.576,,.407,.462,.600,.778,.268,.400,,.545,1.000,,.005,1,,.336,.378,,1,0,scalabr01
369,Luke Schenscher,C,24,POR,11,118,.304,3.4,,1.000,.609,.261,.087,.043,.000,,.304,.357,.333,.000,.000,,,.857,,,.000,0,,,,,0,0,schenlu01
370,Thabo Sefolosha,SG,22,CHI,71,868,.426,12.4,,.836,.336,.066,.098,.336,.164,,.439,.558,.353,.400,.349,.357,,.638,.933,,.043,11,,.357,.533,,0,0,sefolth01
371,Mouhamed Sene,C,20,SEA,28,169,.367,6.5,,1.000,.327,.327,.306,.041,.000,,.367,.563,.313,.200,.500,,,.611,,,.041,2,,,,,0,0,senesa01
372,Wayne Simien,PF,23,MIA,8,93,.391,9.1,,1.000,.304,.217,.304,.174,.000,,.391,.429,.200,.429,.500,,,.444,,,.000,0,,,,,0,0,simiewa01
373,Cedric Simmons,PF,21,NOK,43,534,.417,8.4,,1.000,.417,.129,.152,.303,.000,,.417,.582,.353,.450,.200,,,.691,,,.167,16,,,,,0,0,simmoce01
374,James Singleton,PF,25,LAC,53,376,.366,12.4,,.829,.317,.073,.134,.305,.171,,.397,.577,.167,.455,.240,.214,,.519,1.000,,.085,7,,.214,.000,,0,0,singlja01
375,Brian Skinner,PF,30,MIL,67,1523,.490,4.9,,1.000,.514,.292,.091,.103,.000,,.490,.546,.486,.261,.423,,,.694,,,.099,23,,,,,0,0,skinnbr01
376,Uroš Slokar,C,23,TOR,20,72,.538,13.3,,.923,.154,.192,.192,.385,.077,,.542,.500,.800,.200,.600,.500,,.923,1.000,,.077,1,,.500,1.000,,0,0,slokaur01
377,Craig Smith,PF,23,MIN,82,1537,.531,4.5,,.987,.544,.324,.063,.056,.013,,.538,.631,.433,.379,.423,.000,,.707,,,.076,31,,.000,,,3,0,smithcr01
378,J.R. Smith,SG,21,DEN,63,1471,.441,17.7,,.407,.228,.045,.030,.104,.593,,.515,.639,.310,.211,.418,.390,,.593,.940,,.081,47,,.188,.319,,0,0,smithjr01
379,Joe Smith,PF,31,TOT,65,1503,.449,10.1,,.990,.298,.174,.193,.325,.010,,.453,.620,.422,.326,.394,.000,,.729,,,.057,23,,.200,.000,,1,0,smithjo02
379,Joe Smith,PF,31,DEN,11,148,.479,11.4,,.979,.354,.146,.021,.458,.021,,.489,.647,.571,.000,.364,.000,,.739,,,.104,3,,.000,,,1,0,smithjo02
379,Joe Smith,PF,31,PHI,54,1355,.445,10.0,,.991,.291,.177,.212,.310,.009,,.449,.616,.408,.330,.398,.000,,.728,,,.051,20,,.250,.000,,0,0,smithjo02
380,Josh Smith,SF,21,ATL,72,2647,.439,10.0,,.847,.449,.116,.038,.244,.153,,.473,.623,.296,.184,.326,.250,,.543,.947,,.110,101,,.191,.207,,1,0,smithjo03
381,Steven Smith,PF,23,PHI,8,28,.250,10.7,,1.000,.250,.125,.375,.250,.000,,.250,.000,.000,.667,.000,,,.500,,,.000,0,,,,,0,0,smithst03
382,Eric Snow,PG,33,CLE,82,1929,.417,8.1,,.988,.485,.093,.182,.228,.012,,.422,.541,.133,.356,.338,.000,,.578,,,.000,0,,.000,,,0,0,snower01
383,Kirk Snyder,SF,23,HOU,39,563,.452,11.4,,.699,.445,.062,.055,.137,.301,,.539,.646,.556,.500,.200,.250,,.455,.909,,.089,13,,.386,.235,,0,0,snydeki01
384,Darius Songaila,PF,28,WAS,37,700,.524,10.8,,.991,.276,.213,.120,.382,.009,,.529,.677,.521,.407,.465,.000,,.703,,,.004,1,,.000,,,0,0,songada01
385,Pape Sow,C,25,TOR,7,34,.333,9.3,,1.000,.111,.556,.111,.222,.000,,.333,.000,.400,.000,.500,,,.667,,,.000,0,,,,,0,0,sowpa01
386,Vassilis Spanoulis,SG,24,HOU,31,272,.319,14.1,,.597,.292,.097,.069,.139,.403,,.419,.571,.143,.200,.400,.172,,.222,1.000,,.000,0,,.414,.167,,0,0,spanova01
387,Jerry Stackhouse,SF,32,DAL,67,1615,.428,15.1,,.752,.170,.075,.217,.291,.248,,.443,.595,.347,.331,.463,.383,,.427,.984,,.026,17,,.494,.375,,1,0,stackje01
388,DeShawn Stevenson,SG,25,WAS,82,2419,.461,14.6,,.757,.266,.057,.070,.364,.243,,.479,.605,.163,.453,.442,.404,,.509,.824,,.033,23,,.372,.353,,1,0,stevede01
389,Peja Stojaković,SF,29,NOK,13,425,.423,17.4,,.571,.153,.082,.082,.255,.429,,.438,.667,.438,.313,.340,.405,,.449,.941,,.015,3,,.071,.333,,0,0,stojape01
390,Damon Stoudamire,PG,33,MEM,62,1501,.391,17.3,,.600,.156,.066,.117,.261,.400,,.427,.397,.448,.412,.447,.337,,.286,.763,,.000,0,,.120,.571,,1,0,stoudda01
391,Salim Stoudamire,SG,24,ATL,61,1034,.416,18.5,,.635,.136,.026,.056,.416,.365,,.448,.586,.636,.458,.390,.361,,.537,.893,,.007,2,,.168,.500,,1,0,stoudsa01
392,Amar'e Stoudemire,C,24,PHO,82,2689,.575,5.7,,.997,.530,.215,.107,.145,.003,,.577,.691,.449,.442,.451,.000,,.649,,,.191,180,,.000,,,0,0,stoudam01
393,Mike Sweetney,C,24,CHI,48,385,.433,3.2,,1.000,.612,.291,.075,.022,.000,,.433,.573,.128,.500,.333,,,.603,,,.060,7,,,,,0,0,sweetmi01
394,Stromile Swift,C,27,MEM,54,1029,.465,6.3,,.986,.483,.275,.087,.142,.014,,.472,.581,.358,.333,.408,.000,,.553,,,.162,48,,.000,,,1,0,swiftst01
395,Wally Szczerbiak,SF,29,BOS,32,900,.415,16.0,,.727,.160,.098,.113,.356,.273,,.415,.597,.395,.318,.370,.415,,.658,.909,,.008,3,,.217,.522,,0,0,szczewa02
396,Donell Taylor,SG,24,WAS,47,369,.400,12.6,,.879,.314,.093,.064,.407,.121,,.431,.591,.231,.222,.386,.176,,.547,.333,,.021,3,,.176,.000,,0,0,taylodo01
397,Maurice Taylor,PF,30,SAC,12,103,.286,6.2,,1.000,.536,.214,.071,.179,.000,,.286,.333,.500,.000,.000,,,.250,,,.107,2,,,,,0,0,tayloma01
398,Sebastian Telfair,PG,21,BOS,78,1578,.371,13.7,,.730,.302,.076,.124,.228,.270,,.402,.517,.250,.339,.333,.289,,.266,.946,,.000,0,,.383,.327,,2,0,telfase01
399,Jason Terry,SG,29,DAL,81,2846,.484,16.3,,.652,.139,.092,.165,.256,.348,,.508,.581,.408,.537,.485,.438,,.352,.864,,.003,3,,.351,.485,,0,0,terryja01
400,Etan Thomas,C,28,WAS,65,1246,.574,3.2,,1.000,.599,.332,.054,.014,.000,,.574,.663,.424,.467,.750,,,.579,,,.199,55,,,,,0,0,thomaet01
401,Kenny Thomas,PF,29,SAC,62,1412,.482,3.3,,.997,.538,.426,.030,.003,.003,,.483,.589,.380,.111,.000,.000,,.678,,,.086,23,,.000,,,0,0,thomake01
402,Kurt Thomas,C,34,PHO,67,1208,.486,10.8,,.996,.313,.081,.205,.398,.004,,.488,.667,.429,.434,.388,.000,,.786,,,.008,2,,.000,,,0,0,thomaku01
403,Tim Thomas,PF,29,LAC,76,2054,.414,17.1,,.508,.173,.102,.126,.107,.492,,.444,.688,.419,.319,.221,.382,,.656,.978,,.029,20,,.154,.400,,5,0,thomati01
404,Tyrus Thomas,PF,20,CHI,72,966,.475,4.5,,.993,.652,.124,.124,.092,.007,,.479,.603,.314,.257,.115,.000,,.664,,,.287,76,,.500,.000,,0,0,thomaty01
405,Dijon Thompson,SF,23,ATL,6,50,.400,10.0,,.867,.467,.067,.067,.267,.133,,.462,.571,.000,.000,.500,.000,,.500,,,.000,0,,.500,.000,,0,0,thompdi01
406,Jamaal Tinsley,PG,28,IND,72,2243,.389,13.1,,.783,.193,.195,.232,.163,.217,,.409,.506,.387,.413,.317,.316,,.189,.918,,.000,0,,.135,.192,,0,0,tinslja01
407,Jake Tsakalidis,C,27,TOT,36,390,.403,4.1,,1.000,.597,.236,.083,.083,.000,,.403,.512,.118,.500,.333,,,.759,,,.042,3,,,,,0,0,tsakaja01
407,Jake Tsakalidis,C,27,MEM,23,258,.400,4.4,,1.000,.560,.260,.100,.080,.000,,.400,.571,.077,.600,.000,,,.800,,,.040,2,,,,,0,0,tsakaja01
407,Jake Tsakalidis,C,27,HOU,13,132,.409,3.5,,1.000,.682,.182,.045,.091,.000,,.409,.400,.250,.000,1.000,,,.667,,,.045,1,,,,,0,0,tsakaja01
408,P.J. Tucker,SF,21,TOR,17,83,.500,2.0,,1.000,.773,.182,.045,.000,.000,,.500,.647,.000,.000,,,,.364,,,.000,0,,,,,0,0,tuckepj01
409,Ronny Turiaf,C,24,LAL,72,1087,.549,6.3,,.996,.519,.168,.112,.198,.004,,.551,.676,.378,.333,.491,.000,,.673,,,.131,34,,1.000,.000,,0,0,turiaro01
410,Hedo Türkoğlu,SF,27,ORL,73,2268,.419,15.1,,.659,.221,.090,.145,.203,.341,,.435,.555,.324,.513,.299,.388,,.407,.945,,.012,7,,.228,.406,,2,0,turkohe01
411,Ime Udoka,SF,29,POR,75,2144,.461,15.1,,.574,.267,.062,.051,.195,.426,,.502,.664,.344,.385,.360,.406,,.635,.989,,.000,0,,.548,.417,,1,0,udokaim01
412,Beno Udrih,PG,24,SAS,73,948,.369,16.1,,.666,.198,.070,.148,.250,.334,,.410,.574,.208,.373,.360,.287,,.574,.758,,.000,0,,.330,.342,,3,0,udrihbe01
413,Anderson Varejão,C,24,CLE,81,1932,.476,5.1,,.978,.603,.197,.082,.095,.022,,.487,.628,.241,.333,.237,.000,,.607,,,.067,27,,.000,,,2,0,varejan01
414,Jacque Vaughn,PG,31,SAS,64,760,.425,12.5,,.988,.263,.084,.114,.527,.012,,.424,.409,.357,.316,.466,.500,,.543,1.000,,.000,0,,1.000,.500,,0,0,vaughja01
415,Charlie Villanueva,PF,22,MIL,39,984,.470,11.5,,.775,.300,.180,.149,.146,.225,,.508,.670,.507,.333,.357,.337,,.662,.966,,.068,23,,.151,.308,,0,0,villach01
416,Marcus Vinicius,SF,22,NOK,13,103,.467,14.6,,.533,.267,.133,.067,.067,.467,,.500,.750,.500,.000,.000,.429,,.750,1.000,,.067,1,,.286,.500,,0,0,vincima01
417,Jake Voskuhl,C,29,CHA,73,1043,.475,8.8,,1.000,.408,.114,.133,.345,.000,,.475,.644,.414,.353,.341,,,.835,,,.067,16,,,,,0,0,voskuja01
418,Sasha Vujačić,SG,22,LAL,73,935,.392,20.7,,.399,.108,.022,.034,.235,.601,,.421,.586,.167,.222,.397,.373,,.556,.950,,.000,0,,.161,.308,,3,0,vujacsa01
419,Dwyane Wade*,SG,25,MIA,51,1931,.491,11.0,,.918,.366,.098,.104,.350,.082,,.511,.670,.511,.400,.377,.266,,.275,.238,,.063,59,,.089,.143,,1,0,wadedw01
420,Von Wafer,SF,21,LAC,1,1,.000,45.3,,.000,.000,.000,.000,.000,1.000,,,,,,,.000,,,,,.000,0,,.000,,,0,0,wafervo01
421,Dajuan Wagner,SG,23,GSW,1,7,1.000,23.8,,.000,.000,.000,.000,.000,1.000,,,,,,,1.000,,,.000,,.000,0,,1.000,1.000,,0,0,wagneda02
422,Antoine Walker,PF,30,MIA,78,1818,.397,13.5,,.543,.328,.169,.027,.019,.457,,.499,.553,.442,.389,.231,.275,,.315,.929,,.010,6,,.151,.130,,1,0,walkean02
423,Ben Wallace*,C,32,CHI,77,2697,.453,3.7,,.988,.660,.193,.111,.024,.012,,.456,.525,.329,.277,.400,.200,,.592,1.000,,.127,47,,.000,,,1,0,wallabe01
424,Gerald Wallace,SF,24,CHA,72,2640,.502,6.8,,.874,.618,.082,.036,.139,.126,,.528,.587,.372,.294,.417,.325,,.506,.923,,.086,77,,.667,.350,,2,0,wallage01
425,Rasheed Wallace,C,32,DET,75,2419,.423,15.3,,.649,.171,.113,.227,.139,.351,,.463,.625,.421,.440,.333,.351,,.538,.962,,.046,36,,.176,.346,,1,1,wallara01
426,Luke Walton,SF,26,LAL,60,1982,.474,10.1,,.777,.404,.160,.084,.129,.223,,.499,.618,.416,.340,.333,.387,,.685,.958,,.027,14,,.484,.417,,1,0,waltolu01
427,Hakim Warrick,PF,24,MEM,82,2152,.524,7.0,,.989,.492,.174,.125,.198,.011,,.530,.637,.468,.371,.418,.000,,.630,,,.157,103,,.000,,,2,0,warriha01
428,Earl Watson,PG,27,SEA,77,2152,.383,15.6,,.592,.231,.099,.077,.185,.408,,.420,.478,.353,.340,.417,.329,,.205,.772,,.004,2,,.179,.320,,1,0,watsoea01
429,Chris Webber*,PF,33,TOT,61,1821,.452,9.1,,.983,.324,.227,.175,.257,.017,,.454,.643,.386,.330,.360,.364,,.632,1.000,,.067,41,,.000,,,1,0,webbech01
429,Chris Webber*,PF,33,PHI,18,544,.387,9.8,,.978,.274,.239,.165,.300,.022,,.387,.587,.291,.184,.391,.400,,.724,1.000,,.048,10,,.000,,,0,0,webbech01
429,Chris Webber*,PF,33,DET,43,1277,.489,8.7,,.985,.352,.220,.181,.232,.015,,.491,.667,.444,.405,.337,.333,,.591,1.000,,.078,31,,.000,,,1,0,webbech01
430,Martell Webster,SF,20,POR,82,1759,.396,17.7,,.492,.205,.030,.037,.220,.508,,.430,.525,.600,.278,.343,.364,,.567,.934,,.037,13,,.500,.392,,5,0,webstma02
431,Bonzi Wells,SF,30,HOU,28,590,.411,8.2,,.966,.478,.121,.159,.208,.034,,.420,.535,.480,.273,.233,.143,,.464,.000,,.029,6,,.286,.000,,2,1,wellsbo01
432,David Wesley,SG,36,CLE,35,352,.293,18.8,,.493,.173,.000,.013,.307,.507,,.351,.385,,1.000,.304,.237,,.615,1.000,,.000,0,,.447,.118,,0,0,wesleda01
433,David West,PF,26,NOK,52,1900,.476,10.3,,.968,.292,.189,.177,.311,.032,,.481,.623,.447,.386,.423,.320,,.553,.875,,.018,12,,.160,.750,,0,0,westda01
434,Delonte West,SG,23,BOS,69,2219,.427,14.4,,.752,.285,.054,.078,.335,.248,,.447,.603,.205,.339,.379,.365,,.473,.862,,.014,9,,.287,.431,,0,0,westde01
435,James White,SG,24,SAS,6,137,.439,10.5,,.829,.341,.220,.024,.244,.171,,.471,.643,.333,.000,.400,.286,,.688,1.000,,.098,4,,.571,.500,,0,0,whiteja02
436,Chris Wilcox,PF,24,SEA,82,2586,.529,5.2,,.993,.464,.348,.137,.044,.007,,.533,.705,.421,.295,.333,.000,,.709,,,.222,161,,.000,,,3,0,wilcoch01
437,Damien Wilkins,SF,27,SEA,82,2037,.435,13.0,,.797,.271,.115,.125,.287,.203,,.442,.632,.348,.413,.312,.410,,.500,.800,,.051,24,,.393,.375,,2,0,wilkida02
438,Mike Wilks,PG,27,SEA,47,534,.468,12.4,,.894,.319,.085,.106,.383,.106,,.484,.600,.333,.467,.426,.333,,.295,.600,,.000,0,,.133,.500,,1,0,wilksmi01
439,Aaron Williams,PF,35,LAC,38,374,.547,7.4,,.981,.434,.226,.170,.151,.019,,.558,.739,.417,.444,.375,.000,,.586,,,.057,3,,.000,,,1,0,williaa01
440,Alvin Williams,PG,32,LAC,2,10,.000,13.1,,.500,.500,.000,.000,.000,.500,,.000,.000,,,,.000,,,,,.000,0,,.000,,,0,0,willial02
441,Deron Williams,PG,22,UTA,80,2950,.456,13.5,,.765,.314,.073,.074,.304,.235,,.498,.553,.380,.450,.480,.322,,.354,.659,,.008,7,,.059,.400,,8,0,willide01
442,Eric Williams,SF,34,TOT,21,121,.404,17.4,,.596,.106,.064,.255,.170,.404,,.393,1.000,.000,.333,.250,.421,,.727,1.000,,.000,0,,.526,.500,,0,0,willier01
442,Eric Williams,SF,34,SAS,16,88,.441,18.5,,.500,.088,.059,.206,.147,.500,,.412,1.000,.000,.429,.200,.471,,.857,1.000,,.000,0,,.588,.500,,0,0,willier01
442,Eric Williams,SF,34,CHA,5,33,.308,14.3,,.846,.154,.077,.385,.231,.154,,.364,1.000,.000,.200,.333,.000,,.500,,,.000,0,,.000,,,0,0,willier01
443,Jason Williams,PG,31,MIA,61,1865,.413,17.8,,.482,.214,.039,.042,.186,.518,,.493,.557,.455,.333,.462,.339,,.207,.710,,.000,0,,.122,.444,,3,0,willija02
444,Justin Williams,C,22,SAC,26,333,.614,2.5,,.989,.784,.182,.000,.023,.011,,.621,.681,.375,,.500,.000,,.630,,,.205,17,,.000,,,1,0,williju01
445,Lou Williams,PG,20,PHI,61,688,.441,10.6,,.825,.427,.062,.128,.209,.175,,.466,.578,.308,.444,.295,.324,,.346,.833,,.057,12,,.243,.333,,1,0,willilo02
446,Marcus Williams,PG,21,NJN,79,1315,.395,14.3,,.690,.266,.093,.125,.205,.310,,.446,.486,.408,.485,.389,.282,,.210,.783,,.000,0,,.160,.192,,5,0,willima03
447,Marvin Williams,PF,20,ATL,64,2179,.433,12.5,,.936,.292,.091,.076,.477,.064,,.446,.485,.484,.370,.427,.244,,.756,.909,,.044,25,,.222,.300,,0,0,willima02
448,Mo Williams,PG,24,MIL,68,2472,.446,14.5,,.783,.213,.087,.164,.319,.217,,.474,.520,.363,.529,.445,.346,,.303,.722,,.002,1,,.162,.324,,3,0,willima01
449,Shammond Williams,PG,31,LAL,30,345,.407,20.5,,.419,.093,.023,.058,.244,.581,,.417,.500,.500,.400,.381,.400,,.400,.600,,.000,0,,.420,.429,,1,0,willish01
450,Shawne Williams,SG,20,IND,46,556,.469,14.0,,.675,.294,.088,.106,.188,.325,,.519,.745,.357,.412,.300,.365,,.446,.947,,.038,5,,.500,.462,,0,0,willish03
451,Shelden Williams,PF,23,ATL,81,1514,.455,8.4,,.989,.452,.121,.099,.318,.011,,.454,.582,.273,.361,.371,.500,,.652,.500,,.079,28,,.000,,,0,0,willish02
452,Corliss Williamson,PF,33,SAC,68,1337,.510,5.8,,.996,.443,.335,.089,.130,.004,,.512,.654,.413,.341,.400,.000,,.631,,,.013,4,,.000,,,0,0,willico02
453,Kevin Willis,PF,44,DAL,5,43,.385,8.0,,1.000,.385,.231,.154,.231,.000,,.385,.600,.333,.000,.333,,,1.000,,,.000,0,,,,,0,0,willike02
454,Metta World Peace,SF,27,SAC,70,2641,.440,12.7,,.750,.339,.087,.071,.253,.250,,.468,.586,.322,.365,.388,.358,,.345,.710,,.021,21,,.169,.250,,0,0,artesro01
455,Antoine Wright,SG,22,NJN,63,1137,.438,10.9,,.765,.470,.040,.036,.219,.235,,.474,.576,.400,.333,.291,.322,,.736,1.000,,.028,5,,.678,.350,,2,0,wrighan01
456,Bracey Wright,SG,22,MIN,19,190,.400,17.2,,.667,.117,.067,.117,.367,.333,,.450,.714,.250,.571,.364,.300,,.778,1.000,,.000,0,,.400,.375,,0,0,wrighbr02
457,Dorell Wright,SF,21,MIA,66,1292,.445,11.5,,.907,.316,.118,.113,.360,.093,,.476,.609,.419,.390,.405,.147,,.643,.800,,.077,25,,.500,.118,,2,0,wrighdo01
458,Lorenzen Wright,C,31,ATL,67,1035,.448,8.1,,1.000,.437,.109,.186,.268,.000,,.448,.525,.350,.500,.327,,,.707,,,.066,10,,,,,0,0,wrighlo02