,,,,,,,,,,% of FGA by Distance,% of FGA by Distance,% of FGA by Distance,% of FGA by Distance,% of FGA by Distance,% of FGA by Distance,,FG% by Distance,FG% by Distance,FG% by Distance,FG% by Distance,FG% by Distance,FG% by Distance,,% of FG Ast'd,% of FG Ast'd,,Dunks,Dunks,,Corner 3s,Corner 3s,,Heaves,Heaves,-additional
Rk,Player,Pos,Age,Tm,G,MP,FG%,Dist.,,2P,0-3,3-10,10-16,16-3P,3P,,2P,0-3,3-10,10-16,16-3P,3P,,2P,3P,,%FGA,#,,%3PA,3P%,,Att.,#,-9999
1,Shareef Abdur-Rahim,PF,31,SAC,6,51,.214,8.8,,1.000,.429,.214,.000,.357,.000,,.214,.167,.333,,.200,,,.333,,,.000,0,,,,,0,0,abdursh01
2,Arron Afflalo,SG,22,DET,75,970,.411,12.7,,.801,.332,.054,.129,.286,.199,,.461,.525,.308,.419,.435,.208,,.652,.800,,.008,2,,.458,.091,,1,0,afflaar01
3,Maurice Ager,SG,23,TOT,26,165,.323,13.7,,.708,.338,.062,.046,.262,.292,,.391,.455,.250,.000,.412,.158,,.722,1.000,,.077,5,,.211,.250,,0,0,agerma01
3,Maurice Ager,SG,23,DAL,12,77,.185,13.9,,.704,.296,.074,.111,.222,.296,,.263,.375,.500,.000,.167,.000,,.800,,,.074,2,,.000,,,0,0,agerma01
3,Maurice Ager,SG,23,NJN,14,88,.421,13.6,,.711,.368,.053,.000,.289,.289,,.481,.500,.000,,.545,.273,,.692,1.000,,.079,3,,.364,.250,,0,0,agerma01
4,Blake Ahearn,PG,23,MIA,12,177,.263,18.6,,.404,.140,.070,.088,.105,.596,,.217,.250,.500,.200,.000,.294,,.200,1.000,,.000,0,,.235,.375,,0,0,ahearbl01
5,LaMarcus Aldridge,PF,22,POR,76,2649,.484,10.9,,.994,.197,.272,.218,.308,.006,,.486,.693,.463,.443,.403,.143,,.645,1.000,,.079,86,,.143,.000,,2,0,aldrila01
6,Malik Allen,PF,29,TOT,73,1096,.480,14.8,,.994,.128,.070,.196,.599,.006,,.480,.524,.174,.469,.510,.500,,.750,1.000,,.009,3,,.000,,,1,0,allenma01
6,Malik Allen,PF,29,NJN,48,763,.475,15.0,,.992,.123,.069,.195,.605,.008,,.475,.531,.111,.451,.513,.500,,.756,1.000,,.004,1,,.000,,,1,0,allenma01
6,Malik Allen,PF,29,DAL,25,333,.500,13.9,,1.000,.152,.076,.197,.576,.000,,.500,.500,.400,.538,.500,,,.727,,,.030,2,,,,,0,0,allenma01
7,Ray Allen*,SG,32,BOS,73,2624,.445,16.7,,.542,.200,.080,.092,.169,.458,,.485,.604,.329,.330,.503,.398,,.537,.806,,.009,9,,.263,.403,,3,0,allenra02
8,Tony Allen,SG,26,BOS,75,1373,.434,8.6,,.853,.491,.149,.067,.147,.147,,.455,.524,.379,.346,.351,.316,,.490,1.000,,.049,17,,.456,.385,,1,0,allento01
9,Lance Allred,C,26,CLE,3,10,.250,17.9,,1.000,.000,.000,.000,1.000,.000,,.250,,,,.250,,,1.000,,,.000,0,,,,,0,0,allrela01
10,Morris Almond,SG,22,UTA,9,39,.267,15.0,,.733,.200,.133,.067,.333,.267,,.273,.333,.500,.000,.200,.250,,.667,1.000,,.067,1,,.500,.000,,0,0,almonmo01
11,Rafer Alston,PG,31,HOU,74,2526,.394,16.0,,.560,.214,.126,.054,.166,.440,,.427,.505,.422,.400,.340,.351,,.217,.846,,.000,0,,.091,.351,,0,0,alstora01
12,Lou Amundson,PF,25,PHI,16,64,.500,2.3,,1.000,.750,.188,.063,.000,.000,,.500,.583,.333,.000,,,,.750,,,.000,0,,,,,0,0,amundlo01
13,Chris Andersen,C,29,NOH,5,34,.286,3.9,,1.000,.429,.571,.000,.000,.000,,.286,.667,.000,,,,,.500,,,.000,0,,,,,0,0,anderch01
14,Derek Anderson,SG,33,CHA,28,396,.376,17.2,,.584,.176,.032,.104,.272,.416,,.384,.500,.250,.385,.324,.365,,.357,.947,,.000,0,,.288,.533,,0,0,anderde01
15,Carmelo Anthony,SF,23,DEN,77,2806,.492,10.9,,.889,.375,.084,.146,.285,.111,,.509,.650,.323,.366,.450,.354,,.554,.966,,.088,123,,.098,.375,,8,0,anthoca01
16,Joel Anthony,PF,25,MIA,24,498,.467,4.5,,1.000,.533,.300,.117,.050,.000,,.467,.656,.389,.000,.000,,,.571,,,.150,6,,,,,0,0,anthojo01
17,Gilbert Arenas,PG,26,WAS,13,425,.398,17.3,,.602,.204,.036,.066,.296,.398,,.475,.575,.429,.462,.414,.282,,.321,.500,,.000,0,,.051,.250,,0,0,arenagi01
18,Trevor Ariza,SF,22,TOT,35,546,.507,7.9,,.868,.544,.059,.103,.162,.132,,.542,.703,.375,.214,.273,.278,,.734,1.000,,.154,21,,.778,.357,,0,0,arizatr01
18,Trevor Ariza,SF,22,ORL,11,115,.452,7.6,,.903,.548,.032,.161,.161,.097,,.500,.647,.000,.000,.600,.000,,.786,,,.129,4,,1.000,.000,,0,0,arizatr01
18,Trevor Ariza,SF,22,LAL,24,431,.524,8.0,,.857,.543,.067,.086,.162,.143,,.556,.719,.429,.333,.176,.333,,.720,1.000,,.162,17,,.733,.455,,0,0,arizatr01
19,Darrell Armstrong,PG,39,NJN,50,549,.364,23.1,,.373,.100,.018,.055,.200,.627,,.415,.364,.500,.667,.364,.333,,.412,.957,,.000,0,,.246,.529,,6,0,armstda01
20,Hilton Armstrong,C,23,NOH,65,732,.453,4.1,,1.000,.635,.169,.142,.054,.000,,.453,.564,.280,.238,.250,,,.463,,,.182,22,,,,,0,0,armsthi01
21,Carlos Arroyo,PG,28,ORL,62,1269,.451,15.0,,.759,.233,.046,.118,.362,.241,,.485,.519,.563,.439,.468,.345,,.164,.586,,.000,0,,.286,.333,,0,0,arroyca01
22,Chucky Atkins,SG,33,DEN,24,352,.344,20.5,,.352,.148,.008,.041,.156,.648,,.395,.500,.000,.400,.316,.316,,.353,.920,,.000,0,,.152,.583,,3,0,atkinch01
23,James Augustine,PF,23,ORL,25,149,.529,4.8,,1.000,.676,.088,.118,.118,.000,,.529,.609,.333,.750,.000,,,.667,,,.059,2,,,,,0,0,augusja01
24,Kelenna Azubuike,SG,24,GSW,81,1732,.445,12.3,,.668,.346,.147,.070,.106,.332,,.485,.562,.430,.366,.387,.364,,.547,.972,,.036,20,,.354,.362,,0,0,azubuke01
25,Renaldo Balkman,SF,23,NYK,65,952,.489,3.8,,.935,.774,.059,.027,.075,.065,,.517,.597,.000,.200,.214,.083,,.589,1.000,,.183,27,,.417,.000,,0,0,balkmre01
26,Marcus Banks,PG,26,TOT,36,569,.450,17.2,,.466,.262,.010,.037,.157,.534,,.517,.660,.500,.286,.333,.392,,.261,.900,,.010,2,,.167,.588,,1,0,banksma01
26,Marcus Banks,PG,26,PHO,24,310,.404,18.6,,.404,.220,.000,.028,.156,.596,,.432,.625,,.333,.176,.385,,.474,.920,,.009,1,,.185,.583,,1,0,banksma01
26,Marcus Banks,PG,26,MIA,12,259,.512,15.3,,.549,.317,.024,.049,.159,.451,,.600,.692,.500,.250,.538,.405,,.111,.867,,.012,1,,.135,.600,,0,0,banksma01
27,Leandro Barbosa,SG,25,PHO,82,2421,.462,14.5,,.587,.312,.072,.062,.140,.413,,.514,.621,.392,.381,.399,.389,,.474,.939,,.001,1,,.308,.508,,2,0,barbole01
28,J.J. Barea,PG,23,DAL,44,460,.418,11.3,,.682,.488,.047,.047,.100,.318,,.431,.506,.125,.250,.294,.389,,.240,.667,,.000,0,,.111,.333,,2,0,bareajo01
29,Andrea Bargnani,PF,22,TOR,78,1861,.386,16.6,,.640,.199,.055,.094,.292,.360,,.409,.514,.375,.353,.363,.345,,.711,.956,,.054,33,,.011,.000,,3,0,bargnan01
30,Matt Barnes,PF,27,GSW,73,1414,.423,14.1,,.590,.303,.140,.032,.115,.410,,.513,.642,.371,.286,.412,.293,,.612,.962,,.054,20,,.331,.400,,2,0,barnema02
31,Andre Barrett,PG,25,LAC,4,25,.400,22.3,,.400,.000,.000,.200,.200,.600,,.500,,,.000,1.000,.333,,1.000,1.000,,.000,0,,.000,,,0,0,barrean01
32,Earl Barron,C,26,MIA,46,889,.404,12.5,,.960,.278,.086,.116,.480,.040,,.417,.484,.500,.289,.395,.077,,.718,1.000,,.028,7,,.154,.000,,1,0,barroea01
33,Brent Barry,SF,36,SAS,31,554,.481,20.4,,.300,.094,.050,.069,.088,.700,,.604,.933,.250,.545,.500,.429,,.724,.979,,.025,4,,.321,.556,,0,0,barrybr01
34,Brandon Bass,C,22,DAL,79,1557,.499,9.1,,.992,.300,.209,.300,.183,.008,,.503,.547,.437,.480,.544,.000,,.569,,,.103,45,,.000,,,0,0,bassbr01
35,Maceo Baston,PF,32,TOR,15,103,.680,3.2,,1.000,.640,.240,.120,.000,.000,,.680,.875,.500,.000,,,,.529,,,.320,8,,,,,0,0,bastoma01
36,Shane Battier,SF,29,HOU,80,2907,.428,17.8,,.404,.158,.099,.079,.068,.596,,.504,.582,.410,.469,.500,.377,,.540,.957,,.003,0,,.444,.402,,1,0,battish01
37,Marco Belinelli,SG,21,GSW,33,241,.387,18.7,,.559,.151,.043,.022,.344,.441,,.385,.500,.250,.000,.375,.390,,.550,.875,,.011,1,,.341,.500,,1,0,belinma01
38,Charlie Bell,SG,28,MIL,68,1628,.381,17.3,,.553,.214,.021,.060,.259,.447,,.413,.481,.400,.414,.357,.341,,.423,.824,,.012,5,,.327,.423,,2,0,bellch01
39,Raja Bell,SG,31,PHO,75,2646,.421,20.4,,.417,.070,.025,.054,.267,.583,,.449,.604,.421,.341,.433,.401,,.759,.977,,.001,1,,.408,.363,,0,0,bellra01
40,Mike Bibby,PG,29,TOT,48,1573,.411,18.8,,.589,.134,.032,.040,.383,.411,,.437,.519,.263,.333,.433,.375,,.394,.935,,.000,0,,.149,.459,,0,0,bibbymi01
40,Mike Bibby,PG,29,SAC,15,473,.406,16.9,,.682,.188,.036,.057,.401,.318,,.412,.583,.000,.364,.377,.393,,.389,.958,,.000,0,,.262,.375,,0,0,bibbymi01
40,Mike Bibby,PG,29,ATL,33,1100,.414,19.7,,.545,.109,.029,.032,.375,.455,,.451,.467,.417,.308,.461,.369,,.396,.928,,.000,0,,.112,.524,,0,0,bibbymi01
41,Andris Biedriņš,C,21,GSW,76,2078,.626,1.6,,1.000,.805,.190,.006,.000,.000,,.626,.680,.417,.000,,,,.715,,,.118,62,,,,,0,0,biedran01
42,Chauncey Billups,PG,31,DET,78,2522,.448,17.4,,.610,.187,.036,.098,.288,.390,,.479,.573,.406,.442,.439,.401,,.180,.613,,.001,1,,.126,.372,,3,0,billuch01
43,Steve Blake,PG,27,POR,81,2424,.408,19.7,,.534,.080,.070,.081,.303,.466,,.409,.490,.578,.327,.371,.406,,.307,.909,,.000,0,,.279,.494,,10,1,blakest01
44,Andray Blatche,PF,21,WAS,82,1675,.474,7.4,,.976,.491,.172,.090,.224,.024,,.480,.612,.348,.313,.358,.231,,.510,1.000,,.076,37,,.462,.500,,0,0,blatcan01
45,Mark Blount,C,32,MIA,69,1542,.462,12.3,,.915,.258,.134,.113,.410,.085,,.469,.654,.333,.379,.422,.386,,.769,1.000,,.083,37,,.318,.357,,0,0,blounma01
46,Keith Bogans,SG,27,ORL,82,2198,.410,18.9,,.304,.187,.024,.039,.054,.696,,.520,.618,.429,.304,.375,.362,,.613,.959,,.003,2,,.474,.345,,2,0,boganke01
47,Andrew Bogut,C,23,MIL,78,2720,.511,3.9,,.992,.557,.336,.054,.045,.008,,.515,.598,.448,.224,.341,.000,,.602,,,.116,102,,.000,,,0,0,bogutan01
48,Matt Bonner,PF,27,SAS,68,853,.416,17.0,,.529,.131,.151,.086,.162,.471,,.487,.763,.432,.360,.383,.336,,.680,1.000,,.010,3,,.212,.345,,0,0,bonnema01
49,Josh Boone,PF,23,NJN,70,1773,.548,1.9,,1.000,.820,.106,.030,.044,.000,,.548,.573,.457,.615,.263,,,.723,,,.191,72,,,,,0,0,boonejo01
50,Calvin Booth,C,31,PHI,31,204,.333,10.8,,1.000,.259,.111,.296,.333,.000,,.333,.714,.333,.250,.111,,,.889,,,.185,5,,,,,0,0,boothca01
51,Carlos Boozer,PF,26,UTA,81,2827,.547,7.8,,.999,.405,.185,.182,.227,.001,,.547,.684,.454,.449,.458,.000,,.709,,,.052,60,,.000,,,1,0,boozeca01
52,Chris Bosh*,C,23,TOR,67,2425,.494,9.9,,.976,.366,.114,.167,.328,.024,,.496,.625,.444,.407,.415,.400,,.604,.900,,.095,92,,.080,.500,,2,1,boshch01
53,Bruce Bowen,SF,36,SAS,81,2448,.407,18.3,,.498,.091,.086,.063,.257,.502,,.394,.410,.378,.259,.427,.419,,.786,1.000,,.000,0,,.879,.423,,2,0,bowenbr01
54,Ryan Bowen,SF,32,NOH,53,660,.490,7.9,,.990,.530,.040,.080,.340,.010,,.495,.660,.250,.250,.324,.000,,.837,,,.050,5,,1.000,.000,,0,0,bowenry01
55,Earl Boykins,PG,31,CHA,36,577,.355,14.2,,.744,.192,.134,.186,.233,.256,,.367,.485,.217,.406,.325,.318,,.298,.643,,.000,0,,.227,.300,,0,0,boykiea01
56,Elton Brand,PF,28,LAC,8,274,.456,9.8,,1.000,.228,.237,.351,.184,.000,,.456,.731,.407,.325,.429,,,.596,,,.035,4,,,,,0,0,brandel01
57,Corey Brewer,SF,21,MIN,79,1803,.374,12.0,,.926,.319,.093,.126,.389,.074,,.389,.503,.289,.279,.354,.194,,.526,.714,,.029,12,,.250,.333,,3,0,breweco01
58,Ronnie Brewer,SG,22,UTA,76,2088,.558,8.0,,.921,.591,.030,.049,.251,.079,,.587,.672,.211,.355,.478,.220,,.720,.909,,.208,120,,.200,.300,,6,0,brewero02
59,Primož Brezec,C,28,TOT,50,475,.468,9.5,,1.000,.383,.074,.223,.319,.000,,.468,.667,.286,.476,.267,,,.773,,,.064,6,,,,,0,0,brezepr01
59,Primož Brezec,C,28,CHA,20,267,.395,11.3,,1.000,.279,.093,.209,.419,.000,,.395,.583,.250,.444,.278,,,.647,,,.023,1,,,,,0,0,brezepr01
59,Primož Brezec,C,28,DET,17,98,.769,4.7,,1.000,.692,.000,.154,.154,.000,,.769,.889,,1.000,.000,,,.900,,,.154,2,,,,,0,0,brezepr01
59,Primož Brezec,C,28,TOR,13,110,.447,9.1,,1.000,.395,.079,.263,.263,.000,,.447,.600,.333,.400,.300,,,.824,,,.079,3,,,,,0,0,brezepr01
60,Aaron Brooks,PG,23,HOU,51,608,.413,16.0,,.516,.276,.053,.058,.129,.484,,.491,.548,.583,.308,.414,.330,,.211,.917,,.004,1,,.174,.368,,0,0,brookaa01
61,Andre Brown,PF,26,MEM,33,286,.500,4.9,,1.000,.538,.256,.141,.064,.000,,.500,.690,.250,.364,.200,,,.692,,,.115,8,,,,,0,0,brownan01
62,Devin Brown,SG,29,CLE,78,1762,.409,12.5,,.725,.337,.137,.109,.141,.275,,.447,.525,.438,.328,.360,.308,,.500,.978,,.017,8,,.390,.333,,3,0,brownde02
63,Kwame Brown,C,25,TOT,38,713,.507,2.6,,1.000,.704,.197,.077,.021,.000,,.507,.590,.393,.182,.000,,,.708,,,.239,31,,,,,0,0,brownkw01
63,Kwame Brown,C,25,LAL,23,509,.515,2.3,,1.000,.738,.184,.058,.019,.000,,.515,.605,.316,.167,.000,,,.755,,,.262,24,,,,,0,0,brownkw01
63,Kwame Brown,C,25,MEM,15,204,.487,3.5,,1.000,.615,.231,.128,.026,.000,,.487,.542,.556,.200,.000,,,.579,,,.179,7,,,,,0,0,brownkw01
64,P.J. Brown,PF,38,BOS,18,209,.341,8.8,,.976,.439,.073,.171,.293,.024,,.350,.333,.333,.429,.333,.000,,.643,,,.024,1,,.000,,,0,0,brownpj01
65,Shannon Brown,SG,22,TOT,21,240,.349,12.6,,.762,.357,.079,.071,.254,.238,,.365,.444,.500,.222,.250,.300,,.343,.889,,.032,4,,.533,.313,,1,0,brownsh01
65,Shannon Brown,SG,22,CLE,15,218,.369,12.6,,.739,.342,.090,.072,.234,.261,,.390,.447,.500,.250,.308,.310,,.344,.889,,.036,4,,.552,.313,,0,0,brownsh01
65,Shannon Brown,SG,22,CHI,6,22,.200,12.3,,.933,.467,.000,.067,.400,.067,,.214,.429,,.000,.000,.000,,.333,,,.000,0,,.000,,,1,0,brownsh01
66,Kobe Bryant*,SG,29,LAL,82,3192,.459,14.4,,.754,.246,.087,.129,.292,.246,,.490,.637,.544,.436,.374,.361,,.333,.680,,.049,80,,.070,.414,,6,0,bryanko01
67,Greg Buckner,SG,31,MIN,31,520,.385,16.9,,.573,.179,.077,.094,.222,.427,,.448,.714,.444,.455,.231,.300,,.500,.933,,.000,0,,.180,.444,,1,0,buckngr01
68,Caron Butler,SF,27,WAS,58,2314,.466,13.9,,.804,.264,.095,.106,.338,.196,,.492,.691,.322,.330,.436,.357,,.418,.545,,.065,61,,.146,.407,,2,0,butleca01
69,Rasual Butler,SF,28,NOH,51,875,.350,19.2,,.488,.096,.042,.096,.254,.512,,.370,.600,.182,.240,.364,.331,,.787,.955,,.019,5,,.286,.342,,0,0,butlera01
70,Andrew Bynum,C,20,LAL,35,1008,.636,2.5,,1.000,.700,.246,.044,.010,.000,,.636,.721,.479,.308,.000,,,.556,,,.310,88,,,,,0,0,bynuman01
71,José Calderón,PG,26,TOR,82,2484,.519,16.0,,.740,.238,.011,.057,.434,.260,,.551,.667,.500,.375,.511,.429,,.128,.911,,.000,0,,.147,.407,,1,1,caldejo01
72,Marcus Camby,C,33,DEN,79,2758,.450,9.3,,.969,.425,.096,.118,.329,.031,,.455,.559,.426,.387,.354,.300,,.743,1.000,,.115,66,,.600,.333,,0,0,cambyma01
73,Brian Cardinal,PF,30,MEM,37,440,.341,19.0,,.357,.167,.048,.024,.119,.643,,.400,.524,.500,.000,.267,.309,,.722,1.000,,.000,0,,.346,.286,,0,0,cardibr01
74,Rodney Carney,SF,23,PHI,70,1039,.403,14.5,,.694,.258,.079,.128,.230,.306,,.441,.614,.355,.400,.300,.317,,.592,.947,,.059,21,,.275,.424,,0,0,carnero01
75,Matt Carroll,SG,27,CHA,80,2016,.428,17.9,,.591,.141,.046,.083,.321,.409,,.422,.470,.370,.347,.429,.436,,.714,.981,,.003,1,,.423,.480,,0,0,carroma01
76,Anthony Carter,PG,32,DEN,70,1960,.458,14.3,,.729,.309,.063,.036,.321,.271,,.499,.605,.400,.647,.399,.349,,.659,.933,,.002,1,,.333,.419,,5,0,cartean01
77,Vince Carter,SG,31,NJN,76,2959,.456,12.8,,.788,.316,.094,.110,.267,.212,,.482,.558,.455,.472,.407,.359,,.458,.786,,.061,71,,.165,.467,,3,0,cartevi01
78,Sam Cassell,PG,38,TOT,55,1274,.438,16.1,,.857,.094,.075,.271,.417,.143,,.461,.500,.475,.431,.468,.303,,.305,.870,,.000,0,,.092,.714,,3,0,cassesa01
78,Sam Cassell,PG,38,LAC,38,975,.455,15.4,,.866,.109,.085,.291,.381,.134,,.486,.568,.529,.462,.471,.259,,.284,.857,,.000,0,,.074,.500,,2,0,cassesa01
78,Sam Cassell,PG,38,BOS,17,299,.385,18.1,,.831,.046,.046,.208,.531,.169,,.380,.000,.167,.296,.464,.409,,.390,.889,,.000,0,,.136,1.000,,1,0,cassesa01
79,Tyson Chandler,C,25,NOH,79,2783,.623,2.1,,.998,.744,.225,.026,.003,.002,,.624,.720,.331,.500,.000,.000,,.610,,,.331,193,,.000,,,1,0,chandty01
80,Wilson Chandler,SF,20,NYK,35,685,.438,11.0,,.876,.343,.120,.107,.306,.124,,.458,.651,.310,.346,.338,.300,,.412,1.000,,.058,11,,.367,.364,,0,0,chandwi01
81,Josh Childress,SF,24,ATL,76,2274,.571,4.5,,.895,.724,.098,.023,.051,.105,,.595,.653,.375,.154,.379,.367,,.607,.955,,.154,78,,.717,.395,,2,0,childjo01
82,Jarron Collins,C,29,UTA,70,702,.439,10.6,,.988,.317,.098,.195,.378,.012,,.444,.692,.500,.375,.258,.000,,.639,,,.024,2,,.000,,,0,0,collija03
83,Jason Collins,C,29,TOT,74,1172,.469,5.9,,.991,.558,.150,.106,.177,.009,,.473,.556,.471,.250,.350,.000,,.679,,,.080,7,,.000,,,0,0,collija04
83,Jason Collins,C,29,NJN,43,684,.426,5.4,,1.000,.611,.130,.056,.204,.000,,.426,.545,.429,.000,.182,,,.783,,,.074,4,,,,,0,0,collija04
83,Jason Collins,C,29,MEM,31,488,.508,6.4,,.983,.508,.169,.153,.153,.017,,.517,.567,.500,.333,.556,.000,,.600,,,.085,3,,.000,,,0,0,collija04
84,Mardy Collins,SG,23,NYK,46,634,.326,10.2,,.817,.389,.166,.154,.109,.183,,.343,.412,.276,.222,.368,.250,,.224,.750,,.011,2,,.281,.444,,1,0,collima01
85,Nick Collison,PF,27,SEA,78,2223,.502,7.5,,.997,.482,.164,.084,.267,.003,,.504,.634,.400,.389,.368,.000,,.637,,,.090,53,,.000,,,1,0,collini01
86,Mike Conley,PG,20,MEM,53,1381,.428,10.1,,.794,.452,.093,.084,.165,.206,,.453,.535,.268,.378,.370,.330,,.113,.867,,.002,1,,.253,.435,,2,0,conlemi01
87,Brian Cook,PF,27,TOT,51,629,.376,17.7,,.509,.171,.090,.081,.167,.491,,.378,.400,.286,.368,.410,.374,,.489,.953,,.004,1,,.009,.000,,0,0,cookbr01
87,Brian Cook,PF,27,LAL,6,70,.190,15.4,,.524,.190,.190,.095,.048,.476,,.182,.000,.000,.500,1.000,.200,,.500,1.000,,.000,0,,.000,,,0,0,cookbr01
87,Brian Cook,PF,27,ORL,45,559,.394,18.0,,.507,.169,.080,.080,.178,.493,,.398,.444,.353,.353,.395,.390,,.488,.951,,.005,1,,.010,.000,,0,0,cookbr01
88,Daequan Cook,SG,20,MIA,59,1441,.381,18.8,,.537,.123,.054,.070,.290,.463,,.424,.540,.429,.250,.416,.332,,.564,.911,,.029,12,,.231,.345,,2,0,cookda02
89,Jamal Crawford,SG,27,NYK,80,3190,.410,16.6,,.645,.138,.104,.143,.260,.355,,.439,.448,.389,.427,.461,.356,,.292,.688,,.007,6,,.283,.421,,5,0,crawfja01
90,Javaris Crittenton,SG,20,TOT,50,679,.421,9.4,,.841,.506,.099,.017,.219,.159,,.449,.551,.348,.250,.275,.270,,.239,.900,,.030,7,,.081,.000,,0,0,crittja01
90,Javaris Crittenton,SG,20,LAL,22,171,.491,8.9,,.943,.453,.151,.038,.302,.057,,.500,.625,.375,.500,.375,.333,,.400,1.000,,.038,2,,.000,,,0,0,crittja01
90,Javaris Crittenton,SG,20,MEM,28,508,.400,9.5,,.811,.522,.083,.011,.194,.189,,.432,.532,.333,.000,.229,.265,,.175,.889,,.028,5,,.088,.000,,0,0,crittja01
91,Austin Croshere,PF,32,GSW,44,457,.445,15.7,,.555,.285,.066,.073,.131,.445,,.513,.667,.222,.400,.389,.361,,.538,1.000,,.066,8,,.213,.385,,1,0,croshau01
92,Eddy Curry,C,25,NYK,59,1530,.546,2.9,,1.000,.621,.327,.042,.009,.000,,.546,.642,.416,.261,.000,,,.646,,,.149,78,,,,,0,0,curryed01
93,Samuel Dalembert,C,26,PHI,82,2724,.513,6.0,,.998,.533,.138,.203,.126,.002,,.514,.642,.330,.425,.313,.000,,.664,,,.230,136,,1.000,.000,,0,0,dalemsa01
94,Erick Dampier,C,32,DAL,72,1755,.643,1.2,,1.000,.845,.141,.014,.000,.000,,.643,.688,.410,.250,,,,.652,,,.271,72,,,,,0,0,dampier01
95,Antonio Daniels,PG,32,WAS,71,2161,.459,11.3,,.834,.333,.143,.152,.206,.166,,.504,.678,.453,.353,.370,.230,,.314,.706,,.036,16,,.108,.125,,0,0,daniean01
96,Marquis Daniels,SG,27,IND,74,1546,.430,11.7,,.818,.275,.217,.182,.144,.182,,.466,.662,.426,.343,.309,.265,,.407,.926,,.021,12,,.363,.270,,3,0,daniema01
97,Jermareo Davidson,SF,23,CHA,38,322,.408,11.3,,1.000,.264,.120,.192,.424,.000,,.408,.636,.333,.250,.358,,,.686,,,.040,4,,,,,0,0,davidje01
98,Baron Davis,PG,28,GSW,82,3196,.426,13.8,,.656,.307,.125,.085,.140,.344,,.477,.609,.366,.349,.362,.330,,.199,.468,,.011,16,,.118,.242,,9,0,davisba01
99,Glen Davis,C,22,BOS,69,940,.484,5.0,,1.000,.647,.136,.050,.167,.000,,.484,.573,.267,.182,.405,,,.645,,,.023,5,,,,,0,0,davisgl01
100,Paul Davis,PF,23,LAC,22,194,.369,10.9,,1.000,.338,.031,.200,.431,.000,,.369,.500,.500,.231,.321,,,.708,,,.062,3,,,,,0,0,davispa01
101,Ricky Davis,SF,28,MIA,82,2963,.433,16.7,,.657,.179,.054,.107,.317,.343,,.447,.609,.346,.452,.370,.405,,.516,.911,,.023,19,,.243,.457,,2,0,davisri01
102,Carlos Delfino,SG,25,TOR,82,1928,.397,16.4,,.503,.256,.044,.046,.157,.497,,.412,.488,.536,.310,.283,.382,,.397,.967,,.030,14,,.296,.333,,4,0,delfica01
103,Luol Deng,SF,22,CHI,63,2128,.479,10.3,,.975,.364,.117,.122,.373,.025,,.482,.620,.371,.349,.425,.364,,.672,.750,,.050,43,,.455,.500,,1,0,denglu01
104,Boris Diaw,PF,25,PHO,82,2308,.477,10.6,,.937,.342,.156,.099,.339,.063,,.488,.624,.465,.266,.425,.317,,.647,1.000,,.019,11,,.634,.385,,1,0,diawbo01
105,Yakhouba Diawara,SG,25,DEN,54,542,.410,14.6,,.507,.351,.052,.015,.090,.493,,.500,.574,.429,.500,.250,.318,,.618,.952,,.060,7,,.273,.278,,1,0,diawaya01
106,Guillermo Díaz,SG,22,LAC,6,18,.250,14.9,,.750,.250,.000,.000,.500,.250,,.333,1.000,,,.000,.000,,.000,,,.000,0,,.000,,,0,0,diazgu01
107,Dan Dickau,PG,29,LAC,67,1040,.419,16.8,,.635,.182,.074,.074,.304,.365,,.468,.537,.409,.455,.444,.333,,.364,.750,,.000,0,,.194,.476,,0,0,dickada01
108,Kaniel Dickens,PF,29,CLE,5,12,.333,9.7,,1.000,.333,.000,.333,.333,.000,,.333,.000,,.000,1.000,,,1.000,,,.000,0,,,,,0,0,dickeka01
109,Travis Diener,PG,25,IND,66,1356,.370,20.1,,.458,.074,.040,.084,.260,.542,,.431,.531,.471,.417,.402,.318,,.282,.743,,.000,0,,.155,.306,,0,0,dienetr01
110,Ike Diogu,PF,24,IND,30,305,.478,6.5,,1.000,.418,.321,.127,.134,.000,,.478,.554,.395,.412,.500,,,.453,,,.075,9,,,,,0,0,dioguik01
111,DeSagana Diop,C,26,TOT,79,1295,.522,3.4,,1.000,.683,.150,.133,.033,.000,,.522,.626,.333,.333,.000,,,.638,,,.183,32,,,,,0,0,diopde01
111,DeSagana Diop,C,26,DAL,52,894,.583,1.9,,1.000,.783,.148,.070,.000,.000,,.583,.644,.353,.375,,,,.612,,,.209,24,,,,,0,0,diopde01
111,DeSagana Diop,C,26,NJN,27,401,.415,6.1,,1.000,.508,.154,.246,.092,.000,,.415,.576,.300,.313,.000,,,.704,,,.138,8,,,,,0,0,diopde01
112,Juan Dixon,PG,29,TOT,53,668,.411,16.1,,.721,.174,.066,.124,.357,.279,,.409,.578,.471,.344,.337,.417,,.447,.800,,.000,0,,.375,.407,,1,0,dixonju01
112,Juan Dixon,PG,29,TOR,36,424,.369,15.0,,.756,.213,.075,.138,.331,.244,,.347,.559,.500,.364,.170,.436,,.476,.765,,.000,0,,.308,.417,,1,0,dixonju01
112,Juan Dixon,PG,29,DET,17,244,.480,17.8,,.663,.112,.051,.102,.398,.337,,.523,.636,.400,.300,.564,.394,,.412,.846,,.000,0,,.455,.400,,0,0,dixonju01
113,Michael Doleac,C,30,MIN,24,257,.444,12.8,,1.000,.175,.143,.222,.460,.000,,.444,.455,.444,.286,.517,,,.893,,,.000,0,,,,,0,0,doleami01
114,Keyon Dooling,PG,27,ORL,72,1334,.468,12.4,,.846,.281,.116,.156,.293,.154,,.492,.571,.490,.591,.363,.338,,.199,.773,,.040,14,,.292,.474,,0,0,doolike01
115,Quincy Douby,PG,23,SAC,74,876,.394,15.3,,.636,.221,.131,.069,.215,.364,,.423,.500,.432,.261,.389,.344,,.256,.548,,.009,3,,.295,.167,,0,0,doubyqu01
116,Jared Dudley,PF,22,CHA,73,1384,.468,11.6,,.882,.368,.086,.055,.374,.118,,.502,.648,.333,.474,.400,.220,,.643,1.000,,.003,1,,.390,.125,,0,0,dudleja01
117,Chris Duhon,PG,25,CHI,66,1490,.387,15.0,,.549,.302,.067,.064,.116,.451,,.418,.471,.391,.273,.375,.348,,.329,.870,,.003,1,,.232,.333,,1,0,duhonch01
118,Tim Duncan*,C,31,SAS,78,2651,.497,7.2,,.997,.340,.365,.171,.121,.003,,.498,.696,.412,.353,.408,.000,,.509,,,.037,43,,.250,.000,,1,0,duncati01
119,Mike Dunleavy,SG,27,IND,82,2953,.476,14.7,,.652,.260,.106,.064,.222,.348,,.504,.641,.449,.375,.407,.424,,.572,.952,,.011,11,,.249,.474,,1,0,dunlemi02
120,Ronald Dupree,SF,27,TOT,5,21,.333,15.8,,1.000,.000,.000,.667,.333,.000,,.333,,,.500,.000,,,1.000,,,.000,0,,,,,0,0,duprero01
120,Ronald Dupree,SF,27,DET,1,3,,,,,,,,,,,,,,,,,,,,,,0,,,,,0,0,duprero01
120,Ronald Dupree,SF,27,SEA,4,18,.333,15.8,,1.000,.000,.000,.667,.333,.000,,.333,,,.500,.000,,,1.000,,,.000,0,,,,,0,0,duprero01
121,Kevin Durant,SG,19,SEA,80,2768,.430,12.8,,.850,.259,.121,.152,.318,.150,,.455,.607,.376,.341,.415,.288,,.555,.932,,.070,92,,.078,.375,,1,0,duranke01
122,Monta Ellis,SG,22,GSW,81,3071,.531,9.6,,.958,.426,.110,.092,.329,.042,,.545,.675,.430,.460,.438,.231,,.455,.917,,.059,69,,.481,.360,,1,0,ellismo01
123,Francisco Elson,C,31,TOT,63,813,.390,11.1,,.996,.254,.148,.250,.343,.004,,.391,.517,.343,.305,.383,.000,,.793,,,.085,16,,.000,,,0,0,elsonfr01
123,Francisco Elson,C,31,SAS,41,534,.419,10.0,,1.000,.318,.142,.257,.284,.000,,.419,.532,.333,.289,.452,,,.871,,,.122,14,,,,,0,0,elsonfr01
123,Francisco Elson,C,31,SEA,22,279,.341,13.1,,.989,.148,.159,.239,.443,.011,,.345,.462,.357,.333,.308,.000,,.633,,,.023,2,,.000,,,0,0,elsonfr01
124,Melvin Ely,C,29,NOH,52,621,.472,6.9,,1.000,.322,.406,.172,.100,.000,,.472,.586,.397,.484,.389,,,.506,,,.094,14,,,,,0,0,elyme01
125,Maurice Evans,SG,29,TOT,75,1720,.481,11.9,,.617,.420,.053,.068,.075,.383,,.539,.620,.414,.459,.244,.388,,.652,.914,,.147,75,,.813,.412,,0,0,evansma01
125,Maurice Evans,SG,29,LAL,7,96,.321,11.8,,.750,.357,.107,.143,.143,.250,,.381,.500,.333,.500,.000,.143,,.375,1.000,,.143,3,,.571,.250,,0,0,evansma01
125,Maurice Evans,SG,29,ORL,68,1624,.489,11.9,,.609,.424,.050,.064,.072,.391,,.549,.626,.423,.455,.270,.396,,.665,.913,,.147,72,,.822,.416,,0,0,evansma01
126,Reggie Evans,PF,27,PHI,81,1879,.439,2.6,,.997,.725,.194,.032,.046,.003,,.438,.494,.328,.273,.125,1.000,,.656,.000,,.090,29,,.000,,,0,0,evansre01
127,Jordan Farmar,PG,21,LAL,82,1690,.461,15.9,,.513,.277,.048,.062,.127,.487,,.546,.617,.433,.462,.475,.371,,.475,.807,,.019,11,,.244,.373,,3,0,farmajo01
128,Nick Fazekas,PF,22,TOT,26,269,.561,5.2,,.976,.488,.354,.073,.061,.024,,.575,.600,.552,.667,.400,.000,,.630,,,.024,2,,.000,,,0,0,fazekni01
128,Nick Fazekas,PF,22,DAL,4,9,.400,5.4,,1.000,.400,.400,.200,.000,.000,,.400,.500,.500,.000,,,,.500,,,.000,0,,,,,0,0,fazekni01
128,Nick Fazekas,PF,22,LAC,22,260,.571,5.2,,.974,.494,.351,.065,.065,.026,,.587,.605,.556,.800,.400,.000,,.636,,,.026,2,,.000,,,0,0,fazekni01
129,Raymond Felton,PG,23,CHA,79,2972,.413,13.1,,.799,.339,.064,.063,.333,.201,,.447,.497,.500,.429,.389,.280,,.185,.696,,.002,1,,.175,.286,,4,0,feltora01
130,Kyrylo Fesenko,C,21,UTA,9,70,.375,1.1,,1.000,.750,.250,.000,.000,.000,,.375,.417,.250,,,,,.167,,,.063,1,,,,,0,0,fesenky01
131,Michael Finley,SG,34,SAS,82,2204,.414,19.3,,.531,.057,.049,.118,.307,.469,,.453,.581,.405,.467,.432,.370,,.639,.977,,.008,6,,.373,.414,,1,0,finlemi01
132,Derek Fisher,PG,33,LAL,82,2249,.436,17.3,,.645,.161,.048,.068,.368,.355,,.453,.400,.432,.340,.500,.406,,.454,.955,,.000,0,,.438,.504,,0,0,fishede01
133,T.J. Ford,PG,24,TOR,51,1199,.469,11.2,,.903,.321,.094,.197,.292,.097,,.488,.518,.449,.515,.451,.294,,.130,.800,,.006,2,,.235,.167,,1,0,fordtj01
134,Jeff Foster,C,31,IND,77,1884,.550,6.1,,.992,.566,.161,.075,.190,.008,,.554,.673,.367,.393,.423,.000,,.683,,,.078,27,,.333,.000,,0,0,fosteje01
135,Randy Foye,PG,24,MIN,39,1259,.429,15.6,,.680,.184,.128,.123,.245,.320,,.436,.553,.424,.316,.416,.412,,.219,.738,,.013,5,,.128,.474,,3,0,foyera01
136,Adonal Foyle,C,32,ORL,82,774,.458,3.2,,1.000,.614,.320,.065,.000,.000,,.458,.500,.469,.000,,,,.629,,,.033,5,,,,,0,0,foylead01
137,Richie Frahm,SG,30,LAC,10,163,.370,18.1,,.537,.148,.056,.093,.241,.463,,.448,.625,.000,.400,.462,.280,,.692,1.000,,.037,2,,.400,.400,,0,0,frahmri01
138,Steve Francis,PG,30,HOU,10,199,.333,13.9,,.702,.351,.035,.035,.281,.298,,.375,.450,.000,.000,.375,.235,,.333,.250,,.000,0,,.176,.333,,0,0,francst01
139,Channing Frye,C,24,POR,78,1342,.488,13.6,,.978,.196,.146,.097,.539,.022,,.492,.652,.348,.455,.480,.300,,.752,.667,,.051,21,,.300,.333,,0,0,fryech01
140,Dan Gadzuric,C,29,MIL,51,534,.416,4.2,,.994,.604,.227,.084,.078,.006,,.418,.527,.286,.154,.250,.000,,.703,,,.201,26,,.000,,,0,0,gadzuda01
141,Jorge Garbajosa,PF,30,TOR,7,74,.320,22.4,,.360,.040,.000,.000,.320,.640,,.222,.000,,,.250,.375,,1.000,1.000,,.000,0,,.313,.200,,0,0,garbajo01
142,Francisco García,SF,26,SAC,79,2096,.463,15.2,,.616,.269,.056,.081,.210,.384,,.508,.629,.310,.426,.437,.391,,.455,.903,,.012,8,,.260,.453,,1,0,garcifr01
143,Thomas Gardner,SG,22,CHI,4,45,.391,17.9,,.478,.174,.043,.043,.217,.522,,.545,.500,.000,1.000,.600,.250,,1.000,1.000,,.000,0,,.250,.667,,0,0,gardnth01
144,Kevin Garnett*,PF,31,BOS,71,2328,.539,11.5,,.989,.238,.181,.205,.365,.011,,.545,.737,.486,.488,.482,.000,,.676,,,.087,84,,.000,,,3,0,garneke01
145,Pat Garrity,PF,31,ORL,31,284,.338,19.0,,.538,.063,.075,.075,.325,.463,,.442,.800,.333,.333,.423,.216,,.789,1.000,,.000,0,,.189,.286,,0,0,garripa01
146,Pau Gasol*,C,27,TOT,66,2351,.534,7.3,,.982,.401,.256,.160,.165,.018,,.539,.695,.465,.380,.429,.250,,.609,1.000,,.124,104,,.375,.167,,1,0,gasolpa01
146,Pau Gasol*,C,27,MEM,39,1433,.501,8.4,,.973,.357,.248,.145,.223,.027,,.507,.668,.471,.346,.395,.267,,.575,1.000,,.097,51,,.400,.167,,1,0,gasolpa01
146,Pau Gasol*,C,27,LAL,27,918,.589,5.6,,.997,.474,.270,.183,.069,.003,,.590,.728,.456,.426,.609,.000,,.658,,,.168,53,,.000,,,0,0,gasolpa01
147,Rudy Gay,SF,21,MEM,81,3000,.461,13.8,,.714,.269,.121,.123,.201,.286,,.507,.616,.463,.398,.454,.346,,.297,.858,,.095,115,,.186,.472,,9,0,gayru01
148,Mickaël Gelabale,SG,24,SEA,39,465,.439,14.3,,.764,.210,.102,.134,.318,.236,,.442,.636,.375,.476,.320,.432,,.528,.875,,.038,5,,.378,.429,,0,0,gelabmi01
149,Devean George,SF,30,DAL,53,821,.357,15.5,,.671,.208,.087,.126,.251,.329,,.374,.581,.278,.231,.308,.324,,.596,.955,,.039,7,,.456,.258,,1,0,georgde01
150,Daniel Gibson,PG,21,CLE,58,1765,.432,19.7,,.424,.112,.052,.034,.226,.576,,.421,.462,.292,.375,.438,.440,,.422,.890,,.000,0,,.425,.456,,2,0,gibsoda01
151,Eddie Gill,PG,29,TOT,14,154,.387,16.9,,.516,.226,.032,.065,.194,.484,,.438,.429,.000,.000,.667,.333,,.286,.600,,.000,0,,.067,1.000,,0,0,gilled01
151,Eddie Gill,PG,29,NJN,13,149,.414,16.4,,.517,.241,.034,.069,.172,.483,,.467,.429,.000,.000,.800,.357,,.286,.600,,.000,0,,.071,1.000,,0,0,gilled01
151,Eddie Gill,PG,29,SEA,1,5,.000,23.9,,.500,.000,.000,.000,.500,.500,,.000,,,,.000,.000,,,,,.000,0,,.000,,,0,0,gilled01
152,Manu Ginóbili*,SG,30,SAS,74,2299,.460,15.1,,.605,.250,.096,.091,.168,.395,,.499,.626,.394,.389,.430,.401,,.269,.795,,.018,14,,.159,.435,,3,0,ginobma01
153,Gordan Giriček,SG,30,TOT,56,831,.440,16.2,,.672,.175,.076,.103,.318,.328,,.478,.660,.435,.419,.406,.364,,.536,.889,,.017,5,,.343,.471,,0,0,giricgo01
153,Gordan Giriček,SG,30,UTA,22,279,.402,16.3,,.667,.206,.049,.069,.343,.333,,.426,.476,.200,.286,.457,.353,,.655,.833,,.029,3,,.235,.500,,0,0,giricgo01
153,Gordan Giriček,SG,30,PHI,12,110,.317,16.9,,.634,.146,.073,.073,.341,.366,,.308,.500,.000,.667,.214,.333,,.500,1.000,,.000,0,,.600,.333,,0,0,giricgo01
153,Gordan Giriček,SG,30,PHO,22,442,.497,16.0,,.686,.164,.094,.132,.296,.314,,.550,.846,.600,.429,.426,.380,,.483,.895,,.013,2,,.340,.529,,0,0,giricgo01
154,Ryan Gomes,PF,25,MIN,82,2434,.457,13.5,,.791,.249,.112,.142,.288,.209,,.491,.587,.479,.451,.433,.330,,.661,.966,,.020,16,,.341,.377,,3,0,gomesry01
155,Drew Gooden,PF,26,TOT,69,2122,.449,9.0,,.992,.354,.177,.227,.234,.008,,.452,.595,.359,.429,.329,.000,,.611,,,.068,47,,.333,.000,,1,0,goodedr01
155,Drew Gooden,PF,26,CLE,51,1564,.444,9.5,,.994,.329,.180,.235,.250,.006,,.446,.599,.319,.447,.336,.000,,.638,,,.061,30,,.667,.000,,0,0,goodedr01
155,Drew Gooden,PF,26,CHI,18,558,.461,8.0,,.986,.415,.171,.207,.194,.014,,.467,.589,.459,.378,.310,.000,,.550,,,.083,17,,.000,,,1,0,goodedr01
156,Ben Gordon,SG,24,CHI,72,2291,.434,16.9,,.676,.146,.070,.127,.333,.324,,.445,.462,.413,.463,.438,.410,,.429,.718,,.003,2,,.220,.461,,1,0,gordobe01
157,Marcin Gortat,C,23,ORL,6,41,.471,3.9,,1.000,.647,.235,.059,.059,.000,,.471,.636,.250,.000,.000,,,.625,,,.118,2,,,,,0,0,gortama01
158,Joey Graham,SF,25,TOR,38,331,.434,10.1,,.973,.336,.159,.133,.345,.027,,.427,.500,.389,.533,.333,.667,,.809,.500,,.080,9,,.000,,,0,0,grahajo01
159,Stephen Graham,SF,25,IND,22,128,.586,14.5,,.759,.241,.069,.103,.345,.241,,.614,.786,.750,.500,.500,.500,,.519,.857,,.069,4,,.214,1.000,,0,0,grahast01
160,Danny Granger,SF,24,IND,80,2876,.446,15.6,,.649,.221,.100,.078,.250,.351,,.468,.560,.446,.415,.412,.404,,.454,.982,,.026,28,,.128,.444,,1,0,grangda01
161,Aaron Gray,C,23,CHI,61,613,.505,4.1,,.995,.574,.270,.118,.034,.005,,.507,.556,.509,.375,.143,.000,,.505,,,.069,13,,.000,,,0,0,grayaa01
162,Gerald Green,SF,22,TOT,30,362,.344,15.7,,.742,.192,.046,.146,.358,.258,,.330,.448,.429,.227,.296,.385,,.486,1.000,,.060,7,,.282,.545,,0,0,greenge01
162,Gerald Green,SF,22,MIN,29,358,.331,16.0,,.736,.176,.047,.149,.365,.264,,.312,.385,.429,.227,.296,.385,,.471,1.000,,.054,6,,.282,.545,,0,0,greenge01
162,Gerald Green,SF,22,HOU,1,4,1.000,0.0,,1.000,1.000,.000,.000,.000,.000,,1.000,1.000,,,,,,.667,,,.333,1,,,,,0,0,greenge01
163,Jeff Green,SF,21,SEA,80,2253,.427,9.7,,.899,.344,.211,.127,.216,.101,,.444,.601,.405,.253,.346,.276,,.582,1.000,,.077,52,,.592,.356,,1,0,greenje02
164,Taurean Green,SG-PG,21,TOT,17,74,.280,19.2,,.560,.120,.040,.000,.400,.440,,.357,.667,.000,,.300,.182,,.000,.500,,.000,0,,.091,.000,,0,0,greenta01
164,Taurean Green,PG,21,POR,8,44,.250,20.8,,.500,.063,.063,.000,.375,.500,,.375,1.000,.000,,.333,.125,,.000,.000,,.000,0,,.000,,,0,0,greenta01
164,Taurean Green,SG,21,DEN,9,30,.333,16.4,,.667,.222,.000,.000,.444,.333,,.333,.500,,,.250,.333,,.000,1.000,,.000,0,,.333,.000,,0,0,greenta01
165,Willie Green,SG,26,PHI,74,1970,.436,12.5,,.794,.303,.120,.122,.249,.206,,.475,.625,.375,.377,.387,.285,,.582,.902,,.025,22,,.229,.317,,1,0,greenwi01
166,Orien Greene,SG,25,SAC,7,61,.273,10.2,,.909,.545,.091,.091,.182,.091,,.300,.500,.000,.000,.000,.000,,.667,,,.182,2,,.000,,,1,0,greenor01
167,Adrian Griffin,SG-SF,33,TOT,35,307,.395,8.1,,1.000,.382,.171,.263,.184,.000,,.395,.448,.308,.450,.286,,,.433,,,.000,0,,,,,0,0,griffad01
167,Adrian Griffin,SG,33,CHI,22,222,.400,8.2,,1.000,.383,.133,.283,.200,.000,,.400,.391,.250,.529,.333,,,.458,,,.000,0,,,,,0,0,griffad01
167,Adrian Griffin,SF,33,SEA,13,85,.375,7.6,,1.000,.375,.313,.188,.125,.000,,.375,.667,.400,.000,.000,,,.333,,,.000,0,,,,,0,0,griffad01
168,Richard Hamilton,SG,29,DET,72,2424,.484,14.0,,.863,.188,.072,.229,.374,.137,,.492,.582,.500,.466,.460,.440,,.645,.984,,.009,8,,.553,.474,,1,0,hamilri01
169,Anfernee Hardaway,SF,36,MIA,16,325,.367,15.7,,.683,.150,.133,.150,.250,.317,,.341,.222,.500,.333,.333,.421,,.429,1.000,,.017,0,,.316,.167,,0,0,hardaan01
170,Matt Harpring,SF,31,UTA,76,1374,.500,9.8,,.979,.386,.082,.177,.333,.021,,.506,.672,.385,.405,.399,.200,,.787,1.000,,.008,4,,1.000,.200,,0,0,harprma01
171,Al Harrington,C,27,GSW,81,2190,.434,15.8,,.558,.245,.103,.062,.148,.442,,.482,.628,.347,.439,.350,.375,,.484,1.000,,.049,40,,.221,.400,,3,0,harrial01
172,Othella Harrington,C,34,CHA,22,166,.429,9.4,,1.000,.262,.190,.381,.167,.000,,.429,.545,.500,.313,.429,,,.667,,,.000,0,,,,,0,0,harriot01
173,Devin Harris,PG,24,TOT,64,2022,.463,11.3,,.759,.413,.108,.069,.169,.241,,.504,.598,.360,.438,.393,.335,,.358,.679,,.012,7,,.156,.308,,7,0,harride01
173,Devin Harris,PG,24,DAL,39,1184,.483,9.8,,.819,.475,.109,.062,.173,.181,,.511,.587,.381,.458,.403,.357,,.389,.840,,.013,4,,.186,.385,,4,0,harride01
173,Devin Harris,PG,24,NJN,25,838,.438,13.2,,.683,.333,.108,.078,.163,.317,,.493,.618,.333,.417,.380,.320,,.311,.548,,.010,3,,.134,.231,,3,0,harride01
174,Mike Harris,PF,24,HOU,17,159,.500,5.6,,.963,.611,.093,.130,.130,.037,,.519,.727,.200,.143,.143,.000,,.556,,,.130,6,,.500,.000,,0,0,harrimi01
175,David Harrison,C,25,IND,55,702,.529,5.0,,1.000,.494,.312,.112,.082,.000,,.529,.679,.358,.474,.357,,,.533,,,.129,20,,,,,0,0,harrida01
176,Jason Hart,PG,29,UTA,57,606,.322,16.2,,.828,.161,.083,.083,.500,.172,,.315,.483,.200,.333,.278,.355,,.468,.909,,.000,0,,.226,.714,,1,0,hartja01
177,Udonis Haslem,PF,27,MIA,49,1805,.467,10.6,,1.000,.280,.124,.247,.349,.000,,.467,.627,.365,.464,.379,,,.764,,,.036,16,,,,,0,0,hasleud01
178,Trenton Hassell,SG,28,TOT,63,773,.422,15.1,,.933,.141,.067,.163,.563,.067,,.437,.263,.444,.409,.487,.222,,.745,1.000,,.000,0,,.556,.400,,0,0,hassetr01
178,Trenton Hassell,SG,28,DAL,37,463,.463,15.0,,.950,.125,.075,.175,.575,.050,,.474,.100,.500,.429,.565,.250,,.778,1.000,,.000,0,,.750,.333,,0,0,hassetr01
178,Trenton Hassell,SG,28,NJN,26,310,.364,15.2,,.909,.164,.055,.145,.545,.091,,.380,.444,.333,.375,.367,.200,,.684,1.000,,.000,0,,.400,.500,,0,0,hassetr01
179,Spencer Hawes,C,19,SAC,71,931,.459,9.8,,.934,.321,.233,.126,.255,.066,,.478,.559,.432,.425,.444,.190,,.599,.750,,.069,21,,.476,.300,,0,0,hawessp01
180,Chuck Hayes,PF,24,HOU,79,1575,.511,2.9,,.986,.670,.281,.036,.000,.014,,.518,.595,.371,.250,,.000,,.735,,,.018,3,,.000,,,1,0,hayesch01
181,Jarvis Hayes,SF,26,DET,82,1287,.431,17.2,,.615,.161,.042,.119,.294,.385,,.465,.753,.333,.383,.358,.376,,.708,.904,,.022,10,,.320,.403,,0,0,hayesja01
182,Brendan Haywood,C,28,WAS,80,2228,.528,4.4,,1.000,.551,.287,.129,.033,.000,,.528,.676,.343,.390,.200,,,.528,,,.182,107,,,,,0,0,haywobr01
183,Luther Head,SG,25,HOU,73,1379,.432,15.9,,.528,.308,.025,.027,.168,.472,,.504,.551,.333,.154,.500,.351,,.433,.734,,.002,1,,.120,.333,,1,0,headlu01
184,Walter Herrmann,PF,28,TOT,45,373,.389,16.0,,.556,.243,.049,.083,.181,.444,,.450,.571,.571,.333,.308,.313,,.500,.950,,.014,2,,.516,.303,,0,0,herrmwa01
184,Walter Herrmann,PF,28,CHA,17,174,.385,16.3,,.600,.200,.046,.092,.262,.400,,.410,.538,.667,.333,.294,.346,,.438,1.000,,.015,1,,.615,.438,,0,0,herrmwa01
184,Walter Herrmann,PF,28,DET,28,199,.392,15.7,,.519,.278,.051,.076,.114,.481,,.488,.591,.500,.333,.333,.289,,.550,.909,,.013,1,,.447,.176,,0,0,herrmwa01
185,Nenê,PF,25,DEN,16,266,.408,5.7,,.986,.620,.099,.127,.141,.014,,.414,.455,.429,.333,.300,.000,,.586,,,.225,9,,.000,,,1,0,hilarne01
186,Grant Hill*,SF,35,PHO,70,2222,.503,11.4,,.854,.344,.065,.164,.281,.146,,.535,.686,.457,.427,.430,.317,,.646,1.000,,.029,19,,.779,.358,,0,0,hillgr01
187,Kirk Hinrich,PG,27,CHI,75,2380,.414,16.8,,.699,.158,.043,.129,.369,.301,,.442,.540,.412,.388,.422,.350,,.248,.917,,.000,0,,.188,.289,,1,0,hinriki01
188,Ryan Hollins,PF,23,CHA,60,532,.489,4.6,,1.000,.585,.202,.117,.096,.000,,.489,.618,.368,.182,.333,,,.609,,,.234,17,,,,,0,0,holliry01
189,Al Horford,C,21,ATL,81,2540,.499,7.3,,.993,.412,.251,.136,.193,.007,,.502,.640,.429,.429,.357,.000,,.676,,,.108,68,,.000,,,1,0,horfoal01
190,Robert Horry,PF,37,SAS,45,583,.319,18.1,,.412,.185,.025,.042,.160,.588,,.408,.364,.000,.800,.421,.257,,.800,1.000,,.034,2,,.400,.214,,0,0,horryro01
191,Eddie House,PG,29,BOS,78,1480,.409,21.1,,.439,.045,.030,.055,.309,.561,,.429,.417,.250,.414,.451,.393,,.580,.906,,.000,0,,.326,.485,,1,0,houseed01
192,Dwight Howard,C,22,ORL,82,3088,.599,3.4,,.996,.584,.348,.057,.006,.004,,.601,.756,.401,.250,.500,.000,,.678,,,.297,269,,.000,,,3,0,howardw01
193,Josh Howard,SF,27,DAL,76,2757,.455,13.6,,.832,.200,.137,.192,.302,.168,,.482,.672,.456,.421,.407,.319,,.436,.940,,.019,24,,.224,.340,,5,0,howarjo01
194,Juwan Howard,PF,34,DAL,50,353,.359,8.0,,1.000,.375,.203,.188,.234,.000,,.359,.417,.154,.417,.400,,,.957,,,.047,2,,,,,0,0,howarju01
195,Troy Hudson,PG,31,GSW,9,93,.290,19.8,,.613,.032,.097,.129,.355,.387,,.263,1.000,.000,.250,.273,.333,,.200,.750,,.000,0,,.167,.000,,1,0,hudsotr01
196,Larry Hughes,PG-SG,29,TOT,68,2020,.381,15.4,,.758,.225,.055,.104,.375,.242,,.392,.489,.273,.301,.377,.345,,.500,.925,,.022,16,,.278,.426,,1,0,hughela01
196,Larry Hughes,PG,29,CLE,40,1210,.377,15.5,,.736,.218,.065,.109,.345,.264,,.389,.462,.290,.308,.388,.341,,.489,.930,,.019,8,,.270,.382,,1,0,hughela01
196,Larry Hughes,SG,29,CHI,28,810,.387,15.1,,.789,.235,.040,.096,.418,.211,,.396,.526,.231,.290,.363,.353,,.515,.917,,.028,8,,.294,.500,,0,0,hughela01
197,Kris Humphries,PF,22,TOR,70,925,.483,7.6,,.994,.447,.171,.159,.216,.006,,.486,.591,.439,.434,.347,.000,,.621,,,.120,37,,.000,,,1,0,humphkr01
198,Lindsey Hunter,PG,37,DET,24,215,.344,17.8,,.594,.203,.016,.047,.328,.406,,.395,.308,.000,.333,.476,.269,,.400,.857,,.000,0,,.154,.500,,0,0,hunteli01
199,Steven Hunter,C,26,DEN,19,120,.536,2.3,,1.000,.821,.071,.071,.036,.000,,.536,.652,.000,.000,.000,,,.667,,,.286,6,,,,,0,0,huntest01
200,Andre Iguodala,SF,24,PHI,82,3242,.456,14.1,,.760,.280,.059,.106,.316,.240,,.496,.689,.387,.289,.414,.329,,.466,.772,,.114,141,,.290,.326,,9,1,iguodan01
201,Zydrunas Ilgauskas,C,32,CLE,73,2222,.474,9.5,,.999,.381,.134,.151,.332,.001,,.475,.615,.398,.391,.384,.000,,.578,,,.030,24,,.000,,,0,0,ilgauzy01
202,D.J. Mbenga,C,27,TOT,42,326,.464,6.6,,1.000,.393,.262,.298,.048,.000,,.464,.515,.500,.400,.250,,,.744,,,.095,7,,,,,0,0,mbengdj01
202,D.J. Mbenga,C,27,GSW,16,130,.391,5.2,,1.000,.522,.217,.261,.000,.000,,.391,.417,.400,.333,,,,.778,,,.087,2,,,,,0,0,mbengdj01
202,D.J. Mbenga,C,27,LAL,26,196,.492,7.2,,1.000,.344,.279,.311,.066,.000,,.492,.571,.529,.421,.250,,,.733,,,.098,5,,,,,0,0,mbengdj01
203,Allen Iverson*,SG,32,DEN,82,3424,.458,11.8,,.823,.303,.136,.154,.230,.177,,.482,.578,.436,.429,.416,.345,,.222,.811,,.001,2,,.138,.316,,2,0,iversal01
204,Royal Ivey,PG,26,MIL,75,1437,.394,13.5,,.717,.299,.093,.082,.243,.283,,.421,.460,.286,.226,.489,.327,,.632,1.000,,.005,2,,.449,.333,,1,0,iveyro01
205,Jarrett Jack,SG,24,POR,82,2229,.431,13.6,,.694,.239,.174,.095,.185,.306,,.470,.534,.417,.492,.426,.342,,.243,.892,,.002,1,,.374,.394,,2,0,jackja01
206,Bobby Jackson,SG-PG,34,TOT,72,1389,.403,17.6,,.553,.166,.083,.045,.259,.447,,.439,.524,.429,.435,.389,.358,,.309,.790,,.000,0,,.261,.407,,1,0,jacksbo01
206,Bobby Jackson,SG,34,NOH,46,891,.392,17.9,,.514,.159,.088,.041,.226,.486,,.414,.468,.423,.417,.373,.368,,.286,.811,,.000,0,,.222,.375,,0,0,jacksbo01
206,Bobby Jackson,PG,34,HOU,26,498,.419,17.1,,.610,.176,.076,.052,.305,.390,,.469,.595,.438,.455,.406,.341,,.333,.750,,.000,0,,.329,.444,,1,0,jacksbo01
207,Luke Jackson,SF,26,MIA,14,228,.325,14.8,,.625,.263,.113,.063,.188,.375,,.300,.476,.000,.000,.333,.367,,.533,1.000,,.013,1,,.200,.500,,0,0,jackslu02
208,Stephen Jackson,SF,29,GSW,73,2855,.405,16.1,,.584,.221,.115,.062,.186,.416,,.435,.605,.333,.253,.357,.363,,.304,.819,,.015,17,,.104,.538,,3,0,jacksst02
209,Casey Jacobsen,SG,26,MEM,53,547,.339,16.8,,.374,.296,.017,.026,.035,.626,,.535,.588,.500,.333,.250,.222,,.609,1.000,,.009,1,,.431,.323,,1,0,jacobca01
210,Jerome James,C,32,NYK,2,5,1.000,4.6,,1.000,.000,1.000,.000,.000,.000,,1.000,,1.000,,,,,1.000,,,.000,0,,,,,0,0,jamesje01
211,LeBron James,SF,23,CLE,75,3027,.484,12.2,,.781,.373,.090,.080,.238,.219,,.531,.706,.426,.303,.372,.315,,.333,.398,,.069,109,,.095,.353,,2,0,jamesle01
212,Mike James,PG,32,TOT,54,720,.348,14.5,,.666,.259,.128,.066,.214,.334,,.363,.427,.459,.211,.274,.320,,.414,1.000,,.000,0,,.278,.296,,1,0,jamesmi01
212,Mike James,PG,32,HOU,33,537,.350,14.9,,.673,.243,.128,.062,.239,.327,,.362,.418,.448,.214,.296,.324,,.418,1.000,,.000,0,,.297,.273,,1,0,jamesmi01
212,Mike James,PG,32,NOH,21,183,.344,13.3,,.641,.313,.125,.078,.125,.359,,.366,.450,.500,.200,.125,.304,,.400,1.000,,.000,0,,.217,.400,,0,0,jamesmi01
213,Antawn Jamison,PF,31,WAS,79,3061,.436,12.9,,.750,.238,.222,.101,.190,.250,,.468,.641,.452,.329,.346,.339,,.552,.950,,.007,10,,.178,.349,,1,0,jamisan01
214,Marko Jarić,SG,29,MIN,75,2189,.430,14.1,,.759,.299,.076,.055,.330,.241,,.451,.481,.375,.379,.454,.362,,.459,.891,,.004,2,,.276,.343,,5,0,jaricma01
215,Al Jefferson,C,23,MIN,82,2919,.500,6.9,,.997,.350,.356,.206,.084,.003,,.502,.669,.456,.380,.298,.000,,.510,,,.076,97,,.000,,,3,0,jeffeal01
216,Richard Jefferson,SF,27,NJN,82,3200,.466,11.7,,.840,.373,.068,.078,.320,.160,,.486,.599,.378,.356,.409,.362,,.738,.961,,.074,90,,.286,.426,,0,0,jefferi01
217,Jared Jeffries,SF,26,NYK,73,1325,.400,8.2,,.907,.552,.093,.026,.237,.093,,.424,.510,.320,.143,.297,.160,,.596,1.000,,.070,18,,.320,.125,,1,0,jeffrja01
218,Yi Jianlian,PF,20,MIL,66,1647,.421,12.4,,.960,.288,.088,.112,.471,.040,,.427,.473,.261,.310,.457,.286,,.770,.833,,.090,40,,.095,.000,,0,0,jianlyi01
219,Alexander Johnson,PF,24,MIA,43,549,.488,7.9,,1.000,.448,.120,.144,.288,.000,,.488,.571,.333,.278,.528,,,.656,,,.128,13,,,,,0,0,johnsal01
220,Amir Johnson,PF,20,DET,62,764,.558,2.8,,1.000,.715,.170,.073,.042,.000,,.558,.678,.321,.250,.000,,,.511,,,.182,30,,,,,0,0,johnsam01
221,Anthony Johnson,PG,33,TOT,69,1531,.437,14.1,,.738,.231,.110,.141,.256,.262,,.431,.610,.410,.340,.330,.452,,.540,.881,,.020,5,,.323,.567,,0,0,johnsan02
221,Anthony Johnson,PG,33,ATL,42,1121,.431,14.0,,.764,.240,.094,.142,.288,.236,,.431,.641,.400,.342,.312,.429,,.568,.889,,.022,4,,.302,.579,,0,0,johnsan02
221,Anthony Johnson,PG,33,SAC,27,410,.455,14.2,,.659,.205,.159,.136,.159,.341,,.431,.500,.429,.333,.429,.500,,.440,.867,,.011,1,,.367,.545,,0,0,johnsan02
222,DerMarr Johnson,SF,27,SAS,5,28,.500,19.6,,.357,.143,.000,.071,.143,.643,,.800,1.000,,1.000,.500,.333,,1.000,1.000,,.000,0,,.444,.250,,0,0,johnsde03
223,Joe Johnson,SG,26,ATL,82,3343,.432,15.0,,.703,.186,.154,.113,.251,.297,,.454,.550,.500,.426,.367,.381,,.372,.781,,.009,12,,.270,.383,,6,1,johnsjo02
224,Linton Johnson,PF,27,TOT,8,63,.474,13.1,,.842,.263,.105,.158,.316,.158,,.500,.600,.000,1.000,.333,.333,,.625,1.000,,.053,1,,.667,.500,,0,0,johnsli01
224,Linton Johnson,PF,27,PHO,6,53,.500,12.2,,.857,.286,.143,.143,.286,.143,,.500,.500,.000,1.000,.500,.500,,.500,1.000,,.071,1,,.500,1.000,,0,0,johnsli01
224,Linton Johnson,PF,27,TOR,2,10,.400,15.6,,.800,.200,.000,.200,.400,.200,,.500,1.000,,1.000,.000,.000,,1.000,,,.000,0,,1.000,.000,,0,0,johnsli01
225,Bobby Jones,SF,24,TOT,47,531,.429,12.3,,.621,.443,.064,.021,.093,.379,,.483,.548,.333,.000,.385,.340,,.476,1.000,,.050,7,,.415,.273,,2,0,jonesbo02
225,Bobby Jones,SF,24,DEN,25,222,.406,11.9,,.641,.453,.078,.016,.094,.359,,.415,.483,.200,.000,.333,.391,,.529,1.000,,.063,4,,.478,.364,,1,0,jonesbo02
225,Bobby Jones,SF,24,MEM,9,137,.389,11.8,,.639,.500,.056,.028,.056,.361,,.478,.556,.000,.000,.500,.231,,.545,1.000,,.028,1,,.231,.000,,1,0,jonesbo02
225,Bobby Jones,SF,24,HOU,4,9,.500,7.1,,1.000,.500,.250,.000,.250,.000,,.500,.500,1.000,,.000,,,.500,,,.250,1,,,,,0,0,jonesbo02
225,Bobby Jones,SF,24,MIA,6,143,.531,13.4,,.531,.406,.031,.000,.094,.469,,.647,.692,1.000,,.333,.400,,.364,1.000,,.031,1,,.400,.333,,0,0,jonesbo02
225,Bobby Jones,SF,24,SAS,3,20,.250,20.9,,.500,.000,.000,.250,.250,.500,,.500,,,.000,1.000,.000,,.000,,,.000,0,,1.000,.000,,0,0,jonesbo02
226,Dahntay Jones,SG,27,SAC,25,206,.434,10.2,,.887,.358,.208,.113,.208,.113,,.468,.526,.545,.167,.455,.167,,.318,.000,,.075,4,,.167,.000,,0,0,jonesda02
227,Damon Jones,SG,31,CLE,67,1336,.416,21.6,,.240,.058,.028,.036,.118,.760,,.414,.714,.100,.462,.326,.417,,.472,.965,,.000,0,,.482,.451,,0,0,jonesda01
228,Dwayne Jones,PF,24,CLE,56,472,.532,2.3,,.979,.872,.085,.021,.000,.021,,.543,.610,.000,.000,,.000,,.240,,,.085,4,,.000,,,0,0,jonesdw02
229,Eddie Jones,SG,36,DAL,47,922,.367,18.8,,.356,.167,.061,.039,.089,.644,,.500,.767,.091,.286,.375,.293,,.844,1.000,,.017,3,,.319,.432,,1,0,jonesed02
230,Fred Jones,SG,28,NYK,70,1757,.421,15.1,,.556,.294,.079,.051,.132,.444,,.450,.528,.441,.318,.333,.385,,.287,.946,,.016,4,,.292,.375,,4,0,jonesfr01
231,James Jones,SF,27,POR,58,1276,.437,20.2,,.373,.076,.028,.064,.205,.627,,.426,.560,.222,.333,.433,.444,,.750,.989,,.006,2,,.454,.462,,0,0,jonesja02
232,Solomon Jones,PF,23,ATL,35,145,.400,5.6,,.933,.667,.100,.067,.100,.067,,.429,.500,.333,.000,.333,.000,,.583,,,.200,4,,.000,,,0,0,jonesso01
233,Chris Kaman,C,25,LAC,56,2083,.483,6.2,,.994,.393,.354,.167,.080,.006,,.486,.582,.440,.350,.500,.000,,.615,,,.063,41,,.000,,,1,0,kamanch01
234,Jason Kapono,SF,26,TOR,81,1530,.488,16.9,,.763,.096,.072,.141,.454,.237,,.489,.625,.278,.471,.500,.483,,.763,1.000,,.000,0,,.508,.517,,0,0,kaponja01
235,Coby Karl,SG,24,LAL,17,71,.346,16.3,,.500,.192,.154,.038,.115,.500,,.385,.600,.500,.000,.000,.308,,.600,1.000,,.077,2,,.154,.500,,0,0,karlco01
236,Viktor Khryapa,PF,25,CHI,9,105,.387,13.4,,.968,.290,.065,.032,.581,.032,,.400,.556,.000,1.000,.333,.000,,.750,,,.032,1,,.000,,,0,0,khryavi01
237,Jason Kidd*,PG,34,TOT,80,2906,.385,16.8,,.607,.212,.045,.077,.272,.393,,.387,.494,.139,.279,.375,.381,,.360,.916,,.001,0,,.170,.358,,3,0,kiddja01
237,Jason Kidd*,PG,34,NJN,51,1895,.366,17.8,,.570,.173,.031,.084,.282,.430,,.374,.442,.118,.304,.381,.356,,.385,.917,,.002,0,,.178,.357,,2,0,kiddja01
237,Jason Kidd*,PG,34,DAL,29,1011,.426,14.4,,.689,.299,.078,.061,.250,.311,,.411,.562,.158,.200,.361,.461,,.319,.914,,.000,0,,.145,.364,,1,0,kiddja01
238,Tarence Kinsey,SG,23,MEM,11,96,.421,14.5,,.816,.237,.026,.158,.395,.184,,.419,.556,.000,.167,.467,.429,,.615,1.000,,.026,1,,.429,.667,,0,0,kinseta01
239,Andrei Kirilenko,SF,26,UTA,72,2217,.506,11.4,,.787,.426,.059,.042,.259,.213,,.540,.690,.250,.174,.418,.379,,.710,.909,,.108,57,,.250,.310,,0,0,kirilan01
240,Linas Kleiza,SF,23,DEN,79,1889,.472,13.6,,.580,.344,.096,.056,.083,.420,,.568,.687,.444,.351,.364,.339,,.728,.979,,.102,62,,.419,.405,,3,0,kleizli01
241,Brevin Knight,PG,32,LAC,74,1674,.404,15.7,,.982,.135,.064,.094,.690,.018,,.411,.522,.409,.375,.394,.000,,.674,,,.000,0,,.167,.000,,1,0,knighbr01
242,Kyle Korver,SG-PF,26,TOT,75,1732,.443,19.4,,.485,.090,.019,.104,.271,.515,,.516,.673,.727,.467,.468,.375,,.868,.955,,.002,1,,.324,.448,,0,0,korveky01
242,Kyle Korver,PF,26,PHI,25,657,.396,19.1,,.524,.115,.009,.115,.286,.476,,.437,.577,.000,.385,.415,.352,,.808,.921,,.000,0,,.194,.524,,0,0,korveky01
242,Kyle Korver,SG,26,UTA,50,1075,.474,19.6,,.460,.075,.026,.098,.261,.540,,.575,.769,.889,.529,.505,.388,,.902,.973,,.003,1,,.399,.427,,0,0,korveky01
243,Nenad Krstić,C,24,NJN,45,812,.410,12.5,,.993,.200,.160,.130,.503,.007,,.413,.567,.250,.308,.430,.000,,.813,,,.020,6,,.000,,,0,0,krstine01
244,Raef LaFrentz,C,31,POR,39,291,.443,6.9,,.934,.590,.082,.049,.213,.066,,.474,.556,.200,.000,.462,.000,,.778,,,.016,1,,.500,.000,,0,0,lafrera01
245,Carl Landry,PF,24,HOU,42,711,.616,5.2,,.995,.653,.082,.091,.169,.005,,.619,.713,.444,.350,.486,.000,,.733,,,.256,52,,.000,,,0,0,landrca01
246,Keith Langford,SG,24,SAS,2,10,.250,9.8,,1.000,.500,.000,.000,.500,.000,,.250,.000,,,.500,,,1.000,,,.000,0,,,,,0,0,langfke01
247,Stéphane Lasme,PF-SF,25,TOT,16,303,.451,6.8,,1.000,.507,.183,.042,.268,.000,,.451,.583,.154,.333,.421,,,.844,,,.155,10,,,,,0,0,lasmest01
247,Stéphane Lasme,SF,25,GSW,1,0,,,,,,,,,,,,,,,,,,,,,,0,,,,,0,0,lasmest01
247,Stéphane Lasme,PF,25,MIA,15,303,.451,6.8,,1.000,.507,.183,.042,.268,.000,,.451,.583,.154,.333,.421,,,.844,,,.155,10,,,,,0,0,lasmest01
248,Acie Law,PG,23,ATL,56,865,.401,10.2,,.857,.426,.097,.105,.228,.143,,.433,.525,.435,.320,.315,.206,,.295,.857,,.008,2,,.265,.333,,1,0,lawac01
249,David Lee,PF,24,NYK,81,2356,.552,3.5,,.997,.697,.136,.091,.073,.003,,.554,.603,.464,.482,.333,.000,,.592,,,.175,102,,1.000,.000,,0,0,leeda02
250,Rashard Lewis,PF,28,ORL,81,3076,.455,16.3,,.513,.182,.121,.122,.088,.487,,.498,.618,.438,.413,.450,.409,,.434,.929,,.026,27,,.266,.429,,5,0,lewisra02
251,Kyle Lowry,PG,21,MEM,82,2089,.432,11.7,,.764,.412,.101,.073,.177,.236,,.487,.520,.450,.442,.448,.257,,.223,.861,,.003,1,,.371,.346,,10,0,lowryky01
252,Tyronn Lue,PG,30,TOT,50,736,.447,17.3,,.660,.146,.079,.103,.332,.340,,.443,.514,.450,.385,.429,.453,,.216,.744,,.000,0,,.093,.500,,1,0,luety01
252,Tyronn Lue,PG,30,ATL,33,564,.439,17.6,,.648,.143,.061,.102,.342,.352,,.441,.500,.417,.400,.433,.435,,.214,.700,,.000,0,,.072,.400,,0,0,luety01
252,Tyronn Lue,PG,30,DAL,17,172,.474,16.5,,.702,.158,.140,.105,.298,.298,,.450,.556,.500,.333,.412,.529,,.222,.889,,.000,0,,.176,.667,,1,0,luety01
253,Mark Madsen,PF,32,MIN,20,151,.158,3.3,,1.000,.579,.316,.105,.000,.000,,.158,.182,.000,.500,,,,.000,,,.000,0,,,,,0,0,madsema01
254,Corey Maggette,SF,28,LAC,70,2502,.458,12.8,,.797,.316,.106,.085,.290,.203,,.477,.671,.321,.329,.366,.384,,.600,.897,,.040,37,,.099,.300,,4,1,maggeco01
255,Jamaal Magloire,C,29,TOT,31,286,.327,4.5,,1.000,.545,.309,.073,.073,.000,,.327,.433,.118,.000,.750,,,.667,,,.145,7,,,,,0,0,magloja01
255,Jamaal Magloire,C,29,NJN,24,259,.306,4.5,,1.000,.571,.265,.082,.082,.000,,.306,.393,.077,.000,.750,,,.733,,,.143,6,,,,,0,0,magloja01
255,Jamaal Magloire,C,29,DAL,7,27,.500,4.1,,1.000,.333,.667,.000,.000,.000,,.500,1.000,.250,,,,,.333,,,.167,1,,,,,0,0,magloja01
256,Ian Mahinmi,C,21,SAS,6,23,.500,3.0,,1.000,.500,.500,.000,.000,.000,,.500,.667,.333,,,,,.500,,,.250,3,,,,,0,0,mahinia01
257,Stephon Marbury,PG,30,NYK,24,805,.419,12.6,,.721,.351,.117,.075,.177,.279,,.435,.505,.516,.300,.298,.378,,.193,.643,,.000,0,,.135,.400,,1,1,marbust01
258,Shawn Marion,PF,29,TOT,63,2315,.508,9.2,,.748,.470,.133,.098,.047,.252,,.567,.670,.400,.364,.432,.333,,.778,.970,,.182,130,,.419,.313,,0,0,mariosh01
258,Shawn Marion,PF,29,PHO,47,1713,.526,9.7,,.711,.479,.102,.081,.048,.289,,.599,.686,.424,.362,.500,.347,,.817,.983,,.196,104,,.419,.314,,0,0,mariosh01
258,Shawn Marion,PF,29,MIA,16,602,.459,7.8,,.852,.445,.220,.144,.043,.148,,.494,.624,.370,.367,.222,.258,,.670,.875,,.144,26,,.419,.308,,0,0,mariosh01
259,Sean Marks,C,32,PHO,19,130,.535,15.7,,.907,.209,.000,.070,.628,.093,,.564,.778,,.667,.481,.250,,.955,1.000,,.163,7,,.500,.000,,0,0,marksse01
260,Donyell Marshall,PF,34,TOT,26,340,.327,15.6,,.459,.286,.092,.010,.071,.541,,.378,.500,.333,.000,.000,.283,,.471,1.000,,.031,3,,.472,.320,,0,0,marshdo01
260,Donyell Marshall,PF,34,CLE,11,156,.295,15.8,,.477,.273,.068,.023,.114,.523,,.238,.417,.000,.000,.000,.348,,.600,1.000,,.023,1,,.652,.333,,0,0,marshdo01
260,Donyell Marshall,PF,34,SEA,15,184,.352,15.5,,.444,.296,.111,.000,.037,.556,,.500,.563,.500,,.000,.233,,.417,1.000,,.037,2,,.333,.300,,0,0,marshdo01
261,Darrick Martin,PG,36,TOR,17,141,.233,17.7,,.628,.209,.047,.047,.326,.372,,.296,.333,.000,1.000,.214,.125,,.000,1.000,,.000,0,,.125,.500,,1,0,martida01
262,Kenyon Martin,PF,30,DEN,71,2159,.538,6.7,,.984,.475,.223,.117,.169,.016,,.544,.708,.410,.366,.381,.182,,.757,1.000,,.232,151,,.182,.500,,1,0,martike01
263,Kevin Martin,SG,24,SAC,61,2216,.456,14.0,,.709,.275,.092,.098,.244,.291,,.478,.602,.393,.422,.395,.402,,.458,.832,,.059,51,,.233,.435,,0,0,martike02
264,Desmond Mason,SF,30,MIL,59,1702,.482,5.9,,1.000,.455,.273,.195,.078,.000,,.482,.608,.400,.366,.324,,,.687,,,.080,32,,,,,0,0,masonde01
265,Roger Mason,PG,27,WAS,80,1708,.443,20.3,,.455,.098,.023,.033,.300,.545,,.498,.644,.357,.450,.467,.398,,.426,.738,,.002,1,,.165,.407,,0,0,masonro01
266,Jason Maxiell,C,24,DET,82,1768,.538,6.9,,.998,.482,.146,.215,.155,.002,,.539,.651,.462,.396,.464,.000,,.642,,,.231,86,,.000,,,1,0,maxieja01
267,Rashad McCants,SG,23,MIN,75,2020,.453,15.9,,.630,.206,.096,.090,.238,.370,,.481,.613,.418,.471,.396,.407,,.283,.789,,.025,23,,.126,.318,,2,0,mccanra01
268,Jelani McCoy,C,30,DEN,6,33,1.000,0.0,,1.000,1.000,.000,.000,.000,.000,,1.000,1.000,,,,,,1.000,,,1.000,1,,,,,0,0,mccoyje01
269,Antonio McDyess,PF,33,DET,78,2285,.488,12.6,,.997,.282,.032,.137,.547,.003,,.490,.686,.316,.329,.439,.000,,.860,,,.058,33,,.000,,,1,0,mcdyean01
270,Tracy McGrady*,SG,28,HOU,66,2440,.419,15.5,,.774,.203,.072,.094,.406,.226,,.457,.547,.383,.431,.430,.292,,.392,.733,,.037,43,,.047,.214,,3,0,mcgratr01
271,Dominic McGuire,SG,22,WAS,70,695,.379,8.7,,.942,.466,.175,.049,.252,.058,,.392,.604,.056,.200,.269,.167,,.658,1.000,,.165,17,,.000,,,0,0,mcguido01
272,Jeff McInnis,PG,33,CHA,54,1410,.434,14.5,,.924,.133,.116,.233,.442,.076,,.457,.697,.483,.379,.418,.158,,.486,.333,,.000,0,,.105,.000,,0,0,mcinnje01
273,Josh McRoberts,PF,20,POR,8,28,.600,8.6,,.900,.400,.200,.100,.200,.100,,.667,.750,.500,1.000,.500,.000,,.833,,,.300,3,,.000,,,0,0,mcrobjo01
274,Chris Mihm,C,28,LAL,23,278,.337,6.0,,1.000,.400,.368,.158,.074,.000,,.337,.368,.286,.333,.429,,,.656,,,.074,6,,,,,0,0,mihmch01
275,C.J. Miles,SG,20,UTA,60,689,.479,14.4,,.674,.297,.089,.055,.233,.326,,.522,.714,.476,.385,.327,.390,,.639,1.000,,.085,19,,.117,.333,,1,0,milescj01
276,Darko Miličić,C,22,MEM,70,1663,.438,5.7,,.998,.392,.442,.088,.076,.002,,.439,.592,.353,.318,.289,.000,,.630,,,.080,37,,.000,,,0,0,milicda01
277,Andre Miller,PG,31,PHI,82,3016,.492,10.2,,.971,.312,.132,.304,.221,.029,,.504,.620,.497,.466,.398,.088,,.320,.667,,.001,1,,.059,.000,,11,0,millean02
278,Brad Miller,C,31,SAC,72,2513,.463,12.0,,.876,.308,.125,.073,.371,.124,,.484,.571,.352,.396,.474,.311,,.689,1.000,,.032,22,,.356,.344,,2,0,millebr01
279,Mike Miller,SG,27,MEM,70,2474,.502,16.0,,.564,.288,.044,.038,.195,.436,,.557,.684,.361,.355,.453,.432,,.382,.890,,.019,15,,.145,.462,,0,0,millemi01
280,Paul Millsap,PF,22,UTA,82,1702,.504,5.4,,.992,.572,.195,.074,.151,.008,,.508,.589,.418,.351,.395,.000,,.621,,,.064,26,,.000,,,1,0,millspa01
281,Yao Ming*,C,27,HOU,55,2044,.507,7.4,,.998,.344,.298,.248,.108,.002,,.508,.659,.469,.431,.315,.000,,.609,,,.108,83,,.000,,,0,0,mingya01
282,Cuttino Mobley,SG,32,LAC,77,2702,.433,15.0,,.779,.183,.070,.207,.320,.221,,.457,.553,.508,.472,.381,.349,,.513,.970,,.020,17,,.339,.385,,2,0,moblecu01
283,Nazr Mohammed,C,30,TOT,82,1650,.515,7.1,,.998,.424,.208,.225,.140,.002,,.516,.634,.427,.429,.432,.000,,.610,,,.076,34,,.000,,,1,0,mohamna01
283,Nazr Mohammed,C,30,DET,21,228,.475,8.0,,.983,.475,.153,.169,.186,.017,,.483,.643,.333,.400,.273,.000,,.607,,,.102,5,,.000,,,1,0,mohamna01
283,Nazr Mohammed,C,30,CHA,61,1422,.520,7.0,,1.000,.418,.215,.232,.134,.000,,.520,.633,.436,.431,.460,,,.611,,,.072,29,,,,,0,0,mohamna01
284,Jamario Moon,SF,27,TOR,78,2166,.485,13.6,,.788,.313,.040,.071,.363,.212,,.528,.689,.348,.512,.411,.328,,.753,.950,,.150,75,,.426,.346,,2,0,moonja01
285,Mikki Moore,PF,32,SAC,82,2385,.577,6.6,,.996,.509,.200,.057,.229,.004,,.579,.719,.439,.357,.446,.000,,.720,,,.209,96,,.500,.000,,0,0,mooremi01
286,Randolph Morris,C,22,NYK,18,181,.362,7.2,,1.000,.241,.448,.259,.052,.000,,.362,.571,.385,.200,.000,,,.667,,,.034,1,,,,,0,0,morrira01
287,Alonzo Mourning*,C,37,MIA,25,389,.547,3.9,,1.000,.453,.505,.032,.011,.000,,.547,.721,.417,.333,.000,,,.577,,,.232,20,,,,,0,0,mournal01
288,Troy Murphy,PF,27,IND,75,2106,.455,15.3,,.659,.232,.091,.063,.273,.341,,.484,.640,.317,.523,.397,.398,,.656,.989,,.059,38,,.089,.286,,0,0,murphtr01
289,Ronald Murray,PG,28,TOT,42,874,.420,12.6,,.828,.294,.131,.153,.251,.172,,.441,.556,.396,.375,.370,.317,,.216,.600,,.030,7,,.175,.091,,5,0,murraro01
289,Ronald Murray,PG,28,DET,19,347,.410,13.1,,.806,.338,.072,.165,.230,.194,,.455,.574,.300,.435,.344,.222,,.255,.500,,.043,3,,.222,.000,,3,0,murraro01
289,Ronald Murray,PG,28,IND,23,527,.425,12.3,,.842,.268,.167,.145,.263,.158,,.432,.541,.421,.333,.383,.389,,.193,.643,,.022,4,,.139,.200,,2,0,murraro01
290,Dikembe Mutombo*,C,41,HOU,39,619,.538,3.4,,1.000,.700,.150,.100,.050,.000,,.538,.625,.417,.250,.250,,,.628,,,.250,18,,,,,0,0,mutomdi01
291,Boštjan Nachbar,PF,27,NJN,75,1660,.402,14.9,,.570,.307,.048,.041,.174,.430,,.435,.540,.345,.280,.311,.359,,.689,.989,,.051,28,,.416,.468,,0,0,nachbbo01
292,Eduardo Nájera,PF,31,DEN,78,1664,.473,12.1,,.601,.454,.046,.024,.076,.399,,.548,.647,.294,.222,.214,.361,,.752,1.000,,.052,18,,.299,.523,,0,0,najered01
293,Steve Nash*,PG,33,PHO,81,2780,.504,17.2,,.604,.140,.071,.153,.240,.396,,.527,.607,.382,.517,.528,.470,,.105,.425,,.000,0,,.060,.478,,0,0,nashst01
294,Juan Carlos Navarro,SG,27,MEM,82,2117,.402,17.8,,.436,.142,.134,.081,.078,.564,,.455,.541,.534,.323,.300,.361,,.237,.878,,.000,0,,.130,.393,,3,0,navarju01
295,Jameer Nelson,PG,25,ORL,69,1961,.469,13.2,,.745,.332,.070,.088,.255,.255,,.488,.605,.429,.434,.370,.416,,.151,.781,,.000,0,,.312,.563,,4,0,nelsoja01
296,Rasho Nesterović,C,31,TOR,71,1486,.550,7.5,,.994,.398,.272,.086,.238,.006,,.552,.710,.528,.375,.378,.333,,.770,1.000,,.054,21,,.333,.000,,0,0,nestera01
297,Ira Newble,SG-SF,33,TOT,49,698,.437,12.1,,.718,.397,.046,.086,.190,.282,,.480,.638,.000,.333,.333,.327,,.533,.938,,.046,8,,.633,.323,,0,0,newblir01
297,Ira Newble,SG,33,CLE,41,650,.449,12.1,,.715,.405,.038,.082,.190,.285,,.496,.641,.000,.308,.367,.333,,.536,.933,,.051,8,,.600,.333,,0,0,newblir01
297,Ira Newble,SF,33,SEA,2,17,.286,13.9,,.714,.143,.143,.286,.143,.286,,.400,1.000,.000,.500,.000,.000,,.500,,,.000,0,,1.000,.000,,0,0,newblir01
297,Ira Newble,SF,33,LAL,6,31,.333,10.2,,.778,.444,.111,.000,.222,.222,,.286,.500,.000,,.000,.500,,.500,1.000,,.000,0,,1.000,.500,,0,0,newblir01
298,Demetris Nichols,SF,23,TOT,14,44,.261,20.8,,.435,.087,.000,.000,.348,.565,,.300,.500,,,.250,.231,,1.000,1.000,,.043,1,,.385,.400,,0,0,nichode01
298,Demetris Nichols,SF,23,CLE,3,14,.125,19.0,,.625,.125,.000,.000,.500,.375,,.200,.000,,,.250,.000,,1.000,,,.000,0,,.667,.000,,0,0,nichode01
298,Demetris Nichols,SF,23,CHI,11,30,.333,21.8,,.333,.067,.000,.000,.267,.667,,.400,1.000,,,.250,.300,,1.000,1.000,,.067,1,,.300,.667,,0,0,nichode01
299,Joakim Noah,C,22,CHI,74,1534,.482,2.8,,.997,.744,.161,.022,.071,.003,,.484,.564,.288,.250,.154,.000,,.571,,,.180,59,,.000,,,0,0,noahjo01
300,Andrés Nocioni,SF,28,CHI,82,2021,.432,16.0,,.605,.203,.082,.097,.223,.395,,.476,.534,.403,.447,.464,.364,,.632,.984,,.014,11,,.199,.377,,0,0,nocioan01
301,Steve Novak,SF,24,HOU,35,264,.480,23.1,,.304,.029,.000,.020,.255,.696,,.484,.333,,.500,.500,.479,,.933,.912,,.000,0,,.197,.500,,0,0,novakst01
302,Dirk Nowitzki*,PF,29,DAL,77,2769,.479,13.9,,.833,.170,.105,.264,.294,.167,,.504,.592,.420,.484,.500,.359,,.486,.962,,.014,19,,.091,.350,,1,0,nowitdi01
303,Patrick O'Bryant,C,21,GSW,24,99,.552,5.8,,1.000,.448,.310,.172,.069,.000,,.552,.538,.444,.600,1.000,,,.813,,,.138,4,,,,,0,0,obryapa01
304,Jermaine O'Neal,C,29,IND,42,1206,.439,9.5,,.990,.229,.281,.305,.176,.010,,.444,.641,.403,.404,.322,.000,,.587,,,.057,28,,.000,,,0,0,onealje01
305,Shaquille O'Neal*,C,35,TOT,61,1748,.593,3.4,,1.000,.538,.430,.032,.000,.000,,.593,.740,.446,.111,,,,.601,,,.186,99,,,,,0,0,onealsh01
305,Shaquille O'Neal*,C,35,MIA,33,945,.581,3.4,,1.000,.523,.447,.030,.000,.000,,.581,.727,.449,.000,,,,.565,,,.161,51,,,,,0,0,onealsh01
305,Shaquille O'Neal*,C,35,PHO,28,803,.611,3.3,,1.000,.559,.406,.035,.000,.000,,.611,.758,.441,.250,,,,.650,,,.223,48,,,,,0,0,onealsh01
306,Fabricio Oberto,C,32,SAS,82,1644,.608,6.0,,.997,.500,.203,.209,.084,.003,,.610,.777,.417,.484,.400,.000,,.833,,,.003,1,,.000,,,1,0,obertfa01
307,Lamar Odom,PF,28,LAL,77,2921,.525,8.2,,.858,.531,.109,.058,.160,.142,,.566,.656,.414,.435,.417,.274,,.606,.871,,.092,66,,.248,.214,,0,0,odomla01
308,Emeka Okafor,C,25,CHA,82,2718,.535,4.4,,1.000,.502,.343,.141,.014,.000,,.535,.671,.427,.298,.667,,,.711,,,.162,123,,,,,0,0,okafoem01
309,Mehmet Okur,C,28,UTA,72,2390,.445,15.2,,.650,.231,.094,.088,.238,.350,,.475,.515,.430,.419,.475,.388,,.612,.965,,.029,23,,.139,.415,,1,0,okurme01
310,Kevin Ollie,SG,35,PHI,40,300,.420,10.5,,.986,.304,.159,.159,.362,.014,,.426,.524,.455,.182,.440,.000,,.724,,,.000,0,,.000,,,0,0,ollieke01
311,Bo Outlaw,PF,36,ORL,2,7,.667,3.6,,1.000,.667,.000,.333,.000,.000,,.667,1.000,,.000,,,,1.000,,,.000,0,,,,,0,0,outlabo01
312,Travis Outlaw,PF,23,POR,82,2186,.433,14.7,,.895,.152,.104,.161,.478,.105,,.437,.565,.430,.387,.414,.396,,.594,.900,,.060,44,,.703,.451,,2,0,outlatr01
313,Andre Owens,PG,27,IND,31,392,.374,15.2,,.626,.271,.084,.112,.159,.374,,.328,.448,.222,.250,.235,.450,,.182,.833,,.000,0,,.200,.750,,1,0,owensan01
314,Zaza Pachulia,C,23,ATL,62,944,.437,6.7,,.988,.531,.131,.147,.180,.012,,.442,.531,.438,.250,.341,.000,,.626,,,.041,10,,.000,,,1,0,pachuza01
315,Jannero Pargo,SG,28,NOH,80,1497,.390,16.8,,.715,.161,.044,.094,.416,.285,,.406,.476,.483,.344,.384,.349,,.360,.692,,.000,0,,.231,.465,,3,1,pargoja01
316,Anthony Parker,SG,32,TOR,82,2634,.476,16.6,,.633,.165,.058,.095,.315,.367,,.499,.577,.396,.418,.502,.438,,.592,.955,,.030,23,,.605,.467,,3,1,parkean01
317,Smush Parker,PG,26,TOT,28,592,.348,17.8,,.576,.152,.082,.071,.272,.424,,.434,.500,.533,.231,.420,.231,,.304,.889,,.011,2,,.141,.455,,1,0,parkesm01
317,Smush Parker,PG,26,MIA,9,183,.315,19.1,,.556,.093,.037,.111,.315,.444,,.367,.600,1.000,.167,.294,.250,,.182,1.000,,.000,0,,.292,.571,,0,0,parkesm01
317,Smush Parker,PG,26,LAC,19,409,.362,17.2,,.585,.177,.100,.054,.254,.415,,.461,.478,.462,.286,.485,.222,,.343,.833,,.015,2,,.074,.250,,1,0,parkesm01
318,Tony Parker*,PG,25,SAS,69,2312,.494,10.1,,.937,.362,.173,.079,.323,.063,,.510,.646,.450,.427,.409,.258,,.231,.941,,.000,0,,.545,.361,,0,0,parketo01
319,Ruben Patterson,SF,32,LAC,20,327,.453,3.7,,.977,.686,.174,.058,.058,.023,,.464,.542,.333,.000,.400,.000,,.436,,,.093,8,,.000,,,0,0,patteru01
320,Chris Paul,PG,22,NOH,80,3006,.488,12.7,,.807,.230,.192,.161,.224,.193,,.516,.616,.524,.447,.457,.369,,.102,.685,,.006,8,,.048,.500,,2,0,paulch01
321,Sasha Pavlović,SG,24,CLE,51,1188,.362,12.4,,.717,.377,.079,.067,.194,.283,,.388,.513,.344,.111,.256,.298,,.536,.853,,.037,13,,.386,.273,,0,0,pavloal01
322,Oleksiy Pecherov,C,22,WAS,35,320,.352,17.3,,.520,.184,.048,.128,.160,.480,,.415,.609,.500,.375,.200,.283,,.593,1.000,,.040,5,,.150,.222,,0,0,pecheol01
323,Kendrick Perkins,C,23,BOS,78,1912,.615,2.7,,.997,.707,.241,.032,.017,.003,,.617,.695,.476,.182,.167,.000,,.682,,,.198,66,,.000,,,1,0,perkike01
324,Kosta Perović,C,22,GSW,7,38,.300,4.0,,1.000,.600,.200,.100,.100,.000,,.300,.500,.000,.000,.000,,,.000,,,.200,1,,,,,0,0,perovko01
325,Morris Peterson,SG,30,NOH,76,1796,.417,17.5,,.444,.194,.045,.041,.165,.556,,.445,.540,.348,.429,.365,.394,,.824,.965,,.002,1,,.585,.417,,0,0,petermo01
326,Johan Petro,C,22,SEA,72,1310,.419,9.7,,.998,.210,.294,.260,.235,.002,,.420,.467,.419,.421,.379,.000,,.734,,,.062,22,,.000,,,0,0,petrojo01
327,Eric Piatkowski,SF,37,PHO,16,113,.364,22.9,,.212,.030,.030,.000,.152,.788,,.143,.000,.000,,.200,.423,,1.000,1.000,,.000,0,,.308,.500,,0,0,piatker01
328,Paul Pierce*,SF,30,BOS,80,2874,.464,14.2,,.668,.287,.072,.131,.178,.332,,.499,.610,.418,.410,.421,.392,,.322,.881,,.016,16,,.107,.436,,1,0,piercpa01
329,Mickaël Piétrus,SF,25,GSW,66,1316,.439,15.3,,.527,.318,.026,.018,.165,.473,,.510,.618,.200,.429,.359,.361,,.606,.894,,.127,40,,.770,.397,,0,0,pietrmi01
330,Scot Pollard,C,32,BOS,22,173,.522,5.3,,1.000,.565,.261,.000,.174,.000,,.522,.538,.667,,.250,,,.833,,,.000,0,,,,,0,0,pollasc01
331,James Posey,PF,31,BOS,74,1821,.418,18.3,,.326,.234,.027,.012,.053,.674,,.496,.598,.364,.200,.182,.380,,.731,.915,,.029,12,,.287,.313,,1,0,poseyja01
332,Leon Powe,C,24,BOS,56,809,.572,3.3,,.996,.732,.156,.045,.063,.004,,.575,.640,.452,.083,.471,.000,,.675,,,.175,42,,.000,,,0,0,powele01
333,Josh Powell,C,25,LAC,64,1228,.460,7.6,,.990,.441,.149,.206,.194,.010,,.465,.561,.383,.400,.377,.000,,.683,,,.070,20,,.000,,,0,0,poweljo01
334,Kasib Powell,SF,26,MIA,11,304,.368,12.9,,.653,.284,.137,.168,.063,.347,,.435,.519,.385,.375,.333,.242,,.370,.875,,.032,3,,.424,.286,,0,0,powelka01
335,Ronnie Price,PG,24,UTA,61,588,.431,15.2,,.632,.314,.029,.029,.260,.368,,.481,.641,.333,.167,.340,.347,,.387,.846,,.049,9,,.133,.600,,3,0,pricero01
336,Tayshaun Prince,SF,27,DET,82,2694,.448,12.3,,.845,.289,.126,.126,.304,.155,,.463,.629,.364,.322,.406,.363,,.535,.962,,.062,55,,.432,.413,,1,0,princta01
337,Gabe Pruitt,PG,21,BOS,15,95,.359,16.7,,.692,.154,.103,.051,.385,.308,,.407,.500,.250,.000,.467,.250,,.364,1.000,,.026,1,,.333,.500,,0,0,pruitga01
338,Joel Przybilla,C,28,POR,77,1819,.576,1.7,,.996,.820,.128,.040,.008,.004,,.578,.629,.375,.300,.000,.000,,.667,,,.312,73,,.000,,,0,0,przybjo01
339,Chris Quinn,PG,24,MIA,60,1340,.424,17.4,,.574,.166,.059,.086,.263,.426,,.439,.452,.409,.375,.459,.403,,.298,.734,,.000,0,,.170,.593,,1,0,quinnch01
340,Vladimir Radmanović,SF,27,LAL,65,1483,.453,16.2,,.465,.247,.078,.041,.098,.535,,.507,.630,.324,.389,.395,.406,,.748,.937,,.053,20,,.423,.424,,1,0,radmavl01
341,Shavlik Randolph,PF,24,PHI,9,27,.286,3.9,,1.000,.500,.429,.000,.071,.000,,.286,.286,.333,,.000,,,.250,,,.000,0,,,,,0,0,randosh01
342,Zach Randolph,C,26,NYK,69,2244,.459,9.7,,.924,.351,.207,.119,.248,.076,,.474,.566,.452,.397,.401,.275,,.491,.727,,.007,3,,.125,.100,,0,0,randoza01
343,Theo Ratliff,C-PF,34,TOT,26,437,.482,5.6,,.988,.482,.318,.153,.035,.012,,.488,.512,.556,.308,.333,.000,,.537,,,.176,14,,.000,,,0,0,ratlith01
343,Theo Ratliff,PF,34,MIN,10,214,.511,6.3,,.978,.444,.311,.178,.044,.022,,.523,.550,.571,.375,.500,.000,,.435,,,.178,8,,.000,,,0,0,ratlith01
343,Theo Ratliff,C,34,DET,16,223,.450,4.8,,1.000,.525,.325,.125,.025,.000,,.450,.476,.538,.200,.000,,,.667,,,.175,6,,,,,0,0,ratlith01
344,Michael Redd,SG,28,MIL,72,2702,.442,13.5,,.711,.280,.097,.147,.187,.289,,.475,.555,.467,.432,.395,.362,,.390,.792,,.003,3,,.203,.493,,0,0,reddmi01
345,JJ Redick,SG,23,ORL,34,276,.444,17.6,,.602,.120,.083,.120,.278,.398,,.477,.615,.333,.538,.433,.395,,.613,.824,,.000,0,,.233,.600,,0,0,redicjj01
346,Chris Richard,C,23,MIN,52,556,.471,2.4,,1.000,.724,.184,.092,.000,.000,,.471,.571,.250,.125,,,,.561,,,.172,10,,,,,0,0,richach01
347,Jason Richardson,SF,27,CHA,82,3149,.441,15.3,,.592,.272,.058,.063,.198,.408,,.466,.565,.400,.323,.395,.406,,.484,.881,,.046,60,,.367,.382,,1,0,richaja01
348,Jeremy Richardson,SG-SF,23,TOT,27,132,.364,19.3,,.568,.091,.045,.023,.409,.432,,.360,.500,.000,.000,.389,.368,,.556,1.000,,.000,0,,.474,.444,,0,0,richaje01
348,Jeremy Richardson,SF,23,MEM,3,15,.000,18.9,,.667,.000,.167,.000,.500,.333,,.000,,.000,,.000,.000,,,,,.000,0,,.500,.000,,0,0,richaje01
348,Jeremy Richardson,SG,23,SAS,5,29,.429,20.3,,.286,.143,.000,.000,.143,.714,,.500,.000,,,1.000,.400,,1.000,1.000,,.000,0,,.000,,,0,0,richaje01
348,Jeremy Richardson,SF,23,ATL,19,88,.419,19.2,,.613,.097,.032,.032,.452,.387,,.421,.667,.000,.000,.429,.417,,.500,1.000,,.000,0,,.667,.500,,0,0,richaje01
349,Quentin Richardson,SF,27,NYK,65,1841,.359,15.8,,.614,.229,.072,.085,.229,.386,,.381,.417,.400,.234,.394,.322,,.508,.913,,.016,7,,.252,.296,,2,0,richaqu01
350,Luke Ridnour,PG,26,SEA,61,1223,.399,14.2,,.807,.177,.158,.125,.348,.193,,.424,.462,.345,.478,.422,.296,,.222,.429,,.000,0,,.239,.235,,0,0,ridnolu01
351,Nate Robinson,PG,23,NYK,72,1883,.423,15.8,,.627,.243,.056,.100,.228,.373,,.478,.537,.386,.385,.478,.332,,.286,.804,,.005,4,,.192,.375,,7,0,robinna01
352,Sergio Rodríguez,PG,21,POR,72,628,.352,14.2,,.704,.316,.112,.051,.224,.296,,.377,.468,.455,.100,.273,.293,,.135,.824,,.000,0,,.259,.267,,5,0,rodrise01
353,Rajon Rondo,PG,21,BOS,77,2306,.492,8.5,,.973,.433,.182,.097,.261,.027,,.499,.592,.362,.464,.452,.263,,.413,.600,,.018,13,,.263,.400,,2,0,rondora01
354,Malik Rose,PF,33,NYK,49,494,.367,10.4,,.961,.311,.178,.161,.311,.039,,.370,.464,.250,.207,.429,.286,,.688,1.000,,.017,3,,.143,.000,,0,0,rosema01
355,Quinton Ross,SG,26,LAC,76,1505,.391,14.7,,.937,.212,.042,.096,.588,.063,,.389,.507,.286,.188,.386,.429,,.787,.889,,.012,3,,.524,.636,,0,0,rossqu01
356,Brandon Roy,SG,23,POR,74,2792,.454,13.1,,.816,.250,.139,.124,.303,.184,,.480,.620,.380,.400,.442,.340,,.275,.877,,.017,19,,.274,.356,,2,0,roybr01
357,Michael Ruffin,C,31,MIL,46,632,.532,1.4,,1.000,.839,.097,.065,.000,.000,,.532,.596,.333,.000,,,,.727,,,.274,16,,,,,0,0,ruffimi01
358,Kareem Rush,SG,27,IND,71,1504,.401,17.8,,.540,.142,.081,.081,.236,.460,,.410,.580,.478,.217,.351,.389,,.508,.922,,.005,2,,.290,.421,,0,0,rushka01
359,John Salmons,SG,28,SAC,81,2517,.477,9.1,,.850,.414,.163,.146,.126,.150,,.504,.628,.431,.350,.366,.325,,.307,.897,,.025,20,,.342,.390,,0,0,salmojo01
360,Cheikh Samb,C,23,DET,4,31,.750,11.7,,1.000,.250,.000,.250,.500,.000,,.750,1.000,,1.000,.500,,,.667,,,.000,0,,,,,0,0,sambch01
361,Brian Scalabrine,PF,29,BOS,48,512,.309,17.0,,.511,.170,.128,.032,.181,.489,,.292,.438,.167,.333,.235,.326,,.857,1.000,,.021,1,,.478,.364,,1,0,scalabr01
362,Luis Scola,PF,27,HOU,82,2024,.515,6.9,,.996,.490,.179,.109,.218,.004,,.517,.625,.375,.479,.411,.000,,.667,,,.006,4,,.000,,,1,0,scolalu01
363,Thabo Sefolosha,SG,23,CHI,69,1436,.428,13.2,,.791,.340,.043,.102,.306,.209,,.453,.559,.444,.279,.395,.330,,.616,1.000,,.045,19,,.409,.389,,4,0,sefolth01
364,Mouhamed Sene,C,21,SEA,13,62,.458,3.8,,1.000,.583,.250,.167,.000,.000,,.458,.429,.667,.250,,,,.545,,,.042,1,,,,,0,0,senesa01
365,Ramon Sessions,PG,21,MIL,17,450,.436,9.4,,.940,.385,.239,.137,.179,.060,,.436,.533,.321,.250,.524,.429,,.354,.667,,.026,3,,.000,,,2,0,sessira01
366,Bobby Simmons,SF,27,MIL,70,1521,.421,16.6,,.655,.159,.058,.109,.329,.345,,.458,.544,.345,.444,.442,.351,,.638,.867,,.002,1,,.468,.425,,0,0,simmobo01
367,Cedric Simmons,PF,22,TOT,14,87,.286,6.6,,1.000,.500,.214,.143,.143,.000,,.286,.571,.000,.000,.000,,,1.000,,,.286,3,,,,,0,0,simmoce01
367,Cedric Simmons,PF,22,CLE,7,68,.333,4.1,,1.000,.667,.167,.167,.000,.000,,.333,.500,.000,.000,,,,1.000,,,.333,1,,,,,0,0,simmoce01
367,Cedric Simmons,PF,22,CHI,7,19,.250,8.4,,1.000,.375,.250,.125,.250,.000,,.250,.667,.000,.000,.000,,,1.000,,,.250,2,,,,,0,0,simmoce01
368,Courtney Sims,C,24,IND,3,11,.000,2.4,,1.000,1.000,.000,.000,.000,.000,,.000,.000,,,,,,,,,.000,0,,,,,0,0,simsco01
369,Brian Skinner,C,31,PHO,66,844,.465,10.2,,.985,.343,.126,.131,.384,.015,,.462,.588,.480,.423,.355,.667,,.733,1.000,,.076,14,,.000,,,0,0,skinnbr01
370,Craig Smith,PF,24,MIN,77,1547,.563,4.3,,.983,.544,.354,.047,.038,.017,,.572,.645,.503,.320,.500,.000,,.657,,,.030,15,,.222,.000,,4,0,smithcr01
371,J.R. Smith,SG,22,DEN,74,1421,.461,16.8,,.421,.297,.046,.012,.067,.579,,.542,.595,.355,.375,.467,.403,,.461,.847,,.064,37,,.174,.412,,6,0,smithjr01
372,Jason Smith,PF,21,PHI,76,1107,.455,9.5,,.955,.361,.132,.197,.265,.045,,.463,.643,.220,.443,.354,.286,,.781,1.000,,.116,34,,.357,.200,,0,0,smithja02
373,Joe Smith,PF,32,TOT,77,1726,.478,11.5,,.995,.217,.162,.230,.386,.005,,.480,.549,.519,.460,.437,.000,,.718,,,.037,21,,.333,.000,,0,0,smithjo02
373,Joe Smith,PF,32,CHI,50,1146,.466,11.8,,.998,.193,.172,.238,.395,.002,,.467,.516,.530,.435,.435,.000,,.689,,,.027,10,,1.000,.000,,0,0,smithjo02
373,Joe Smith,PF,32,CLE,27,580,.512,10.7,,.988,.288,.135,.206,.359,.012,,.518,.612,.478,.543,.443,.000,,.793,,,.065,11,,.000,,,0,0,smithjo02
374,Josh Smith,PF,22,ATL,81,2873,.457,8.6,,.913,.434,.196,.085,.198,.087,,.477,.663,.329,.271,.304,.253,,.629,.920,,.099,109,,.283,.214,,1,0,smithjo03
375,Eric Snow,PG,34,CLE,22,305,.158,11.0,,.947,.368,.079,.158,.342,.053,,.167,.143,.000,.333,.154,.000,,.833,,,.000,0,,.000,,,0,0,snower01
376,Kirk Snyder,SF-PF,24,TOT,36,761,.508,8.2,,.878,.529,.116,.069,.164,.122,,.548,.650,.455,.385,.355,.217,,.352,.600,,.106,19,,.304,.286,,0,0,snydeki01
376,Kirk Snyder,PF,24,HOU,9,81,.464,10.9,,.679,.429,.143,.071,.036,.321,,.579,.667,.250,.500,1.000,.222,,.364,.500,,.143,4,,.222,.500,,0,0,snydeki01
376,Kirk Snyder,SF,24,MIN,27,680,.516,7.7,,.913,.547,.112,.068,.186,.087,,.544,.648,.500,.364,.333,.214,,.350,.667,,.099,15,,.357,.200,,0,0,snydeki01
377,Darius Songaila,C,29,WAS,80,1554,.458,9.3,,.996,.336,.233,.141,.285,.004,,.460,.599,.422,.333,.391,.000,,.701,,,.004,2,,.000,,,0,0,songada01
378,Jerry Stackhouse,SG,33,DAL,58,1412,.405,15.2,,.650,.228,.038,.167,.217,.350,,.447,.608,.350,.307,.404,.326,,.549,.850,,.042,21,,.467,.360,,2,0,stackje01
379,DeShawn Stevenson,SG,26,WAS,82,2564,.386,18.5,,.471,.183,.044,.040,.204,.529,,.390,.510,.235,.387,.314,.383,,.343,.867,,.012,9,,.232,.396,,4,0,stevede01
380,Peja Stojaković,SF,30,NOH,77,2711,.440,18.5,,.489,.128,.046,.083,.233,.511,,.438,.565,.426,.353,.402,.441,,.645,.974,,.005,5,,.279,.479,,0,0,stojape01
381,Awvee Storey,SG,30,MIL,26,259,.438,10.3,,.921,.404,.067,.135,.315,.079,,.476,.750,.333,.417,.179,.000,,.692,,,.056,4,,.286,.000,,0,0,storeaw01
382,Damon Stoudamire,PG,34,TOT,60,1037,.356,17.6,,.558,.151,.071,.107,.228,.442,,.372,.392,.500,.306,.351,.336,,.186,.860,,.000,0,,.188,.464,,1,0,stoudda01
382,Damon Stoudamire,PG,34,MEM,29,624,.397,17.6,,.515,.180,.041,.098,.196,.485,,.410,.429,.500,.368,.395,.383,,.146,.889,,.000,0,,.106,.600,,0,0,stoudda01
382,Damon Stoudamire,PG,34,SAS,31,413,.301,17.6,,.615,.112,.112,.119,.273,.385,,.330,.313,.500,.235,.308,.255,,.241,.786,,.000,0,,.327,.389,,1,0,stoudda01
383,Salim Stoudamire,PG,25,ATL,35,402,.361,20.3,,.528,.100,.033,.056,.339,.472,,.379,.500,.333,.200,.377,.341,,.611,.828,,.000,0,,.118,.400,,1,0,stoudsa01
384,Amar'e Stoudemire,C,25,PHO,79,2677,.590,7.0,,.974,.453,.229,.123,.169,.026,,.601,.734,.458,.530,.488,.161,,.701,.400,,.182,211,,.290,.333,,1,0,stoudam01
385,D.J. Strawberry,SG,22,PHO,33,270,.315,13.1,,.728,.337,.076,.011,.304,.272,,.343,.387,.143,.000,.357,.240,,.522,.833,,.022,1,,.320,.125,,0,0,strawdj01
386,Rodney Stuckey,PG,21,DET,57,1081,.401,9.4,,.958,.453,.086,.094,.325,.042,,.410,.474,.242,.389,.371,.188,,.313,.333,,.024,9,,.125,.000,,1,0,stuckro01
387,Robert Swift,C,22,SEA,8,98,.353,4.7,,1.000,.529,.176,.294,.000,.000,,.353,.333,.000,.600,,,,.667,,,.000,0,,,,,0,0,swiftro01
388,Stromile Swift,PF,28,TOT,56,844,.509,6.3,,.992,.517,.181,.125,.170,.008,,.513,.635,.500,.333,.289,.000,,.719,,,.208,48,,.000,,,1,0,swiftst01
388,Stromile Swift,PF,28,MEM,35,549,.525,5.7,,.989,.531,.215,.130,.113,.011,,.531,.670,.500,.261,.250,.000,,.688,,,.181,29,,.000,,,1,0,swiftst01
388,Stromile Swift,PF,28,NJN,21,295,.477,7.5,,1.000,.489,.114,.114,.284,.000,,.477,.558,.500,.500,.320,,,.786,,,.261,19,,,,,0,0,swiftst01
389,Wally Szczerbiak,SF,30,TOT,75,1736,.431,17.0,,.698,.116,.094,.129,.359,.302,,.438,.607,.412,.452,.386,.413,,.661,.944,,.006,4,,.239,.462,,0,0,szczewa02
389,Wally Szczerbiak,SF,30,SEA,50,1180,.460,17.0,,.676,.123,.096,.131,.327,.324,,.476,.635,.408,.478,.435,.428,,.636,.930,,.006,3,,.193,.531,,0,0,szczewa02
389,Wally Szczerbiak,SF,30,CLE,25,556,.359,16.9,,.751,.100,.091,.124,.435,.249,,.357,.524,.421,.385,.297,.365,,.732,1.000,,.005,1,,.385,.350,,0,0,szczewa02
390,Sebastian Telfair,PG,22,MIN,60,1933,.401,13.3,,.795,.264,.117,.117,.297,.205,,.432,.483,.277,.446,.442,.281,,.236,.938,,.000,0,,.246,.286,,3,0,telfase01
391,Jason Terry,SG,30,DAL,82,2579,.467,16.4,,.640,.154,.076,.139,.271,.360,,.519,.645,.390,.493,.498,.375,,.481,.882,,.013,13,,.350,.386,,1,0,terryja01
392,Billy Thomas,SF,32,TOT,11,42,.235,23.9,,.059,.000,.000,.059,.000,.941,,.000,,,.000,,.250,,,1.000,,.000,0,,.375,.333,,0,0,thomabi01
392,Billy Thomas,SF,32,NJN,4,8,.000,25.3,,.000,.000,.000,.000,.000,1.000,,,,,,,.000,,,,,.000,0,,.333,.000,,0,0,thomabi01
392,Billy Thomas,SF,32,CLE,7,34,.286,23.5,,.071,.000,.000,.071,.000,.929,,.000,,,.000,,.308,,,1.000,,.000,0,,.385,.400,,0,0,thomabi01
393,Kenny Thomas,PF,30,SAC,23,281,.421,2.8,,1.000,.658,.289,.053,.000,.000,,.421,.520,.273,.000,,,,.563,,,.105,4,,,,,0,0,thomake01
394,Kurt Thomas,C-PF,35,TOT,70,1584,.492,11.6,,.997,.230,.129,.232,.407,.003,,.494,.648,.333,.500,.453,.000,,.790,,,.005,2,,.000,,,0,0,thomaku01
394,Kurt Thomas,C,35,SEA,42,1060,.513,11.3,,1.000,.258,.114,.218,.410,.000,,.513,.657,.355,.525,.459,,,.755,,,.007,2,,,,,0,0,thomaku01
394,Kurt Thomas,PF,35,SAS,28,524,.448,12.2,,.992,.168,.160,.264,.400,.008,,.452,.619,.300,.455,.440,.000,,.875,,,.000,0,,.000,,,0,0,thomaku01
395,Tim Thomas,PF,30,LAC,63,1940,.413,15.9,,.616,.174,.118,.167,.156,.384,,.479,.626,.470,.364,.445,.306,,.654,.976,,.040,25,,.085,.130,,2,1,thomati01
396,Tyrus Thomas,PF,21,CHI,74,1330,.423,8.2,,.986,.457,.130,.120,.280,.014,,.426,.488,.404,.264,.407,.167,,.654,1.000,,.145,59,,.500,.333,,0,0,thomaty01
397,Al Thornton,PF,24,LAC,79,2158,.429,12.8,,.851,.285,.092,.147,.327,.149,,.447,.617,.413,.352,.351,.331,,.544,.930,,.042,35,,.031,.250,,3,0,thornal01
398,Jamaal Tinsley,PG,29,IND,39,1293,.380,14.9,,.695,.134,.201,.194,.166,.305,,.422,.548,.505,.356,.299,.284,,.169,.925,,.000,0,,.099,.357,,1,0,tinslja01
399,Alando Tucker,SF,23,PHO,6,48,.364,8.3,,.818,.591,.000,.091,.136,.182,,.389,.385,,.500,.333,.250,,.571,1.000,,.045,1,,.500,.000,,0,0,tuckeal02
400,Ronny Turiaf,C,25,LAL,78,1458,.474,8.3,,.997,.438,.123,.149,.287,.003,,.475,.644,.245,.254,.430,.000,,.814,,,.134,49,,.000,,,0,0,turiaro01
401,Hedo Türkoğlu,SF,28,ORL,82,3026,.456,13.6,,.660,.317,.081,.126,.135,.340,,.485,.587,.364,.392,.406,.400,,.246,.777,,.025,25,,.176,.479,,4,0,turkohe01
402,Ime Udoka,PF,30,SAS,73,1316,.424,16.3,,.560,.200,.053,.104,.203,.440,,.467,.573,.300,.513,.382,.370,,.745,1.000,,.011,4,,.739,.369,,1,0,udokaim01
403,Beno Udrih,PG,25,SAC,65,2080,.463,12.4,,.806,.332,.059,.154,.261,.194,,.482,.502,.476,.541,.422,.387,,.258,.943,,.000,0,,.285,.487,,4,0,udrihbe01
404,Anderson Varejão,C,25,CLE,48,1320,.461,6.3,,.993,.529,.197,.129,.139,.007,,.464,.577,.310,.342,.366,.000,,.640,,,.041,11,,.000,,,1,0,varejan01
405,Jacque Vaughn,PG,32,SAS,74,1139,.428,12.4,,.965,.290,.099,.078,.498,.035,,.432,.598,.179,.364,.397,.300,,.458,.667,,.000,0,,.500,.400,,1,0,vaughja01
406,Charlie Villanueva,PF,23,MIL,76,1829,.435,11.6,,.773,.291,.220,.127,.135,.227,,.475,.603,.413,.359,.409,.297,,.592,.982,,.060,46,,.097,.222,,1,0,villach01
407,Marcus Vinicius,SF,23,NOH,13,69,.450,18.6,,.400,.200,.000,.050,.150,.600,,.500,.750,,.000,.333,.417,,1.000,1.000,,.150,3,,.250,1.000,,0,0,vincima01
408,Jake Voskuhl,C,30,MIL,44,386,.463,6.5,,1.000,.513,.163,.150,.175,.000,,.463,.585,.308,.250,.429,,,.757,,,.100,8,,,,,0,0,voskuja01
409,Sasha Vujačić,SG,23,LAL,72,1279,.454,20.1,,.440,.116,.010,.035,.278,.560,,.476,.607,.400,.235,.455,.437,,.782,.966,,.002,1,,.315,.459,,2,0,vujacsa01
410,Dwyane Wade*,SG,26,MIA,51,1954,.469,11.5,,.918,.331,.094,.137,.356,.082,,.485,.655,.443,.406,.368,.286,,.283,.455,,.046,39,,.156,.417,,3,0,wadedw01
411,Von Wafer,SG,22,TOT,29,154,.279,17.3,,.574,.230,.049,.033,.262,.426,,.371,.429,.667,.000,.313,.154,,.538,.500,,.016,1,,.269,.143,,1,0,wafervo01
411,Von Wafer,SG,22,DEN,21,90,.263,16.9,,.605,.263,.053,.026,.263,.395,,.391,.400,.500,.000,.400,.067,,.556,.000,,.026,1,,.267,.000,,1,0,wafervo01
411,Von Wafer,SG,22,POR,8,64,.304,18.1,,.522,.174,.043,.043,.261,.478,,.333,.500,1.000,.000,.167,.273,,.500,.667,,.000,0,,.273,.333,,0,0,wafervo01
412,Antoine Walker,PF,31,MIN,46,892,.363,14.6,,.499,.277,.163,.037,.021,.501,,.401,.519,.262,.071,.500,.324,,.253,.967,,.003,1,,.090,.353,,0,0,walkean02
413,Ben Wallace*,C-PF,33,TOT,72,2205,.392,3.8,,.989,.656,.199,.099,.034,.011,,.397,.506,.171,.229,.083,.000,,.688,,,.196,52,,.250,.000,,1,0,wallabe01
413,Ben Wallace*,C,33,CHI,50,1627,.373,4.2,,.985,.635,.196,.111,.044,.015,,.378,.483,.170,.267,.083,.000,,.683,,,.173,38,,.250,.000,,1,0,wallabe01
413,Ben Wallace*,PF,33,CLE,22,578,.457,2.5,,1.000,.728,.210,.062,.000,.000,,.457,.576,.176,.000,,,,.703,,,.272,14,,,,,0,0,wallabe01
414,Gerald Wallace,PF,25,CHA,62,2376,.449,10.8,,.757,.471,.045,.024,.216,.243,,.491,.570,.317,.273,.378,.321,,.499,.958,,.083,70,,.407,.278,,1,0,wallage01
415,Rasheed Wallace,C,33,DET,77,2346,.432,16.2,,.638,.132,.125,.210,.170,.362,,.476,.661,.394,.421,.459,.356,,.576,.973,,.036,27,,.102,.281,,1,0,wallara01
416,Luke Walton,SF,27,LAL,74,1729,.450,11.0,,.824,.331,.192,.105,.197,.176,,.475,.627,.402,.360,.351,.333,,.658,.929,,.025,12,,.417,.314,,1,0,waltolu01
417,Hakim Warrick,PF,25,MEM,75,1754,.502,10.7,,.926,.354,.124,.121,.329,.074,,.521,.736,.407,.392,.377,.271,,.641,.923,,.098,61,,.208,.100,,1,0,warriha01
418,Darius Washington,SG,22,SAS,18,146,.438,13.6,,.750,.292,.146,.063,.250,.250,,.472,.786,.143,.667,.250,.333,,.412,.500,,.021,0,,.083,1.000,,0,0,washida01
419,Darryl Watkins,C,23,SAC,9,71,.333,8.5,,1.000,.200,.267,.533,.000,.000,,.333,1.000,.250,.125,,,,.800,,,.133,2,,,,,0,0,watkida01
420,C.J. Watson,PG,23,GSW,32,368,.426,14.4,,.743,.238,.099,.139,.267,.257,,.453,.542,.100,.571,.444,.346,,.382,.889,,.000,0,,.308,.500,,0,0,watsocj01
421,Earl Watson,PG,28,SEA,78,2269,.454,13.5,,.823,.250,.118,.095,.360,.177,,.472,.551,.375,.394,.468,.371,,.159,.816,,.001,1,,.167,.455,,0,0,watsoea01
422,Chris Webber*,PF,34,GSW,9,126,.484,12.0,,1.000,.226,.161,.129,.484,.000,,.484,.714,.200,.250,.533,,,.867,,,.032,1,,,,,0,0,webbech01
423,Martell Webster,SF,21,POR,75,2132,.422,18.2,,.517,.162,.040,.061,.255,.483,,.454,.575,.500,.375,.389,.388,,.656,.959,,.050,26,,.438,.360,,6,0,webstma02
424,Bonzi Wells,SG,31,TOT,73,1562,.443,9.0,,.912,.478,.090,.104,.241,.088,,.462,.607,.275,.254,.336,.240,,.671,.917,,.090,47,,.560,.321,,3,0,wellsbo01
424,Bonzi Wells,SG,31,HOU,51,1124,.425,9.1,,.908,.495,.075,.095,.243,.092,,.447,.583,.161,.256,.330,.211,,.659,.875,,.068,26,,.500,.316,,3,0,wellsbo01
424,Bonzi Wells,SG,31,NOH,22,438,.490,8.9,,.924,.433,.127,.127,.236,.076,,.503,.676,.450,.250,.351,.333,,.699,1.000,,.146,21,,.750,.333,,0,0,wellsbo01
425,David West,PF,27,NOH,76,2870,.482,9.9,,.981,.299,.204,.187,.291,.019,,.487,.582,.432,.422,.468,.240,,.567,1.000,,.045,52,,.120,.333,,1,0,westda01
426,Delonte West,PG,24,TOT,61,1533,.413,13.7,,.716,.265,.128,.084,.238,.284,,.435,.492,.344,.425,.425,.356,,.236,.729,,.023,8,,.311,.262,,1,0,westde01
426,Delonte West,PG,24,SEA,35,727,.388,13.3,,.776,.256,.140,.088,.292,.224,,.402,.406,.286,.500,.425,.339,,.154,.474,,.028,4,,.232,.231,,1,0,westde01
426,Delonte West,PG,24,CLE,26,806,.440,14.1,,.649,.276,.116,.080,.178,.351,,.479,.581,.423,.333,.425,.367,,.329,.897,,.018,4,,.367,.276,,0,0,westde01
427,Mario West,SG,23,ATL,64,269,.429,6.1,,.918,.735,.102,.020,.061,.082,,.467,.500,.400,.000,.333,.000,,.571,,,.143,6,,.250,.000,,3,0,westma02
428,Chris Wilcox,PF,25,SEA,62,1739,.524,4.7,,.995,.513,.284,.168,.031,.005,,.526,.688,.409,.280,.250,.000,,.659,,,.182,103,,.000,,,0,0,wilcoch01
429,Damien Wilkins,SF,28,SEA,76,1843,.403,14.6,,.770,.198,.098,.158,.316,.230,,.427,.511,.394,.358,.418,.323,,.421,.900,,.036,21,,.368,.368,,1,0,wilkida02
430,Mike Wilks,PG,28,TOT,15,188,.472,15.3,,.778,.194,.083,.083,.417,.222,,.500,.429,.333,.667,.533,.375,,.500,.667,,.000,0,,.250,.500,,0,0,wilksmi01
430,Mike Wilks,PG,28,DEN,8,122,.435,16.8,,.783,.174,.043,.000,.565,.217,,.444,.250,1.000,,.462,.400,,.750,1.000,,.000,0,,.400,.500,,0,0,wilksmi01
430,Mike Wilks,PG,28,WAS,4,44,.500,19.3,,.500,.000,.250,.000,.250,.500,,.500,,.000,,1.000,.500,,1.000,.000,,.000,0,,.000,,,0,0,wilksmi01
430,Mike Wilks,PG,28,SEA,3,22,.556,9.9,,.889,.333,.111,.333,.111,.111,,.625,.667,.000,.667,1.000,.000,,.000,,,.000,0,,.000,,,0,0,wilksmi01
431,Aaron Williams,C,36,LAC,30,297,.491,5.6,,1.000,.436,.309,.164,.091,.000,,.491,.458,.588,.556,.200,,,.556,,,.073,3,,,,,0,0,williaa01
432,Deron Williams,PG,23,UTA,82,3059,.507,11.9,,.812,.380,.066,.073,.293,.188,,.533,.616,.486,.469,.450,.395,,.340,.639,,.016,15,,.057,.417,,5,0,willide01
433,Jason Williams,PG,32,MIA,67,1886,.384,17.7,,.500,.189,.064,.036,.211,.500,,.415,.538,.229,.250,.388,.353,,.114,.670,,.000,0,,.145,.325,,2,0,willija02
434,Justin Williams,C,23,TOT,23,123,.448,3.1,,1.000,.621,.310,.069,.000,.000,,.448,.500,.444,.000,,,,.308,,,.103,3,,,,,0,0,williju01
434,Justin Williams,C,23,SAC,22,117,.462,2.9,,1.000,.654,.269,.077,.000,.000,,.462,.529,.429,.000,,,,.250,,,.115,3,,,,,0,0,williju01
434,Justin Williams,C,23,HOU,1,6,.333,5.1,,1.000,.333,.667,.000,.000,.000,,.333,.000,.500,,,,,1.000,,,.000,0,,,,,0,0,williju01
435,Lou Williams,PG,21,PHI,80,1862,.424,12.2,,.797,.344,.106,.113,.233,.203,,.441,.568,.375,.282,.360,.359,,.280,.709,,.040,27,,.229,.429,,2,0,willilo02
436,Marcus Williams,PG,22,NJN,53,854,.379,18.8,,.515,.137,.061,.099,.218,.485,,.377,.375,.444,.379,.359,.380,,.228,.741,,.000,0,,.141,.450,,5,0,willima03
437,Marcus Williams,PF-SF,21,TOT,11,36,.250,12.3,,1.000,.250,.050,.200,.500,.000,,.250,.000,.000,.500,.300,,,.400,,,.000,0,,,,,0,0,willima04
437,Marcus Williams,SF,21,SAS,1,2,.000,19.1,,1.000,.000,.000,.000,1.000,.000,,.000,,,,.000,,,,,,.000,0,,,,,0,0,willima04
437,Marcus Williams,PF,21,LAC,10,34,.263,11.9,,1.000,.263,.053,.211,.474,.000,,.263,.000,.000,.500,.333,,,.400,,,.000,0,,,,,0,0,willima04
438,Marvin Williams,SF,21,ATL,80,2765,.462,11.6,,.989,.284,.117,.113,.475,.011,,.466,.586,.393,.288,.454,.100,,.754,1.000,,.087,72,,.500,.000,,1,0,willima02
439,Mo Williams,PG,25,MIL,66,2410,.480,15.3,,.749,.220,.067,.143,.319,.251,,.512,.525,.500,.489,.515,.385,,.224,.798,,.000,0,,.203,.426,,5,0,willima01
440,Sean Williams,C,21,NJN,73,1278,.538,4.0,,1.000,.590,.233,.134,.043,.000,,.538,.611,.408,.488,.385,,,.811,,,.246,61,,,,,0,0,willise01
441,Shawne Williams,SF,21,IND,65,967,.427,15.0,,.632,.280,.089,.048,.215,.368,,.494,.587,.455,.333,.425,.314,,.534,.953,,.030,10,,.197,.259,,1,0,willish03
442,Shelden Williams,PF,24,TOT,64,776,.434,7.1,,.991,.467,.198,.080,.245,.009,,.438,.515,.357,.353,.385,.000,,.609,,,.061,11,,.000,,,0,0,willish02
442,Shelden Williams,PF,24,ATL,36,414,.370,8.3,,.990,.460,.120,.080,.330,.010,,.374,.370,.500,.375,.333,.000,,.649,,,.060,4,,.000,,,0,0,willish02
442,Shelden Williams,PF,24,SAC,28,362,.491,6.1,,.991,.473,.268,.080,.170,.009,,.495,.642,.300,.333,.474,.000,,.582,,,.063,7,,.000,,,0,0,willish02
443,Loren Woods,C,29,HOU,7,17,.600,5.7,,1.000,.400,.400,.200,.000,.000,,.600,1.000,.000,1.000,,,,1.000,,,.000,0,,,,,0,0,woodslo01
444,Metta World Peace,SF,28,SAC,57,2172,.453,12.5,,.770,.325,.128,.069,.248,.230,,.475,.601,.341,.348,.414,.380,,.290,.702,,.033,29,,.186,.341,,0,0,artesro01
445,Antoine Wright,SG,23,TOT,56,1232,.413,13.0,,.666,.377,.046,.061,.182,.334,,.475,.556,.267,.400,.383,.291,,.663,1.000,,.040,12,,.564,.387,,3,0,wrighan01
445,Antoine Wright,SG,23,NJN,41,1056,.401,13.4,,.648,.366,.042,.059,.181,.352,,.473,.562,.250,.412,.365,.267,,.705,1.000,,.045,12,,.545,.364,,3,0,wrighan01
445,Antoine Wright,SG,23,DAL,15,176,.500,10.3,,.786,.452,.071,.071,.190,.214,,.485,.526,.333,.333,.500,.556,,.438,1.000,,.000,0,,.778,.571,,0,0,wrighan01
446,Brandan Wright,PF,20,GSW,38,376,.554,5.3,,1.000,.527,.259,.134,.080,.000,,.554,.644,.552,.467,.111,,,.694,,,.170,18,,,,,0,0,wrighbr03
447,Dorell Wright,SF,22,MIA,44,1104,.488,13.7,,.962,.259,.055,.061,.587,.038,,.493,.645,.375,.222,.465,.364,,.763,1.000,,.078,22,,.636,.429,,0,0,wrighdo01
448,Julian Wright,SF,20,NOH,57,640,.533,9.1,,.858,.497,.077,.071,.213,.142,,.552,.702,.231,.417,.361,.417,,.775,1.000,,.207,32,,.375,.667,,0,0,wrighju01
449,Lorenzen Wright,C,32,TOT,18,161,.286,7.2,,1.000,.429,.143,.286,.143,.000,,.286,.444,.667,.000,.000,,,.500,,,.048,1,,,,,0,0,wrighlo02
449,Lorenzen Wright,C,32,ATL,13,148,.294,7.3,,1.000,.412,.176,.235,.176,.000,,.294,.429,.667,.000,.000,,,.400,,,.059,1,,,,,0,0,wrighlo02
449,Lorenzen Wright,C,32,SAC,5,13,.250,6.7,,1.000,.500,.000,.500,.000,.000,,.250,.500,,.000,,,,1.000,,,.000,0,,,,,0,0,wrighlo02
450,Nick Young,SG,22,WAS,75,1158,.439,13.9,,.791,.232,.103,.149,.308,.209,,.450,.577,.306,.380,.435,.400,,.247,.900,,.040,18,,.250,.440,,0,0,youngni01
451,Thaddeus Young,PF,19,PHI,74,1554,.539,6.2,,.961,.516,.212,.084,.149,.039,,.548,.628,.538,.366,.384,.316,,.651,1.000,,.094,43,,.632,.417,,0,0,youngth01