,,,,,,,,,,% of FGA by Distance,% of FGA by Distance,% of FGA by Distance,% of FGA by Distance,% of FGA by Distance,% of FGA by Distance,,FG% by Distance,FG% by Distance,FG% by Distance,FG% by Distance,FG% by Distance,FG% by Distance,,% of FG Ast'd,% of FG Ast'd,,Dunks,Dunks,,Corner 3s,Corner 3s,,Heaves,Heaves,-additional
Rk,Player,Pos,Age,Tm,G,MP,FG%,Dist.,,2P,0-3,3-10,10-16,16-3P,3P,,2P,0-3,3-10,10-16,16-3P,3P,,2P,3P,,%FGA,#,,%3PA,3P%,,Att.,#,-9999
1,Alex Acker,SG,26,TOT,25,199,.395,14.7,,.737,.224,.066,.118,.329,.263,,.411,.294,.400,.556,.440,.350,,.478,.714,,.013,0,,.450,.222,,0,0,ackeral01
1,Alex Acker,SG,26,DET,7,20,.364,17.8,,.636,.091,.091,.091,.364,.364,,.571,1.000,.000,.000,.750,.000,,.500,,,.000,0,,.500,.000,,0,0,ackeral01
1,Alex Acker,SG,26,LAC,18,179,.400,14.1,,.754,.246,.062,.123,.323,.246,,.388,.250,.500,.625,.381,.438,,.474,.714,,.015,0,,.438,.286,,0,0,ackeral01
2,Hassan Adams,SG,24,TOR,12,52,.308,7.9,,1.000,.462,.154,.154,.231,.000,,.308,.333,.000,.000,.667,,,.500,,,.077,1,,,,,0,0,adamsha01
3,Arron Afflalo,SG,23,DET,74,1234,.437,15.8,,.643,.240,.023,.070,.310,.357,,.456,.625,.429,.333,.355,.402,,.534,.930,,.003,1,,.654,.429,,0,0,afflaar01
4,Maurice Ager,SG,24,NJN,20,97,.349,11.2,,.860,.442,.023,.047,.349,.140,,.405,.632,.000,.000,.200,.000,,.467,,,.047,1,,.000,,,0,0,agerma01
5,Blake Ahearn,PG,24,SAS,3,19,.333,18.4,,.333,.167,.167,.000,.000,.667,,.000,.000,.000,,,.500,,,1.000,,.000,0,,.250,1.000,,0,0,ahearbl01
6,Alexis Ajinça,PF,20,CHA,31,182,.362,13.3,,.971,.174,.159,.159,.478,.029,,.373,.417,.364,.273,.394,.000,,.720,,,.058,3,,.000,,,0,0,ajincal01
7,LaMarcus Aldridge,PF,23,POR,81,3004,.484,11.0,,.977,.245,.211,.179,.343,.023,,.489,.671,.450,.422,.418,.250,,.567,1.000,,.098,108,,.643,.389,,3,0,aldrila01
8,Joe Alexander,SF,22,MIL,59,716,.416,12.2,,.812,.302,.094,.180,.237,.188,,.432,.622,.217,.341,.345,.348,,.709,.938,,.061,14,,.370,.353,,0,0,alexajo01
9,Malik Allen,PF,30,MIL,49,579,.429,13.2,,.994,.176,.076,.288,.453,.006,,.432,.433,.385,.469,.416,.000,,.753,,,.029,5,,.000,,,0,0,allenma01
10,Ray Allen*,SG,33,BOS,79,2876,.480,17.0,,.533,.188,.058,.096,.191,.467,,.542,.641,.517,.520,.462,.409,,.540,.925,,.003,3,,.379,.478,,0,0,allenra02
11,Tony Allen,SG,27,BOS,46,887,.482,6.5,,.905,.585,.173,.049,.099,.095,,.510,.620,.367,.071,.321,.222,,.519,1.000,,.063,18,,.407,.273,,0,0,allento01
12,Morris Almond,SG,23,UTA,25,255,.407,11.6,,.790,.370,.099,.074,.247,.210,,.438,.467,.375,.667,.350,.294,,.857,1.000,,.012,1,,.588,.300,,0,0,almonmo01
13,Rafer Alston,PG,32,TOT,77,2447,.385,14.5,,.596,.279,.140,.051,.126,.404,,.417,.445,.409,.286,.417,.338,,.118,.804,,.000,0,,.097,.344,,3,0,alstora01
13,Rafer Alston,PG,32,HOU,48,1591,.370,15.4,,.559,.238,.149,.061,.111,.441,,.387,.403,.410,.250,.397,.348,,.159,.738,,.000,0,,.065,.400,,2,0,alstora01
13,Rafer Alston,PG,32,ORL,29,856,.413,13.0,,.661,.352,.124,.034,.151,.339,,.462,.495,.405,.400,.444,.317,,.066,.969,,.000,0,,.168,.294,,1,0,alstora01
14,Lou Amundson,PF,26,PHO,76,1044,.536,3.1,,.996,.728,.164,.060,.044,.004,,.538,.604,.293,.333,.636,.000,,.701,,,.168,37,,.000,,,1,0,amundlo01
15,Chris Andersen,C,30,DEN,71,1460,.548,3.7,,.966,.747,.089,.065,.065,.034,,.560,.628,.269,.368,.368,.200,,.639,.500,,.247,64,,.300,.333,,1,1,anderch01
16,Ryan Anderson,PF,20,NJN,66,1312,.393,13.3,,.536,.413,.054,.010,.059,.464,,.417,.435,.318,.500,.375,.365,,.582,.986,,.049,18,,.217,.341,,0,0,anderry01
17,Carmelo Anthony,SF,24,DEN,66,2277,.443,11.5,,.859,.351,.084,.132,.292,.141,,.455,.568,.386,.314,.402,.371,,.428,.873,,.057,64,,.176,.433,,3,0,anthoca01
18,Joel Anthony,C,26,MIA,65,1048,.483,3.4,,1.000,.627,.271,.068,.034,.000,,.483,.595,.313,.375,.000,,,.596,,,.178,17,,,,,0,0,anthojo01
19,Gilbert Arenas,PG,27,WAS,2,63,.261,14.3,,.696,.304,.087,.000,.304,.304,,.250,.143,.500,,.286,.286,,.250,1.000,,.000,0,,.143,.000,,0,0,arenagi01
20,Trevor Ariza,SF,23,LAL,82,1999,.460,12.3,,.680,.435,.050,.037,.158,.320,,.526,.625,.400,.182,.372,.319,,.549,.934,,.122,67,,.429,.280,,5,0,arizatr01
21,Hilton Armstrong,C,24,NOH,70,1092,.561,5.1,,.992,.561,.220,.138,.073,.008,,.566,.696,.444,.353,.333,.000,,.587,,,.264,60,,.000,,,2,0,armsthi01
22,Darrell Arthur,PF,20,MEM,76,1464,.438,8.8,,.995,.381,.177,.161,.278,.005,,.440,.554,.325,.443,.355,.000,,.775,,,.128,50,,.000,,,0,0,arthuda01
23,Chucky Atkins,PG,34,TOT,33,412,.301,19.5,,.496,.142,.018,.027,.310,.504,,.339,.313,.000,.000,.400,.263,,.632,.867,,.000,0,,.175,.300,,1,0,atkinch01
23,Chucky Atkins,PG,34,DEN,14,115,.333,22.2,,.370,.037,.000,.000,.333,.630,,.400,1.000,,,.333,.294,,.750,.800,,.000,0,,.235,.500,,0,0,atkinch01
23,Chucky Atkins,PG,34,OKC,19,297,.291,18.6,,.535,.174,.023,.035,.302,.465,,.326,.267,.000,.000,.423,.250,,.600,.900,,.000,0,,.150,.167,,1,0,atkinch01
24,D.J. Augustin,PG,21,CHA,72,1908,.430,15.2,,.604,.277,.066,.079,.182,.396,,.424,.471,.366,.286,.434,.439,,.151,.861,,.000,0,,.191,.447,,4,0,augusdj01
25,Kelenna Azubuike,SF,25,GSW,74,2375,.464,12.0,,.751,.351,.142,.073,.185,.249,,.469,.609,.333,.258,.391,.448,,.473,.947,,.039,31,,.257,.444,,0,0,azubuke01
26,Renaldo Balkman,PF,24,DEN,53,780,.558,4.5,,.964,.736,.056,.020,.152,.036,,.568,.621,.545,.500,.333,.286,,.657,1.000,,.188,33,,.143,.000,,1,0,balkmre01
27,Marcus Banks,PG,27,TOT,22,206,.368,13.6,,.667,.368,.035,.018,.246,.333,,.474,.667,.000,.000,.286,.158,,.222,.667,,.000,0,,.526,.100,,0,0,banksma01
27,Marcus Banks,PG,27,MIA,16,166,.385,13.4,,.641,.385,.051,.000,.205,.359,,.520,.733,.000,,.250,.143,,.308,.500,,.000,0,,.571,.125,,0,0,banksma01
27,Marcus Banks,PG,27,TOR,6,40,.333,14.0,,.722,.333,.000,.056,.333,.278,,.385,.500,,.000,.333,.200,,.000,1.000,,.000,0,,.400,.000,,0,0,banksma01
28,Leandro Barbosa,SG,26,PHO,70,1705,.482,13.0,,.684,.337,.096,.092,.158,.316,,.532,.660,.342,.286,.517,.375,,.449,.900,,.000,0,,.358,.407,,3,0,barbole01
29,J.J. Barea,SG,24,DAL,79,1600,.442,11.7,,.724,.399,.110,.074,.142,.276,,.474,.514,.377,.415,.468,.357,,.178,.582,,.000,0,,.149,.348,,2,0,bareajo01
30,Andrea Bargnani,PF,23,TOR,78,2453,.450,15.1,,.696,.214,.108,.115,.260,.304,,.468,.595,.388,.391,.430,.409,,.692,.975,,.047,41,,.010,.000,,1,0,bargnan01
31,Matt Barnes,PF,28,PHO,77,2082,.423,15.8,,.494,.234,.129,.053,.077,.506,,.505,.639,.460,.278,.327,.343,,.565,.923,,.034,20,,.346,.339,,2,0,barnema02
32,Brent Barry,SG,37,HOU,56,857,.407,21.1,,.238,.116,.041,.041,.041,.762,,.512,.550,.143,.429,.857,.374,,.714,.959,,.012,2,,.198,.346,,0,0,barrybr01
33,Brandon Bass,C,23,DAL,81,1574,.496,9.1,,.988,.404,.104,.211,.270,.012,,.502,.580,.396,.449,.467,.000,,.698,,,.157,72,,.000,,,5,0,bassbr01
34,Maceo Baston,PF,33,IND,27,217,.543,5.1,,.978,.609,.174,.152,.043,.022,,.556,.607,.625,.286,.500,.000,,.680,,,.174,6,,.000,,,0,0,bastoma01
35,Tony Battie,PF,32,ORL,77,1202,.489,12.1,,.972,.251,.087,.229,.406,.028,,.497,.778,.250,.500,.374,.222,,.712,1.000,,.096,31,,.333,.333,,1,0,battito01
36,Shane Battier,SG,30,HOU,60,2031,.410,18.7,,.331,.153,.093,.040,.045,.669,,.462,.574,.485,.214,.250,.384,,.556,.989,,.006,2,,.414,.439,,2,0,battish01
37,Nicolas Batum,SF,20,POR,79,1454,.446,14.3,,.535,.330,.053,.022,.130,.465,,.513,.655,.211,.000,.362,.369,,.657,.968,,.133,39,,.524,.364,,0,0,batumni01
38,Jerryd Bayless,PG,20,POR,53,655,.365,9.4,,.857,.487,.085,.069,.217,.143,,.383,.500,.250,.231,.220,.259,,.387,1.000,,.074,9,,.481,.231,,1,0,bayleje01
39,Michael Beasley,PF,20,MIA,81,2009,.472,11.4,,.915,.284,.165,.135,.331,.085,,.478,.555,.462,.403,.451,.407,,.551,.909,,.040,32,,.296,.458,,0,0,beaslmi01
40,Marco Belinelli,SG,22,GSW,42,882,.442,17.6,,.587,.170,.076,.060,.281,.413,,.473,.630,.458,.474,.382,.397,,.432,.865,,.003,1,,.275,.528,,2,0,belinma01
41,Charlie Bell,SG,29,MIL,70,1783,.414,18.5,,.542,.153,.017,.061,.311,.458,,.458,.538,.556,.375,.429,.363,,.523,.839,,.004,1,,.446,.449,,3,0,bellch01
42,Raja Bell,SG,32,TOT,67,2315,.437,19.4,,.604,.076,.028,.070,.430,.396,,.448,.635,.316,.375,.435,.421,,.741,.939,,.004,3,,.292,.380,,2,0,bellra01
42,Raja Bell,SG,32,PHO,22,712,.429,20.0,,.469,.096,.011,.056,.305,.531,,.386,.588,.500,.200,.352,.468,,.688,.932,,.000,0,,.277,.423,,1,0,bellra01
42,Raja Bell,SG,32,CHA,45,1603,.440,19.3,,.651,.069,.034,.075,.473,.349,,.464,.657,.294,.421,.454,.395,,.752,.943,,.006,3,,.299,.358,,1,0,bellra01
43,Mike Bibby,PG,30,ATL,79,2740,.435,19.9,,.574,.075,.055,.038,.407,.426,,.468,.707,.455,.474,.425,.390,,.419,.958,,.000,0,,.157,.403,,0,0,bibbymi01
44,Andris Biedriņš,C,22,GSW,62,1863,.578,2.0,,.998,.749,.244,.004,.002,.002,,.579,.672,.300,.000,1.000,.000,,.636,,,.133,67,,.000,,,0,0,biedran01
45,Chauncey Billups,PG,32,TOT,79,2789,.418,16.8,,.595,.180,.069,.113,.233,.405,,.425,.517,.309,.360,.421,.408,,.157,.537,,.001,1,,.091,.417,,1,0,billuch01
45,Chauncey Billups,PG,32,DET,2,70,.333,18.5,,.667,.095,.000,.143,.429,.333,,.357,.000,,.333,.444,.286,,.000,.000,,.000,0,,.143,.000,,0,0,billuch01
45,Chauncey Billups,PG,32,DEN,77,2719,.420,16.8,,.593,.181,.071,.113,.228,.407,,.427,.523,.309,.361,.420,.410,,.160,.544,,.001,1,,.090,.429,,1,0,billuch01
46,Steve Blake,PG,28,POR,69,2188,.428,19.0,,.493,.114,.060,.079,.240,.507,,.429,.500,.308,.255,.484,.427,,.416,.900,,.000,0,,.381,.480,,5,0,blakest01
47,Andray Blatche,C,22,WAS,71,1703,.471,8.5,,.967,.421,.165,.160,.221,.033,,.479,.630,.356,.366,.367,.238,,.500,.600,,.078,48,,.143,.000,,0,0,blatcan01
48,Mark Blount,C,33,MIA,20,207,.385,17.9,,.654,.077,.077,.103,.397,.346,,.373,.833,.333,.375,.290,.407,,.526,1.000,,.038,3,,.296,.500,,0,0,blounma01
49,Keith Bogans,SG,28,TOT,65,1272,.367,18.0,,.327,.225,.034,.037,.031,.673,,.425,.534,.182,.083,.300,.339,,.556,.986,,.000,0,,.427,.376,,1,0,boganke01
49,Keith Bogans,SG,28,ORL,36,787,.360,18.8,,.280,.200,.023,.034,.023,.720,,.429,.571,.000,.000,.250,.333,,.571,.976,,.000,0,,.460,.362,,1,0,boganke01
49,Keith Bogans,SG,28,MIL,29,485,.376,17.0,,.383,.255,.047,.040,.040,.617,,.421,.500,.286,.167,.333,.348,,.542,1.000,,.000,0,,.380,.400,,0,0,boganke01
50,Andrew Bogut,C,24,MIL,36,1124,.577,3.5,,1.000,.599,.309,.066,.025,.000,,.577,.658,.490,.429,.125,,,.574,,,.132,38,,,,,0,0,bogutan01
51,Matt Bonner,PF,28,SAS,81,1928,.496,17.4,,.500,.131,.116,.103,.151,.500,,.552,.600,.548,.491,.556,.440,,.682,1.000,,.009,4,,.231,.452,,0,0,bonnema01
52,Josh Boone,C,24,NJN,62,995,.528,3.0,,1.000,.748,.098,.103,.051,.000,,.528,.606,.238,.455,.091,,,.735,,,.159,28,,,,,0,0,boonejo01
53,Calvin Booth,C,32,TOT,8,56,.500,10.6,,1.000,.400,.000,.100,.500,.000,,.500,.500,,1.000,.400,,,.600,,,.000,0,,,,,0,0,boothca01
53,Calvin Booth,C,32,MIN,1,1,,,,,,,,,,,,,,,,,,,,,,0,,,,,0,0,boothca01
53,Calvin Booth,C,32,SAC,7,55,.500,10.6,,1.000,.400,.000,.100,.500,.000,,.500,.500,,1.000,.400,,,.600,,,.000,0,,,,,0,0,boothca01
54,Carlos Boozer,PF,27,UTA,37,1197,.490,7.3,,1.000,.441,.166,.186,.207,.000,,.490,.624,.329,.347,.462,,,.633,,,.047,20,,,,,0,0,boozeca01
55,Chris Bosh*,C,24,TOR,77,2928,.487,10.6,,.961,.314,.135,.181,.331,.039,,.497,.594,.433,.399,.483,.245,,.519,.833,,.073,81,,.041,.000,,2,0,boshch01
56,Bruce Bowen,SF,37,SAS,80,1506,.422,18.0,,.476,.144,.048,.080,.203,.524,,.416,.593,.444,.200,.368,.429,,.784,1.000,,.005,1,,.898,.432,,1,0,bowenbr01
57,Ryan Bowen,SF,33,NOH,21,219,.579,7.0,,1.000,.579,.079,.026,.316,.000,,.579,.773,.333,.000,.333,,,.909,,,.026,1,,,,,0,0,bowenry01
58,Elton Brand,PF,29,PHI,29,920,.447,9.3,,1.000,.271,.203,.367,.159,.000,,.447,.535,.365,.463,.362,,,.607,,,.044,16,,,,,0,0,brandel01
59,Corey Brewer,SF,22,MIN,15,307,.411,11.5,,.867,.389,.067,.067,.344,.133,,.410,.514,.167,.500,.323,.417,,.625,1.000,,.044,4,,.583,.571,,0,0,breweco01
60,Ronnie Brewer,SF,23,UTA,81,2605,.508,9.5,,.897,.517,.037,.047,.296,.103,,.537,.645,.355,.333,.404,.259,,.727,1.000,,.171,128,,.035,.000,,4,0,brewero02
61,Aaron Brooks,PG,24,HOU,80,1998,.404,14.8,,.605,.269,.135,.095,.106,.395,,.428,.469,.358,.378,.458,.366,,.202,.664,,.001,1,,.146,.422,,11,0,brookaa01
62,Andre Brown,PF,27,CHA,4,41,.143,3.4,,1.000,.714,.143,.000,.143,.000,,.143,.200,.000,,.000,,,.000,,,.143,0,,,,,0,0,brownan01
63,Bobby Brown,SG-PG,24,TOT,68,931,.392,16.9,,.639,.197,.075,.058,.308,.361,,.417,.437,.296,.476,.423,.346,,.240,.667,,.019,5,,.185,.458,,5,0,brownbo02
63,Bobby Brown,SG,24,SAC,47,675,.381,17.1,,.619,.202,.077,.053,.287,.381,,.412,.400,.263,.462,.451,.330,,.286,.613,,.016,4,,.170,.563,,5,0,brownbo02
63,Bobby Brown,PG,24,MIN,21,256,.416,16.6,,.681,.186,.071,.071,.354,.319,,.429,.524,.375,.500,.375,.389,,.152,.786,,.027,1,,.222,.250,,0,0,brownbo02
64,Dee Brown,PG,24,TOT,19,261,.367,14.6,,.510,.367,.061,.020,.061,.490,,.440,.611,.000,.000,.000,.292,,.364,.857,,.000,0,,.125,.333,,0,0,brownde03
64,Dee Brown,PG,24,WAS,17,233,.386,13.7,,.545,.409,.045,.023,.068,.455,,.458,.611,.000,.000,.000,.300,,.364,.833,,.000,0,,.150,.333,,0,0,brownde03
64,Dee Brown,PG,24,PHO,2,28,.200,22.2,,.200,.000,.200,.000,.000,.800,,.000,,.000,,,.250,,,1.000,,.000,0,,.000,,,0,0,brownde03
65,Devin Brown,SG,30,NOH,63,869,.355,12.1,,.690,.358,.115,.086,.131,.310,,.384,.473,.417,.185,.244,.289,,.410,.964,,.013,4,,.227,.318,,0,0,brownde02
66,Kwame Brown,C,26,DET,58,999,.533,3.0,,1.000,.680,.189,.112,.018,.000,,.533,.609,.500,.211,.000,,,.711,,,.154,25,,,,,0,0,brownkw01
67,Shannon Brown,SG,23,TOT,48,477,.473,11.2,,.776,.467,.048,.091,.170,.224,,.500,.584,.500,.467,.286,.378,,.547,.929,,.109,18,,.324,.583,,3,0,brownsh01
67,Shannon Brown,SG,23,CHA,30,341,.455,10.8,,.772,.480,.041,.089,.163,.228,,.505,.542,.600,.636,.300,.286,,.479,.875,,.089,11,,.357,.500,,2,0,brownsh01
67,Shannon Brown,SG,23,LAL,18,136,.524,12.2,,.786,.429,.071,.095,.190,.214,,.485,.722,.333,.000,.250,.667,,.750,1.000,,.167,7,,.222,1.000,,1,0,brownsh01
68,Kobe Bryant*,SG,30,LAL,82,2960,.467,14.0,,.804,.203,.120,.181,.299,.196,,.496,.664,.461,.448,.424,.351,,.326,.644,,.036,59,,.086,.414,,1,0,bryanko01
69,Greg Buckner,SF,32,MEM,63,878,.384,12.7,,.679,.352,.094,.075,.157,.321,,.444,.464,.467,.500,.360,.255,,.604,1.000,,.006,1,,.431,.364,,1,0,buckngr01
70,Caron Butler,SG,28,WAS,67,2585,.453,13.5,,.806,.282,.100,.116,.308,.194,,.487,.641,.422,.397,.401,.310,,.408,.431,,.027,29,,.176,.297,,5,0,butleca01
71,Rasual Butler,SF,29,NOH,82,2614,.433,17.5,,.553,.143,.064,.101,.245,.447,,.468,.670,.392,.383,.406,.390,,.678,.929,,.037,29,,.443,.459,,2,0,butlera01
72,Andrew Bynum,C,21,LAL,50,1446,.560,4.2,,1.000,.522,.343,.102,.034,.000,,.560,.687,.442,.431,.176,,,.637,,,.209,100,,,,,0,0,bynuman01
73,Will Bynum,PG,26,DET,57,803,.456,9.9,,.944,.404,.132,.088,.322,.056,,.474,.543,.444,.333,.436,.158,,.222,1.000,,.012,3,,.053,.000,,3,0,bynumwi01
74,José Calderón,PG,27,TOR,68,2333,.497,17.0,,.686,.194,.009,.054,.429,.314,,.538,.752,.167,.457,.460,.406,,.185,.878,,.003,2,,.129,.423,,2,0,caldejo01
75,Marcus Camby,C,34,LAC,62,1925,.512,7.7,,.992,.500,.097,.121,.274,.008,,.514,.677,.354,.300,.368,.250,,.676,1.000,,.075,34,,.000,,,1,0,cambyma01
76,Brian Cardinal,PF,31,MIN,64,909,.385,18.7,,.456,.136,.059,.071,.189,.544,,.455,.565,.200,.333,.500,.326,,.743,1.000,,.000,0,,.250,.348,,0,0,cardibr01
77,Rodney Carney,SG,24,MIN,67,1199,.416,16.1,,.466,.262,.035,.054,.113,.534,,.492,.667,.200,.174,.333,.350,,.639,.987,,.102,39,,.540,.402,,0,0,carnero01
78,Matt Carroll,SG,28,TOT,55,616,.380,17.6,,.690,.129,.058,.088,.415,.310,,.441,.455,.500,.267,.465,.245,,.769,1.000,,.000,0,,.491,.385,,0,0,carroma01
78,Matt Carroll,SG,28,CHA,34,475,.406,17.4,,.674,.152,.043,.072,.406,.326,,.473,.429,.500,.400,.500,.267,,.727,1.000,,.000,0,,.511,.391,,0,0,carroma01
78,Matt Carroll,SG,28,DAL,21,141,.273,18.3,,.758,.030,.121,.152,.455,.242,,.320,1.000,.500,.000,.333,.125,,1.000,1.000,,.000,0,,.375,.333,,0,0,carroma01
79,Anthony Carter,PG,33,DEN,78,1787,.433,14.6,,.772,.272,.085,.057,.358,.228,,.490,.600,.424,.364,.442,.239,,.610,.952,,.003,1,,.216,.158,,4,0,cartean01
80,Vince Carter,SG,32,NJN,80,2946,.437,15.0,,.709,.242,.072,.113,.282,.291,,.459,.563,.433,.408,.396,.385,,.284,.775,,.035,46,,.176,.478,,5,0,cartevi01
81,Mario Chalmers,PG,22,MIA,82,2626,.420,16.1,,.530,.254,.101,.044,.131,.470,,.467,.482,.448,.414,.471,.367,,.201,.895,,.020,10,,.151,.362,,8,0,chalmma01
82,Tyson Chandler,C,26,NOH,45,1445,.565,1.7,,1.000,.802,.173,.021,.004,.000,,.565,.634,.327,.000,.000,,,.719,,,.336,89,,,,,0,0,chandty01
83,Wilson Chandler,SF,21,NYK,82,2735,.432,14.0,,.702,.255,.124,.105,.217,.298,,.476,.595,.443,.405,.389,.328,,.452,.951,,.042,40,,.325,.392,,4,0,chandwi01
84,Speedy Claxton,PG,30,ATL,2,15,.286,11.2,,1.000,.286,.000,.429,.286,.000,,.286,.500,,.333,.000,,,.000,,,.000,0,,,,,0,0,claxtsp01
85,Jarron Collins,C,30,UTA,26,201,.457,7.1,,1.000,.486,.114,.171,.229,.000,,.457,.471,.500,.667,.250,,,.500,,,.000,0,,,,,0,0,collija03
86,Jason Collins,C,30,MIN,31,422,.314,8.3,,1.000,.386,.143,.214,.257,.000,,.314,.556,.200,.133,.167,,,.591,,,.057,3,,,,,0,0,collija04
87,Mardy Collins,PG-SG,24,TOT,48,890,.425,8.1,,.874,.401,.304,.085,.085,.126,,.426,.515,.333,.333,.429,.419,,.326,.846,,.016,4,,.355,.455,,1,0,collima01
87,Mardy Collins,SG,24,NYK,9,75,.348,6.3,,.870,.609,.087,.130,.043,.130,,.400,.429,.000,.333,1.000,.000,,.375,,,.000,0,,.667,.000,,0,0,collima01
87,Mardy Collins,PG,24,LAC,39,815,.433,8.3,,.875,.379,.326,.080,.089,.125,,.429,.529,.342,.333,.400,.464,,.321,.846,,.018,4,,.321,.556,,1,0,collima01
88,Nick Collison,C,28,OKC,71,1831,.568,5.4,,.995,.570,.192,.075,.159,.005,,.570,.730,.354,.406,.338,.000,,.663,,,.166,67,,.000,,,1,0,collini01
89,Mike Conley,PG,21,MEM,82,2508,.442,13.3,,.703,.318,.097,.073,.215,.297,,.458,.522,.338,.358,.452,.406,,.149,.955,,.007,5,,.272,.390,,2,0,conlemi01
90,Brian Cook,PF,28,TOT,30,171,.368,17.2,,.605,.171,.053,.092,.289,.395,,.326,.231,.500,.429,.318,.433,,.400,1.000,,.026,1,,.000,,,0,0,cookbr01
90,Brian Cook,PF,28,ORL,21,146,.383,18.1,,.583,.150,.033,.117,.283,.417,,.343,.222,.500,.429,.353,.440,,.500,1.000,,.000,0,,.000,,,0,0,cookbr01
90,Brian Cook,PF,28,HOU,9,25,.313,14.2,,.688,.250,.125,.000,.313,.313,,.273,.250,.500,,.200,.400,,.000,1.000,,.125,1,,.000,,,0,0,cookbr01
91,Daequan Cook,SF,21,MIA,75,1833,.375,20.8,,.388,.067,.026,.074,.220,.612,,.356,.488,.353,.333,.324,.387,,.596,.954,,.012,8,,.309,.443,,3,0,cookda02
92,Jamal Crawford,PG-SG,28,TOT,65,2479,.410,17.3,,.614,.139,.086,.102,.288,.386,,.441,.585,.341,.375,.425,.360,,.235,.704,,.000,0,,.223,.398,,3,0,crawfja01
92,Jamal Crawford,SG,28,NYK,11,392,.432,17.2,,.544,.172,.071,.112,.189,.456,,.413,.414,.333,.316,.500,.455,,.316,.657,,.000,0,,.260,.350,,0,0,crawfja01
92,Jamal Crawford,PG,28,GSW,54,2087,.406,17.3,,.628,.132,.089,.100,.307,.372,,.446,.628,.342,.388,.416,.338,,.222,.720,,.000,0,,.215,.412,,3,0,crawfja01
93,Joe Crawford,SF,22,NYK,2,23,.300,11.5,,.600,.400,.100,.100,.000,.400,,.333,.500,.000,.000,,.250,,.500,1.000,,.100,1,,.250,.000,,0,0,crawfjo01
94,Javaris Crittenton,PG-SG,21,TOT,63,1174,.460,7.0,,.947,.561,.154,.042,.189,.053,,.478,.644,.182,.167,.296,.133,,.341,.500,,.046,12,,.133,.000,,0,0,crittja01
94,Javaris Crittenton,SG,21,MEM,7,44,.467,5.2,,.933,.667,.133,.000,.133,.067,,.500,.600,.500,,.000,.000,,.571,,,.000,0,,.000,,,0,0,crittja01
94,Javaris Crittenton,PG,21,WAS,56,1130,.459,7.1,,.948,.556,.156,.044,.193,.052,,.477,.647,.167,.167,.308,.143,,.328,.500,,.048,12,,.143,.000,,0,0,crittja01
95,Austin Croshere,PF,33,TOT,14,100,.359,13.0,,.615,.385,.077,.026,.128,.385,,.375,.333,1.000,.000,.200,.333,,.556,1.000,,.077,2,,.133,.500,,0,0,croshau01
95,Austin Croshere,PF,33,MIL,11,77,.400,12.0,,.633,.433,.067,.033,.100,.367,,.368,.308,1.000,.000,.333,.455,,.429,1.000,,.067,1,,.182,.500,,0,0,croshau01
95,Austin Croshere,PF,33,SAS,3,23,.222,16.5,,.556,.222,.111,.000,.222,.444,,.400,.500,1.000,,.000,.000,,1.000,,,.111,1,,.000,,,0,0,croshau01
96,Eddy Curry,C,26,NYK,3,12,1.000,0.0,,1.000,1.000,.000,.000,.000,.000,,1.000,1.000,,,,,,.500,,,.000,0,,,,,0,0,curryed01
97,Samuel Dalembert,C,27,PHI,82,2036,.498,5.8,,.995,.532,.157,.210,.097,.005,,.500,.597,.368,.396,.405,.000,,.671,,,.212,87,,.500,.000,,0,0,dalemsa01
98,Erick Dampier,C,33,DAL,80,1836,.650,1.4,,1.000,.821,.139,.032,.007,.000,,.650,.713,.359,.333,.500,,,.643,,,.261,70,,,,,0,0,dampier01
99,Antonio Daniels,PG,33,TOT,74,1021,.419,13.1,,.746,.284,.089,.161,.212,.254,,.438,.507,.429,.289,.460,.367,,.247,.864,,.017,4,,.183,.364,,0,0,daniean01
99,Antonio Daniels,PG,33,WAS,13,288,.400,12.0,,.756,.356,.111,.089,.200,.244,,.382,.625,.000,.250,.222,.455,,.538,.800,,.022,1,,.273,.333,,0,0,daniean01
99,Antonio Daniels,PG,33,NOH,61,733,.424,13.4,,.743,.267,.084,.178,.215,.257,,.451,.471,.563,.294,.512,.347,,.188,.882,,.016,3,,.163,.375,,0,0,daniean01
100,Marquis Daniels,SF,28,IND,54,1700,.451,9.8,,.869,.389,.180,.126,.174,.131,,.489,.627,.411,.425,.308,.200,,.505,.944,,.029,17,,.289,.192,,2,0,daniema01
101,Jermareo Davidson,SF,24,GSW,14,111,.486,11.1,,1.000,.314,.057,.200,.429,.000,,.486,.636,.000,.571,.400,,,.647,,,.143,5,,,,,0,0,davidje01
102,Baron Davis,PG,29,LAC,65,2248,.370,14.3,,.658,.290,.083,.108,.176,.342,,.406,.493,.350,.308,.349,.302,,.145,.505,,.003,3,,.098,.281,,4,0,davisba01
103,Glen Davis,C,23,BOS,76,1637,.442,10.7,,.989,.331,.144,.109,.404,.011,,.443,.584,.308,.306,.412,.400,,.772,1.000,,.031,14,,.200,1.000,,2,0,davisgl01
104,Paul Davis,PF,24,LAC,27,320,.408,10.1,,.990,.347,.122,.153,.367,.010,,.412,.559,.250,.533,.278,.000,,.725,,,.041,4,,.000,,,0,0,davispa01
105,Ricky Davis,SG,29,LAC,36,785,.339,19.3,,.547,.090,.033,.102,.322,.453,,.358,.591,.125,.280,.342,.315,,.604,.943,,.004,0,,.333,.351,,0,0,davisri01
106,Luol Deng,SF,23,CHI,49,1665,.448,11.6,,.966,.328,.095,.088,.455,.034,,.450,.613,.268,.385,.383,.400,,.724,.875,,.046,25,,.550,.455,,0,0,denglu01
107,Boris Diaw,PF,26,TOT,81,2754,.507,10.4,,.795,.374,.208,.051,.162,.205,,.531,.616,.484,.444,.420,.414,,.566,.987,,.017,14,,.105,.474,,1,0,diawbo01
107,Boris Diaw,PF,26,PHO,22,538,.567,9.0,,.901,.390,.270,.050,.191,.099,,.591,.727,.553,.429,.407,.357,,.467,1.000,,.028,4,,.071,.000,,1,0,diawbo01
107,Boris Diaw,PF,26,CHA,59,2216,.495,10.7,,.775,.371,.197,.051,.156,.225,,.517,.594,.466,.447,.422,.419,,.591,.986,,.015,10,,.108,.500,,0,0,diawbo01
108,Yakhouba Diawara,SF,26,MIA,63,851,.350,20.8,,.249,.115,.009,.023,.101,.751,,.463,.640,.000,.200,.364,.313,,.560,1.000,,.014,3,,.460,.253,,1,0,diawaya01
109,Travis Diener,PG,26,IND,55,719,.413,21.6,,.341,.078,.022,.061,.179,.659,,.459,.857,.250,.273,.375,.390,,.179,.587,,.000,0,,.110,.462,,2,0,dienetr01
110,Ike Diogu,PF,25,TOT,29,215,.527,7.4,,.973,.419,.243,.135,.176,.027,,.528,.548,.389,.400,.769,.500,,.447,1.000,,.027,2,,.500,1.000,,0,0,dioguik01
110,Ike Diogu,PF,25,POR,19,73,.316,5.9,,1.000,.526,.211,.105,.158,.000,,.316,.300,.250,.000,.667,,,.667,,,.053,1,,,,,0,0,dioguik01
110,Ike Diogu,PF,25,SAC,10,142,.600,8.0,,.964,.382,.255,.145,.182,.036,,.604,.667,.429,.500,.800,.500,,.406,1.000,,.018,1,,.500,1.000,,0,0,dioguik01
111,DeSagana Diop,C,27,TOT,75,1036,.433,4.0,,1.000,.579,.263,.123,.035,.000,,.433,.556,.267,.333,.000,,,.676,,,.099,17,,,,,0,0,diopde01
111,DeSagana Diop,C,27,DAL,34,452,.379,3.6,,1.000,.638,.207,.103,.052,.000,,.379,.486,.250,.167,.000,,,.636,,,.121,7,,,,,0,0,diopde01
111,DeSagana Diop,C,27,CHA,41,584,.460,4.2,,1.000,.549,.292,.133,.027,.000,,.460,.597,.273,.400,.000,,,.692,,,.088,10,,,,,0,0,diopde01
112,Juan Dixon,PG,30,WAS,50,816,.395,15.5,,.707,.188,.094,.145,.281,.293,,.420,.604,.250,.324,.403,.333,,.316,.520,,.000,0,,.147,.364,,0,0,dixonju01
113,Keyon Dooling,PG,28,NJN,77,2074,.436,15.7,,.607,.239,.055,.102,.211,.393,,.446,.601,.515,.344,.302,.421,,.272,.788,,.035,20,,.370,.483,,0,0,doolike01
114,Joey Dorsey,PF,25,HOU,3,6,.500,0.0,,1.000,1.000,.000,.000,.000,.000,,.500,.500,,,,,,1.000,,,.500,1,,,,,0,0,dorsejo01
115,Quincy Douby,PG,24,TOT,27,300,.382,16.8,,.582,.145,.164,.055,.218,.418,,.438,.500,.444,.167,.458,.304,,.250,.643,,.009,1,,.261,.333,,1,0,doubyqu01
115,Quincy Douby,PG,24,SAC,20,227,.341,17.4,,.580,.114,.170,.057,.239,.420,,.392,.500,.400,.000,.429,.270,,.350,.700,,.011,1,,.243,.333,,1,0,doubyqu01
115,Quincy Douby,PG,24,TOR,7,73,.545,14.7,,.591,.273,.136,.045,.136,.409,,.615,.500,.667,1.000,.667,.444,,.000,.500,,.000,0,,.333,.333,,0,0,doubyqu01
116,Chris Douglas-Roberts,SG,22,NJN,44,585,.460,8.0,,.932,.494,.131,.131,.176,.068,,.476,.586,.435,.304,.323,.250,,.474,1.000,,.023,4,,.750,.333,,1,0,douglch01
117,Goran Dragić,PG,22,PHO,55,728,.393,13.6,,.759,.317,.049,.134,.259,.241,,.400,.423,.636,.400,.328,.370,,.265,.600,,.013,3,,.111,.333,,2,0,dragigo01
118,Jared Dudley,SF,23,TOT,68,1155,.477,13.3,,.740,.312,.077,.070,.281,.260,,.507,.584,.318,.600,.450,.392,,.607,1.000,,.004,1,,.554,.463,,1,0,dudleja01
118,Jared Dudley,SF,23,CHA,20,427,.469,12.0,,.917,.323,.094,.063,.438,.083,,.477,.452,.444,.833,.452,.375,,.714,1.000,,.010,1,,.625,.600,,0,0,dudleja01
118,Jared Dudley,SF,23,PHO,48,728,.481,14.0,,.651,.307,.069,.074,.201,.349,,.528,.655,.231,.500,.447,.394,,.538,1.000,,.000,0,,.545,.444,,1,0,dudleja01
119,Chris Duhon,PG,26,NYK,79,2906,.421,15.0,,.523,.330,.072,.029,.091,.477,,.449,.480,.367,.250,.468,.391,,.113,.583,,.003,1,,.148,.438,,4,0,duhonch01
120,Tim Duncan*,C,32,SAS,75,2524,.504,8.0,,.998,.313,.333,.182,.170,.002,,.505,.637,.463,.418,.436,.000,,.525,,,.025,26,,.000,,,0,0,duncati01
121,Mike Dunleavy,SG,28,IND,18,495,.401,16.3,,.612,.181,.116,.056,.259,.388,,.430,.571,.407,.308,.367,.356,,.705,1.000,,.004,1,,.233,.476,,0,0,dunlemi02
122,Kevin Durant,SF,20,OKC,74,2885,.476,12.9,,.835,.260,.098,.178,.299,.165,,.486,.677,.397,.405,.398,.422,,.502,.948,,.086,114,,.083,.368,,0,0,duranke01
123,Monta Ellis,SG,23,GSW,25,892,.451,11.8,,.940,.300,.133,.100,.407,.060,,.460,.636,.439,.326,.371,.308,,.323,.375,,.021,8,,.269,.286,,1,0,ellismo01
124,Francisco Elson,C,32,MIL,59,977,.491,8.2,,.976,.503,.053,.189,.231,.024,,.497,.588,.444,.438,.359,.250,,.634,1.000,,.136,21,,.250,.000,,1,0,elsonfr01
125,Melvin Ely,C,30,NOH,31,373,.389,6.1,,1.000,.432,.274,.221,.074,.000,,.389,.561,.192,.286,.429,,,.568,,,.137,11,,,,,0,0,elyme01
126,Maurice Evans,SF,30,ATL,80,1840,.432,16.2,,.485,.261,.054,.041,.129,.515,,.470,.563,.346,.500,.323,.395,,.482,.939,,.083,36,,.476,.449,,1,0,evansma01
127,Reggie Evans,PF,28,PHI,79,1137,.444,1.5,,.994,.831,.152,.000,.011,.006,,.446,.439,.519,,.000,.000,,.506,,,.073,8,,1.000,.000,,0,0,evansre01
128,Jordan Farmar,PG,22,LAL,65,1192,.391,13.8,,.646,.330,.068,.085,.163,.354,,.421,.522,.286,.343,.313,.336,,.420,.816,,.027,9,,.164,.292,,1,0,farmajo01
129,Desmon Farmer,SG,27,SAS,3,54,.286,20.5,,.143,.143,.000,.000,.000,.857,,.500,.500,,,,.250,,1.000,1.000,,.000,0,,.667,.000,,0,0,farmede01
130,Raymond Felton,PG,24,CHA,82,3086,.408,13.3,,.809,.300,.104,.073,.331,.191,,.437,.471,.425,.430,.412,.285,,.295,.949,,.003,3,,.217,.311,,9,1,feltora01
131,Rudy Fernández,SG,23,POR,78,1993,.425,18.8,,.368,.159,.044,.049,.116,.632,,.470,.720,.250,.258,.301,.399,,.578,.893,,.043,26,,.249,.364,,2,0,fernaru01
132,Kyrylo Fesenko,C,22,UTA,21,156,.583,2.7,,1.000,.722,.194,.028,.056,.000,,.583,.731,.143,.000,.500,,,.667,,,.333,11,,,,,0,0,fesenky01
133,Michael Finley,SF,35,SAS,81,2336,.437,18.6,,.537,.083,.061,.128,.266,.463,,.459,.632,.500,.432,.410,.411,,.741,.985,,.009,6,,.464,.405,,2,0,finlemi01
134,Derek Fisher,PG,34,LAL,82,2441,.424,17.9,,.561,.137,.076,.071,.278,.439,,.446,.362,.404,.449,.497,.397,,.372,.892,,.000,0,,.262,.430,,0,0,fishede01
135,T.J. Ford,PG,25,IND,74,2258,.452,10.7,,.886,.315,.162,.180,.229,.114,,.467,.542,.446,.439,.402,.337,,.156,.857,,.003,1,,.279,.414,,0,0,fordtj01
136,Jeff Foster,C,32,IND,74,1828,.501,6.2,,.980,.603,.122,.062,.193,.020,,.506,.620,.372,.273,.309,.286,,.634,1.000,,.042,14,,.000,,,0,0,fosteje01
137,Randy Foye,SG,25,MIN,70,2494,.407,14.0,,.686,.276,.123,.078,.208,.314,,.428,.491,.364,.377,.402,.360,,.233,.766,,.016,15,,.185,.404,,2,0,foyera01
138,Adonal Foyle,C,33,TOT,10,62,.636,4.3,,1.000,.545,.273,.091,.091,.000,,.636,.667,.667,1.000,.000,,,.429,,,.000,0,,,,,0,0,foylead01
138,Adonal Foyle,C,33,ORL,9,59,.636,4.3,,1.000,.545,.273,.091,.091,.000,,.636,.667,.667,1.000,.000,,,.429,,,.000,0,,,,,0,0,foylead01
138,Adonal Foyle,C,33,MEM,1,3,,,,,,,,,,,,,,,,,,,,,,0,,,,,0,0,foylead01
139,Channing Frye,PF,25,POR,63,746,.423,16.0,,.876,.142,.101,.060,.573,.124,,.436,.526,.407,.375,.425,.333,,.794,1.000,,.022,6,,.485,.500,,0,0,fryech01
140,Dan Gadzuric,C,30,MIL,67,941,.480,7.1,,.992,.480,.123,.221,.168,.008,,.483,.590,.433,.370,.366,.000,,.641,,,.156,36,,.000,,,0,0,gadzuda01
141,Danilo Gallinari,SG,20,NYK,28,412,.448,19.0,,.424,.136,.048,.064,.176,.576,,.453,.529,.667,.375,.364,.444,,.458,.906,,.024,3,,.278,.500,,0,0,gallida01
142,Francisco García,SF,27,SAC,65,1975,.444,15.4,,.668,.242,.065,.083,.278,.332,,.466,.621,.349,.418,.373,.398,,.469,.818,,.023,14,,.249,.455,,0,0,garcifr01
143,Thomas Gardner,SG,23,ATL,16,98,.250,22.2,,.361,.056,.028,.056,.222,.639,,.385,.500,.000,.000,.500,.174,,.600,1.000,,.000,0,,.217,.200,,0,0,gardnth01
144,Kevin Garnett*,PF,32,BOS,57,1772,.531,11.4,,.989,.243,.185,.184,.377,.011,,.534,.767,.511,.441,.441,.250,,.742,1.000,,.096,70,,.125,1.000,,0,0,garneke01
145,Marc Gasol,C,24,MEM,82,2521,.530,5.8,,.998,.436,.371,.088,.104,.002,,.530,.667,.433,.362,.449,.000,,.497,,,.067,39,,.000,,,0,0,gasolma01
146,Pau Gasol*,C,28,LAL,81,2999,.567,6.2,,.998,.426,.295,.175,.102,.002,,.567,.667,.523,.492,.402,.500,,.574,1.000,,.120,121,,.500,1.000,,0,0,gasolpa01
147,Rudy Gay,SF,22,MEM,79,2945,.453,12.4,,.808,.287,.142,.133,.246,.192,,.477,.586,.425,.435,.405,.351,,.322,.894,,.104,118,,.211,.431,,1,0,gayru01
148,Devean George,SF,31,DAL,43,708,.380,16.6,,.465,.268,.028,.035,.134,.535,,.485,.500,.750,.200,.474,.289,,.594,1.000,,.042,5,,.592,.289,,2,0,georgde01
149,Daniel Gibson,PG,22,CLE,75,1795,.391,19.2,,.463,.112,.055,.049,.247,.537,,.402,.458,.207,.385,.423,.382,,.469,.898,,.002,1,,.424,.383,,0,0,gibsoda01
150,J.R. Giddens,SF,23,BOS,6,8,.667,11.1,,1.000,.333,.000,.000,.667,.000,,.667,1.000,,,.500,,,1.000,,,.000,0,,,,,0,0,giddejr01
151,Eddie Gill,PG,30,MIL,6,43,.667,13.4,,.667,.333,.111,.000,.222,.333,,.667,.667,.000,,1.000,.667,,.000,1.000,,.000,0,,.000,,,0,0,gilled01
152,Manu Ginóbili*,SG,31,SAS,44,1181,.454,15.2,,.574,.281,.071,.088,.134,.426,,.546,.688,.429,.372,.424,.330,,.338,.725,,.006,3,,.206,.279,,3,0,ginobma01
153,Ryan Gomes,SF,26,MIN,82,2614,.431,15.0,,.707,.208,.084,.137,.278,.293,,.456,.611,.232,.368,.450,.372,,.618,.991,,.007,7,,.396,.398,,6,0,gomesry01
154,Drew Gooden,PF,27,TOT,51,1264,.468,10.7,,.992,.263,.192,.202,.336,.008,,.472,.541,.567,.451,.376,.000,,.578,,,.036,17,,.500,.000,,0,0,goodedr01
154,Drew Gooden,PF,27,CHI,31,918,.457,11.5,,.991,.250,.145,.196,.401,.009,,.461,.511,.529,.522,.376,.000,,.596,,,.028,9,,.667,.000,,0,0,goodedr01
154,Drew Gooden,PF,27,SAC,1,26,.556,11.3,,1.000,.222,.333,.000,.444,.000,,.556,.500,1.000,,.250,,,.400,,,.111,1,,,,,0,0,goodedr01
154,Drew Gooden,PF,27,SAS,19,320,.490,8.7,,.993,.297,.297,.228,.172,.007,,.493,.605,.581,.303,.400,.000,,.549,,,.048,7,,.000,,,0,0,goodedr01
155,Ben Gordon,SG,25,CHI,82,2999,.455,15.9,,.679,.202,.060,.105,.313,.321,,.476,.528,.418,.377,.487,.410,,.358,.671,,.007,9,,.246,.356,,1,0,gordobe01
156,Eric Gordon,SG,20,LAC,78,2677,.456,14.5,,.626,.332,.059,.050,.185,.374,,.496,.589,.340,.267,.443,.389,,.525,.893,,.037,30,,.136,.522,,4,0,gordoer01
157,Marcin Gortat,PF,24,ORL,63,794,.567,4.3,,.995,.594,.225,.128,.048,.005,,.565,.676,.452,.375,.222,1.000,,.724,1.000,,.086,14,,.000,,,0,0,gortama01
158,Joey Graham,SF,26,TOR,78,1541,.481,8.4,,.967,.415,.198,.125,.229,.033,,.491,.603,.432,.417,.382,.188,,.662,.667,,.110,49,,.375,.167,,4,0,grahajo01
159,Stephen Graham,SG,26,IND,52,684,.414,14.6,,.742,.270,.059,.105,.309,.258,,.453,.609,.467,.370,.342,.303,,.593,1.000,,.059,15,,.333,.227,,1,0,grahast01
160,Danny Granger,SF,25,IND,67,2424,.447,15.8,,.648,.198,.103,.104,.242,.352,,.470,.609,.379,.391,.430,.404,,.373,.951,,.016,20,,.064,.448,,1,0,grangda01
161,Aaron Gray,C,24,CHI,56,715,.485,3.3,,.994,.641,.263,.078,.012,.006,,.488,.523,.500,.231,.000,.000,,.407,,,.060,9,,.000,,,1,0,grayaa01
162,Gerald Green,SG,23,DAL,38,376,.439,14.2,,.744,.244,.067,.167,.267,.256,,.485,.659,.417,.400,.396,.304,,.492,.929,,.056,10,,.304,.214,,0,0,greenge01
163,Jeff Green,PF,22,OKC,78,2873,.446,12.2,,.769,.320,.125,.110,.213,.231,,.463,.614,.358,.385,.338,.389,,.516,.917,,.066,61,,.235,.397,,1,0,greenje02
164,Willie Green,SG,27,PHI,81,1828,.435,14.2,,.755,.254,.070,.122,.310,.245,,.473,.563,.391,.463,.422,.317,,.664,.961,,.015,7,,.261,.452,,0,0,greenwi01
165,Donté Greene,SF,20,SAC,55,725,.326,16.1,,.576,.229,.081,.047,.220,.424,,.375,.481,.316,.273,.308,.260,,.647,1.000,,.042,9,,.280,.214,,0,0,greendo01
166,Hamed Haddadi,C,23,MEM,19,120,.484,6.5,,1.000,.387,.387,.161,.065,.000,,.484,.583,.417,.600,.000,,,.533,,,.161,4,,,,,0,0,haddaha01
167,Malik Hairston,SG,21,SAS,15,155,.490,8.2,,.980,.531,.082,.061,.306,.020,,.500,.654,.250,1.000,.200,.000,,.583,,,.163,8,,1.000,.000,,0,0,hairsma01
168,Richard Hamilton,SG,30,DET,67,2279,.447,15.0,,.818,.156,.061,.229,.371,.182,,.464,.644,.422,.448,.406,.368,,.654,.971,,.002,2,,.537,.392,,0,0,hamilri01
169,Matt Harpring,SG,32,UTA,63,693,.461,9.2,,.992,.365,.145,.191,.290,.008,,.464,.557,.429,.522,.329,.000,,.802,,,.004,1,,.500,.000,,0,0,harprma01
170,Al Harrington,PF,28,TOT,73,2546,.439,13.9,,.612,.314,.077,.087,.134,.388,,.487,.583,.376,.371,.399,.364,,.313,.906,,.023,27,,.196,.370,,1,0,harrial01
170,Al Harrington,PF,28,GSW,5,166,.329,14.9,,.600,.257,.114,.057,.171,.400,,.286,.444,.250,.000,.167,.393,,.500,.909,,.014,1,,.143,.250,,0,0,harrial01
170,Al Harrington,PF,28,NYK,68,2380,.446,13.9,,.613,.318,.074,.088,.132,.387,,.499,.590,.388,.386,.417,.362,,.307,.906,,.024,26,,.199,.375,,1,0,harrial01
171,Devin Harris,PG,25,NJN,69,2494,.438,11.7,,.788,.387,.068,.121,.212,.212,,.477,.547,.549,.389,.377,.291,,.192,.500,,.002,1,,.055,.500,,3,0,harride01
172,Jason Hart,PG,30,TOT,39,348,.319,13.7,,.936,.234,.085,.128,.489,.064,,.341,.364,.375,.167,.370,.000,,.567,,,.000,0,,.000,,,0,0,hartja01
172,Jason Hart,PG,30,LAC,28,312,.298,13.6,,.952,.238,.083,.131,.500,.048,,.313,.350,.286,.091,.357,.000,,.560,,,.000,0,,.000,,,0,0,hartja01
172,Jason Hart,PG,30,DEN,11,36,.500,14.8,,.800,.200,.100,.100,.400,.200,,.625,.500,1.000,1.000,.500,.000,,.600,,,.000,0,,.000,,,0,0,hartja01
173,Udonis Haslem,PF,28,MIA,75,2560,.518,10.8,,1.000,.288,.093,.236,.383,.000,,.518,.724,.400,.441,.439,,,.838,,,.058,33,,,,,0,0,hasleud01
174,Trenton Hassell,SF,29,NJN,53,1094,.450,13.2,,.958,.251,.063,.089,.555,.042,,.459,.542,.333,.529,.425,.250,,.702,1.000,,.037,6,,.500,.250,,0,0,hassetr01
175,Spencer Hawes,C,20,SAC,77,2259,.466,9.9,,.856,.325,.255,.111,.165,.144,,.486,.619,.392,.427,.409,.348,,.586,.950,,.090,60,,.296,.441,,1,0,hawessp01
176,Chuck Hayes,C,25,HOU,71,858,.372,5.9,,.965,.504,.372,.080,.009,.035,,.385,.491,.262,.333,.000,.000,,.667,,,.000,0,,.000,,,3,0,hayesch01
177,Jarvis Hayes,SF,27,NJN,74,1832,.445,17.0,,.577,.168,.036,.121,.251,.423,,.489,.639,.381,.414,.441,.385,,.724,.936,,.012,6,,.529,.434,,0,0,hayesja01
178,Brendan Haywood,C,29,WAS,6,175,.480,4.1,,1.000,.580,.240,.140,.040,.000,,.480,.690,.333,.000,.000,,,.625,,,.240,12,,,,,0,0,haywobr01
179,Luther Head,PG-SG,26,TOT,32,498,.382,15.1,,.625,.257,.097,.083,.188,.375,,.389,.541,.286,.250,.296,.370,,.486,.750,,.000,0,,.296,.375,,1,0,headlu01
179,Luther Head,PG,26,HOU,22,322,.386,15.0,,.624,.267,.079,.079,.198,.376,,.397,.556,.250,.375,.250,.368,,.560,.786,,.000,0,,.237,.333,,0,0,headlu01
179,Luther Head,SG,26,MIA,10,176,.372,15.4,,.628,.233,.140,.093,.163,.372,,.370,.500,.333,.000,.429,.375,,.300,.667,,.000,0,,.438,.429,,1,0,headlu01
180,Walter Herrmann,SF,29,DET,59,630,.396,17.3,,.420,.203,.048,.063,.106,.580,,.471,.524,.400,.462,.409,.342,,.683,1.000,,.019,4,,.575,.391,,0,0,herrmwa01
181,Roy Hibbert,C,22,IND,70,1009,.471,5.2,,1.000,.483,.352,.083,.081,.000,,.471,.512,.446,.371,.441,,,.556,,,.093,35,,,,,0,0,hibbero01
182,J.J. Hickson,C,20,CLE,62,705,.515,5.0,,1.000,.603,.186,.082,.129,.000,,.515,.658,.222,.188,.480,,,.760,,,.206,34,,,,,0,0,hicksjj01
183,Nenê,C,26,DEN,77,2510,.604,5.0,,.993,.646,.099,.080,.168,.007,,.607,.692,.457,.421,.454,.200,,.752,1.000,,.212,143,,.000,,,0,0,hilarne01
184,George Hill,PG,22,SAS,77,1270,.403,12.0,,.804,.363,.108,.073,.261,.196,,.421,.578,.300,.333,.278,.329,,.452,.792,,.030,10,,.438,.438,,3,0,hillge01
185,Grant Hill*,SF,36,PHO,82,2445,.523,9.7,,.898,.380,.132,.177,.209,.102,,.547,.657,.480,.447,.474,.316,,.653,.958,,.036,24,,.684,.385,,0,0,hillgr01
186,Steven Hill,PF,23,OKC,1,2,1.000,0.0,,1.000,1.000,.000,.000,.000,.000,,1.000,1.000,,,,,,.000,,,.000,0,,,,,0,0,hillst01
187,Kirk Hinrich,SG,28,CHI,51,1339,.437,18.3,,.597,.112,.048,.091,.346,.403,,.456,.532,.550,.395,.434,.408,,.351,.855,,.000,0,,.266,.467,,1,0,hinriki01
188,Ryan Hollins,C,24,TOT,45,444,.532,3.4,,1.000,.702,.117,.149,.032,.000,,.532,.667,.273,.143,.333,,,.780,,,.447,36,,,,,0,0,holliry01
188,Ryan Hollins,C,24,CHA,18,184,.543,3.4,,1.000,.686,.171,.086,.057,.000,,.543,.667,.167,.333,.500,,,.684,,,.429,12,,,,,0,0,holliry01
188,Ryan Hollins,C,24,DAL,27,260,.525,3.4,,1.000,.712,.085,.186,.017,.000,,.525,.667,.400,.091,.000,,,.839,,,.458,24,,,,,0,0,holliry01
189,Al Horford,C,22,ATL,67,2242,.525,7.9,,.998,.337,.281,.195,.185,.002,,.526,.705,.455,.448,.391,.000,,.663,,,.131,69,,.000,,,0,0,horfoal01
190,Eddie House,PG,30,BOS,81,1479,.445,21.7,,.393,.050,.004,.054,.286,.607,,.445,.607,.000,.300,.450,.444,,.622,.921,,.000,0,,.297,.515,,1,0,houseed01
191,Dwight Howard,C,23,ORL,79,2821,.572,3.4,,.998,.546,.398,.045,.008,.002,,.573,.707,.433,.250,.250,.000,,.513,,,.217,202,,.000,,,0,0,howardw01
192,Josh Howard,SF,28,DAL,52,1663,.451,13.7,,.785,.223,.112,.171,.278,.215,,.480,.629,.466,.373,.431,.345,,.488,.845,,.015,11,,.292,.347,,4,1,howarjo01
193,Juwan Howard,SF-PF,35,TOT,42,472,.510,9.5,,1.000,.293,.204,.224,.279,.000,,.510,.651,.333,.485,.512,,,.707,,,.014,2,,,,,0,0,howarju01
193,Juwan Howard,PF,35,DEN,3,22,.500,0.0,,1.000,1.000,.000,.000,.000,.000,,.500,.500,,,,,,1.000,,,.000,0,,,,,0,0,howarju01
193,Juwan Howard,SF,35,CHA,39,450,.510,9.6,,1.000,.283,.207,.228,.283,.000,,.510,.659,.333,.485,.512,,,.703,,,.014,2,,,,,0,0,howarju01
194,Larry Hughes,SF-SG,30,TOT,55,1479,.402,16.8,,.654,.167,.070,.072,.345,.346,,.409,.548,.205,.375,.391,.389,,.510,.987,,.004,1,,.321,.403,,0,0,hughela01
194,Larry Hughes,SF,30,CHI,30,792,.412,17.2,,.669,.156,.065,.062,.386,.331,,.422,.563,.200,.421,.403,.392,,.586,.975,,.003,1,,.314,.375,,0,0,hughela01
194,Larry Hughes,SG,30,NYK,25,687,.390,16.3,,.635,.181,.076,.084,.293,.365,,.392,.533,.211,.333,.370,.385,,.403,1.000,,.004,0,,.330,.433,,0,0,hughela01
195,Kris Humphries,SF,23,TOR,29,265,.422,8.4,,1.000,.422,.133,.178,.267,.000,,.422,.553,.167,.188,.500,,,.737,,,.100,6,,,,,0,0,humphkr01
196,Lindsey Hunter,PG,38,CHI,28,266,.329,19.2,,.415,.146,.037,.049,.183,.585,,.324,.667,.333,.250,.067,.333,,.000,.875,,.000,0,,.146,.571,,0,0,hunteli01
197,Othello Hunter,PF,22,ATL,16,92,.550,4.1,,1.000,.650,.200,.000,.150,.000,,.550,.769,.000,,.333,,,.636,,,.050,1,,,,,0,0,hunteot01
198,Andre Iguodala,SF,25,PHI,82,3269,.473,13.0,,.772,.354,.053,.075,.290,.228,,.521,.727,.279,.291,.375,.307,,.491,.650,,.137,153,,.172,.289,,5,1,iguodan01
199,Zydrunas Ilgauskas,C,33,CLE,65,1765,.472,12.1,,.946,.287,.112,.119,.428,.054,,.477,.558,.457,.430,.442,.385,,.697,1.000,,.022,15,,.897,.429,,1,0,ilgauzy01
200,D.J. Mbenga,C,28,LAL,23,181,.474,9.0,,.982,.333,.175,.281,.193,.018,,.482,.526,.200,.563,.545,.000,,.815,,,.123,7,,.000,,,0,0,mbengdj01
201,Allen Iverson*,PG-SG,33,TOT,57,2093,.417,12.4,,.881,.290,.076,.167,.349,.119,,.435,.517,.413,.417,.381,.283,,.256,.929,,.000,0,,.232,.261,,1,0,iversal01
201,Allen Iverson*,SG,33,DEN,3,123,.450,11.5,,.800,.425,.000,.150,.225,.200,,.500,.647,,.333,.333,.250,,.188,1.000,,.000,0,,.375,.667,,0,0,iversal01
201,Allen Iverson*,PG,33,DET,54,1970,.416,12.4,,.885,.283,.079,.168,.355,.115,,.432,.507,.413,.421,.383,.286,,.260,.923,,.000,0,,.220,.200,,1,0,iversal01
202,Royal Ivey,SG,27,PHI,71,861,.332,16.8,,.452,.216,.067,.087,.077,.548,,.319,.422,.214,.111,.375,.342,,.467,1.000,,.000,0,,.518,.339,,1,0,iveyro01
203,Jarrett Jack,SG,25,IND,82,2716,.453,13.6,,.741,.253,.141,.104,.243,.259,,.487,.537,.442,.506,.454,.353,,.289,.923,,.002,2,,.326,.347,,1,0,jackja01
204,Bobby Jackson,PG,35,SAC,71,1484,.398,16.6,,.594,.165,.111,.080,.237,.406,,.462,.650,.407,.359,.391,.305,,.376,.750,,.000,0,,.345,.309,,1,0,jacksbo01
205,Darnell Jackson,PF,23,CLE,51,430,.430,10.1,,.977,.384,.105,.116,.372,.023,,.440,.576,.222,.600,.313,.000,,.838,,,.105,8,,1.000,.000,,0,0,jacksda01
206,Stephen Jackson,SF,30,GSW,59,2339,.414,14.5,,.694,.256,.130,.087,.221,.306,,.448,.573,.331,.379,.400,.338,,.265,.650,,.019,17,,.089,.556,,3,0,jacksst02
207,Jerome James,C,33,NYK,2,10,.375,10.0,,1.000,.000,.625,.250,.125,.000,,.375,,.600,.000,.000,,,.000,,,.000,0,,,,,0,0,jamesje01
208,LeBron James,SF,24,CLE,81,3054,.489,13.4,,.762,.333,.092,.074,.263,.238,,.535,.728,.453,.286,.388,.344,,.318,.424,,.083,128,,.107,.341,,7,0,jamesle01
209,Mike James,PG,33,TOT,61,1649,.383,15.6,,.642,.208,.125,.058,.251,.358,,.388,.495,.172,.233,.442,.375,,.352,.913,,.000,0,,.207,.342,,0,0,jamesmi01
209,Mike James,PG,33,NOH,8,74,.320,11.5,,.840,.360,.120,.080,.280,.160,,.238,.222,.333,.000,.286,.750,,.000,1.000,,.000,0,,.250,1.000,,0,0,jamesmi01
209,Mike James,PG,33,WAS,53,1575,.387,15.8,,.632,.200,.125,.057,.249,.368,,.398,.520,.164,.250,.451,.367,,.366,.909,,.000,0,,.206,.324,,0,0,jamesmi01
210,Antawn Jamison,PF,32,WAS,81,3096,.468,11.9,,.779,.288,.213,.095,.183,.221,,.501,.631,.479,.394,.376,.351,,.639,1.000,,.008,12,,.144,.370,,1,0,jamisan01
211,Marko Jarić,SG,30,MEM,53,605,.331,11.5,,.807,.393,.090,.076,.248,.193,,.316,.404,.231,.091,.278,.393,,.297,1.000,,.000,0,,.214,.333,,1,0,jaricma01
212,Nathan Jawai,PF,22,TOR,6,19,.250,3.3,,1.000,.500,.500,.000,.000,.000,,.250,.500,.000,,,,,1.000,,,.000,0,,,,,0,0,jawaina01
213,Al Jefferson,C,24,MIN,50,1836,.497,7.1,,.996,.381,.281,.210,.124,.004,,.499,.628,.445,.410,.380,.000,,.522,,,.042,37,,.000,,,2,0,jeffeal01
214,Dontell Jefferson,SG,25,CHA,6,84,.500,7.7,,.909,.545,.045,.136,.182,.091,,.500,.750,.000,.333,.000,.500,,.400,1.000,,.045,1,,.500,1.000,,0,0,jeffedo01
215,Richard Jefferson,SF,28,MIL,82,2939,.439,13.8,,.761,.261,.092,.096,.312,.239,,.453,.571,.416,.342,.399,.397,,.587,.931,,.046,51,,.394,.443,,0,0,jefferi01
216,Jared Jeffries,SF,27,NYK,56,1310,.440,7.0,,.956,.590,.073,.051,.242,.044,,.456,.559,.150,.071,.379,.083,,.697,1.000,,.077,17,,.750,.111,,1,0,jeffrja01
217,Yi Jianlian,PF,21,NJN,61,1421,.382,15.1,,.720,.238,.060,.098,.324,.280,,.397,.462,.467,.327,.358,.343,,.748,.979,,.050,22,,.200,.464,,0,0,jianlyi01
218,Amir Johnson,PF,21,DET,62,911,.595,4.1,,1.000,.681,.160,.018,.141,.000,,.595,.676,.462,.333,.391,,,.577,,,.209,32,,,,,0,0,johnsam01
219,Anthony Johnson,PG,34,ORL,80,1481,.404,15.9,,.651,.150,.097,.199,.205,.349,,.411,.561,.432,.355,.346,.391,,.206,.712,,.021,8,,.308,.366,,1,0,johnsan02
220,Joe Johnson,SG,27,ATL,79,3124,.437,14.8,,.708,.171,.200,.123,.215,.292,,.468,.572,.507,.425,.374,.360,,.280,.752,,.008,8,,.273,.389,,4,0,johnsjo02
221,Linton Johnson,PF,28,TOT,10,55,.364,15.0,,.818,.182,.091,.182,.364,.182,,.333,1.000,.000,.500,.000,.500,,.667,1.000,,.000,0,,.500,1.000,,0,0,johnsli01
221,Linton Johnson,PF,28,CHA,2,13,,,,,,,,,,,,,,,,,,,,,,0,,,,,0,0,johnsli01
221,Linton Johnson,PF,28,CHI,8,42,.364,15.0,,.818,.182,.091,.182,.364,.182,,.333,1.000,.000,.500,.000,.500,,.667,1.000,,.000,0,,.500,1.000,,0,0,johnsli01
222,Trey Johnson,SG,24,CLE,4,14,.000,13.9,,1.000,.200,.000,.000,.800,.000,,.000,.000,,,.000,,,,,,.000,0,,,,,0,0,johnstr01
223,Dahntay Jones,SG,28,DEN,79,1426,.458,7.6,,.949,.500,.158,.074,.217,.051,,.448,.548,.377,.360,.301,.647,,.587,1.000,,.101,29,,.882,.667,,1,0,jonesda02
224,Damon Jones,PG,32,MIL,18,108,.324,23.7,,.176,.029,.000,.029,.118,.824,,.000,.000,,.000,.000,.393,,,.909,,.000,0,,.286,.500,,0,0,jonesda01
225,Dwayne Jones,PF,25,CHA,6,52,.571,1.7,,1.000,.714,.286,.000,.000,.000,,.571,.400,1.000,,,,,.750,,,.000,0,,,,,0,0,jonesdw02
226,Fred Jones,SF,29,LAC,52,1495,.407,16.1,,.536,.284,.050,.054,.148,.464,,.441,.533,.313,.529,.277,.367,,.493,.963,,.022,6,,.272,.400,,6,1,jonesfr01
227,James Jones,SF,28,MIA,40,630,.369,21.7,,.356,.020,.020,.047,.268,.644,,.415,.000,.333,.571,.425,.344,,.682,1.000,,.007,0,,.573,.418,,0,0,jonesja02
228,Solomon Jones,C,24,ATL,63,675,.604,4.9,,.982,.622,.126,.144,.090,.018,,.606,.681,.500,.375,.600,.500,,.667,1.000,,.225,22,,.000,,,0,0,jonesso01
229,DeAndre Jordan,C,20,LAC,53,771,.633,1.1,,1.000,.850,.129,.014,.007,.000,,.633,.696,.316,.000,.000,,,.677,,,.503,60,,,,,0,0,jordade01
230,Chris Kaman,C,26,LAC,31,921,.528,5.4,,1.000,.518,.207,.200,.075,.000,,.528,.595,.476,.426,.478,,,.714,,,.066,19,,,,,0,0,kamanch01
231,Jason Kapono,SG,27,TOR,80,1831,.432,18.6,,.621,.068,.058,.103,.392,.379,,.435,.488,.457,.339,.447,.428,,.828,.959,,.000,0,,.384,.466,,0,0,kaponja01
232,Jason Kidd*,PG,35,DAL,81,2886,.416,18.3,,.477,.165,.050,.055,.207,.523,,.427,.480,.387,.324,.422,.406,,.349,.901,,.000,0,,.245,.329,,2,0,kiddja01
233,Tarence Kinsey,SG,24,CLE,50,277,.449,13.5,,.739,.246,.145,.116,.232,.261,,.471,.647,.300,.625,.313,.389,,.333,1.000,,.043,3,,.667,.500,,0,0,kinseta01
234,Andrei Kirilenko,PF,27,UTA,67,1831,.449,10.3,,.872,.461,.079,.039,.293,.128,,.475,.597,.133,.364,.389,.274,,.750,1.000,,.111,60,,.178,.538,,0,0,kirilan01
235,Linas Kleiza,SF,24,DEN,82,1824,.447,13.0,,.587,.370,.104,.034,.079,.413,,.533,.665,.403,.182,.235,.326,,.772,.989,,.076,45,,.416,.297,,2,0,kleizli01
236,Brevin Knight,PG,33,UTA,74,938,.349,15.7,,.968,.153,.053,.090,.672,.032,,.361,.276,.500,.471,.354,.000,,.561,,,.000,0,,.000,,,1,0,knighbr01
237,Kyle Korver,SF,27,UTA,78,1874,.438,18.9,,.523,.093,.020,.082,.329,.477,,.485,.538,.182,.457,.495,.386,,.866,1.000,,.007,4,,.494,.394,,0,0,korveky01
238,Kosta Koufos,C,19,UTA,48,565,.508,5.7,,1.000,.541,.205,.097,.157,.000,,.508,.620,.500,.222,.310,,,.638,,,.092,15,,,,,0,0,koufoko01
239,Nenad Krstić,C,25,OKC,46,1141,.469,11.9,,1.000,.278,.088,.130,.504,.000,,.469,.602,.417,.472,.405,,,.785,,,.042,13,,,,,0,0,krstine01
240,Rob Kurz,PF,23,GSW,40,442,.389,15.9,,.710,.206,.046,.076,.382,.290,,.387,.556,.000,.400,.340,.395,,.806,.933,,.000,0,,.211,.250,,0,0,kurzro01
241,Carl Landry,PF,25,HOU,69,1467,.574,6.9,,.993,.522,.105,.163,.203,.007,,.576,.697,.500,.397,.447,.333,,.669,1.000,,.160,65,,.667,.500,,0,0,landrca01
242,Acie Law,PG,24,ATL,55,560,.374,12.1,,.791,.331,.108,.086,.266,.209,,.391,.543,.467,.167,.243,.310,,.140,.778,,.007,1,,.414,.583,,0,0,lawac01
243,Courtney Lee,SG,23,ORL,77,1939,.450,14.5,,.624,.291,.046,.085,.202,.376,,.478,.611,.400,.304,.376,.404,,.534,.963,,.043,20,,.473,.448,,0,0,leeco01
244,David Lee,C,25,NYK,81,2824,.549,4.7,,.997,.636,.121,.123,.117,.003,,.551,.636,.504,.316,.378,.000,,.665,,,.114,103,,.000,,,0,0,leeda02
245,Rashard Lewis,PF,29,ORL,79,2859,.439,16.7,,.491,.172,.099,.126,.095,.509,,.482,.604,.426,.482,.320,.397,,.391,.945,,.017,17,,.287,.384,,1,0,lewisra02
246,Shaun Livingston,PG,23,TOT,12,231,.517,10.4,,1.000,.217,.150,.450,.183,.000,,.517,.692,.222,.556,.455,,,.355,,,.033,2,,,,,0,0,livinsh01
246,Shaun Livingston,PG,23,MIA,4,41,.375,14.3,,1.000,.000,.000,.500,.500,.000,,.375,,,.250,.500,,,.000,,,.000,0,,,,,0,0,livinsh01
246,Shaun Livingston,PG,23,OKC,8,190,.538,9.8,,1.000,.250,.173,.442,.135,.000,,.538,.692,.222,.609,.429,,,.393,,,.038,2,,,,,0,0,livinsh01
247,Brook Lopez,C,20,NJN,82,2501,.531,5.7,,.998,.520,.238,.118,.121,.002,,.532,.661,.393,.350,.431,.000,,.645,,,.164,130,,.000,,,0,0,lopezbr01
248,Robin Lopez,C,20,PHO,60,614,.518,3.7,,.993,.613,.248,.102,.029,.007,,.522,.643,.324,.286,.500,.000,,.563,,,.197,24,,.000,,,0,0,lopezro01
249,Kevin Love,C,20,MIN,81,2048,.459,7.1,,.972,.528,.164,.103,.177,.028,,.469,.551,.416,.282,.385,.105,,.599,.500,,.060,38,,.105,.500,,5,0,loveke01
250,Kyle Lowry,PG,22,TOT,77,1679,.435,11.3,,.774,.424,.099,.081,.171,.226,,.488,.538,.349,.400,.486,.255,,.262,.880,,.000,0,,.347,.294,,6,0,lowryky01
250,Kyle Lowry,PG,22,MEM,49,1071,.412,11.6,,.746,.412,.088,.092,.154,.254,,.468,.491,.375,.400,.500,.246,,.200,.941,,.000,0,,.304,.286,,3,0,lowryky01
250,Kyle Lowry,PG,22,HOU,28,608,.475,10.7,,.821,.444,.117,.062,.198,.179,,.519,.611,.316,.400,.469,.276,,.348,.750,,.000,0,,.448,.308,,3,0,lowryky01
251,Tyronn Lue,PG,31,TOT,44,521,.438,17.6,,.617,.093,.093,.154,.278,.383,,.440,.267,.267,.440,.556,.435,,.250,.704,,.000,0,,.226,.429,,0,0,luety01
251,Tyronn Lue,PG,31,MIL,30,392,.454,17.6,,.622,.101,.101,.134,.286,.378,,.446,.250,.333,.375,.588,.467,,.273,.714,,.000,0,,.200,.556,,0,0,luety01
251,Tyronn Lue,PG,31,ORL,14,129,.395,17.8,,.605,.070,.070,.209,.256,.395,,.423,.333,.000,.556,.455,.353,,.182,.667,,.000,0,,.294,.200,,0,0,luety01
252,Mark Madsen,C,33,MIN,19,116,.214,5.9,,1.000,.286,.500,.214,.000,.000,,.214,.250,.286,.000,,,,.333,,,.000,0,,,,,0,0,madsema01
253,Corey Maggette,PF,29,GSW,51,1588,.461,11.7,,.850,.331,.151,.107,.260,.150,,.497,.662,.344,.426,.406,.253,,.522,1.000,,.052,32,,.147,.500,,3,0,maggeco01
254,Jamaal Magloire,C,30,MIA,55,709,.496,2.7,,1.000,.626,.328,.038,.008,.000,,.496,.671,.233,.000,.000,,,.569,,,.206,25,,,,,0,0,magloja01
255,Stephon Marbury,PG,31,BOS,23,414,.342,15.0,,.775,.225,.108,.072,.369,.225,,.372,.520,.250,.125,.366,.240,,.406,.833,,.000,0,,.120,.333,,0,0,marbust01
256,Shawn Marion,SF,30,TOT,69,2470,.485,6.9,,.933,.407,.313,.165,.047,.067,,.506,.660,.401,.392,.270,.189,,.653,.900,,.126,89,,.623,.182,,1,0,mariosh01
256,Shawn Marion,SF,30,MIA,42,1516,.482,7.1,,.910,.406,.305,.155,.045,.090,,.510,.641,.412,.420,.300,.200,,.667,.875,,.139,55,,.675,.185,,0,0,mariosh01
256,Shawn Marion,SF,30,TOR,27,954,.488,6.7,,.962,.409,.325,.178,.050,.038,,.502,.686,.387,.361,.235,.154,,.636,1.000,,.108,34,,.462,.167,,1,0,mariosh01
257,Sean Marks,C,33,NOH,60,838,.485,9.4,,.939,.509,.036,.024,.370,.061,,.503,.690,.167,.000,.311,.200,,.808,1.000,,.291,43,,.600,.000,,0,0,marksse01
258,Donyell Marshall,PF,35,PHI,25,189,.452,20.2,,.247,.151,.027,.000,.068,.753,,.444,.545,.000,,.400,.455,,.500,.960,,.027,2,,.418,.348,,0,0,marshdo01
259,Cartier Martin,SF,24,CHA,33,266,.364,14.9,,.571,.286,.039,.117,.130,.429,,.409,.545,.333,.000,.500,.303,,.556,1.000,,.000,0,,.545,.389,,0,0,martica01
260,Kenyon Martin,PF,31,DEN,66,2111,.491,8.5,,.941,.404,.228,.086,.222,.059,,.498,.656,.466,.196,.361,.368,,.701,.929,,.182,110,,.263,.400,,0,0,martike01
261,Kevin Martin,SG,25,SAC,51,1947,.420,15.8,,.658,.200,.083,.100,.276,.342,,.423,.543,.403,.370,.362,.415,,.442,.809,,.030,22,,.256,.507,,0,0,martike02
262,Desmond Mason,SG,31,OKC,39,1064,.435,6.7,,.989,.414,.267,.214,.095,.011,,.440,.636,.316,.344,.148,.000,,.613,,,.074,20,,.000,,,0,0,masonde01
263,Roger Mason,SG,28,SAS,82,2496,.425,19.7,,.521,.096,.028,.046,.350,.479,,.428,.468,.348,.526,.410,.421,,.530,.759,,.001,1,,.279,.418,,0,0,masonro01
264,Jason Maxiell,C,25,DET,78,1408,.575,6.1,,.997,.572,.091,.163,.172,.003,,.577,.721,.690,.346,.255,.000,,.668,,,.303,88,,.000,,,0,0,maxieja01
265,Sean May,PF,24,CHA,24,301,.398,13.0,,.990,.224,.112,.133,.520,.010,,.392,.409,.091,.385,.451,1.000,,.737,1.000,,.010,1,,.000,,,0,0,mayse01
266,O.J. Mayo,SG,21,MEM,82,3120,.438,15.4,,.705,.209,.096,.109,.292,.295,,.461,.496,.447,.393,.465,.384,,.281,.807,,.029,36,,.161,.410,,3,0,mayooj01
267,Luc Mbah a Moute,PF,22,MIL,82,2114,.462,8.2,,.992,.489,.073,.116,.314,.008,,.466,.604,.222,.263,.383,.000,,.727,,,.061,26,,.500,.000,,0,0,mbahalu01
268,Rashad McCants,SG,24,TOT,58,1101,.393,14.7,,.613,.295,.072,.082,.164,.387,,.431,.521,.343,.400,.325,.333,,.403,.746,,.033,14,,.164,.258,,2,0,mccanra01
268,Rashad McCants,SG,24,MIN,34,636,.360,14.5,,.592,.318,.051,.079,.144,.408,,.387,.462,.333,.304,.286,.319,,.448,.842,,.031,8,,.151,.278,,1,0,mccanra01
268,Rashad McCants,SG,24,SAC,24,465,.444,14.9,,.643,.260,.102,.087,.194,.357,,.492,.627,.350,.529,.368,.357,,.355,.600,,.036,6,,.186,.231,,1,0,mccanra01
269,Antonio McDyess,PF,34,DET,62,1866,.510,13.4,,1.000,.248,.017,.116,.619,.000,,.510,.615,.778,.443,.474,,,.866,,,.017,9,,,,,0,0,mcdyean01
270,JaVale McGee,C,21,WAS,75,1143,.494,4.3,,1.000,.589,.261,.101,.049,.000,,.494,.618,.297,.282,.474,,,.592,,,.217,80,,,,,0,0,mcgeeja01
271,Tracy McGrady*,SG,29,HOU,35,1181,.388,15.4,,.759,.221,.066,.089,.384,.241,,.391,.495,.406,.395,.328,.376,,.313,.818,,.008,3,,.034,.250,,1,0,mcgratr01
272,Dominic McGuire,SF,23,WAS,79,2072,.432,9.3,,.988,.426,.139,.059,.364,.012,,.431,.558,.178,.368,.390,.500,,.572,1.000,,.117,34,,.000,,,0,0,mcguido01
273,Josh McRoberts,PF,21,IND,33,279,.422,8.5,,.880,.518,.133,.036,.193,.120,,.479,.581,.273,.333,.375,.000,,.657,,,.048,3,,.000,,,0,0,mcrobjo01
274,Pops Mensah-Bonsu,PF,25,TOT,22,283,.379,3.7,,.981,.748,.097,.058,.078,.019,,.386,.416,.300,.167,.375,.000,,.538,,,.262,21,,.000,,,1,0,mensapo01
274,Pops Mensah-Bonsu,PF,25,SAS,3,20,.714,3.1,,1.000,.857,.000,.000,.143,.000,,.714,.667,,,1.000,,,.400,,,.286,2,,,,,0,0,mensapo01
274,Pops Mensah-Bonsu,PF,25,TOR,19,263,.354,3.8,,.979,.740,.104,.063,.073,.021,,.362,.394,.300,.167,.286,.000,,.559,,,.260,19,,.000,,,1,0,mensapo01
275,Chris Mihm,C,29,LAL,18,105,.375,4.0,,1.000,.575,.275,.125,.025,.000,,.375,.522,.091,.400,.000,,,.667,,,.075,2,,,,,0,0,mihmch01
276,C.J. Miles,SG,21,UTA,72,1623,.459,14.0,,.681,.283,.100,.069,.230,.319,,.509,.692,.357,.385,.388,.352,,.672,.968,,.087,45,,.229,.439,,1,0,milescj01
277,Darius Miles,SF,27,MEM,34,298,.485,9.6,,.939,.434,.091,.121,.293,.061,,.505,.605,.444,.500,.379,.167,,.447,.000,,.081,7,,.000,,,0,0,milesda01
278,Darko Miličić,C,23,MEM,61,1034,.515,4.1,,1.000,.492,.444,.045,.019,.000,,.515,.649,.398,.333,.200,,,.672,,,.154,40,,,,,0,0,milicda01
279,Andre Miller,PG,32,PHI,82,2976,.473,9.2,,.949,.416,.104,.207,.223,.051,,.483,.584,.370,.414,.409,.283,,.291,.600,,.000,0,,.132,.286,,6,0,millean02
280,Brad Miller,C,32,TOT,70,2100,.476,10.6,,.909,.363,.132,.085,.329,.091,,.482,.561,.358,.385,.470,.411,,.651,.957,,.016,10,,.357,.600,,1,0,millebr01
280,Brad Miller,C,32,SAC,43,1354,.474,11.3,,.889,.317,.152,.077,.343,.111,,.475,.553,.339,.367,.489,.465,,.628,.950,,.013,5,,.372,.688,,1,0,millebr01
280,Brad Miller,C,32,CHI,27,746,.478,9.2,,.942,.442,.097,.097,.305,.058,,.493,.570,.409,.409,.435,.231,,.686,1.000,,.022,5,,.308,.250,,0,0,millebr01
281,Mike Miller,SF,28,MIN,73,2356,.482,15.3,,.589,.305,.051,.020,.214,.411,,.554,.647,.536,.091,.470,.378,,.508,.835,,.033,17,,.178,.475,,0,0,millemi01
282,Paul Millsap,PF,23,UTA,76,2290,.534,5.0,,.995,.619,.135,.101,.139,.005,,.537,.636,.366,.368,.385,.000,,.648,,,.119,79,,.000,,,1,0,millspa01
283,Yao Ming*,C,28,HOU,77,2589,.548,6.4,,.999,.332,.400,.223,.044,.001,,.548,.644,.530,.470,.378,1.000,,.579,1.000,,.084,76,,.000,,,0,0,mingya01
284,Cuttino Mobley,SG,33,LAC,11,365,.432,12.4,,.760,.349,.034,.158,.219,.240,,.459,.510,.200,.609,.313,.343,,.490,1.000,,.021,2,,.371,.385,,0,0,moblecu01
285,Nazr Mohammed,C,31,CHA,39,341,.406,6.4,,1.000,.495,.139,.238,.129,.000,,.406,.460,.286,.375,.385,,,.610,,,.079,7,,,,,0,0,mohamna01
286,Jamario Moon,SF,28,TOT,80,2068,.468,16.5,,.614,.247,.008,.042,.316,.386,,.540,.761,.250,.350,.400,.355,,.720,.892,,.129,56,,.328,.417,,2,0,moonja01
286,Jamario Moon,SF,28,TOR,54,1379,.473,16.6,,.653,.230,.006,.057,.360,.347,,.541,.767,.000,.278,.447,.345,,.714,.895,,.114,34,,.300,.424,,1,0,moonja01
286,Jamario Moon,SF,28,MIA,26,689,.459,16.2,,.535,.280,.013,.013,.229,.465,,.536,.750,.500,1.000,.250,.370,,.733,.889,,.159,22,,.370,.407,,1,0,moonja01
287,Mikki Moore,PF-C,33,TOT,70,1202,.553,8.4,,1.000,.466,.117,.073,.345,.000,,.553,.646,.625,.333,.451,,,.763,,,.175,32,,,,,0,0,mooremi01
287,Mikki Moore,PF,33,SAC,46,746,.521,7.6,,1.000,.479,.157,.050,.314,.000,,.521,.621,.579,.167,.395,,,.778,,,.174,19,,,,,0,0,mooremi01
287,Mikki Moore,C,33,BOS,24,456,.600,9.6,,1.000,.447,.059,.106,.388,.000,,.600,.684,.800,.444,.515,,,.745,,,.176,13,,,,,0,0,mooremi01
288,Randolph Morris,C,23,ATL,23,89,.412,8.9,,1.000,.176,.294,.471,.059,.000,,.412,.667,.200,.500,.000,,,.714,,,.000,0,,,,,0,0,morrira01
289,Adam Morrison,SF,24,TOT,52,711,.359,18.7,,.570,.072,.081,.121,.296,.430,,.378,.375,.333,.519,.333,.333,,.521,.938,,.004,1,,.302,.448,,0,0,morriad01
289,Adam Morrison,SF,24,CHA,44,667,.360,18.7,,.564,.066,.085,.123,.289,.436,,.378,.286,.333,.500,.361,.337,,.511,.935,,.000,0,,.304,.429,,0,0,morriad01
289,Adam Morrison,SF,24,LAL,8,44,.333,17.9,,.667,.167,.000,.083,.417,.333,,.375,1.000,,1.000,.000,.250,,.667,1.000,,.083,1,,.250,1.000,,0,0,morriad01
290,Anthony Morrow,SG,23,GSW,67,1515,.478,17.3,,.655,.142,.066,.110,.337,.345,,.483,.526,.486,.475,.467,.467,,.521,.930,,.002,0,,.304,.446,,0,0,morroan01
291,Troy Murphy,PF,28,IND,73,2482,.475,16.7,,.533,.232,.047,.069,.185,.467,,.496,.629,.361,.453,.380,.450,,.522,1.000,,.033,25,,.056,.450,,0,0,murphtr01
292,Ronald Murray,SG,29,ATL,80,1975,.447,14.8,,.696,.245,.113,.143,.194,.304,,.485,.626,.411,.491,.344,.360,,.299,.759,,.034,23,,.231,.357,,9,0,murraro01
293,Dikembe Mutombo*,C,42,HOU,9,96,.385,1.2,,1.000,.846,.154,.000,.000,.000,,.385,.364,.500,,,,,.600,,,.077,1,,,,,0,0,mutomdi01
294,Eduardo Nájera,PF,32,NJN,27,319,.446,11.0,,.662,.446,.108,.027,.081,.338,,.571,.697,.250,.000,.500,.200,,.679,1.000,,.027,2,,.240,.333,,0,0,najered01
295,Steve Nash*,PG,34,PHO,74,2484,.503,15.2,,.711,.165,.127,.184,.235,.289,,.529,.671,.546,.433,.495,.439,,.106,.361,,.000,0,,.049,.417,,0,0,nashst01
296,DeMarcus Nelson,PG,23,GSW,13,171,.444,8.5,,.944,.407,.259,.019,.259,.056,,.471,.591,.500,.000,.286,.000,,.333,,,.019,0,,.000,,,0,0,nelsode01
297,Jameer Nelson,PG,26,ORL,42,1309,.503,15.5,,.659,.224,.075,.087,.273,.341,,.529,.580,.400,.457,.545,.453,,.097,.659,,.000,0,,.260,.532,,0,0,nelsoja01
298,Rasho Nesterović,C,32,IND,70,1214,.513,9.7,,.998,.348,.206,.062,.382,.002,,.514,.724,.389,.259,.431,.000,,.808,,,.032,13,,.000,,,1,0,nestera01
299,Demetris Nichols,SF,24,TOT,4,14,.333,15.7,,.778,.222,.111,.000,.444,.222,,.429,.500,1.000,,.250,.000,,.000,,,.000,0,,.000,,,0,0,nichode01
299,Demetris Nichols,SF,24,CHI,2,5,.250,17.1,,.750,.250,.000,.000,.500,.250,,.333,.000,,,.500,.000,,.000,,,.000,0,,.000,,,0,0,nichode01
299,Demetris Nichols,SF,24,NYK,2,9,.400,14.5,,.800,.200,.200,.000,.400,.200,,.500,1.000,1.000,,.000,.000,,.000,,,.000,0,,.000,,,0,0,nichode01
300,Joakim Noah,C,23,CHI,80,1938,.556,1.0,,.997,.895,.086,.011,.005,.003,,.558,.583,.313,.750,.000,.000,,.589,,,.250,88,,.000,,,1,0,noahjo01
301,Andrés Nocioni,PF-SF,29,TOT,76,1991,.427,15.8,,.556,.225,.103,.057,.171,.444,,.449,.601,.375,.225,.367,.399,,.577,.984,,.016,9,,.248,.416,,0,0,nocioan01
301,Andrés Nocioni,PF,29,CHI,53,1278,.414,16.2,,.535,.236,.067,.060,.171,.465,,.446,.547,.333,.259,.416,.378,,.654,.987,,.018,6,,.230,.375,,0,0,nocioan01
301,Andrés Nocioni,SF,29,SAC,23,713,.448,14.9,,.595,.206,.167,.052,.171,.405,,.453,.712,.405,.154,.279,.441,,.456,.978,,.012,3,,.284,.483,,0,0,nocioan01
302,Steve Novak,PF,25,LAC,71,1161,.444,23.4,,.278,.015,.005,.023,.235,.722,,.518,.667,1.000,.444,.505,.416,,.789,.983,,.000,0,,.206,.508,,1,0,novakst01
303,Dirk Nowitzki*,PF,30,DAL,81,3050,.479,13.8,,.895,.144,.085,.327,.339,.105,,.493,.601,.401,.489,.474,.359,,.520,.967,,.009,14,,.041,.000,,0,0,nowitdi01
304,Patrick O'Bryant,C,22,TOT,39,255,.536,11.2,,.976,.250,.190,.214,.321,.024,,.549,.762,.500,.389,.519,.000,,.778,,,.202,16,,.000,,,1,0,obryapa01
304,Patrick O'Bryant,C,22,BOS,26,108,.516,9.5,,1.000,.226,.290,.290,.194,.000,,.516,.714,.444,.333,.667,,,.500,,,.194,5,,,,,0,0,obryapa01
304,Patrick O'Bryant,C,22,TOR,13,147,.547,12.2,,.962,.264,.132,.170,.396,.038,,.569,.786,.571,.444,.476,.000,,.931,,,.208,11,,.000,,,1,0,obryapa01
305,Jermaine O'Neal,C,30,TOT,68,2027,.474,8.5,,.999,.290,.281,.275,.153,.001,,.475,.628,.472,.354,.407,.000,,.581,,,.077,50,,.000,,,1,0,onealje01
305,Jermaine O'Neal,C,30,TOR,41,1216,.473,8.8,,.998,.282,.286,.252,.178,.002,,.474,.641,.474,.342,.398,.000,,.573,,,.065,25,,.000,,,1,0,onealje01
305,Jermaine O'Neal,C,30,MIA,27,811,.475,8.1,,1.000,.302,.272,.311,.115,.000,,.475,.609,.470,.368,.429,,,.593,,,.095,25,,,,,0,0,onealje01
306,Shaquille O'Neal*,C,36,PHO,75,2252,.609,3.4,,.999,.576,.359,.064,.000,.001,,.610,.746,.437,.352,,.000,,.594,,,.233,180,,.000,,,1,0,onealsh01
307,Fabricio Oberto,C,33,SAS,54,677,.587,5.4,,.990,.567,.202,.154,.067,.010,,.592,.746,.333,.438,.429,.000,,.754,,,.000,0,,.000,,,0,0,obertfa01
308,Greg Oden,C,21,POR,61,1314,.564,2.7,,1.000,.644,.308,.048,.000,.000,,.564,.673,.380,.294,,,,.500,,,.302,98,,,,,0,0,odengr01
309,Lamar Odom,PF,29,LAL,78,2316,.492,7.8,,.853,.538,.137,.060,.119,.147,,.522,.590,.406,.357,.429,.320,,.572,.909,,.060,36,,.330,.324,,3,0,odomla01
310,Emeka Okafor,C,26,CHA,82,2691,.561,3.8,,1.000,.605,.238,.130,.027,.000,,.561,.685,.375,.380,.286,,,.737,,,.192,135,,,,,0,0,okafoem01
311,Mehmet Okur,C,29,UTA,72,2409,.485,13.1,,.773,.262,.151,.117,.241,.227,,.497,.618,.455,.471,.407,.446,,.572,1.000,,.036,31,,.069,.571,,1,0,okurme01
312,Kevin Ollie,PG,36,MIN,50,850,.407,11.1,,.993,.307,.113,.127,.447,.007,,.409,.587,.294,.421,.313,.000,,.525,,,.000,0,,.000,,,0,0,ollieke01
313,Travis Outlaw,SF,24,POR,81,2246,.453,14.9,,.722,.188,.104,.152,.279,.278,,.482,.619,.432,.403,.451,.377,,.497,.978,,.073,58,,.631,.389,,5,1,outlatr01
314,Zaza Pachulia,C,24,ATL,77,1473,.497,4.8,,.991,.638,.147,.103,.103,.009,,.502,.569,.468,.303,.333,.000,,.610,,,.047,13,,.000,,,2,0,pachuza01
315,Anthony Parker,SG,33,TOR,80,2637,.426,16.6,,.680,.162,.033,.111,.374,.320,,.442,.582,.400,.369,.408,.390,,.502,.926,,.021,14,,.564,.456,,1,0,parkean01
316,Tony Parker*,PG,26,SAS,72,2456,.506,9.6,,.949,.394,.165,.079,.310,.051,,.518,.645,.433,.300,.457,.292,,.226,.895,,.000,0,,.369,.333,,0,0,parketo01
317,Chris Paul,PG,23,NOH,78,3002,.503,11.8,,.860,.264,.186,.160,.249,.140,,.525,.634,.526,.488,.435,.364,,.097,.547,,.003,3,,.051,.222,,0,0,paulch01
318,Sasha Pavlović,SF,25,CLE,66,1053,.422,15.4,,.575,.236,.091,.084,.164,.425,,.430,.569,.240,.304,.400,.410,,.441,.958,,.036,10,,.359,.381,,0,0,pavloal01
319,Oleksiy Pecherov,C,23,WAS,32,277,.386,15.7,,.574,.198,.149,.099,.129,.426,,.431,.500,.400,.400,.385,.326,,.440,.929,,.050,5,,.140,.333,,0,0,pecheol01
320,Kendrick Perkins,C,24,BOS,76,2253,.577,3.9,,.996,.556,.351,.065,.023,.004,,.580,.680,.464,.323,.636,.000,,.562,,,.119,52,,.000,,,1,0,perkike01
321,Morris Peterson,SG,31,NOH,43,515,.399,18.0,,.536,.131,.071,.093,.240,.464,,.408,.500,.538,.471,.295,.388,,.750,.909,,.005,0,,.482,.463,,2,0,petermo01
322,Johan Petro,C,23,TOT,49,559,.415,9.2,,.989,.273,.267,.227,.222,.011,,.420,.583,.404,.325,.333,.000,,.753,,,.091,13,,.500,.000,,1,0,petrojo01
322,Johan Petro,C,23,OKC,22,342,.407,10.0,,.991,.239,.230,.274,.248,.009,,.411,.667,.385,.323,.286,.000,,.739,,,.088,9,,.000,,,1,0,petrojo01
322,Johan Petro,C,23,DEN,27,217,.429,7.9,,.984,.333,.333,.143,.175,.016,,.435,.476,.429,.333,.455,.000,,.778,,,.095,4,,1.000,.000,,0,0,petrojo01
323,Paul Pierce*,SF,31,BOS,81,3035,.457,13.8,,.743,.266,.062,.187,.228,.257,,.480,.551,.425,.452,.435,.391,,.363,.924,,.008,10,,.138,.452,,1,0,piercpa01
324,Mickaël Piétrus,SG,26,ORL,54,1329,.413,16.6,,.477,.256,.035,.031,.155,.523,,.473,.569,.267,.538,.348,.359,,.635,.913,,.075,29,,.623,.374,,1,0,pietrmi01
325,James Posey,SG,32,NOH,75,2140,.412,17.3,,.401,.216,.080,.050,.055,.599,,.476,.540,.452,.385,.345,.369,,.390,.931,,.025,12,,.347,.459,,2,0,poseyja01
326,Leon Powe,PF,25,BOS,70,1227,.524,2.5,,1.000,.725,.237,.021,.018,.000,,.524,.620,.288,.286,.000,,,.559,,,.142,47,,,,,0,0,powele01
327,Josh Powell,PF,26,LAL,60,703,.444,9.0,,1.000,.368,.163,.184,.285,.000,,.444,.557,.205,.523,.382,,,.736,,,.079,17,,,,,0,0,poweljo01
328,Ronnie Price,PG,25,UTA,52,738,.379,14.3,,.700,.305,.054,.064,.276,.300,,.408,.484,.273,.385,.357,.311,,.362,.789,,.054,10,,.131,.375,,0,0,pricero01
329,Tayshaun Prince,SF,28,DET,82,3057,.450,12.4,,.862,.228,.179,.156,.298,.138,,.458,.618,.443,.365,.395,.397,,.459,.964,,.051,47,,.674,.453,,0,0,princta01
330,Gabe Pruitt,SG,22,BOS,47,366,.307,19.7,,.525,.089,.040,.050,.347,.475,,.321,.333,.000,.000,.400,.292,,.235,.929,,.020,1,,.375,.111,,0,0,pruitga01
331,Joel Przybilla,C,29,POR,82,1952,.625,1.2,,.996,.859,.134,.004,.000,.004,,.627,.654,.472,.000,,.000,,.589,,,.242,61,,.000,,,1,0,przybjo01
332,Chris Quinn,PG,25,MIA,66,962,.408,17.9,,.526,.131,.083,.083,.228,.474,,.408,.395,.333,.500,.409,.409,,.339,.821,,.000,0,,.204,.429,,0,0,quinnch01
333,Vladimir Radmanović,SF,28,TOT,78,1445,.421,18.0,,.438,.180,.071,.060,.127,.562,,.446,.619,.273,.393,.322,.401,,.626,.971,,.039,16,,.370,.402,,3,0,radmavl01
333,Vladimir Radmanović,SF,28,LAL,46,771,.444,18.8,,.364,.168,.051,.051,.093,.636,,.449,.639,.273,.455,.200,.441,,.829,.983,,.042,8,,.404,.400,,1,0,radmavl01
333,Vladimir Radmanović,SF,28,CHA,32,674,.401,17.3,,.500,.190,.087,.067,.155,.500,,.444,.604,.273,.353,.385,.357,,.500,.956,,.036,8,,.333,.405,,2,0,radmavl01
334,Anthony Randolph,PF,19,GSW,63,1129,.462,8.1,,.991,.404,.223,.118,.246,.009,,.466,.649,.354,.196,.396,.000,,.477,,,.128,52,,.500,.000,,0,0,randoan01
335,Shavlik Randolph,PF,25,POR,10,37,.615,2.1,,.923,.846,.077,.000,.000,.077,,.583,.636,.000,,,1.000,,.429,1.000,,.077,1,,1.000,1.000,,0,0,randosh01
336,Zach Randolph,PF-C,27,TOT,50,1757,.475,10.0,,.889,.344,.213,.102,.230,.111,,.494,.617,.468,.371,.388,.330,,.548,.844,,.008,6,,.227,.409,,3,1,randoza01
336,Zach Randolph,C,27,NYK,11,388,.434,9.8,,.873,.381,.153,.143,.196,.127,,.455,.514,.517,.370,.351,.292,,.587,.714,,.000,0,,.333,.125,,0,0,randoza01
336,Zach Randolph,PF,27,LAC,39,1369,.487,10.0,,.893,.333,.230,.091,.240,.107,,.504,.649,.459,.371,.396,.342,,.539,.880,,.010,6,,.192,.571,,3,1,randoza01
337,Theo Ratliff,C,35,PHI,46,579,.531,3.1,,1.000,.641,.313,.047,.000,.000,,.531,.634,.300,.667,,,,.529,,,.234,15,,,,,0,0,ratlith01
338,Michael Redd,SG,29,MIL,33,1203,.455,14.2,,.651,.265,.091,.110,.185,.349,,.503,.655,.520,.350,.366,.366,,.453,.957,,.007,4,,.309,.305,,0,0,reddmi01
339,JJ Redick,SG,24,ORL,64,1111,.391,20.7,,.401,.084,.010,.060,.247,.599,,.417,.600,1.000,.389,.338,.374,,.500,.896,,.000,0,,.212,.474,,0,0,redicjj01
340,Jason Richardson,SG,28,TOT,72,2410,.477,13.3,,.666,.323,.114,.057,.171,.334,,.518,.667,.396,.411,.353,.397,,.568,.907,,.079,67,,.317,.447,,2,0,richaja01
340,Jason Richardson,SG,28,CHA,14,491,.441,13.5,,.732,.305,.086,.064,.277,.268,,.435,.552,.316,.357,.361,.458,,.500,.963,,.041,8,,.390,.522,,0,0,richaja01
340,Jason Richardson,SG,28,PHO,58,1919,.488,13.2,,.647,.329,.122,.056,.141,.353,,.545,.698,.413,.429,.349,.383,,.586,.892,,.090,59,,.301,.425,,2,0,richaja01
341,Jeremy Richardson,SF,24,ORL,12,93,.286,18.2,,.653,.082,.082,.102,.388,.347,,.250,.500,.000,.200,.263,.353,,.375,.667,,.020,1,,.471,.250,,0,0,richaje01
342,Quentin Richardson,SG,28,NYK,72,1894,.393,15.7,,.507,.289,.055,.036,.126,.493,,.420,.508,.297,.333,.298,.365,,.415,.983,,.013,8,,.231,.368,,1,0,richaqu01
343,Luke Ridnour,PG,27,MIL,72,2033,.403,16.2,,.747,.137,.090,.135,.385,.253,,.420,.388,.393,.429,.435,.350,,.272,.636,,.000,0,,.210,.364,,1,0,ridnolu01
344,Anthony Roberson,PG,25,TOT,29,276,.367,20.8,,.325,.083,.042,.050,.150,.675,,.462,.900,.200,.500,.278,.321,,.500,.808,,.000,0,,.395,.281,,1,0,roberan02
344,Anthony Roberson,PG,25,NYK,23,253,.379,21.2,,.311,.068,.039,.058,.146,.689,,.469,.857,.250,.500,.333,.338,,.533,.875,,.000,0,,.408,.276,,1,0,roberan02
344,Anthony Roberson,PG,25,CHI,6,23,.294,18.4,,.412,.176,.059,.000,.176,.588,,.429,1.000,.000,,.000,.200,,.333,.000,,.000,0,,.300,.333,,0,0,roberan02
345,Nate Robinson,PG,24,NYK,74,2209,.437,14.3,,.625,.299,.080,.091,.156,.375,,.504,.596,.402,.426,.425,.325,,.284,.768,,.008,5,,.223,.372,,6,0,robinna01
346,Sergio Rodríguez,PG,22,POR,80,1225,.392,13.8,,.653,.307,.134,.097,.116,.347,,.428,.515,.432,.344,.263,.325,,.098,.757,,.000,0,,.307,.343,,7,0,rodrise01
347,Rajon Rondo,PG,22,BOS,80,2642,.505,7.0,,.937,.557,.141,.084,.154,.063,,.518,.624,.271,.375,.436,.313,,.313,.400,,.020,14,,.229,.182,,0,0,rondora01
348,Derrick Rose,PG,20,CHI,81,3000,.475,10.4,,.940,.392,.089,.127,.332,.060,,.491,.577,.444,.403,.436,.222,,.342,.813,,.017,19,,.139,.300,,7,0,rosede01
349,Malik Rose,PF,34,TOT,38,470,.344,11.9,,.947,.244,.176,.130,.397,.053,,.363,.469,.304,.294,.346,.000,,.533,,,.008,1,,.286,.000,,0,0,rosema01
349,Malik Rose,PF,34,NYK,18,160,.268,10.1,,.902,.415,.122,.049,.317,.098,,.297,.235,.400,.000,.385,.000,,.455,,,.000,0,,.000,,,0,0,rosema01
349,Malik Rose,PF,34,OKC,20,310,.378,12.7,,.967,.167,.200,.167,.433,.033,,.391,.733,.278,.333,.333,.000,,.559,,,.011,1,,.667,.000,,0,0,rosema01
350,Quinton Ross,SF,27,MEM,68,1164,.382,16.2,,.660,.185,.077,.069,.328,.340,,.386,.521,.350,.389,.318,.375,,.576,1.000,,.004,1,,.568,.420,,1,0,rossqu01
351,Brandon Roy,SG,24,POR,78,2903,.480,11.5,,.833,.333,.113,.140,.247,.167,,.501,.601,.483,.424,.417,.377,,.256,.819,,.024,29,,.318,.429,,5,0,roybr01
352,Michael Ruffin,PF,32,POR,11,35,.286,0.0,,1.000,1.000,.000,.000,.000,.000,,.286,.286,,,,,,.500,,,.143,1,,,,,0,0,ruffimi01
353,Brandon Rush,SG,23,IND,75,1803,.423,15.9,,.637,.210,.082,.106,.238,.363,,.451,.529,.362,.393,.438,.373,,.479,.949,,.030,15,,.325,.382,,1,0,rushbr01
354,Kareem Rush,SG,28,PHI,25,199,.345,18.7,,.431,.138,.052,.086,.155,.569,,.400,.625,.000,.400,.333,.303,,.600,1.000,,.000,0,,.303,.300,,0,0,rushka01
355,John Salmons,SF,29,TOT,79,2959,.472,12.9,,.724,.298,.100,.134,.192,.276,,.493,.641,.376,.336,.433,.417,,.341,.683,,.024,25,,.232,.400,,0,0,salmojo01
355,John Salmons,SF,29,SAC,53,1980,.472,12.2,,.753,.312,.116,.132,.194,.247,,.489,.634,.372,.357,.417,.418,,.318,.623,,.026,18,,.245,.444,,0,0,salmojo01
355,John Salmons,SF,29,CHI,26,979,.473,14.3,,.662,.269,.066,.138,.189,.338,,.502,.660,.391,.292,.470,.415,,.397,.776,,.020,7,,.212,.320,,0,0,salmojo01
356,Cheikh Samb,C,24,TOT,18,83,.188,14.3,,.906,.219,.063,.125,.500,.094,,.207,.286,.000,.000,.250,.000,,.667,,,.000,0,,.333,.000,,0,0,sambch01
356,Cheikh Samb,C,24,DEN,6,24,.154,15.5,,.923,.154,.000,.231,.538,.077,,.167,.000,,.000,.286,.000,,1.000,,,.000,0,,1.000,.000,,0,0,sambch01
356,Cheikh Samb,C,24,LAC,10,51,.250,13.5,,.875,.250,.125,.063,.438,.125,,.286,.500,.000,.000,.286,.000,,.500,,,.000,0,,.000,,,0,0,sambch01
356,Cheikh Samb,C,24,NYK,2,8,.000,13.4,,1.000,.333,.000,.000,.667,.000,,.000,.000,,,.000,,,,,,.000,0,,,,,0,0,sambch01
357,Brian Scalabrine,C,30,BOS,39,504,.421,18.9,,.465,.140,.035,.035,.254,.535,,.453,.813,.250,.500,.276,.393,,.958,.958,,.044,5,,.590,.361,,0,0,scalabr01
358,Luis Scola,PF,28,HOU,82,2488,.531,7.6,,.996,.453,.175,.126,.242,.004,,.533,.608,.507,.455,.451,.000,,.705,,,.010,7,,.000,,,2,0,scolalu01
359,Thabo Sefolosha,SF-SG,24,TOT,66,1453,.426,12.7,,.756,.342,.070,.084,.261,.244,,.474,.607,.640,.300,.312,.276,,.648,1.000,,.050,16,,.448,.282,,1,0,sefolth01
359,Thabo Sefolosha,SF,24,CHI,43,735,.434,13.4,,.725,.352,.049,.066,.258,.275,,.485,.578,.778,.250,.362,.300,,.688,1.000,,.066,10,,.360,.278,,1,0,sefolth01
359,Thabo Sefolosha,SG,24,OKC,23,718,.417,11.9,,.789,.331,.091,.103,.263,.211,,.464,.638,.563,.333,.261,.243,,.609,1.000,,.034,6,,.568,.286,,0,0,sefolth01
360,Mouhamed Sene,C,22,TOT,6,29,.667,5.2,,1.000,.556,.222,.111,.111,.000,,.667,.600,1.000,1.000,.000,,,.500,,,.333,2,,,,,0,0,senesa01
360,Mouhamed Sene,C,22,OKC,5,23,.714,5.9,,1.000,.571,.143,.143,.143,.000,,.714,.750,1.000,1.000,.000,,,.600,,,.286,2,,,,,0,0,senesa01
360,Mouhamed Sene,C,22,NYK,1,6,.500,2.9,,1.000,.500,.500,.000,.000,.000,,.500,.000,1.000,,,,,.000,,,.500,0,,,,,0,0,senesa01
361,Ramon Sessions,PG,22,MIL,79,2173,.445,8.2,,.956,.430,.195,.135,.196,.044,,.457,.541,.424,.410,.342,.176,,.381,.833,,.018,12,,.118,.500,,1,0,sessira01
362,Walter Sharpe,PF,22,DET,8,20,.364,11.1,,.818,.364,.091,.091,.273,.182,,.444,.750,1.000,.000,.000,.000,,.500,,,.091,1,,.500,.000,,0,0,sharpwa01
363,Bobby Simmons,SF,28,NJN,71,1729,.449,18.4,,.406,.152,.041,.052,.161,.594,,.453,.582,.333,.348,.394,.447,,.605,.932,,.016,6,,.561,.476,,0,0,simmobo01
364,Cedric Simmons,PF,23,TOT,18,84,.440,4.6,,1.000,.560,.280,.120,.040,.000,,.440,.571,.286,.333,.000,,,.545,,,.160,4,,,,,0,0,simmoce01
364,Cedric Simmons,PF,23,CHI,11,61,.524,4.0,,1.000,.619,.238,.143,.000,.000,,.524,.615,.400,.333,,,,.545,,,.190,4,,,,,0,0,simmoce01
364,Cedric Simmons,PF,23,SAC,7,23,.000,7.7,,1.000,.250,.500,.000,.250,.000,,.000,.000,.000,,.000,,,,,,.000,0,,,,,0,0,simmoce01
365,Courtney Sims,C,25,TOT,2,13,.500,3.7,,1.000,.667,.167,.000,.167,.000,,.500,.750,.000,,.000,,,.667,,,.000,0,,,,,0,0,simsco01
365,Courtney Sims,C,25,PHO,1,2,,,,,,,,,,,,,,,,,,,,,,0,,,,,0,0,simsco01
365,Courtney Sims,C,25,NYK,1,11,.500,3.7,,1.000,.667,.167,.000,.167,.000,,.500,.750,.000,,.000,,,.667,,,.000,0,,,,,0,0,simsco01
366,Sean Singletary,PG,23,TOT,37,303,.365,16.5,,.706,.188,.094,.141,.282,.294,,.350,.438,.375,.417,.250,.400,,.238,.900,,.000,0,,.280,.429,,2,0,singlse01
366,Sean Singletary,PG,23,PHO,13,122,.324,16.8,,.730,.189,.135,.135,.270,.270,,.296,.429,.400,.400,.100,.400,,.375,.750,,.000,0,,.300,.667,,2,0,singlse01
366,Sean Singletary,PG,23,CHA,24,181,.396,16.3,,.688,.188,.063,.146,.292,.313,,.394,.444,.333,.429,.357,.400,,.154,1.000,,.000,0,,.267,.250,,0,0,singlse01
367,James Singleton,PF,27,DAL,62,884,.529,9.5,,.819,.471,.104,.063,.181,.181,,.575,.731,.348,.643,.275,.325,,.596,1.000,,.149,32,,.600,.292,,0,0,singlja01
368,Brian Skinner,PF,32,LAC,51,843,.449,7.7,,.990,.371,.288,.171,.161,.010,,.453,.526,.508,.314,.333,.000,,.630,,,.063,8,,.000,,,1,0,skinnbr01
369,Craig Smith,PF,25,MIN,74,1460,.562,3.8,,.998,.588,.300,.064,.047,.002,,.563,.626,.506,.394,.375,.000,,.588,,,.023,10,,.000,,,1,0,smithcr01
370,J.R. Smith,SG,23,DEN,81,2245,.446,17.7,,.523,.216,.049,.038,.220,.477,,.491,.585,.426,.361,.435,.397,,.332,.800,,.034,28,,.115,.538,,5,0,smithjr01
371,Joe Smith,C,33,TOT,57,1102,.468,11.3,,.979,.273,.156,.126,.423,.021,,.469,.659,.365,.500,.376,.429,,.739,1.000,,.060,19,,.429,.333,,0,0,smithjo02
371,Joe Smith,C,33,OKC,36,691,.454,12.7,,.982,.206,.128,.133,.514,.018,,.453,.578,.393,.517,.402,.500,,.732,1.000,,.041,8,,.000,,,0,0,smithjo02
371,Joe Smith,C,33,CLE,21,411,.496,8.6,,.974,.400,.209,.113,.252,.026,,.500,.739,.333,.462,.276,.333,,.750,1.000,,.096,11,,1.000,.333,,0,0,smithjo02
372,Josh Smith,PF,23,ATL,69,2421,.492,8.8,,.898,.403,.244,.060,.191,.102,,.514,.690,.430,.196,.352,.299,,.630,.885,,.128,102,,.207,.333,,0,0,smithjo03
373,Will Solomon,PG,30,TOT,53,712,.429,17.2,,.649,.155,.069,.106,.318,.351,,.484,.500,.412,.346,.538,.326,,.273,.607,,.008,2,,.070,.167,,1,0,solomwi01
373,Will Solomon,PG,30,TOR,39,544,.436,17.2,,.685,.149,.055,.110,.370,.315,,.516,.519,.500,.400,.552,.263,,.250,.667,,.000,0,,.053,.000,,1,0,solomwi01
373,Will Solomon,PG,30,SAC,14,168,.406,17.0,,.547,.172,.109,.094,.172,.453,,.371,.455,.286,.167,.455,.448,,.385,.538,,.031,2,,.103,.333,,0,0,solomwi01
374,Darius Songaila,C,30,WAS,77,1521,.532,9.2,,.998,.389,.195,.090,.324,.002,,.533,.624,.472,.537,.459,.000,,.798,,,.007,3,,.000,,,0,0,songada01
375,Marreese Speights,C,21,PHI,79,1263,.502,8.0,,.984,.472,.114,.173,.225,.016,,.506,.624,.439,.368,.398,.250,,.764,1.000,,.177,81,,.250,.000,,2,0,speigma01
376,Jerry Stackhouse,SG,34,DAL,10,162,.267,14.8,,.683,.233,.033,.167,.250,.317,,.317,.500,.000,.300,.200,.158,,.462,1.000,,.033,2,,.421,.125,,0,0,stackje01
377,DeShawn Stevenson,SG,27,WAS,32,886,.312,19.8,,.442,.130,.035,.035,.242,.558,,.363,.467,.125,.375,.339,.271,,.216,.857,,.000,0,,.271,.257,,0,0,stevede01
378,Peja Stojaković,SF,31,NOH,61,2089,.399,19.3,,.466,.092,.043,.092,.239,.534,,.424,.591,.355,.348,.401,.378,,.620,.979,,.001,1,,.352,.370,,0,0,stojape01
379,Amar'e Stoudemire,PF,26,PHO,53,1948,.539,7.8,,.991,.426,.214,.092,.259,.009,,.540,.652,.481,.362,.469,.429,,.571,.667,,.159,109,,.000,,,1,0,stoudam01
380,Rodney Stuckey,PG,22,DET,79,2517,.439,10.3,,.915,.419,.081,.134,.280,.085,,.453,.496,.514,.385,.402,.295,,.270,.783,,.005,5,,.103,.000,,6,0,stuckro01
381,Robert Swift,C,23,OKC,26,343,.521,5.7,,1.000,.437,.296,.225,.042,.000,,.521,.645,.429,.500,.000,,,.757,,,.113,7,,,,,0,0,swiftro01
382,Stromile Swift,PF,29,TOT,19,185,.429,6.3,,.982,.464,.268,.071,.179,.018,,.418,.538,.400,.000,.300,1.000,,.826,1.000,,.179,9,,1.000,1.000,,0,0,swiftst01
382,Stromile Swift,PF,29,NJN,6,64,.600,4.5,,1.000,.667,.133,.067,.133,.000,,.600,.500,1.000,.000,1.000,,,1.000,,,.200,3,,,,,0,0,swiftst01
382,Stromile Swift,PF,29,PHO,13,121,.366,7.0,,.976,.390,.317,.073,.195,.024,,.350,.563,.308,.000,.125,1.000,,.714,1.000,,.171,6,,1.000,1.000,,0,0,swiftst01
383,Wally Szczerbiak,SF,31,CLE,74,1527,.450,17.9,,.578,.111,.078,.121,.269,.422,,.478,.591,.452,.375,.486,.411,,.536,.913,,.008,3,,.357,.450,,0,0,szczewa02
384,Mike Taylor,PG,23,LAC,51,771,.412,9.6,,.850,.404,.217,.079,.150,.150,,.427,.454,.414,.286,.450,.325,,.268,.692,,.034,5,,.175,.429,,5,1,taylomi01
385,Sebastian Telfair,PG,23,MIN,75,2095,.383,14.9,,.697,.234,.082,.121,.261,.303,,.399,.436,.368,.429,.363,.346,,.134,.781,,.000,0,,.284,.483,,1,0,telfase01
386,Jason Terry,SG,31,DAL,74,2491,.463,16.7,,.610,.161,.072,.119,.258,.390,,.525,.622,.500,.475,.495,.366,,.457,.796,,.008,9,,.265,.446,,1,0,terryja01
387,Etan Thomas,C,30,WAS,26,306,.485,3.5,,1.000,.561,.364,.076,.000,.000,,.485,.568,.417,.200,,,,.656,,,.197,13,,,,,0,0,thomaet01
388,Kenny Thomas,PF,31,SAC,8,62,.375,2.6,,1.000,.625,.375,.000,.000,.000,,.375,.600,.000,,,,,.333,,,.000,0,,,,,0,0,thomake01
389,Kurt Thomas,PF,36,SAS,79,1404,.503,11.5,,.993,.247,.128,.204,.414,.007,,.507,.573,.538,.500,.460,.000,,.810,,,.000,0,,.500,.000,,0,0,thomaku01
390,Tim Thomas,PF,31,TOT,64,1247,.432,15.2,,.568,.242,.087,.112,.128,.432,,.446,.575,.368,.327,.357,.413,,.550,.923,,.039,16,,.180,.559,,0,0,thomati01
390,Tim Thomas,PF,31,LAC,10,220,.378,11.5,,.778,.322,.133,.189,.133,.222,,.400,.517,.333,.294,.333,.300,,.464,1.000,,.056,5,,.050,1.000,,0,0,thomati01
390,Tim Thomas,PF,31,NYK,36,773,.461,15.7,,.512,.240,.081,.085,.105,.488,,.500,.597,.429,.455,.370,.421,,.576,.906,,.035,9,,.222,.536,,0,0,thomati01
390,Tim Thomas,PF,31,CHI,18,254,.400,17.5,,.522,.167,.056,.111,.189,.478,,.362,.600,.200,.100,.353,.442,,.588,.947,,.033,2,,.116,.600,,0,0,thomati01
391,Tyrus Thomas,PF,22,CHI,79,2175,.451,8.9,,.987,.435,.097,.141,.315,.013,,.453,.589,.197,.406,.363,.333,,.679,.667,,.176,106,,.333,.000,,1,0,thomaty01
392,Jason Thompson,PF,22,SAC,82,2303,.497,6.2,,.989,.495,.243,.096,.155,.011,,.502,.623,.362,.348,.432,.000,,.632,,,.138,91,,.000,,,4,0,thompja02
393,Al Thornton,SF,25,LAC,71,2654,.446,10.8,,.925,.352,.111,.140,.322,.075,,.462,.611,.410,.333,.373,.253,,.572,.900,,.076,74,,.089,.000,,4,0,thornal01
394,Anthony Tolliver,PF,23,SAS,19,208,.292,19.7,,.369,.169,.000,.000,.200,.631,,.417,.636,,,.231,.220,,.500,.889,,.031,2,,.220,.222,,0,0,tollian01
395,Alando Tucker,SG,24,PHO,30,282,.430,10.0,,.810,.413,.157,.091,.149,.190,,.449,.580,.316,.455,.222,.348,,.614,.875,,.041,5,,.348,.375,,1,0,tuckeal02
396,Ronny Turiaf,C,26,GSW,79,1696,.508,9.5,,.992,.413,.101,.164,.314,.008,,.512,.728,.297,.400,.357,.000,,.769,,,.131,46,,.333,.000,,1,0,turiaro01
397,Hedo Türkoğlu,SF,29,ORL,77,2815,.413,15.1,,.633,.260,.075,.129,.170,.367,,.445,.538,.299,.470,.351,.356,,.218,.799,,.006,5,,.106,.325,,5,0,turkohe01
398,Ime Udoka,SF,31,SAS,67,1035,.383,16.8,,.564,.188,.028,.091,.258,.436,,.426,.444,.625,.308,.432,.328,,.623,.951,,.014,4,,.656,.378,,0,0,udokaim01
399,Beno Udrih,PG,26,SAC,73,2270,.461,12.3,,.838,.283,.109,.203,.243,.162,,.491,.533,.421,.546,.426,.310,,.304,.829,,.000,0,,.354,.375,,3,0,udrihbe01
400,Roko Ukić,PG,24,TOR,72,890,.380,9.3,,.809,.448,.142,.133,.086,.191,,.427,.483,.500,.372,.107,.177,,.143,.545,,.000,0,,.161,.300,,0,0,ukicro01
401,Anderson Varejão,PF,26,CLE,81,2306,.536,6.7,,.996,.530,.149,.125,.192,.004,,.538,.700,.347,.349,.361,.000,,.785,,,.083,40,,.000,,,1,0,varejan01
402,Jacque Vaughn,PG,33,SAS,30,292,.320,11.6,,.987,.293,.133,.067,.493,.013,,.311,.227,.200,.400,.378,1.000,,.478,.000,,.000,0,,.000,,,0,0,vaughja01
403,Charlie Villanueva,PF,24,MIL,78,2095,.447,12.5,,.763,.274,.173,.154,.163,.237,,.479,.544,.500,.417,.407,.345,,.578,.989,,.052,48,,.140,.278,,2,1,villach01
404,Jake Voskuhl,C,31,TOR,38,240,.267,10.9,,1.000,.267,.133,.200,.400,.000,,.267,.417,.000,.444,.167,,,.500,,,.022,1,,,,,0,0,voskuja01
405,Sasha Vujačić,SG,24,LAL,80,1293,.387,20.3,,.444,.105,.007,.042,.289,.556,,.416,.476,.000,.412,.405,.363,,.716,.914,,.007,3,,.300,.403,,2,0,vujacsa01
406,Dwyane Wade*,SG,27,MIA,79,3048,.491,12.3,,.840,.334,.084,.094,.328,.160,,.524,.664,.479,.445,.416,.317,,.253,.295,,.082,128,,.151,.262,,8,0,wadedw01
407,Von Wafer,SG,23,HOU,63,1225,.447,14.1,,.680,.287,.094,.092,.207,.320,,.474,.592,.438,.362,.377,.390,,.430,1.000,,.055,25,,.201,.424,,0,0,wafervo01
408,Henry Walker,SF,21,BOS,29,216,.621,6.2,,.983,.672,.017,.069,.224,.017,,.632,.718,.000,.250,.538,.000,,.806,,,.259,14,,.000,,,0,0,walkebi01
409,Ben Wallace*,PF,34,CLE,56,1314,.445,3.8,,1.000,.703,.142,.071,.084,.000,,.445,.541,.227,.273,.154,,,.638,,,.206,23,,,,,0,0,wallabe01
410,Gerald Wallace,SF,26,CHA,71,2669,.480,6.4,,.838,.665,.064,.014,.096,.162,,.515,.557,.404,.273,.333,.298,,.491,.974,,.075,59,,.634,.289,,0,0,wallage01
411,Rasheed Wallace,C,34,DET,66,2123,.419,18.2,,.557,.088,.076,.229,.164,.443,,.471,.619,.564,.436,.398,.354,,.614,.991,,.025,16,,.129,.293,,1,0,wallara01
412,Luke Walton,SF,28,LAL,65,1166,.436,11.7,,.814,.280,.199,.117,.218,.186,,.468,.581,.426,.389,.403,.298,,.726,.941,,.016,5,,.702,.300,,0,0,waltolu01
413,Hakim Warrick,PF,26,MEM,82,2029,.491,8.1,,.967,.444,.179,.089,.254,.033,,.500,.636,.395,.339,.392,.217,,.642,1.000,,.166,105,,.391,.333,,1,0,warriha01
414,C.J. Watson,PG,24,GSW,77,1883,.457,14.8,,.786,.210,.114,.103,.359,.214,,.473,.576,.453,.345,.455,.400,,.330,.917,,.004,1,,.442,.547,,4,1,watsocj01
415,Earl Watson,PG,29,OKC,68,1776,.384,12.4,,.812,.318,.117,.075,.302,.188,,.418,.535,.377,.324,.336,.235,,.188,.800,,.002,1,,.188,.250,,2,0,watsoea01
416,Kyle Weaver,SG,22,OKC,56,1166,.459,14.0,,.622,.350,.081,.045,.146,.378,,.529,.605,.550,.091,.472,.344,,.543,.844,,.033,8,,.398,.378,,3,0,weaveky01
417,Martell Webster,SF,22,POR,1,5,.000,25.8,,.000,.000,.000,.000,.000,1.000,,,,,,,.000,,,,,.000,0,,.000,,,0,0,webstma02
418,Sonny Weems,SG,22,DEN,12,55,.320,13.3,,.880,.200,.200,.080,.400,.120,,.364,.600,.000,.000,.500,.000,,.500,,,.040,1,,.000,,,0,0,weemsso01
419,David West,PF,28,NOH,76,2982,.472,10.3,,.981,.255,.202,.242,.281,.019,,.477,.621,.456,.383,.441,.240,,.578,1.000,,.030,35,,.240,.333,,1,0,westda01
420,Delonte West,SG,25,CLE,64,2152,.457,15.2,,.635,.229,.067,.138,.200,.365,,.490,.615,.310,.442,.440,.399,,.268,.923,,.016,10,,.456,.394,,0,0,westde01
421,Mario West,SG,24,ATL,53,269,.412,4.6,,.971,.765,.029,.059,.118,.029,,.394,.500,.000,.000,.000,1.000,,.308,.000,,.235,6,,.000,,,0,0,westma02
422,Russell Westbrook,PG,20,OKC,82,2668,.398,9.5,,.882,.422,.116,.149,.195,.118,,.415,.476,.323,.362,.379,.271,,.252,.514,,.064,59,,.109,.357,,3,0,westbru01
423,D.J. White,PF,22,OKC,7,130,.520,7.8,,1.000,.380,.160,.300,.160,.000,,.520,.684,.250,.600,.250,,,.654,,,.040,2,,,,,0,0,whitedj01
424,James White,SF,26,HOU,4,11,.600,17.2,,.600,.200,.000,.200,.200,.400,,.667,1.000,,.000,1.000,.500,,.500,1.000,,.000,0,,.500,.000,,0,0,whiteja02
425,Chris Wilcox,C,26,TOT,62,1049,.497,4.5,,.989,.551,.284,.130,.024,.011,,.503,.642,.343,.313,.222,.000,,.571,,,.200,66,,.000,,,1,0,wilcoch01
425,Chris Wilcox,C,26,OKC,37,719,.485,5.2,,.989,.478,.328,.153,.030,.011,,.491,.680,.330,.293,.250,.000,,.585,,,.183,44,,.000,,,0,0,wilcoch01
425,Chris Wilcox,C,26,NYK,25,330,.529,2.9,,.990,.745,.167,.069,.010,.010,,.535,.579,.412,.429,.000,.000,,.537,,,.245,22,,.000,,,1,0,wilcoch01
426,Damien Wilkins,SG,29,OKC,41,636,.362,15.2,,.662,.197,.103,.094,.268,.338,,.355,.476,.136,.300,.368,.375,,.560,1.000,,.033,5,,.458,.333,,0,0,wilkida02
427,Deron Williams,PG,24,UTA,68,2505,.471,12.5,,.770,.340,.097,.073,.260,.230,,.518,.600,.379,.514,.465,.310,,.221,.486,,.008,7,,.035,.125,,1,0,willide01
428,Jawad Williams,SF,25,CLE,10,20,.417,17.8,,.500,.167,.083,.083,.167,.500,,.500,.500,.000,1.000,.500,.333,,1.000,1.000,,.083,1,,.667,.500,,0,0,willija04
429,Lou Williams,SG,22,PHI,81,1919,.398,12.8,,.739,.347,.073,.105,.213,.261,,.438,.512,.371,.438,.339,.286,,.300,.619,,.024,20,,.295,.338,,1,0,willilo02
430,Marcus Williams,PG,23,GSW,9,54,.235,16.5,,.647,.176,.118,.000,.353,.353,,.182,.667,.000,,.000,.333,,1.000,1.000,,.000,0,,.000,,,0,0,willima03
431,Marcus Williams,PF,22,SAS,2,3,1.000,11.2,,1.000,.000,.500,.500,.000,.000,,1.000,,1.000,1.000,,,,.500,,,.000,0,,,,,0,0,willima04
432,Marvin Williams,SF,22,ATL,61,2093,.458,12.4,,.751,.280,.188,.098,.185,.249,,.493,.580,.504,.311,.443,.355,,.613,.964,,.058,33,,.490,.368,,1,0,willima02
433,Mo Williams,PG,26,CLE,81,2834,.467,17.1,,.627,.120,.106,.116,.285,.373,,.486,.570,.479,.466,.461,.436,,.286,.803,,.000,0,,.390,.451,,1,0,willima01
434,Sean Williams,PF,22,NJN,33,366,.417,5.4,,1.000,.514,.208,.194,.083,.000,,.417,.622,.267,.143,.167,,,.467,,,.181,11,,,,,0,0,willise01
435,Shawne Williams,SF,22,DAL,15,170,.286,13.2,,.696,.286,.125,.125,.161,.304,,.385,.625,.000,.286,.333,.059,,.333,1.000,,.018,1,,.412,.143,,0,0,willish03
436,Shelden Williams,PF,25,TOT,45,512,.446,5.9,,.987,.580,.153,.057,.197,.013,,.452,.582,.125,.222,.387,.000,,.700,,,.140,19,,.000,,,0,0,willish02
436,Shelden Williams,PF,25,SAC,30,305,.449,6.8,,.978,.528,.157,.056,.236,.022,,.460,.660,.071,.200,.333,.000,,.700,,,.135,12,,.000,,,0,0,willish02
436,Shelden Williams,PF,25,MIN,15,207,.441,4.6,,1.000,.647,.147,.059,.147,.000,,.441,.500,.200,.250,.500,,,.700,,,.147,7,,,,,0,0,willish02
437,Metta World Peace,SF,29,HOU,69,2452,.401,15.5,,.631,.249,.068,.076,.237,.369,,.402,.496,.225,.367,.366,.399,,.278,.778,,.011,11,,.196,.307,,1,0,artesro01
438,Antoine Wright,SF,24,DAL,65,1552,.415,12.8,,.654,.348,.093,.044,.169,.346,,.475,.540,.275,.263,.507,.302,,.478,.933,,.016,5,,.537,.288,,1,0,wrighan01
439,Brandan Wright,PF,21,GSW,39,688,.528,5.5,,.984,.484,.325,.138,.037,.016,,.537,.655,.463,.412,.111,.000,,.731,,,.126,29,,.000,,,1,0,wrighbr03
440,Dorell Wright,SF,23,MIA,6,73,.400,8.2,,1.000,.500,.050,.100,.350,.000,,.400,.400,1.000,.500,.286,,,.625,,,.100,2,,,,,0,0,wrighdo01
441,Julian Wright,SF,21,NOH,54,772,.466,9.1,,.910,.415,.115,.171,.209,.090,,.502,.588,.481,.375,.449,.095,,.570,1.000,,.158,34,,.333,.143,,0,0,wrighju01
442,Lorenzen Wright,C,33,CLE,17,125,.370,9.2,,1.000,.370,.074,.296,.259,.000,,.370,.500,.000,.375,.286,,,.700,,,.074,2,,,,,0,0,wrighlo02
443,Nick Young,SG,23,WAS,82,1837,.444,14.9,,.783,.168,.098,.179,.339,.217,,.473,.606,.541,.452,.398,.341,,.264,.946,,.038,27,,.280,.391,,0,0,youngni01
444,Thaddeus Young,PF,20,PHI,75,2580,.495,9.7,,.829,.395,.196,.095,.144,.171,,.526,.636,.441,.341,.464,.341,,.597,.929,,.074,69,,.305,.380,,0,0,youngth01
445,Sun Yue,SG,23,LAL,10,28,.273,20.1,,.455,.091,.000,.182,.182,.545,,.600,1.000,,1.000,.000,.000,,1.000,,,.000,0,,.167,.000,,0,0,yuesu01