,,,,,,,,,,% of FGA by Distance,% of FGA by Distance,% of FGA by Distance,% of FGA by Distance,% of FGA by Distance,% of FGA by Distance,,FG% by Distance,FG% by Distance,FG% by Distance,FG% by Distance,FG% by Distance,FG% by Distance,,% of FG Ast'd,% of FG Ast'd,,Dunks,Dunks,,Corner 3s,Corner 3s,,Heaves,Heaves,-additional
Rk,Player,Pos,Age,Tm,G,MP,FG%,Dist.,,2P,0-3,3-10,10-16,16-3P,3P,,2P,0-3,3-10,10-16,16-3P,3P,,2P,3P,,%FGA,#,,%3PA,3P%,,Att.,#,-9999
1,Arron Afflalo,SG,24,DEN,82,2221,.465,15.3,,.574,.258,.056,.079,.181,.426,,.488,.550,.364,.391,.481,.434,,.543,.972,,.012,6,,.562,.436,,0,0,afflaar01
2,Alexis Ajinça,C,21,CHA,6,30,.500,8.4,,1.000,.400,.200,.100,.300,.000,,.500,1.000,.000,.000,.333,,,.800,,,.100,1,,,,,0,0,ajincal01
3,LaMarcus Aldridge,PF,24,POR,78,2922,.495,10.8,,.986,.247,.215,.210,.314,.014,,.498,.716,.442,.431,.409,.313,,.570,1.000,,.078,87,,.375,.667,,3,0,aldrila01
4,Joe Alexander,SF,23,CHI,8,29,.167,9.2,,.833,.500,.000,.167,.167,.167,,.200,.333,,.000,.000,.000,,.000,,,.000,0,,1.000,.000,,0,0,alexajo01
5,Malik Allen,PF,31,DEN,51,456,.397,14.3,,.948,.198,.060,.112,.578,.052,,.409,.435,.143,.538,.403,.167,,.622,1.000,,.017,2,,.667,.250,,0,0,allenma01
6,Ray Allen*,SG,34,BOS,80,2819,.477,15.8,,.590,.224,.085,.084,.196,.410,,.556,.679,.410,.561,.476,.363,,.643,.917,,.010,10,,.286,.316,,0,0,allenra02
7,Tony Allen,SG,28,BOS,54,889,.510,5.6,,.980,.640,.142,.071,.126,.020,,.520,.667,.250,.278,.219,.000,,.628,,,.063,16,,.200,.000,,2,0,allento01
8,Rafer Alston,PG,33,TOT,52,1421,.348,14.7,,.623,.233,.168,.049,.173,.377,,.349,.404,.373,.318,.260,.345,,.124,.828,,.000,0,,.190,.406,,1,0,alstora01
8,Rafer Alston,PG,33,NJN,27,766,.343,13.8,,.686,.245,.188,.058,.195,.314,,.353,.412,.385,.375,.241,.322,,.104,.750,,.000,0,,.138,.167,,1,0,alstora01
8,Rafer Alston,PG,33,MIA,25,655,.355,16.2,,.521,.213,.136,.036,.136,.479,,.341,.389,.348,.167,.304,.370,,.167,.900,,.000,0,,.247,.550,,0,0,alstora01
9,Lou Amundson,PF,27,PHO,79,1168,.551,3.1,,.996,.725,.159,.072,.040,.004,,.553,.595,.455,.450,.364,.000,,.697,,,.149,39,,.000,,,1,0,amundlo01
10,Chris Andersen,PF,31,DEN,76,1695,.566,4.0,,.988,.769,.052,.036,.131,.012,,.573,.627,.385,.222,.424,.000,,.711,,,.315,69,,.000,,,2,0,anderch01
11,David Andersen,C,29,HOU,63,891,.432,14.1,,.771,.165,.185,.176,.244,.229,,.458,.518,.444,.483,.410,.346,,.658,.963,,.018,4,,.026,.000,,0,0,anderda03
12,Antonio Anderson,SF,24,OKC,1,15,.333,18.6,,1.000,.000,.000,.333,.667,.000,,.333,,,1.000,.000,,,1.000,,,.000,0,,,,,0,0,anderan02
13,Ryan Anderson,PF,21,ORL,63,911,.436,15.6,,.456,.330,.034,.018,.075,.544,,.514,.586,.308,.429,.310,.370,,.418,.923,,.039,14,,.227,.396,,0,0,anderry01
14,Carmelo Anthony,SF,25,DEN,69,2634,.458,11.1,,.875,.362,.099,.125,.291,.125,,.478,.595,.324,.444,.400,.316,,.375,.847,,.041,57,,.107,.300,,0,0,anthoca01
15,Joel Anthony,C,27,MIA,80,1322,.478,3.0,,1.000,.604,.352,.038,.006,.000,,.478,.510,.429,.500,.000,,,.632,,,.214,25,,,,,0,0,anthojo01
16,Gilbert Arenas,PG,28,WAS,32,1169,.411,15.6,,.706,.203,.110,.093,.300,.294,,.437,.528,.353,.421,.411,.348,,.163,.508,,.003,1,,.066,.250,,1,0,arenagi01
17,Trevor Ariza,SF,24,HOU,72,2629,.394,14.3,,.593,.329,.055,.062,.146,.407,,.436,.571,.218,.194,.315,.334,,.457,.846,,.074,68,,.216,.375,,2,0,arizatr01
18,Hilton Armstrong,PF-C,25,TOT,33,335,.354,6.8,,.987,.456,.241,.139,.152,.013,,.359,.500,.316,.182,.167,.000,,.714,,,.177,10,,.000,,,0,0,armsthi01
18,Hilton Armstrong,PF,25,NOH,18,239,.380,6.3,,1.000,.500,.220,.120,.160,.000,,.380,.560,.364,.000,.125,,,.842,,,.180,7,,,,,0,0,armsthi01
18,Hilton Armstrong,C,25,SAC,6,56,.333,5.3,,1.000,.500,.250,.167,.083,.000,,.333,.500,.333,.000,.000,,,.500,,,.250,2,,,,,0,0,armsthi01
18,Hilton Armstrong,C,25,HOU,9,40,.294,9.2,,.941,.294,.294,.176,.176,.059,,.313,.200,.200,.667,.333,.000,,.400,,,.118,1,,.000,,,0,0,armsthi01
19,Carlos Arroyo,PG,30,MIA,72,1585,.475,16.0,,.933,.115,.032,.173,.613,.067,,.489,.488,.417,.554,.474,.280,,.368,.714,,.000,0,,.600,.200,,0,0,arroyca01
20,Darrell Arthur,PF,21,MEM,32,457,.432,8.6,,.993,.370,.219,.144,.260,.007,,.434,.481,.500,.429,.316,.000,,.667,,,.068,7,,.000,,,1,0,arthuda01
21,Chucky Atkins,PG,35,DET,40,644,.363,18.5,,.535,.166,.025,.038,.306,.465,,.417,.538,.250,.333,.375,.301,,.314,.818,,.000,0,,.288,.333,,1,0,atkinch01
22,D.J. Augustin,PG,22,CHA,80,1472,.386,15.6,,.591,.283,.060,.076,.172,.409,,.381,.415,.423,.364,.320,.393,,.286,.829,,.000,0,,.208,.459,,5,0,augusdj01
23,Jeff Ayres,C,22,POR,39,405,.662,4.9,,1.000,.569,.215,.123,.092,.000,,.662,.757,.429,.625,.667,,,.791,,,.308,19,,,,,0,0,pendeje02
24,Kelenna Azubuike,SF,26,GSW,9,231,.545,11.8,,.693,.420,.114,.045,.114,.307,,.623,.784,.500,.250,.300,.370,,.553,.900,,.136,12,,.296,.500,,0,0,azubuke01
25,Renaldo Balkman,SF,25,DEN,13,91,.333,12.7,,.611,.389,.056,.056,.111,.389,,.545,.857,.000,.000,.000,.000,,.500,,,.000,0,,.143,.000,,0,0,balkmre01
26,Marcus Banks,PG,28,TOR,22,244,.534,15.7,,.671,.288,.055,.027,.301,.329,,.653,.762,.500,.500,.591,.292,,.281,.857,,.000,0,,.375,.444,,1,0,banksma01
27,Leandro Barbosa,PG,27,PHO,44,786,.425,14.0,,.627,.323,.082,.058,.164,.373,,.485,.610,.367,.286,.367,.324,,.514,.750,,.000,0,,.434,.390,,1,0,barbole01
28,J.J. Barea,PG,25,DAL,78,1546,.440,12.7,,.702,.324,.129,.095,.154,.298,,.476,.550,.294,.480,.469,.357,,.142,.554,,.000,0,,.134,.381,,0,0,bareajo01
29,Andrea Bargnani,PF,24,TOR,80,2799,.470,14.7,,.716,.198,.148,.144,.226,.284,,.509,.664,.497,.479,.399,.372,,.688,.983,,.039,42,,.031,.500,,4,1,bargnan01
30,Matt Barnes,SF,29,ORL,81,2097,.487,11.6,,.628,.452,.088,.023,.065,.372,,.586,.623,.531,.231,.528,.319,,.683,.924,,.043,22,,.483,.320,,4,0,barnema02
31,Earl Barron,C,28,NYK,7,232,.441,10.0,,1.000,.368,.118,.147,.368,.000,,.441,.520,.250,.300,.480,,,.833,,,.015,1,,,,,0,0,barroea01
32,Brandon Bass,PF,24,ORL,50,648,.511,8.7,,1.000,.369,.142,.249,.240,.000,,.511,.628,.424,.466,.429,,,.513,,,.116,25,,,,,0,0,bassbr01
33,Tony Battie,C,33,NJN,15,134,.350,14.9,,.900,.125,.075,.175,.500,.100,,.361,.400,.333,.286,.400,.250,,.923,1.000,,.050,2,,.250,.000,,0,0,battito01
34,Shane Battier,SG,31,HOU,67,2168,.398,17.3,,.376,.197,.096,.060,.022,.624,,.458,.545,.372,.370,.300,.362,,.532,.990,,.007,2,,.470,.374,,1,0,battish01
35,Nicolas Batum,SF,21,POR,37,918,.519,15.4,,.507,.299,.037,.034,.138,.493,,.625,.700,.500,.667,.486,.409,,.765,.981,,.086,21,,.394,.442,,0,0,batumni01
36,Jerryd Bayless,SG,21,POR,74,1304,.414,12.6,,.810,.360,.054,.070,.325,.190,,.437,.540,.192,.265,.401,.315,,.292,.931,,.025,10,,.543,.300,,1,0,bayleje01
37,Michael Beasley,PF,21,MIA,78,2328,.450,11.6,,.902,.285,.144,.154,.319,.098,,.469,.652,.420,.306,.407,.275,,.514,1.000,,.072,69,,.402,.317,,1,0,beaslmi01
38,Rodrigue Beaubois,PG,21,DAL,56,700,.518,12.7,,.632,.361,.120,.040,.110,.368,,.582,.704,.472,.417,.364,.409,,.373,.644,,.043,13,,.182,.450,,1,0,beaubro01
39,Marco Belinelli,SG,23,TOR,66,1121,.406,17.2,,.583,.227,.079,.029,.248,.417,,.425,.558,.333,.273,.351,.380,,.660,.717,,.018,7,,.342,.426,,8,0,belinma01
40,Charlie Bell,SG,30,MIL,71,1611,.381,17.3,,.549,.185,.032,.074,.257,.451,,.395,.476,.214,.394,.360,.365,,.615,.945,,.002,0,,.525,.410,,1,0,bellch01
41,Raja Bell,SG,33,TOT,6,180,.459,19.9,,.557,.033,.033,.066,.426,.443,,.471,.500,1.000,.250,.462,.444,,.688,1.000,,.000,0,,.407,.545,,0,0,bellra01
41,Raja Bell,SG,33,CHA,5,157,.436,20.1,,.564,.036,.018,.055,.455,.436,,.484,.500,1.000,.333,.480,.375,,.667,1.000,,.000,0,,.333,.375,,0,0,bellra01
41,Raja Bell,SG,33,GSW,1,23,.667,17.9,,.500,.000,.167,.167,.167,.500,,.333,,1.000,.000,.000,1.000,,1.000,1.000,,.000,0,,1.000,1.000,,0,0,bellra01
42,Jonathan Bender,SF,29,NYK,25,292,.400,14.3,,.610,.340,.050,.040,.180,.390,,.426,.500,.200,.250,.389,.359,,.385,.929,,.080,7,,.359,.429,,1,0,bendejo01
43,Mike Bibby,PG,31,ATL,80,2195,.416,20.2,,.497,.070,.033,.045,.349,.503,,.444,.533,.619,.276,.431,.389,,.655,.952,,.000,0,,.238,.351,,0,0,bibbymi01
44,Andris Biedriņš,C,23,GSW,33,763,.591,2.7,,1.000,.657,.336,.007,.000,.000,,.591,.711,.370,.000,,,,.704,,,.190,26,,,,,0,0,biedran01
45,Chauncey Billups,PG,33,DEN,73,2490,.418,16.5,,.577,.213,.062,.103,.199,.423,,.441,.537,.367,.364,.403,.386,,.269,.529,,.000,0,,.135,.364,,2,0,billuch01
46,DeJuan Blair,PF,20,SAS,82,1494,.556,2.9,,.996,.707,.220,.059,.010,.004,,.558,.626,.367,.483,.400,.000,,.596,,,.069,31,,.000,,,1,0,blairde01
47,Steve Blake,PG,29,TOT,80,2159,.416,20.2,,.437,.090,.029,.079,.239,.563,,.443,.574,.400,.366,.424,.395,,.376,.940,,.000,0,,.391,.461,,6,0,blakest01
47,Steve Blake,PG,29,POR,51,1397,.403,20.2,,.417,.082,.028,.082,.225,.583,,.439,.586,.400,.414,.400,.377,,.446,.949,,.000,0,,.425,.466,,4,0,blakest01
47,Steve Blake,PG,29,LAC,29,762,.443,20.1,,.479,.108,.030,.072,.269,.521,,.450,.556,.400,.250,.467,.437,,.250,.921,,.000,0,,.310,.444,,2,0,blakest01
48,Andray Blatche,PF,23,WAS,81,2256,.478,9.7,,.956,.345,.194,.159,.257,.044,,.487,.623,.423,.409,.401,.295,,.527,.846,,.053,51,,.432,.421,,1,0,blatcan01
49,Keith Bogans,SF,29,SAS,79,1559,.403,17.5,,.342,.242,.050,.020,.030,.658,,.490,.597,.200,.333,.222,.357,,.540,.971,,.000,0,,.561,.364,,2,0,boganke01
50,Andrew Bogut,C,25,MIL,69,2229,.520,4.3,,.998,.447,.468,.069,.013,.002,,.521,.634,.437,.333,.667,.000,,.524,,,.076,61,,.000,,,1,0,bogutan01
51,Matt Bonner,PF,29,SAS,65,1161,.446,18.7,,.379,.081,.164,.062,.073,.621,,.539,.667,.525,.478,.481,.390,,.500,.989,,.008,3,,.121,.393,,0,0,bonnema01
52,Josh Boone,PF,25,NJN,63,1045,.525,3.1,,1.000,.740,.108,.103,.049,.000,,.525,.588,.292,.435,.273,,,.667,,,.161,29,,,,,0,0,boonejo01
53,Carlos Boozer,PF,28,UTA,78,2673,.562,6.8,,1.000,.456,.204,.148,.192,.000,,.562,.679,.469,.475,.450,,,.742,,,.069,69,,,,,0,0,boozeca01
54,Chris Bosh*,C,25,TOR,70,2526,.518,8.8,,.981,.351,.217,.189,.224,.019,,.521,.661,.438,.425,.463,.364,,.493,.875,,.088,89,,.091,.500,,1,0,boshch01
55,Ryan Bowen,SF,34,OKC,1,8,1.000,0.0,,1.000,1.000,.000,.000,.000,.000,,1.000,1.000,,,,,,.000,,,.000,0,,,,,0,0,bowenry01
56,Earl Boykins,PG,33,WAS,67,1117,.427,14.1,,.851,.124,.146,.256,.323,.149,,.446,.640,.407,.495,.354,.317,,.170,.737,,.000,0,,.233,.214,,0,0,boykiea01
57,Elton Brand,PF,30,PHI,76,2297,.480,9.2,,.999,.261,.225,.372,.141,.001,,.481,.585,.487,.429,.413,.000,,.566,,,.041,35,,.000,,,0,0,brandel01
58,Corey Brewer,SG,23,MIN,82,2482,.431,12.9,,.750,.335,.083,.075,.257,.250,,.459,.607,.316,.380,.336,.346,,.584,.963,,.060,52,,.262,.306,,4,1,breweco01
59,Ronnie Brewer,SG,24,TOT,58,1742,.487,9.4,,.928,.517,.023,.054,.333,.072,,.505,.649,.200,.174,.357,.258,,.731,1.000,,.161,64,,.065,.500,,1,0,brewero02
59,Ronnie Brewer,SG,24,UTA,53,1662,.495,9.3,,.925,.524,.024,.055,.322,.075,,.514,.651,.200,.174,.373,.258,,.727,1.000,,.166,64,,.065,.500,,1,0,brewero02
59,Ronnie Brewer,SG,24,MEM,5,80,.231,13.5,,1.000,.308,.000,.000,.692,.000,,.231,.500,,,.111,,,1.000,,,.000,0,,,,,0,0,brewero02
60,Primož Brezec,C,30,TOT,21,95,.346,8.8,,1.000,.346,.154,.231,.269,.000,,.346,.333,.500,.167,.429,,,.889,,,.000,0,,,,,0,0,brezepr01
60,Primož Brezec,C,30,PHI,7,36,.154,7.9,,1.000,.385,.154,.308,.154,.000,,.154,.000,.500,.000,.500,,,1.000,,,.000,0,,,,,0,0,brezepr01
60,Primož Brezec,C,30,MIL,14,59,.538,9.7,,1.000,.308,.154,.154,.385,.000,,.538,.750,.500,.500,.400,,,.857,,,.000,0,,,,,0,0,brezepr01
61,Jon Brockman,PF,22,SAC,52,654,.534,3.3,,1.000,.709,.146,.039,.107,.000,,.534,.616,.333,.500,.273,,,.527,,,.049,4,,,,,0,0,brockjo01
62,Aaron Brooks,PG,25,HOU,82,2919,.432,15.2,,.606,.258,.087,.099,.162,.394,,.454,.487,.474,.439,.400,.398,,.210,.713,,.000,0,,.143,.480,,5,0,brookaa01
63,Bobby Brown,PG,25,TOT,45,519,.371,17.4,,.586,.181,.089,.063,.253,.414,,.446,.628,.571,.067,.367,.265,,.290,.808,,.025,6,,.122,.083,,3,0,brownbo02
63,Bobby Brown,PG,25,NOH,22,328,.395,17.6,,.566,.191,.079,.046,.250,.434,,.500,.724,.583,.143,.368,.258,,.326,.824,,.039,6,,.106,.000,,2,0,brownbo02
63,Bobby Brown,PG,25,LAC,23,191,.329,17.2,,.624,.165,.106,.094,.259,.376,,.358,.429,.556,.000,.364,.281,,.211,.778,,.000,0,,.156,.200,,1,0,brownbo02
64,Derrick Brown,SF,22,CHA,57,535,.463,5.6,,.952,.660,.048,.095,.150,.048,,.471,.536,.286,.286,.364,.286,,.667,1.000,,.245,30,,.571,.500,,0,0,brownde04
65,Devin Brown,SG,31,TOT,50,1060,.377,15.3,,.546,.280,.080,.053,.133,.454,,.396,.554,.276,.105,.250,.354,,.551,.862,,.014,5,,.159,.385,,0,0,brownde02
65,Devin Brown,SG,31,NOH,39,967,.394,15.1,,.548,.286,.089,.046,.126,.452,,.416,.559,.276,.133,.293,.367,,.554,.870,,.015,5,,.150,.455,,0,0,brownde02
65,Devin Brown,SG,31,CHI,11,93,.222,17.2,,.528,.222,.000,.111,.194,.472,,.211,.500,,.000,.000,.235,,.500,.750,,.000,0,,.235,.000,,0,0,brownde02
66,Kwame Brown,C,27,DET,48,660,.500,3.9,,.992,.605,.250,.105,.032,.008,,.504,.560,.387,.462,.500,.000,,.645,,,.137,15,,.000,,,0,0,brownkw01
67,Shannon Brown,SG,24,LAL,82,1700,.427,15.4,,.681,.253,.063,.074,.291,.319,,.474,.587,.405,.364,.419,.328,,.487,.903,,.076,41,,.196,.243,,7,1,brownsh01
68,Kobe Bryant*,SG,31,LAL,73,2835,.456,13.5,,.808,.212,.132,.221,.243,.192,,.487,.581,.449,.483,.429,.329,,.368,.636,,.025,36,,.100,.367,,2,0,bryanko01
69,Chase Budinger,SF,21,HOU,74,1488,.441,15.2,,.559,.283,.057,.057,.163,.441,,.497,.588,.344,.313,.457,.369,,.764,.946,,.051,27,,.313,.385,,1,0,budinch01
70,Caron Butler,SF-SG,29,TOT,74,2783,.428,13.7,,.862,.249,.104,.087,.422,.138,,.450,.508,.358,.286,.473,.290,,.488,.667,,.034,32,,.290,.286,,5,0,butleca01
70,Caron Butler,SF,29,WAS,47,1853,.422,13.9,,.863,.238,.121,.073,.431,.137,,.447,.545,.333,.275,.455,.263,,.474,.600,,.032,21,,.253,.375,,4,0,butleca01
70,Caron Butler,SG,29,DAL,27,930,.440,13.3,,.860,.272,.070,.112,.406,.140,,.456,.443,.440,.300,.510,.340,,.514,.765,,.039,11,,.360,.167,,1,0,butleca01
71,Rasual Butler,SF,30,LAC,82,2702,.409,18.5,,.503,.129,.036,.114,.225,.497,,.482,.670,.484,.384,.423,.336,,.673,.903,,.036,29,,.336,.352,,0,0,butlera01
72,Andrew Bynum,C,22,LAL,65,1977,.570,4.0,,.999,.536,.346,.094,.022,.001,,.571,.699,.454,.354,.200,.000,,.587,,,.186,124,,1.000,.000,,0,0,bynuman01
73,Will Bynum,PG,27,DET,63,1667,.444,11.2,,.897,.358,.110,.116,.313,.103,,.470,.602,.288,.339,.431,.218,,.178,.833,,.006,3,,.418,.261,,3,0,bynumwi01
74,José Calderón,PG,28,TOR,68,1817,.482,15.7,,.699,.257,.025,.069,.349,.301,,.519,.658,.357,.513,.429,.398,,.141,.926,,.000,0,,.222,.526,,0,0,caldejo01
75,Marcus Camby,PF-C,35,TOT,74,2314,.475,7.5,,.986,.511,.100,.122,.253,.014,,.478,.578,.440,.443,.307,.286,,.657,1.000,,.046,22,,.571,.500,,0,0,cambyma01
75,Marcus Camby,PF,35,LAC,51,1596,.466,7.5,,.983,.511,.101,.121,.250,.017,,.469,.593,.417,.442,.247,.333,,.659,1.000,,.042,15,,.667,.500,,0,0,cambyma01
75,Marcus Camby,C,35,POR,23,718,.497,7.5,,.993,.510,.097,.124,.262,.007,,.500,.541,.500,.444,.447,.000,,.653,,,.055,7,,.000,,,0,0,cambyma01
76,Brian Cardinal,PF,32,MIN,29,267,.389,16.3,,.750,.111,.111,.167,.361,.250,,.407,.500,.500,.667,.231,.333,,.727,1.000,,.000,0,,.444,.500,,0,0,cardibr01
77,Rodney Carney,SG,25,PHI,68,857,.401,15.6,,.521,.284,.082,.035,.121,.479,,.490,.563,.348,.600,.382,.304,,.667,.976,,.043,11,,.274,.405,,1,0,carnero01
78,DeMarre Carroll,SF,23,MEM,71,795,.396,11.9,,.973,.324,.095,.090,.464,.027,,.407,.528,.286,.200,.388,.000,,.659,,,.018,4,,.167,.000,,0,0,carrode01
79,Matt Carroll,SG,29,DAL,25,121,.360,17.3,,.620,.120,.060,.160,.280,.380,,.452,.333,.333,.625,.429,.211,,.429,1.000,,.000,0,,.579,.273,,0,0,carroma01
80,Anthony Carter,PG,34,DEN,54,859,.420,14.9,,.652,.265,.088,.039,.260,.348,,.500,.667,.438,.286,.383,.270,,.559,1.000,,.006,1,,.381,.292,,0,0,cartean01
81,Vince Carter,SG,33,ORL,75,2310,.428,14.7,,.681,.244,.092,.140,.205,.319,,.456,.552,.409,.380,.413,.367,,.225,.782,,.030,28,,.191,.355,,3,0,cartevi01
82,Omri Casspi,SF,21,SAC,77,1931,.446,13.0,,.698,.274,.201,.057,.167,.302,,.480,.658,.319,.474,.384,.369,,.564,.920,,.048,29,,.271,.509,,2,0,casspom01
83,Mario Chalmers,PG,23,MIA,73,1807,.401,17.4,,.480,.200,.090,.070,.119,.520,,.491,.560,.537,.438,.370,.318,,.196,.760,,.009,4,,.165,.410,,5,0,chalmma01
84,Tyson Chandler,C,27,CHA,51,1163,.574,1.9,,1.000,.816,.116,.032,.037,.000,,.574,.645,.318,.000,.286,,,.606,,,.347,56,,,,,0,0,chandty01
85,Wilson Chandler,SG,22,NYK,65,2320,.479,11.0,,.826,.370,.134,.081,.241,.174,,.524,.682,.409,.429,.377,.267,,.470,1.000,,.058,45,,.387,.362,,0,0,chandwi01
86,Earl Clark,PF,22,PHO,51,383,.371,12.7,,.967,.205,.172,.139,.450,.033,,.370,.548,.346,.286,.324,.400,,.574,1.000,,.046,5,,.200,.000,,1,0,clarkea01
87,Jarron Collins,C,31,PHO,34,261,.387,5.1,,1.000,.484,.355,.097,.065,.000,,.387,.533,.273,.000,.500,,,.417,,,.000,0,,,,,0,0,collija03
88,Jason Collins,C,31,ATL,24,115,.348,14.7,,.957,.174,.087,.087,.609,.043,,.364,.250,.000,.000,.500,.000,,1.000,,,.000,0,,.000,,,0,0,collija04
89,Mardy Collins,SG,25,LAC,43,470,.367,12.0,,.867,.242,.281,.141,.203,.133,,.387,.548,.444,.333,.154,.235,,.279,.750,,.023,3,,.353,.500,,3,0,collima01
90,Darren Collison,PG,22,NOH,76,2109,.477,11.5,,.854,.335,.106,.161,.252,.146,,.490,.564,.369,.457,.462,.400,,.276,.674,,.019,14,,.226,.538,,2,0,collida01
91,Nick Collison,C,29,OKC,75,1557,.589,4.8,,.987,.650,.142,.058,.136,.013,,.593,.677,.455,.389,.429,.250,,.652,1.000,,.117,35,,.250,.000,,1,0,collini01
92,Mike Conley,PG,22,MEM,80,2569,.445,12.3,,.745,.337,.127,.090,.190,.255,,.464,.564,.448,.293,.380,.387,,.111,.927,,.001,1,,.283,.483,,1,0,conlemi01
93,Will Conroy,PG,27,HOU,5,36,.300,9.7,,.700,.400,.300,.000,.000,.300,,.429,.750,.000,,,.000,,.000,,,.100,1,,.000,,,0,0,conrowi01
94,Brian Cook,PF,29,HOU,15,44,.304,15.7,,.609,.261,.000,.174,.174,.391,,.357,.667,,.250,.000,.222,,.600,1.000,,.043,1,,.000,,,0,0,cookbr01
95,Daequan Cook,SG,22,MIA,45,691,.320,20.2,,.502,.051,.055,.095,.300,.498,,.323,.692,.286,.375,.250,.317,,.561,.825,,.004,1,,.246,.323,,1,0,cookda02
96,Jamal Crawford,SG,29,ATL,79,2460,.449,16.7,,.614,.165,.100,.089,.260,.386,,.491,.665,.333,.551,.422,.382,,.282,.724,,.005,5,,.365,.385,,8,1,crawfja01
97,Dante Cunningham,PF,22,POR,63,707,.495,13.1,,.991,.252,.056,.159,.523,.009,,.500,.630,.583,.294,.491,.000,,.868,,,.037,7,,.000,,,2,0,cunnida01
98,Eddy Curry,C,27,NYK,7,62,.381,3.5,,1.000,.476,.524,.000,.000,.000,,.381,.300,.455,,,,,.375,,,.000,0,,,,,0,0,curryed01
99,JamesOn Curry,PG,24,LAC,1,0,,,,,,,,,,,,,,,,,,,,,,0,,,,,0,0,curryja01
100,Stephen Curry,PG,21,GSW,80,2896,.462,16.5,,.668,.190,.074,.113,.290,.332,,.474,.599,.376,.388,.452,.437,,.307,.741,,.000,0,,.179,.574,,6,0,curryst01
101,Samuel Dalembert,C,28,PHI,82,2124,.545,5.0,,1.000,.549,.207,.161,.084,.000,,.545,.662,.417,.369,.432,,,.663,,,.220,108,,,,,0,0,dalemsa01
102,Erick Dampier,C,34,DAL,55,1280,.624,2.1,,.986,.808,.131,.038,.009,.014,,.629,.651,.536,.625,.000,.333,,.644,1.000,,.169,32,,.333,1.000,,1,0,dampier01
103,Marquis Daniels,SF,29,BOS,51,937,.498,8.0,,.888,.470,.201,.145,.072,.112,,.534,.624,.360,.472,.556,.214,,.602,1.000,,.004,1,,.536,.333,,1,0,daniema01
104,Baron Davis,PG,30,LAC,75,2523,.406,13.3,,.708,.330,.089,.090,.200,.292,,.459,.561,.378,.385,.360,.277,,.188,.402,,.008,7,,.105,.226,,4,0,davisba01
105,Glen Davis,PF,24,BOS,54,933,.437,6.7,,.986,.495,.226,.104,.161,.014,,.444,.536,.333,.379,.356,.000,,.680,,,.018,4,,.500,.000,,1,0,davisgl01
106,Paul Davis,PF,25,WAS,2,8,.500,10.3,,1.000,.250,.250,.250,.250,.000,,.500,1.000,.000,1.000,.000,,,.500,,,.000,0,,,,,0,0,davispa01
107,Ricky Davis,SF,30,LAC,36,499,.434,19.2,,.706,.070,.021,.105,.510,.294,,.455,.500,.333,.400,.466,.381,,.587,.875,,.000,0,,.381,.375,,1,0,davisri01
108,Austin Daye,SF,21,DET,69,915,.464,14.2,,.678,.261,.058,.146,.214,.322,,.540,.662,.471,.512,.429,.305,,.583,.931,,.041,11,,.432,.366,,0,0,dayeau01
109,Carlos Delfino,SF,27,MIL,75,2279,.408,17.1,,.501,.216,.056,.038,.191,.499,,.450,.557,.317,.393,.379,.367,,.558,.933,,.023,15,,.395,.458,,1,0,delfica01
110,Luol Deng,SF,24,CHI,70,2651,.466,12.2,,.918,.294,.114,.089,.421,.082,,.474,.621,.440,.422,.391,.386,,.583,.969,,.035,33,,.783,.415,,1,0,denglu01
111,DeMar DeRozan,SG,20,TOR,77,1664,.498,9.1,,.969,.449,.123,.084,.313,.031,,.506,.622,.492,.465,.356,.250,,.673,1.000,,.107,49,,.625,.400,,2,0,derozde01
112,Boris Diaw,PF,27,CHA,82,2906,.483,11.6,,.734,.387,.129,.049,.168,.266,,.541,.645,.470,.289,.431,.320,,.691,1.000,,.008,5,,.092,.211,,1,0,diawbo01
113,Yakhouba Diawara,SG,27,MIA,6,44,.200,18.4,,.400,.200,.000,.000,.200,.600,,.250,.500,,,.000,.167,,1.000,1.000,,.100,1,,.333,.000,,0,0,diawaya01
114,Travis Diener,PG,27,TOT,9,51,.200,23.2,,.300,.000,.000,.100,.200,.700,,.333,,,1.000,.000,.143,,.000,1.000,,.000,0,,.000,,,0,0,dienetr01
114,Travis Diener,PG,27,IND,4,25,.167,24.5,,.167,.000,.000,.000,.167,.833,,.000,,,,.000,.200,,,1.000,,.000,0,,.000,,,0,0,dienetr01
114,Travis Diener,PG,27,POR,5,26,.250,21.2,,.500,.000,.000,.250,.250,.500,,.500,,,1.000,.000,.000,,.000,,,.000,0,,.000,,,0,0,dienetr01
115,DeSagana Diop,C,28,CHA,27,262,.517,3.9,,1.000,.690,.069,.172,.069,.000,,.517,.750,.000,.000,.000,,,.600,,,.103,3,,,,,0,0,diopde01
116,Keyon Dooling,PG,29,NJN,53,971,.398,17.9,,.515,.148,.037,.111,.219,.485,,.419,.583,.417,.333,.352,.376,,.200,.814,,.009,3,,.382,.467,,0,0,doolike01
117,Joey Dorsey,PF,26,TOT,15,106,.450,1.0,,1.000,.800,.200,.000,.000,.000,,.450,.500,.250,,,,,.444,,,.150,3,,,,,0,0,dorsejo01
117,Joey Dorsey,PF,26,HOU,7,54,.455,0.5,,1.000,.909,.091,.000,.000,.000,,.455,.500,.000,,,,,.600,,,.091,1,,,,,0,0,dorsejo01
117,Joey Dorsey,PF,26,SAC,8,52,.444,1.6,,1.000,.667,.333,.000,.000,.000,,.444,.500,.333,,,,,.250,,,.222,2,,,,,0,0,dorsejo01
118,Toney Douglas,PG,23,NYK,56,1087,.458,15.6,,.552,.289,.056,.064,.143,.448,,.514,.575,.500,.440,.429,.389,,.315,.588,,.005,2,,.189,.485,,3,0,douglto01
119,Chris Douglas-Roberts,SF,23,NJN,67,1730,.445,9.1,,.906,.440,.119,.124,.223,.094,,.464,.556,.324,.338,.430,.259,,.539,.786,,.042,23,,.667,.278,,1,0,douglch01
120,Goran Dragić,PG,23,PHO,80,1442,.452,14.6,,.617,.283,.077,.108,.149,.383,,.488,.612,.421,.396,.356,.394,,.264,.662,,.014,6,,.160,.467,,2,0,dragigo01
121,Jared Dudley,SF,24,PHO,82,1991,.459,15.9,,.465,.271,.065,.033,.096,.535,,.461,.511,.281,.375,.468,.458,,.676,.992,,.010,5,,.462,.463,,2,0,dudleja01
122,Chris Duhon,PG,27,NYK,67,2072,.373,17.7,,.428,.224,.062,.024,.118,.572,,.404,.475,.357,.364,.302,.349,,.256,.700,,.000,0,,.101,.385,,1,0,duhonch01
123,Tim Duncan*,C,33,SAS,78,2438,.518,8.3,,.990,.303,.309,.238,.140,.010,,.522,.680,.494,.426,.404,.182,,.551,1.000,,.032,33,,.000,,,1,0,duncati01
124,Mike Dunleavy,SF,29,IND,67,1486,.410,16.9,,.577,.206,.079,.057,.235,.423,,.478,.652,.409,.500,.344,.318,,.714,.987,,.004,2,,.191,.267,,2,0,dunlemi02
125,Kevin Durant,SF,21,OKC,82,3239,.476,13.2,,.790,.245,.107,.203,.235,.210,,.506,.703,.444,.445,.380,.365,,.471,.773,,.082,133,,.048,.235,,1,0,duranke01
126,Wayne Ellington,SG,22,MIN,76,1384,.424,16.4,,.638,.196,.078,.063,.301,.362,,.441,.648,.457,.357,.319,.395,,.484,.797,,.013,6,,.253,.463,,1,0,ellinwa01
127,Monta Ellis,SG,24,GSW,64,2647,.449,12.1,,.838,.330,.129,.095,.284,.162,,.470,.623,.331,.396,.381,.338,,.314,.675,,.017,17,,.171,.487,,4,0,ellismo01
128,Francisco Elson,C,33,TOT,12,66,.333,13.4,,1.000,.200,.067,.200,.533,.000,,.333,.667,.000,.333,.250,,,.400,,,.000,0,,,,,0,0,elsonfr01
128,Francisco Elson,C,33,MIL,11,62,.308,13.9,,1.000,.154,.077,.231,.538,.000,,.308,.500,.000,.333,.286,,,.500,,,.000,0,,,,,0,0,elsonfr01
128,Francisco Elson,C,33,PHI,1,4,.500,9.7,,1.000,.500,.000,.000,.500,.000,,.500,1.000,,,.000,,,.000,,,.000,0,,,,,0,0,elsonfr01
129,Maurice Evans,SF,31,ATL,79,1317,.445,14.5,,.570,.303,.033,.099,.135,.430,,.527,.622,.615,.359,.415,.337,,.576,.912,,.102,38,,.544,.326,,0,0,evansma01
130,Reggie Evans,PF,29,TOR,28,311,.493,2.5,,1.000,.754,.217,.000,.029,.000,,.493,.615,.067,,.500,,,.559,,,.000,0,,,,,0,0,evansre01
131,Tyreke Evans,SG,20,SAC,72,2677,.458,8.4,,.879,.512,.129,.041,.197,.121,,.485,.591,.340,.396,.326,.255,,.201,.361,,.019,22,,.007,.000,,4,0,evansty01
132,Jordan Farmar,PG,23,LAL,82,1474,.435,15.9,,.555,.260,.047,.089,.159,.445,,.483,.590,.458,.304,.415,.376,,.486,.756,,.021,10,,.188,.419,,1,0,farmajo01
133,Raymond Felton,PG,25,CHA,80,2643,.459,11.9,,.816,.364,.100,.076,.275,.184,,.475,.584,.459,.422,.352,.385,,.290,.867,,.008,6,,.250,.333,,4,1,feltora01
134,Rudy Fernández,SG,24,POR,62,1441,.378,19.6,,.371,.106,.059,.085,.121,.629,,.395,.622,.440,.222,.294,.368,,.597,.827,,.009,4,,.252,.313,,1,0,fernaru01
135,Kyrylo Fesenko,C,23,UTA,49,408,.547,2.3,,.989,.653,.316,.021,.000,.011,,.553,.677,.333,.000,,.000,,.692,,,.211,19,,.000,,,0,0,fesenky01
136,Michael Finley,SF,36,TOT,46,709,.440,19.4,,.554,.054,.049,.114,.337,.446,,.480,.700,.333,.238,.548,.390,,.653,.938,,.005,0,,.354,.310,,1,0,finlemi01
136,Michael Finley,SF,36,SAS,25,395,.381,18.8,,.577,.062,.072,.134,.309,.423,,.429,.833,.286,.308,.433,.317,,.667,1.000,,.010,0,,.463,.316,,1,0,finlemi01
136,Michael Finley,SF,36,BOS,21,314,.506,20.1,,.529,.046,.023,.092,.368,.471,,.543,.500,.500,.125,.656,.463,,.640,.895,,.000,0,,.244,.300,,0,0,finlemi01
137,Derek Fisher,PG,35,LAL,82,2227,.380,18.4,,.599,.133,.048,.052,.366,.401,,.401,.378,.333,.448,.412,.348,,.530,.910,,.000,0,,.321,.403,,0,0,fishede01
138,Jonny Flynn,PG,20,MIN,81,2339,.417,12.4,,.774,.296,.145,.106,.227,.226,,.434,.543,.384,.356,.361,.358,,.169,.597,,.015,8,,.191,.390,,0,0,flynnjo01
139,T.J. Ford,PG,26,IND,47,1189,.445,11.6,,.880,.316,.105,.184,.275,.120,,.484,.545,.500,.416,.452,.160,,.197,.625,,.002,1,,.340,.118,,2,0,fordtj01
140,Jeff Foster,C,33,IND,16,255,.478,6.5,,.978,.609,.174,.022,.174,.022,,.489,.607,.250,1.000,.250,.000,,.500,,,.065,3,,.000,,,1,0,fosteje01
141,Randy Foye,PG,26,WAS,70,1667,.414,17.2,,.706,.107,.118,.092,.389,.294,,.442,.636,.260,.439,.444,.346,,.166,.587,,.002,1,,.143,.385,,4,0,foyera01
142,Channing Frye,C,26,PHO,81,2190,.451,19.7,,.442,.102,.077,.033,.230,.558,,.466,.611,.481,.261,.426,.439,,.690,.965,,.034,20,,.105,.634,,1,0,fryech01
143,Dan Gadzuric,C,31,MIL,32,314,.438,5.1,,1.000,.584,.124,.191,.090,.000,,.438,.558,.273,.235,.375,,,.538,,,.112,10,,,,,0,0,gadzuda01
144,Sundiata Gaines,PG,23,UTA,32,217,.463,14.7,,.683,.256,.134,.061,.232,.317,,.554,.619,.636,.400,.474,.269,,.387,.429,,.000,0,,.038,1.000,,2,0,gainesu01
145,Danilo Gallinari,SF,21,NYK,81,2747,.423,18.2,,.474,.182,.040,.056,.195,.526,,.469,.580,.486,.385,.387,.381,,.447,.898,,.032,30,,.180,.341,,2,0,gallida01
146,Francisco García,SG,28,SAC,25,575,.466,17.3,,.665,.159,.028,.097,.381,.335,,.504,.786,.600,.294,.433,.390,,.746,.913,,.011,2,,.305,.389,,2,0,garcifr01
147,Kevin Garnett*,PF,33,BOS,69,2060,.521,11.2,,.994,.278,.177,.141,.396,.006,,.523,.670,.489,.404,.477,.200,,.823,.000,,.074,51,,.200,1.000,,0,0,garneke01
148,Marc Gasol,C,25,MEM,69,2469,.581,4.8,,.998,.516,.312,.114,.057,.002,,.582,.702,.493,.419,.297,.000,,.630,,,.097,60,,.000,,,0,0,gasolma01
149,Pau Gasol*,C,29,LAL,65,2403,.536,5.8,,.994,.434,.326,.160,.076,.006,,.539,.648,.462,.422,.484,.000,,.569,,,.090,70,,.200,.000,,0,0,gasolpa01
150,Rudy Gay,SF,23,MEM,80,3175,.466,11.5,,.843,.312,.158,.157,.217,.157,,.492,.590,.453,.455,.405,.327,,.360,.894,,.104,119,,.188,.368,,4,0,gayru01
151,Alonzo Gee,SG,22,WAS,11,182,.475,7.0,,.847,.576,.136,.068,.068,.153,,.420,.500,.250,.500,.000,.778,,.429,.714,,.186,11,,.444,.750,,0,0,geeal01
152,Devean George,SF,32,GSW,45,761,.432,19.9,,.403,.121,.039,.029,.214,.597,,.494,.520,.625,.333,.477,.390,,.561,.938,,.010,2,,.358,.500,,0,0,georgde01
153,Daniel Gibson,PG,23,CLE,56,1068,.466,19.3,,.444,.116,.063,.049,.216,.556,,.454,.548,.412,.538,.397,.477,,.556,.944,,.000,0,,.322,.417,,0,0,gibsoda01
154,Taj Gibson,PF,24,CHI,82,2204,.494,7.3,,1.000,.475,.130,.191,.203,.000,,.494,.582,.463,.408,.391,,,.656,,,.126,70,,,,,0,0,gibsota01
155,J.R. Giddens,SF,24,TOT,32,239,.467,10.6,,.833,.483,.050,.083,.217,.167,,.560,.793,.333,.400,.154,.000,,.393,,,.050,3,,.400,.000,,1,0,giddejr01
155,J.R. Giddens,SF,24,BOS,21,99,.429,8.8,,.905,.476,.095,.095,.238,.095,,.474,.700,.500,.500,.000,.000,,.667,,,.095,2,,1.000,.000,,0,0,giddejr01
155,J.R. Giddens,SF,24,NYK,11,140,.487,11.6,,.795,.487,.026,.077,.205,.205,,.613,.842,.000,.333,.250,.000,,.263,,,.026,1,,.250,.000,,1,0,giddejr01
156,Trey Gilder,SF,25,MEM,2,5,1.000,17.4,,1.000,.000,.000,.000,1.000,.000,,1.000,,,,1.000,,,1.000,,,.000,0,,,,,0,0,gildetr01
157,Manu Ginóbili*,SG,32,SAS,75,2150,.441,13.9,,.612,.301,.122,.068,.122,.388,,.481,.610,.391,.377,.309,.377,,.331,.727,,.019,16,,.177,.290,,1,0,ginobma01
158,Ryan Gomes,SF,27,MIN,76,2210,.447,15.5,,.728,.169,.094,.149,.316,.272,,.475,.540,.362,.450,.485,.372,,.664,.986,,.003,2,,.241,.417,,3,0,gomesry01
159,Drew Gooden,C-PF,28,TOT,70,1755,.478,7.1,,.987,.467,.214,.115,.191,.013,,.483,.548,.473,.290,.452,.125,,.547,1.000,,.061,36,,.125,.000,,2,0,goodedr01
159,Drew Gooden,C,28,DAL,46,1030,.467,6.7,,.982,.467,.259,.101,.155,.018,,.473,.541,.483,.324,.346,.167,,.551,1.000,,.068,23,,.000,,,2,0,goodedr01
159,Drew Gooden,PF,28,LAC,24,725,.492,7.6,,.992,.466,.158,.132,.237,.008,,.496,.556,.452,.257,.540,.000,,.542,,,.053,13,,.500,.000,,0,0,goodedr01
160,Ben Gordon,SG,26,DET,62,1730,.416,16.3,,.665,.170,.099,.107,.289,.335,,.465,.496,.522,.507,.411,.321,,.352,.787,,.004,2,,.265,.339,,2,0,gordobe01
161,Eric Gordon,SG,21,LAC,62,2229,.449,14.3,,.591,.353,.069,.032,.136,.409,,.503,.596,.444,.200,.364,.371,,.528,.899,,.031,21,,.097,.419,,2,0,gordoer01
162,Marcin Gortat,C,25,ORL,81,1088,.533,4.1,,.987,.604,.238,.115,.031,.013,,.540,.635,.519,.154,.286,.000,,.793,,,.141,31,,.000,,,0,0,gortama01
163,Joey Graham,SF,27,DEN,63,759,.520,8.6,,.936,.426,.153,.119,.238,.064,,.545,.663,.581,.250,.458,.154,,.641,1.000,,.104,21,,.462,.167,,0,0,grahajo01
164,Stephen Graham,SG,27,CHA,70,804,.496,12.5,,.792,.358,.058,.054,.321,.208,,.542,.605,.500,.615,.468,.320,,.612,1.000,,.042,7,,.640,.375,,1,0,grahast01
165,Danny Granger,SF,26,IND,62,2278,.428,15.4,,.615,.237,.097,.097,.184,.385,,.471,.604,.409,.405,.367,.361,,.376,.905,,.014,14,,.100,.432,,1,0,grangda01
166,Aaron Gray,C,25,TOT,32,311,.512,3.5,,1.000,.634,.207,.146,.012,.000,,.512,.577,.471,.250,1.000,,,.333,,,.024,2,,,,,0,0,grayaa01
166,Aaron Gray,C,25,CHI,8,50,.381,4.4,,1.000,.571,.190,.238,.000,.000,,.381,.500,.000,.400,,,,.375,,,.000,0,,,,,0,0,grayaa01
166,Aaron Gray,C,25,NOH,24,261,.557,3.2,,1.000,.656,.213,.115,.016,.000,,.557,.600,.615,.143,1.000,,,.324,,,.033,2,,,,,0,0,grayaa01
167,Danny Green,SG,22,CLE,20,115,.385,17.7,,.436,.231,.077,.051,.077,.564,,.529,.556,.667,.000,.667,.273,,.556,.833,,.000,0,,.455,.400,,1,0,greenda02
168,Jeff Green,PF,23,OKC,82,3043,.453,12.3,,.708,.310,.155,.077,.165,.292,,.503,.648,.470,.354,.333,.333,,.451,1.000,,.058,58,,.372,.345,,2,0,greenje02
169,Willie Green,SG,28,PHI,73,1553,.457,16.1,,.750,.173,.076,.122,.379,.250,,.494,.574,.512,.424,.476,.346,,.463,.915,,.009,5,,.257,.429,,4,1,greenwi01
170,Donté Greene,SF,21,SAC,76,1630,.441,13.1,,.669,.288,.156,.089,.137,.331,,.473,.591,.349,.449,.382,.377,,.543,.986,,.076,40,,.186,.294,,0,0,greendo01
171,Taylor Griffin,SF,23,PHO,8,32,.400,11.6,,.800,.300,.100,.300,.100,.200,,.500,1.000,.000,.333,.000,.000,,.750,,,.100,1,,1.000,.000,,0,0,griffta01
172,Hamed Haddadi,C,24,MEM,36,240,.387,6.2,,.952,.565,.194,.145,.048,.048,,.407,.514,.167,.333,.333,.000,,.417,,,.081,5,,.000,,,2,0,haddaha01
173,Malik Hairston,SG,22,SAS,47,317,.526,9.0,,.855,.566,.039,.013,.237,.145,,.585,.698,.333,1.000,.333,.182,,.658,1.000,,.132,10,,.727,.250,,0,0,hairsma01
174,Marcus Haislip,SF,29,SAS,10,44,.476,14.0,,.762,.286,.048,.048,.381,.238,,.438,.500,1.000,1.000,.250,.600,,.429,1.000,,.000,0,,.400,.500,,0,0,haislma01
175,Richard Hamilton,SG,31,DET,46,1552,.409,15.7,,.808,.103,.068,.280,.356,.192,,.435,.541,.408,.438,.408,.297,,.683,.854,,.003,1,,.449,.339,,1,0,hamilri01
176,Tyler Hansbrough,PF,24,IND,29,511,.360,9.4,,.982,.289,.258,.173,.262,.018,,.367,.492,.293,.308,.339,.000,,.630,,,.053,11,,.250,.000,,0,0,hansbty01
177,James Harden,SG,20,OKC,76,1738,.403,14.7,,.571,.325,.045,.033,.168,.429,,.424,.468,.308,.368,.381,.375,,.379,.925,,.048,25,,.190,.468,,2,0,hardeja01
178,Al Harrington,PF,29,NYK,72,2195,.435,13.7,,.603,.343,.073,.072,.116,.397,,.496,.612,.293,.378,.353,.342,,.380,.943,,.029,27,,.213,.345,,2,1,harrial01
179,Devin Harris,PG,26,NJN,64,2221,.403,12.3,,.755,.337,.110,.124,.183,.245,,.444,.520,.361,.391,.389,.276,,.216,.817,,.003,3,,.078,.294,,2,0,harride01
180,Mike Harris,PF,26,TOT,13,96,.367,6.8,,.967,.433,.267,.100,.167,.033,,.379,.385,.375,.667,.200,.000,,.636,,,.000,0,,.000,,,0,0,harrimi01
180,Mike Harris,PF,26,HOU,8,82,.370,7.3,,.963,.407,.259,.111,.185,.037,,.385,.364,.429,.667,.200,.000,,.600,,,.000,0,,.000,,,0,0,harrimi01
180,Mike Harris,PF,26,WAS,5,14,.333,2.3,,1.000,.667,.333,.000,.000,.000,,.333,.500,.000,,,,,1.000,,,.000,0,,,,,0,0,harrimi01
181,Jason Hart,PG,31,TOT,5,22,.500,17.6,,1.000,.000,.000,.000,1.000,.000,,.500,,,,.500,,,1.000,,,.000,0,,,,,0,0,hartja01
181,Jason Hart,PG,31,MIN,1,5,.000,16.2,,1.000,.000,.000,.000,1.000,.000,,.000,,,,.000,,,,,,.000,0,,,,,0,0,hartja01
181,Jason Hart,PG,31,NOH,4,17,1.000,19.0,,1.000,.000,.000,.000,1.000,.000,,1.000,,,,1.000,,,1.000,,,.000,0,,,,,0,0,hartja01
182,Udonis Haslem,PF,29,MIA,78,2177,.494,11.4,,1.000,.266,.087,.218,.429,.000,,.494,.643,.491,.406,.446,,,.763,,,.036,20,,,,,0,0,hasleud01
183,Trenton Hassell,SF,30,NJN,52,1106,.411,11.4,,.977,.329,.091,.078,.479,.023,,.421,.583,.200,.294,.371,.000,,.578,,,.014,3,,.200,.000,,0,0,hassetr01
184,Spencer Hawes,C,21,SAC,72,1904,.468,9.5,,.869,.371,.231,.072,.195,.131,,.494,.607,.442,.313,.408,.299,,.587,1.000,,.083,46,,.172,.333,,0,0,hawessp01
185,Chuck Hayes,C,26,HOU,82,1773,.489,1.5,,1.000,.796,.185,.018,.000,.000,,.489,.515,.426,.000,,,,.584,,,.009,2,,,,,0,0,hayesch01
186,Jarvis Hayes,SF,28,NJN,45,1033,.421,19.7,,.454,.095,.034,.061,.265,.546,,.523,.774,.273,.450,.483,.335,,.859,.950,,.003,1,,.380,.338,,1,0,hayesja01
187,Brendan Haywood,C,30,TOT,77,2355,.562,2.9,,.998,.705,.216,.043,.035,.002,,.563,.676,.292,.286,.294,.000,,.583,,,.253,121,,.000,,,0,0,haywobr01
187,Brendan Haywood,C,30,WAS,49,1614,.561,3.0,,1.000,.690,.224,.051,.036,.000,,.561,.697,.253,.294,.250,,,.532,,,.257,83,,,,,0,0,haywobr01
187,Brendan Haywood,C,30,DAL,28,741,.564,2.5,,.994,.737,.199,.026,.032,.006,,.568,.635,.387,.250,.400,.000,,.693,,,.244,38,,.000,,,0,0,haywobr01
188,Luther Head,SG,27,IND,47,813,.437,15.5,,.662,.254,.064,.058,.286,.338,,.481,.633,.450,.333,.382,.352,,.404,.784,,.003,1,,.238,.480,,0,0,headlu01
189,Gerald Henderson,SG,22,CHA,43,355,.356,11.8,,.817,.375,.077,.135,.231,.183,,.388,.538,.125,.286,.292,.211,,.636,1.000,,.115,12,,.368,.286,,1,0,hendege02
190,Roy Hibbert,C,23,IND,81,2035,.495,6.9,,.992,.380,.352,.129,.132,.008,,.495,.609,.451,.416,.359,.500,,.503,1.000,,.065,45,,.667,.500,,0,0,hibbero01
191,J.J. Hickson,PF,21,CLE,81,1691,.554,5.1,,.998,.638,.149,.075,.136,.002,,.555,.691,.436,.256,.211,.000,,.775,,,.257,117,,.000,,,1,0,hicksjj01
192,Nenê,C,27,DEN,82,2755,.587,4.5,,.997,.649,.135,.091,.123,.003,,.589,.695,.340,.462,.398,.000,,.753,,,.198,132,,.000,,,0,0,hilarne01
193,George Hill,PG,23,SAS,78,2276,.478,12.7,,.745,.325,.093,.100,.226,.255,,.505,.650,.333,.351,.437,.399,,.406,.960,,.016,12,,.787,.446,,2,0,hillge01
194,Grant Hill*,SF,37,PHO,81,2430,.478,11.1,,.886,.307,.110,.220,.249,.114,,.483,.588,.403,.471,.400,.438,,.555,1.000,,.031,17,,.788,.429,,1,1,hillgr01
195,Jordan Hill,PF,22,TOT,47,624,.493,7.6,,.990,.458,.194,.104,.234,.010,,.497,.630,.487,.143,.404,.000,,.576,,,.129,24,,.000,,,0,0,hilljo01
195,Jordan Hill,PF,22,NYK,24,252,.446,10.1,,.978,.348,.152,.141,.337,.022,,.456,.625,.357,.231,.419,.000,,.659,,,.065,6,,.000,,,0,0,hilljo01
195,Jordan Hill,PF,22,HOU,23,372,.532,5.5,,1.000,.550,.229,.073,.147,.000,,.532,.633,.560,.000,.375,,,.517,,,.183,18,,,,,0,0,hilljo01
196,Kirk Hinrich,SG,29,CHI,74,2481,.409,17.9,,.628,.143,.046,.058,.380,.372,,.431,.481,.486,.273,.430,.371,,.490,.885,,.000,0,,.239,.478,,2,0,hinriki01
197,Jrue Holiday,PG,19,PHI,73,1767,.442,13.7,,.694,.285,.123,.098,.188,.306,,.465,.547,.438,.490,.347,.390,,.292,.661,,.017,7,,.208,.455,,3,0,holidjr01
198,Ryan Hollins,C,25,MIN,73,1223,.558,6.9,,.997,.465,.172,.182,.178,.003,,.560,.716,.423,.473,.370,.000,,.639,,,.208,60,,.000,,,0,0,holliry01
199,Al Horford,C,23,ATL,81,2845,.551,7.3,,.999,.360,.305,.170,.164,.001,,.551,.721,.465,.424,.468,1.000,,.652,1.000,,.105,86,,1.000,1.000,,0,0,horfoal01
200,Eddie House,PG-SG,31,TOT,68,1217,.380,20.7,,.501,.075,.013,.033,.380,.499,,.412,.500,.333,.267,.410,.348,,.681,.873,,.000,0,,.225,.353,,0,0,houseed01
200,Eddie House,PG,31,BOS,50,846,.401,21.2,,.481,.056,.016,.031,.379,.519,,.419,.500,.400,.400,.410,.383,,.800,.922,,.000,0,,.251,.357,,0,0,houseed01
200,Eddie House,SG,31,NYK,18,371,.331,19.5,,.549,.120,.008,.038,.383,.451,,.397,.500,.000,.000,.412,.250,,.414,.667,,.000,0,,.150,.333,,0,0,houseed01
201,Dwight Howard,C,24,ORL,82,2843,.612,3.8,,.992,.553,.396,.040,.004,.008,,.617,.753,.452,.394,.333,.000,,.496,,,.246,197,,.000,,,5,0,howardw01
202,Josh Howard,SF,29,TOT,35,918,.405,14.5,,.778,.188,.129,.170,.291,.222,,.444,.671,.480,.333,.345,.267,,.590,1.000,,.005,2,,.267,.304,,3,0,howarjo01
202,Josh Howard,SF,29,DAL,31,827,.401,14.7,,.781,.181,.126,.170,.304,.219,,.438,.742,.442,.310,.327,.267,,.598,1.000,,.003,1,,.267,.350,,3,0,howarjo01
202,Josh Howard,SF,29,WAS,4,91,.435,13.3,,.761,.239,.152,.174,.196,.239,,.486,.273,.714,.500,.556,.273,,.529,1.000,,.022,1,,.273,.000,,0,0,howarjo01
203,Juwan Howard,C,36,POR,73,1632,.509,10.4,,.997,.243,.208,.235,.312,.003,,.511,.648,.423,.489,.479,.000,,.717,,,.027,7,,1.000,.000,,0,0,howarju01
204,Lester Hudson,PG,25,TOT,25,131,.396,16.2,,.698,.189,.075,.094,.340,.302,,.432,.700,.250,.400,.333,.313,,.500,.800,,.000,0,,.125,.500,,0,0,hudsole01
204,Lester Hudson,PG,25,BOS,16,70,.389,14.0,,.722,.222,.167,.056,.278,.278,,.308,.500,.333,.000,.200,.600,,.500,.667,,.000,0,,.200,1.000,,0,0,hudsole01
204,Lester Hudson,PG,25,MEM,9,61,.400,17.3,,.686,.171,.029,.114,.371,.314,,.500,.833,.000,.500,.385,.182,,.500,1.000,,.000,0,,.091,.000,,0,0,hudsole01
205,Larry Hughes,SG,31,TOT,45,1115,.355,16.1,,.640,.207,.067,.096,.269,.360,,.381,.513,.346,.297,.317,.309,,.404,.977,,.005,2,,.309,.442,,1,0,hughela01
205,Larry Hughes,SG,31,NYK,31,820,.366,15.5,,.652,.229,.068,.100,.254,.348,,.407,.531,.368,.250,.366,.289,,.297,.964,,.004,1,,.268,.385,,0,0,hughela01
205,Larry Hughes,SG,31,CHA,14,295,.327,17.7,,.607,.150,.065,.084,.308,.393,,.308,.438,.286,.444,.212,.357,,.800,1.000,,.009,1,,.405,.529,,1,0,hughela01
206,Kris Humphries,PF,24,TOT,69,1221,.441,8.3,,.998,.424,.118,.199,.257,.002,,.442,.555,.292,.346,.400,.000,,.639,,,.098,38,,.000,,,0,0,humphkr01
206,Kris Humphries,PF,24,DAL,25,315,.461,7.3,,1.000,.522,.070,.139,.270,.000,,.461,.567,.375,.250,.387,,,.679,,,.130,14,,,,,0,0,humphkr01
206,Kris Humphries,PF,24,NJN,44,906,.433,8.8,,.997,.386,.137,.222,.253,.003,,.435,.549,.275,.369,.405,.000,,.622,,,.085,24,,.000,,,0,0,humphkr01
207,Chris Hunter,C,25,GSW,60,783,.502,7.6,,.982,.479,.175,.115,.212,.018,,.512,.654,.342,.360,.413,.000,,.697,,,.134,25,,.000,,,1,0,huntech01
208,Lindsey Hunter,PG,39,CHI,13,122,.167,18.7,,.567,.133,.067,.100,.267,.433,,.235,.250,.500,.000,.250,.077,,.500,1.000,,.000,0,,.077,.000,,0,0,hunteli01
209,Othello Hunter,SF,23,ATL,7,33,.333,3.7,,1.000,.583,.333,.083,.000,.000,,.333,.429,.250,.000,,,,.750,,,.083,1,,,,,0,0,hunteot01
210,Steven Hunter,C,28,MEM,21,158,.395,3.3,,1.000,.674,.209,.070,.047,.000,,.395,.552,.111,.000,.000,,,.647,,,.256,11,,,,,0,0,huntest01
211,Serge Ibaka,PF,20,OKC,73,1323,.543,6.3,,.995,.468,.219,.168,.141,.005,,.543,.624,.531,.452,.404,.500,,.650,1.000,,.159,51,,.500,1.000,,0,0,ibakase01
212,Andre Iguodala,SF,26,PHI,82,3193,.443,14.5,,.729,.276,.054,.116,.284,.271,,.492,.683,.367,.308,.406,.310,,.415,.809,,.112,122,,.165,.300,,7,0,iguodan01
213,Zydrunas Ilgauskas,C,34,CLE,64,1339,.443,12.1,,.947,.313,.100,.066,.468,.053,,.441,.620,.364,.276,.361,.478,,.705,1.000,,.027,11,,.957,.455,,0,0,ilgauzy01
214,D.J. Mbenga,C,29,LAL,49,355,.466,9.0,,1.000,.330,.184,.194,.291,.000,,.466,.647,.421,.450,.300,,,.563,,,.049,4,,,,,0,0,mbengdj01
215,Ersan İlyasova,PF,22,MIL,81,1898,.443,14.3,,.669,.292,.073,.093,.211,.331,,.496,.601,.491,.338,.422,.336,,.690,.988,,.015,9,,.091,.227,,0,0,ilyaser01
216,Allen Iverson*,SG-PG,34,TOT,28,865,.430,13.2,,.921,.199,.114,.199,.408,.079,,.436,.476,.278,.413,.473,.360,,.425,.889,,.000,0,,.040,1.000,,1,0,iversal01
216,Allen Iverson*,PG,34,MEM,3,67,.577,13.9,,.962,.192,.115,.115,.538,.038,,.560,.600,.667,.000,.643,1.000,,.286,1.000,,.000,0,,.000,,,0,0,iversal01
216,Allen Iverson*,SG,34,PHI,25,798,.417,13.2,,.917,.200,.114,.207,.397,.083,,.425,.466,.242,.433,.452,.333,,.442,.875,,.000,0,,.042,1.000,,1,0,iversal01
217,Royal Ivey,SG,28,TOT,44,326,.422,15.1,,.578,.229,.133,.096,.120,.422,,.438,.684,.273,.250,.300,.400,,.524,.929,,.000,0,,.400,.357,,1,0,iveyro01
217,Royal Ivey,SG,28,PHI,26,236,.473,14.6,,.564,.218,.182,.073,.091,.436,,.452,.583,.300,.500,.400,.500,,.429,.917,,.000,0,,.375,.333,,0,0,iveyro01
217,Royal Ivey,SG,28,MIL,18,90,.321,16.3,,.607,.250,.036,.143,.179,.393,,.412,.857,.000,.000,.200,.182,,.714,1.000,,.000,0,,.455,.400,,1,0,iveyro01
218,Jarrett Jack,PG,26,TOR,82,2243,.481,13.6,,.703,.274,.139,.112,.179,.297,,.511,.603,.538,.440,.392,.412,,.187,.683,,.004,2,,.296,.441,,3,0,jackja01
219,Cedric Jackson,PG,23,TOT,12,74,.300,12.1,,.700,.350,.150,.000,.200,.300,,.357,.571,.333,,.000,.167,,.000,.000,,.000,0,,.167,.000,,0,0,jacksce01
219,Cedric Jackson,PG,23,CLE,5,10,.000,21.3,,.500,.000,.000,.000,.500,.500,,.000,,,,.000,.000,,,,,.000,0,,.000,,,0,0,jacksce01
219,Cedric Jackson,PG,23,SAS,3,25,.286,8.5,,.714,.571,.143,.000,.000,.286,,.400,.500,.000,,,.000,,.000,,,.000,0,,.500,.000,,0,0,jacksce01
219,Cedric Jackson,PG,23,WAS,4,39,.364,12.6,,.727,.273,.182,.000,.273,.273,,.375,.667,.500,,.000,.333,,.000,.000,,.000,0,,.000,,,0,0,jacksce01
220,Darnell Jackson,PF,24,TOT,28,123,.300,8.7,,.867,.500,.133,.067,.167,.133,,.308,.400,.250,.500,.000,.250,,.500,1.000,,.100,3,,.000,,,0,0,jacksda01
220,Darnell Jackson,PF,24,CLE,27,114,.320,8.4,,.880,.520,.120,.080,.160,.120,,.318,.385,.333,.500,.000,.333,,.571,1.000,,.120,3,,.000,,,0,0,jacksda01
220,Darnell Jackson,PF,24,MIL,1,9,.200,10.3,,.800,.400,.200,.000,.200,.200,,.250,.500,.000,,.000,.000,,.000,,,.000,0,,.000,,,0,0,jacksda01
221,Stephen Jackson,SG-PF,31,TOT,81,3129,.423,13.3,,.723,.323,.083,.085,.233,.277,,.460,.555,.376,.367,.391,.328,,.416,.752,,.025,33,,.224,.364,,4,0,jacksst02
221,Stephen Jackson,PF,31,GSW,9,300,.421,15.0,,.699,.218,.150,.060,.271,.301,,.484,.586,.350,.500,.472,.275,,.267,.818,,.008,1,,.175,.286,,1,0,jacksst02
221,Stephen Jackson,SG,31,CHA,72,2829,.423,13.1,,.725,.334,.075,.087,.229,.275,,.457,.552,.381,.357,.381,.334,,.432,.746,,.026,32,,.229,.370,,3,0,jacksst02
222,LeBron James,SF,25,CLE,76,2966,.503,13.4,,.747,.342,.082,.061,.262,.253,,.560,.745,.468,.344,.398,.333,,.369,.341,,.080,117,,.111,.395,,4,0,jamesle01
223,Mike James,PG,34,WAS,4,46,.300,17.3,,.700,.050,.200,.050,.400,.300,,.286,.000,.250,1.000,.250,.333,,.500,1.000,,.000,0,,.500,.667,,0,0,jamesmi01
224,Antawn Jamison,PF,33,TOT,66,2406,.461,12.2,,.762,.277,.216,.079,.189,.238,,.498,.659,.451,.354,.378,.344,,.697,1.000,,.007,6,,.267,.258,,0,0,jamisan01
224,Antawn Jamison,PF,33,WAS,41,1595,.450,12.5,,.760,.249,.223,.096,.193,.240,,.483,.649,.442,.358,.378,.345,,.665,1.000,,.003,2,,.238,.300,,0,0,jamisan01
224,Antawn Jamison,PF,33,CLE,25,811,.485,11.5,,.765,.336,.202,.045,.182,.235,,.529,.673,.471,.333,.377,.342,,.757,1.000,,.015,4,,.329,.192,,0,0,jamisan01
225,Nathan Jawai,C,23,MIN,39,412,.441,3.8,,.991,.631,.243,.081,.036,.009,,.445,.543,.296,.222,.250,.000,,.388,,,.090,10,,.000,,,1,0,jawaina01
226,Othyus Jeffers,SG,24,UTA,14,73,.414,2.5,,1.000,.759,.103,.069,.069,.000,,.414,.500,.333,.000,.000,,,.417,,,.172,4,,,,,0,0,jeffeot01
227,Al Jefferson,C,25,MIN,76,2463,.498,7.8,,.996,.313,.299,.288,.097,.004,,.500,.679,.503,.358,.330,.000,,.448,,,.038,39,,.000,,,2,0,jeffeal01
228,Richard Jefferson,SF,29,SAS,81,2520,.467,12.4,,.759,.330,.116,.089,.223,.241,,.515,.695,.333,.290,.434,.316,,.647,1.000,,.092,65,,.390,.370,,3,0,jefferi01
229,Jared Jeffries,PF-SF,28,TOT,70,1794,.439,8.8,,.774,.573,.054,.022,.124,.226,,.481,.528,.118,.429,.436,.296,,.573,1.000,,.041,13,,.423,.267,,1,0,jeffrja01
229,Jared Jeffries,PF,28,NYK,52,1462,.443,9.7,,.730,.552,.039,.017,.122,.270,,.488,.520,.222,.750,.393,.323,,.573,1.000,,.052,12,,.419,.308,,1,0,jeffrja01
229,Jared Jeffries,SF,28,HOU,18,332,.429,6.5,,.893,.631,.095,.036,.131,.107,,.467,.547,.000,.000,.545,.111,,.571,1.000,,.012,1,,.444,.000,,0,0,jeffrja01
230,Brandon Jennings,PG,20,MIL,82,2671,.371,14.8,,.681,.236,.104,.124,.216,.319,,.370,.425,.331,.311,.361,.374,,.190,.614,,.002,2,,.059,.435,,1,0,jennibr01
231,Jonas Jerebko,PF,22,DET,80,2232,.481,8.4,,.809,.534,.146,.046,.083,.191,,.520,.612,.307,.429,.360,.313,,.646,1.000,,.061,33,,.243,.250,,2,0,jerebjo01
232,Yi Jianlian,PF,22,NJN,52,1655,.403,11.8,,.927,.288,.147,.110,.382,.073,,.406,.506,.277,.419,.377,.366,,.675,.867,,.075,35,,.073,.000,,0,0,jianlyi01
233,Amir Johnson,PF,22,TOR,82,1453,.623,4.3,,.988,.659,.225,.024,.081,.012,,.630,.732,.413,.375,.481,.000,,.678,,,.153,49,,.250,.000,,3,0,johnsam01
234,Anthony Johnson,PG,35,ORL,31,406,.441,14.4,,.649,.216,.135,.171,.126,.351,,.500,.542,.333,.526,.571,.333,,.194,.923,,.009,1,,.282,.455,,0,0,johnsan02
235,James Johnson,PF,22,CHI,65,757,.452,10.2,,.781,.500,.062,.038,.181,.219,,.488,.600,.308,.375,.263,.326,,.575,.933,,.124,23,,.478,.455,,1,0,johnsja01
236,Joe Johnson,SG,28,ATL,76,2886,.458,13.6,,.747,.188,.220,.111,.229,.253,,.488,.569,.528,.429,.413,.369,,.291,.767,,.008,11,,.429,.373,,1,0,johnsjo02
237,Dahntay Jones,SF,29,IND,76,1892,.461,10.5,,.949,.335,.152,.119,.342,.051,,.479,.612,.453,.446,.371,.125,,.491,1.000,,.056,33,,.594,.158,,1,0,jonesda02
238,Dwayne Jones,PF,26,PHO,2,7,,,,,,,,,,,,,,,,,,,,,,0,,,,,0,0,jonesdw02
239,James Jones,SF,29,MIA,36,503,.361,22.6,,.244,.025,.008,.034,.176,.756,,.207,.000,.000,.250,.238,.411,,.833,.946,,.000,0,,.378,.353,,0,0,jonesja02
240,Solomon Jones,C,25,IND,52,675,.443,9.5,,.983,.318,.153,.261,.250,.017,,.451,.589,.296,.348,.477,.000,,.821,,,.125,19,,.000,,,0,0,jonesso01
241,DeAndre Jordan,C,21,LAC,70,1137,.605,1.4,,.992,.861,.088,.034,.008,.008,,.610,.639,.524,.250,.000,.000,,.660,,,.437,93,,.000,,,0,0,jordade01
242,Chris Kaman,C,27,LAC,76,2608,.490,8.6,,.995,.334,.227,.230,.204,.005,,.492,.604,.480,.366,.465,.000,,.705,,,.039,47,,.167,.000,,4,0,kamanch01
243,Jason Kapono,SF,28,PHI,57,976,.419,21.0,,.432,.040,.007,.090,.296,.568,,.485,.750,.500,.444,.461,.368,,.714,.937,,.000,0,,.333,.491,,0,0,kaponja01
244,Coby Karl,SF-SG,26,TOT,7,113,.344,13.5,,.656,.438,.156,.000,.063,.344,,.429,.571,.200,,.000,.182,,.444,1.000,,.000,0,,.091,.000,,2,0,karlco01
244,Coby Karl,SG,26,CLE,3,5,,,,,,,,,,,,,,,,,,,,,,0,,,,,0,0,karlco01
244,Coby Karl,SF,26,GSW,4,108,.344,13.5,,.656,.438,.156,.000,.063,.344,,.429,.571,.200,,.000,.182,,.444,1.000,,.000,0,,.091,.000,,2,0,karlco01
245,Jason Kidd*,PG,36,DAL,80,2881,.423,19.7,,.383,.133,.037,.052,.161,.617,,.420,.551,.200,.371,.380,.425,,.306,.932,,.000,0,,.191,.418,,3,0,kiddja01
246,Andrei Kirilenko,SF,28,UTA,58,1681,.506,11.0,,.815,.454,.056,.023,.282,.185,,.555,.712,.111,.455,.397,.292,,.729,1.000,,.156,73,,.169,.333,,0,0,kirilan01
247,Kyle Korver,SG,28,UTA,52,952,.493,19.1,,.607,.075,.014,.079,.439,.393,,.465,.619,.000,.455,.455,.536,,.924,.932,,.004,1,,.545,.550,,0,0,korveky01
248,Kosta Koufos,C,20,UTA,36,172,.468,4.2,,1.000,.617,.255,.043,.085,.000,,.468,.586,.333,.000,.250,,,.682,,,.191,6,,,,,0,0,koufoko01
249,Nenad Krstić,C,26,OKC,76,1741,.502,11.4,,.991,.300,.098,.125,.468,.009,,.505,.649,.455,.386,.454,.200,,.821,1.000,,.057,29,,.600,.333,,0,0,krstine01
250,Oliver Lafayette,SG,25,BOS,1,22,.500,18.9,,.667,.000,.167,.000,.500,.333,,.500,,1.000,,.333,.500,,.500,1.000,,.000,0,,.500,.000,,0,0,lafayol01
251,Carl Landry,PF,26,TOT,80,2469,.536,7.3,,.997,.438,.213,.139,.207,.003,,.537,.694,.409,.434,.404,.333,,.562,1.000,,.090,82,,.667,.500,,0,0,landrca01
251,Carl Landry,PF,26,HOU,52,1415,.547,6.0,,1.000,.504,.230,.125,.141,.000,,.547,.683,.449,.406,.346,,,.566,,,.096,51,,,,,0,0,landrca01
251,Carl Landry,PF,26,SAC,28,1054,.520,9.2,,.992,.343,.187,.158,.303,.008,,.521,.715,.338,.467,.443,.333,,.556,1.000,,.082,31,,.667,.500,,0,0,landrca01
252,Marcus Landry,SF,24,TOT,18,111,.372,18.1,,.349,.209,.047,.000,.093,.651,,.467,.556,.000,,.500,.321,,.286,1.000,,.023,1,,.464,.462,,0,0,landrma01
252,Marcus Landry,SF,24,NYK,17,108,.390,17.8,,.366,.220,.049,.000,.098,.634,,.467,.556,.000,,.500,.346,,.286,1.000,,.024,1,,.462,.500,,0,0,landrma01
252,Marcus Landry,SF,24,BOS,1,3,.000,25.0,,.000,.000,.000,.000,.000,1.000,,,,,,,.000,,,,,.000,0,,.500,.000,,0,0,landrma01
253,Acie Law,PG,25,TOT,26,234,.467,7.8,,.787,.600,.080,.040,.067,.213,,.508,.578,.000,1.000,.200,.313,,.300,.600,,.027,2,,.313,.400,,0,0,lawac01
253,Acie Law,PG,25,GSW,5,66,.643,7.4,,.786,.643,.071,.071,.000,.214,,.727,.778,.000,1.000,,.333,,.375,.000,,.071,1,,.667,.000,,0,0,lawac01
253,Acie Law,PG,25,CHA,9,33,.313,5.6,,.938,.625,.125,.063,.125,.063,,.333,.400,.000,1.000,.000,.000,,.200,,,.063,1,,.000,,,0,0,lawac01
253,Acie Law,PG,25,CHI,12,135,.467,8.7,,.733,.578,.067,.022,.067,.267,,.515,.577,.000,1.000,.333,.333,,.294,.750,,.000,0,,.250,.667,,0,0,lawac01
254,Ty Lawson,PG,22,DEN,65,1318,.515,10.0,,.787,.454,.123,.067,.144,.213,,.544,.605,.354,.577,.500,.410,,.228,.971,,.003,1,,.193,.500,,1,0,lawsoty01
255,Courtney Lee,SG,24,NJN,71,2375,.436,13.9,,.710,.275,.065,.133,.237,.290,,.476,.610,.220,.388,.440,.338,,.492,.974,,.026,17,,.511,.365,,3,1,leeco01
256,David Lee,C,26,NYK,81,3019,.545,8.0,,.994,.464,.134,.114,.282,.006,,.549,.663,.435,.490,.439,.000,,.638,,,.056,68,,.125,.000,,0,0,leeda02
257,Rashard Lewis,PF,30,ORL,72,2369,.435,17.0,,.475,.149,.132,.111,.083,.525,,.476,.525,.538,.393,.403,.397,,.445,.976,,.006,5,,.345,.473,,2,0,lewisra02
258,Shaun Livingston,PG,24,TOT,36,796,.517,11.7,,.970,.204,.144,.328,.294,.030,,.533,.683,.517,.485,.492,.000,,.433,,,.035,7,,.333,.000,,1,0,livinsh01
258,Shaun Livingston,PG,24,OKC,10,130,.313,11.1,,.875,.250,.125,.313,.188,.125,,.357,.250,.500,.600,.000,.000,,.600,,,.000,0,,1.000,.000,,0,0,livinsh01
258,Shaun Livingston,PG,24,WAS,26,666,.535,11.8,,.978,.200,.146,.330,.303,.022,,.547,.730,.519,.475,.518,.000,,.424,,,.038,7,,.000,,,1,0,livinsh01
259,Brook Lopez,C,21,NJN,82,3027,.499,6.6,,.998,.476,.220,.124,.179,.002,,.500,.611,.468,.371,.332,.000,,.568,,,.125,126,,.000,,,0,0,lopezbr01
260,Robin Lopez,C,21,PHO,51,986,.588,3.9,,1.000,.591,.271,.113,.024,.000,,.588,.692,.481,.303,.571,,,.620,,,.216,56,,,,,0,0,lopezro01
261,Kevin Love,PF,21,MIN,60,1714,.450,9.5,,.836,.427,.176,.105,.127,.164,,.474,.565,.386,.338,.402,.330,,.527,.914,,.026,16,,.132,.571,,5,0,loveke01
262,Kyle Lowry,PG,23,HOU,68,1651,.397,11.9,,.707,.397,.119,.067,.125,.293,,.448,.516,.382,.387,.328,.272,,.224,.892,,.000,0,,.206,.500,,4,0,lowryky01
263,Corey Maggette,PF,30,GSW,70,2081,.516,10.1,,.944,.409,.113,.091,.331,.056,,.531,.685,.330,.383,.451,.260,,.577,1.000,,.053,45,,.320,.375,,2,0,maggeco01
264,Jamaal Magloire,C,31,MIA,36,359,.500,2.4,,1.000,.661,.304,.018,.018,.000,,.500,.622,.294,.000,.000,,,.464,,,.196,10,,,,,0,0,magloja01
265,Ian Mahinmi,C,23,SAS,26,165,.636,4.7,,1.000,.564,.273,.091,.073,.000,,.636,.774,.600,.200,.250,,,.543,,,.127,7,,,,,0,0,mahinia01
266,Shawn Marion,SF,31,DAL,75,2385,.508,5.2,,.976,.482,.333,.130,.031,.024,,.516,.616,.429,.406,.375,.158,,.724,1.000,,.086,61,,.474,.222,,0,0,mariosh01
267,Sean Marks,C,34,NOH,14,75,.500,7.7,,1.000,.625,.000,.000,.375,.000,,.500,.600,,,.333,,,.750,,,.125,1,,,,,0,0,marksse01
268,Cartier Martin,SF,25,TOT,18,390,.368,14.8,,.640,.250,.140,.074,.176,.360,,.379,.559,.211,.200,.333,.347,,.333,.882,,.000,0,,.265,.308,,1,0,martica01
268,Cartier Martin,SF,25,GSW,10,276,.364,14.1,,.648,.250,.170,.102,.125,.352,,.386,.591,.267,.222,.273,.323,,.273,1.000,,.000,0,,.258,.375,,0,0,martica01
268,Cartier Martin,SF,25,WAS,8,114,.375,16.1,,.625,.250,.083,.021,.271,.375,,.367,.500,.000,.000,.385,.389,,.455,.714,,.000,0,,.278,.200,,1,0,martica01
269,Kenyon Martin,PF,32,DEN,58,1986,.456,9.4,,.953,.360,.224,.100,.269,.047,,.465,.632,.439,.323,.317,.276,,.676,.750,,.127,75,,.207,.000,,1,0,martike01
270,Kevin Martin,SG,26,TOT,46,1633,.417,15.0,,.697,.215,.094,.107,.281,.303,,.453,.564,.462,.351,.405,.333,,.543,.843,,.022,14,,.233,.449,,0,0,martike02
270,Kevin Martin,SG,26,SAC,22,774,.398,15.3,,.676,.201,.109,.100,.265,.324,,.419,.544,.432,.294,.367,.355,,.510,.846,,.012,3,,.282,.484,,0,0,martike02
270,Kevin Martin,SG,26,HOU,24,859,.435,14.8,,.718,.229,.079,.113,.297,.282,,.484,.580,.500,.400,.438,.310,,.569,.839,,.031,11,,.180,.389,,0,0,martike02
271,Desmond Mason,SF,32,SAC,5,66,.417,6.3,,1.000,.583,.000,.333,.083,.000,,.417,.571,,.000,1.000,,,.800,,,.167,2,,,,,0,0,masonde01
272,Roger Mason,SG,29,SAS,79,1515,.389,20.2,,.468,.087,.016,.046,.319,.532,,.453,.535,.250,.304,.462,.333,,.514,.807,,.004,1,,.330,.379,,0,0,masonro01
273,Wesley Matthews,SG,23,UTA,82,2025,.483,11.3,,.708,.421,.112,.042,.133,.292,,.525,.597,.524,.333,.360,.382,,.700,.952,,.039,17,,.473,.436,,3,0,matthwe02
274,Jason Maxiell,C,26,DET,76,1550,.511,8.0,,.998,.414,.147,.214,.222,.002,,.512,.663,.475,.427,.337,.000,,.656,,,.147,54,,.000,,,0,0,maxieja01
275,Sean May,C,25,SAC,37,331,.459,14.3,,.964,.153,.162,.045,.604,.036,,.477,.294,.611,.600,.478,.000,,.725,,,.009,1,,.250,.000,,0,0,mayse01
276,Eric Maynor,PG,22,TOT,81,1269,.418,11.6,,.807,.223,.323,.106,.155,.193,,.444,.463,.412,.513,.439,.310,,.144,.818,,.000,0,,.070,.200,,1,0,maynoer01
276,Eric Maynor,PG,22,UTA,26,363,.391,10.7,,.820,.278,.331,.105,.105,.180,,.431,.432,.432,.500,.357,.208,,.191,1.000,,.000,0,,.000,,,1,0,maynoer01
276,Eric Maynor,PG,22,OKC,55,906,.434,12.1,,.800,.191,.319,.106,.183,.200,,.452,.489,.400,.520,.465,.362,,.118,.765,,.000,0,,.106,.200,,0,0,maynoer01
277,O.J. Mayo,SG,22,MEM,82,3113,.458,14.5,,.700,.265,.096,.085,.254,.300,,.490,.653,.336,.420,.402,.383,,.470,.816,,.025,29,,.220,.474,,4,0,mayooj01
278,Luc Mbah a Moute,PF,23,MIL,73,1866,.480,7.3,,.954,.537,.087,.095,.236,.046,,.486,.626,.313,.429,.253,.353,,.602,1.000,,.041,14,,1.000,.353,,0,0,mbahalu01
279,Antonio McDyess,PF,35,SAS,77,1617,.479,13.3,,.995,.229,.035,.173,.558,.005,,.481,.684,.333,.351,.448,.000,,.854,,,.037,14,,.000,,,0,0,mcdyean01
280,JaVale McGee,C,22,WAS,60,968,.508,4.1,,.997,.603,.254,.117,.023,.003,,.510,.649,.308,.278,.286,.000,,.641,,,.218,64,,.000,,,0,0,mcgeeja01
281,Tracy McGrady*,SG,30,TOT,30,673,.387,15.3,,.728,.234,.077,.081,.336,.272,,.439,.564,.389,.316,.392,.250,,.347,.750,,.004,1,,.047,1.000,,0,0,mcgratr01
281,Tracy McGrady*,SG,30,HOU,6,46,.368,15.4,,.895,.263,.000,.053,.579,.105,,.353,.200,,.000,.455,.500,,1.000,1.000,,.000,0,,.000,,,0,0,mcgratr01
281,Tracy McGrady*,SG,30,NYK,24,627,.389,15.3,,.713,.231,.083,.083,.315,.287,,.448,.600,.389,.333,.382,.242,,.290,.733,,.005,1,,.048,1.000,,0,0,mcgratr01
282,Dominic McGuire,SF,24,TOT,51,307,.365,8.6,,1.000,.442,.173,.019,.365,.000,,.365,.522,.000,.000,.368,,,.474,,,.096,5,,,,,0,0,mcguido01
282,Dominic McGuire,SF,24,WAS,41,240,.375,9.3,,1.000,.425,.150,.025,.400,.000,,.375,.529,.000,.000,.375,,,.467,,,.075,3,,,,,0,0,mcguido01
282,Dominic McGuire,SF,24,SAC,10,67,.333,6.4,,1.000,.500,.250,.000,.250,.000,,.333,.500,.000,,.333,,,.500,,,.167,2,,,,,0,0,mcguido01
283,Josh McRoberts,C,22,IND,42,524,.521,9.1,,.842,.500,.137,.048,.158,.158,,.553,.699,.350,.286,.348,.348,,.676,1.000,,.185,26,,.217,.000,,1,0,mcrobjo01
284,Jodie Meeks,SG,22,TOT,60,719,.388,17.2,,.507,.228,.022,.071,.187,.493,,.456,.607,.333,.316,.340,.318,,.581,.905,,.011,3,,.220,.310,,1,1,meeksjo01
284,Jodie Meeks,SG,22,MIL,41,486,.362,17.0,,.537,.232,.023,.068,.215,.463,,.432,.512,.500,.250,.395,.280,,.585,.957,,.011,2,,.268,.182,,1,1,meeksjo01
284,Jodie Meeks,SG,22,PHI,19,233,.440,17.6,,.451,.220,.022,.077,.132,.549,,.512,.800,.000,.429,.167,.380,,.571,.842,,.011,1,,.140,.714,,0,0,meeksjo01
285,Pops Mensah-Bonsu,PF,26,TOT,20,120,.394,1.8,,1.000,.848,.061,.091,.000,.000,,.394,.464,.000,.000,,,,.846,,,.364,9,,,,,0,0,mensapo01
285,Pops Mensah-Bonsu,PF,26,HOU,4,13,.250,0.0,,1.000,1.000,.000,.000,.000,.000,,.250,.250,,,,,,1.000,,,.000,0,,,,,0,0,mensapo01
285,Pops Mensah-Bonsu,PF,26,TOR,16,107,.414,2.0,,1.000,.828,.069,.103,.000,.000,,.414,.500,.000,.000,,,,.833,,,.414,9,,,,,0,0,mensapo01
286,C.J. Miles,SF,22,UTA,63,1497,.429,15.2,,.614,.260,.075,.075,.205,.386,,.484,.644,.381,.333,.374,.341,,.593,.919,,.057,26,,.171,.378,,1,0,milescj01
287,Darko Miličić,C,24,TOT,32,685,.490,7.3,,.995,.186,.578,.206,.025,.005,,.493,.763,.424,.452,.400,.000,,.500,,,.020,4,,.000,,,0,0,milicda01
287,Darko Miličić,C,24,NYK,8,71,.471,7.9,,1.000,.118,.706,.059,.118,.000,,.471,1.000,.417,1.000,.000,,,.375,,,.000,0,,,,,0,0,milicda01
287,Darko Miličić,C,24,MIN,24,614,.492,7.3,,.995,.193,.567,.219,.016,.005,,.495,.750,.425,.439,.667,.000,,.511,,,.021,4,,.000,,,0,0,milicda01
288,Andre Miller,PG,33,POR,82,2500,.445,10.4,,.912,.382,.112,.160,.258,.088,,.469,.602,.431,.372,.346,.200,,.273,.750,,.002,2,,.125,.200,,8,0,millean02
289,Brad Miller,C,33,CHI,82,1950,.430,12.6,,.773,.312,.112,.074,.275,.227,,.474,.580,.446,.442,.375,.280,,.638,1.000,,.012,7,,.242,.250,,0,0,millebr01
290,Mike Miller,SG,29,WAS,54,1805,.501,15.1,,.605,.293,.065,.021,.226,.395,,.515,.669,.321,.333,.388,.480,,.556,.890,,.012,5,,.246,.595,,0,0,millemi01
291,Patty Mills,PG,21,POR,10,38,.417,13.6,,.833,.292,.083,.125,.333,.167,,.400,.286,1.000,.333,.375,.500,,.375,1.000,,.000,0,,.000,,,0,0,millspa02
292,Paul Millsap,PF,24,UTA,82,2277,.538,7.1,,.987,.494,.131,.159,.203,.013,,.543,.661,.394,.395,.469,.111,,.721,.000,,.067,42,,.111,.000,,0,0,millspa01
293,Nazr Mohammed,C,32,CHA,58,984,.553,4.8,,1.000,.553,.219,.161,.067,.000,,.553,.630,.493,.436,.391,,,.704,,,.140,39,,,,,0,0,mohamna01
294,Jamario Moon,SF,29,CLE,61,1052,.462,15.4,,.595,.287,.016,.057,.235,.405,,.558,.732,.000,.429,.414,.320,,.744,.969,,.154,36,,.430,.279,,0,0,moonja01
295,Mikki Moore,C,34,GSW,23,406,.600,9.7,,1.000,.389,.122,.078,.411,.000,,.600,.857,.364,.429,.459,,,.741,,,.200,18,,,,,0,0,mooremi01
296,Randolph Morris,PF,24,ATL,28,124,.561,6.3,,1.000,.415,.293,.244,.049,.000,,.561,.529,.583,.500,1.000,,,.391,,,.073,1,,,,,0,0,morrira01
297,Adam Morrison,SF,25,LAL,31,241,.376,14.9,,.753,.118,.200,.165,.271,.247,,.422,.600,.529,.214,.391,.238,,.704,.600,,.000,0,,.381,.125,,0,0,morriad01
298,Anthony Morrow,SG,24,GSW,69,2018,.468,17.1,,.563,.139,.094,.148,.182,.437,,.477,.531,.515,.481,.414,.456,,.434,.957,,.004,2,,.300,.457,,0,0,morroan01
299,Byron Mullens,PF,20,OKC,13,54,.368,10.0,,1.000,.316,.105,.211,.368,.000,,.368,.500,.000,.500,.286,,,.714,,,.105,2,,,,,0,0,mulleby01
300,Troy Murphy,PF,29,IND,72,2344,.472,15.9,,.590,.258,.058,.053,.221,.410,,.533,.614,.447,.512,.467,.384,,.629,1.000,,.047,36,,.027,.222,,0,0,murphtr01
301,Ronald Murray,SG,30,TOT,75,1673,.392,14.7,,.676,.259,.073,.119,.225,.324,,.431,.520,.360,.321,.409,.312,,.447,.754,,.009,5,,.285,.397,,5,0,murraro01
301,Ronald Murray,SG,30,CHA,46,993,.389,14.6,,.681,.253,.083,.124,.221,.319,,.425,.471,.353,.333,.451,.313,,.412,.683,,.007,3,,.275,.361,,3,0,murraro01
301,Ronald Murray,SG,30,CHI,29,680,.397,14.7,,.669,.268,.059,.110,.232,.331,,.440,.589,.375,.300,.349,.311,,.500,.857,,.011,2,,.300,.444,,2,0,murraro01
302,Eduardo Nájera,PF,33,TOT,46,685,.425,13.7,,.562,.384,.048,.034,.096,.438,,.524,.589,.143,.400,.500,.297,,.767,.947,,.021,2,,.125,.375,,0,0,najered01
302,Eduardo Nájera,PF,33,NJN,13,204,.377,11.5,,.679,.415,.094,.057,.113,.321,,.472,.591,.000,.333,.500,.176,,.706,1.000,,.000,0,,.176,.333,,0,0,najered01
302,Eduardo Nájera,PF,33,DAL,33,481,.452,15.0,,.495,.366,.022,.022,.086,.505,,.565,.588,.500,.500,.500,.340,,.808,.938,,.032,2,,.106,.400,,0,0,najered01
303,Steve Nash*,PG,35,PHO,81,2660,.507,15.9,,.705,.155,.091,.177,.281,.295,,.540,.725,.456,.540,.466,.426,,.061,.266,,.000,0,,.031,.556,,2,0,nashst01
304,Jameer Nelson,PG,27,ORL,65,1860,.449,14.6,,.680,.275,.071,.096,.238,.320,,.481,.562,.440,.515,.387,.381,,.100,.686,,.000,0,,.128,.414,,0,0,nelsoja01
305,Rasho Nesterović,C,33,TOR,42,413,.544,10.1,,1.000,.329,.174,.107,.389,.000,,.544,.714,.615,.375,.414,,,.716,,,.007,1,,,,,0,0,nestera01
306,Joakim Noah,C,24,CHI,64,1925,.504,4.0,,1.000,.660,.165,.062,.113,.000,,.504,.574,.314,.438,.407,,,.557,,,.158,72,,,,,0,0,noahjo01
307,Andrés Nocioni,SF,30,SAC,75,1477,.399,15.4,,.576,.211,.143,.055,.167,.424,,.408,.508,.345,.375,.347,.386,,.529,.990,,.005,3,,.229,.404,,0,0,nocioan01
308,Steve Novak,SF,26,LAC,54,362,.389,23.3,,.343,.009,.009,.028,.296,.657,,.541,1.000,.000,1.000,.500,.310,,.950,1.000,,.000,0,,.239,.294,,0,0,novakst01
309,Dirk Nowitzki*,PF,31,DAL,81,3039,.481,13.7,,.919,.162,.082,.290,.384,.081,,.487,.621,.439,.442,.473,.421,,.587,.980,,.018,24,,.017,1.000,,0,0,nowitdi01
310,Patrick O'Bryant,C,23,TOR,11,51,.533,9.9,,.933,.267,.267,.267,.133,.067,,.571,.500,.500,.500,1.000,.000,,.625,,,.067,1,,.000,,,0,0,obryapa01
311,Jermaine O'Neal,C,31,MIA,70,1991,.529,9.3,,.997,.281,.203,.323,.191,.003,,.530,.679,.510,.440,.486,.000,,.541,,,.091,66,,.000,,,0,0,onealje01
312,Shaquille O'Neal*,C,37,CLE,53,1240,.566,3.4,,.998,.583,.359,.050,.006,.002,,.567,.663,.434,.478,.000,.000,,.565,,,.177,76,,.000,,,0,0,onealsh01
313,Fabricio Oberto,C,34,WAS,57,650,.625,3.4,,1.000,.679,.232,.071,.018,.000,,.625,.711,.538,.250,.000,,,.943,,,.000,0,,,,,0,0,obertfa01
314,Greg Oden,C,22,POR,21,502,.605,2.4,,1.000,.717,.224,.053,.007,.000,,.605,.706,.353,.375,.000,,,.543,,,.224,34,,,,,0,0,odengr01
315,Lamar Odom,PF,30,LAL,82,2585,.463,10.5,,.754,.442,.133,.058,.120,.246,,.510,.587,.429,.349,.393,.319,,.430,.845,,.055,36,,.187,.441,,6,0,odomla01
316,Emeka Okafor,C,27,NOH,82,2370,.530,4.2,,1.000,.570,.271,.137,.021,.000,,.530,.652,.382,.356,.286,,,.675,,,.145,85,,,,,0,0,okafoem01
317,Mehmet Okur,C,30,UTA,73,2149,.458,12.6,,.725,.321,.124,.098,.181,.275,,.486,.582,.385,.447,.407,.385,,.626,.963,,.041,27,,.141,.367,,0,0,okurme01
318,Kevin Ollie,PG,37,OKC,25,263,.400,12.3,,.978,.289,.044,.133,.511,.022,,.409,.462,.500,.500,.348,.000,,.778,,,.000,0,,1.000,.000,,0,0,ollieke01
319,Travis Outlaw,SF,25,TOT,34,730,.391,16.6,,.626,.164,.082,.117,.263,.374,,.398,.500,.391,.424,.324,.381,,.443,.850,,.057,13,,.371,.462,,2,0,outlatr01
319,Travis Outlaw,SF,25,POR,11,231,.376,15.6,,.693,.198,.079,.158,.257,.307,,.371,.400,.250,.375,.385,.387,,.500,1.000,,.050,4,,.387,.500,,2,0,outlatr01
319,Travis Outlaw,SF,25,LAC,23,499,.400,17.2,,.589,.144,.083,.094,.267,.411,,.415,.577,.467,.471,.292,.378,,.409,.786,,.061,9,,.365,.444,,0,0,outlatr01
320,Zaza Pachulia,C,25,ATL,78,1089,.488,6.2,,.984,.614,.122,.093,.154,.016,,.496,.550,.300,.348,.526,.000,,.667,,,.053,11,,.000,,,3,0,pachuza01
321,Jannero Pargo,PG,30,CHI,63,829,.346,17.9,,.638,.113,.042,.087,.396,.362,,.387,.535,.125,.455,.358,.275,,.415,.868,,.000,0,,.304,.310,,1,0,pargoja01
322,Anthony Parker,SG,34,CLE,81,2289,.434,19.0,,.451,.082,.065,.084,.217,.549,,.458,.641,.613,.300,.408,.414,,.745,.972,,.008,3,,.621,.457,,1,0,parkean01
323,Tony Parker*,PG,27,SAS,56,1728,.487,10.0,,.953,.372,.158,.098,.325,.047,,.497,.647,.478,.386,.369,.294,,.271,.900,,.000,0,,.500,.412,,0,0,parketo01
324,Chris Paul,PG,24,NOH,45,1712,.493,14.0,,.801,.192,.141,.173,.295,.199,,.514,.607,.489,.500,.473,.409,,.069,.404,,.000,0,,.047,.833,,1,0,paulch01
325,Sasha Pavlović,SF,26,MIN,71,877,.363,17.3,,.607,.173,.043,.100,.290,.393,,.407,.635,.154,.467,.287,.297,,.405,.829,,.013,4,,.178,.143,,1,0,pavloal01
326,Oleksiy Pecherov,C,24,MIN,44,447,.410,15.0,,.723,.229,.080,.106,.309,.277,,.463,.628,.267,.450,.397,.269,,.603,1.000,,.016,3,,.154,.375,,0,0,pecheol01
327,Kendrick Perkins,C,25,BOS,78,2154,.602,3.8,,.994,.594,.312,.073,.015,.006,,.605,.739,.448,.237,.375,.000,,.678,,,.119,60,,.000,,,1,0,perkike01
328,Morris Peterson,SG,32,NOH,46,973,.385,18.3,,.432,.169,.050,.053,.159,.568,,.415,.569,.400,.188,.333,.363,,.815,.935,,.007,1,,.409,.414,,1,0,petermo01
329,Johan Petro,C,24,DEN,36,436,.535,8.4,,.990,.356,.277,.149,.208,.010,,.540,.750,.357,.467,.476,.000,,.704,,,.089,8,,.000,,,0,0,petrojo01
330,Paul Pierce*,SF,32,BOS,71,2411,.472,13.3,,.697,.321,.065,.141,.171,.303,,.497,.629,.375,.369,.399,.414,,.410,.917,,.025,21,,.103,.444,,0,0,piercpa01
331,Mickaël Piétrus,SF,27,ORL,75,1687,.432,18.6,,.432,.189,.020,.033,.189,.568,,.502,.637,.545,.389,.382,.379,,.564,.862,,.046,22,,.448,.387,,3,0,pietrmi01
332,James Posey,SF,33,NOH,77,1731,.365,18.9,,.299,.186,.041,.032,.041,.701,,.437,.500,.357,.455,.214,.335,,.489,.877,,.006,0,,.260,.333,,1,0,poseyja01
333,Leon Powe,SF,26,CLE,20,236,.429,3.2,,1.000,.714,.204,.061,.020,.000,,.429,.486,.300,.333,.000,,,.571,,,.020,1,,,,,0,0,powele01
334,Josh Powell,PF,27,LAL,63,581,.366,10.8,,.918,.314,.144,.160,.299,.082,,.360,.492,.321,.258,.293,.438,,.641,1.000,,.072,12,,.563,.667,,0,0,poweljo01
335,A.J. Price,PG,23,IND,56,865,.410,17.1,,.508,.172,.105,.102,.130,.492,,.472,.607,.378,.389,.435,.345,,.106,.767,,.000,0,,.213,.243,,1,0,priceaj01
336,Ronnie Price,PG,26,UTA,60,806,.405,13.0,,.740,.351,.070,.079,.240,.260,,.447,.576,.235,.526,.293,.286,,.400,.833,,.058,12,,.095,.833,,1,0,pricero01
337,Tayshaun Prince,SF,29,DET,49,1664,.486,12.5,,.874,.233,.167,.148,.326,.126,,.503,.689,.433,.419,.444,.370,,.494,1.000,,.057,31,,.603,.386,,0,0,princta01
338,Joel Przybilla,C,30,POR,30,681,.523,0.6,,1.000,.942,.047,.012,.000,.000,,.523,.556,.000,.000,,,,.689,,,.128,11,,,,,0,0,przybjo01
339,Chris Quinn,PG,26,NJN,25,223,.357,18.7,,.429,.089,.107,.089,.143,.571,,.417,.600,.500,.600,.125,.313,,.300,.800,,.000,0,,.313,.300,,0,0,quinnch01
340,Vladimir Radmanović,PF,29,TOT,41,891,.377,14.2,,.604,.297,.099,.084,.125,.396,,.442,.556,.222,.478,.324,.278,,.575,.933,,.051,12,,.278,.267,,0,0,radmavl01
340,Vladimir Radmanović,PF,29,CHA,8,133,.333,16.1,,.476,.286,.048,.048,.095,.524,,.350,.417,.500,.500,.000,.318,,.429,1.000,,.000,0,,.318,.286,,0,0,radmavl01
340,Vladimir Radmanović,PF,29,GSW,33,758,.385,13.9,,.628,.299,.108,.091,.130,.372,,.455,.580,.200,.476,.367,.267,,.591,.913,,.061,12,,.267,.261,,0,0,radmavl01
341,Anthony Randolph,C,20,GSW,33,749,.443,8.9,,.984,.408,.184,.097,.294,.016,,.447,.587,.386,.300,.341,.200,,.574,1.000,,.097,30,,.400,.000,,1,0,randoan01
342,Shavlik Randolph,PF,26,TOT,6,53,.333,2.9,,1.000,.722,.222,.000,.056,.000,,.333,.308,.500,,.000,,,.333,,,.111,1,,,,,0,0,randosh01
342,Shavlik Randolph,PF,26,MIA,3,47,.333,2.8,,1.000,.733,.200,.000,.067,.000,,.333,.273,.667,,.000,,,.200,,,.067,1,,,,,0,0,randosh01
342,Shavlik Randolph,PF,26,POR,3,6,.333,3.2,,1.000,.667,.333,.000,.000,.000,,.333,.500,.000,,,,,1.000,,,.333,0,,,,,0,0,randosh01
343,Zach Randolph,PF,28,MEM,81,3051,.488,7.5,,.961,.451,.226,.100,.184,.039,,.496,.580,.447,.366,.423,.288,,.469,.800,,.002,3,,.269,.286,,5,1,randoza01
344,Theo Ratliff,C,36,TOT,49,807,.461,6.2,,1.000,.414,.322,.184,.079,.000,,.461,.651,.327,.357,.250,,,.729,,,.217,29,,,,,0,0,ratlith01
344,Theo Ratliff,C,36,SAS,21,183,.444,5.7,,1.000,.417,.389,.194,.000,.000,,.444,.467,.429,.429,,,,.813,,,.167,5,,,,,0,0,ratlith01
344,Theo Ratliff,C,36,CHA,28,624,.466,6.3,,1.000,.414,.302,.181,.103,.000,,.466,.708,.286,.333,.250,,,.704,,,.233,24,,,,,0,0,ratlith01
345,Michael Redd,SG,30,MIL,18,492,.352,13.5,,.718,.258,.146,.099,.216,.282,,.373,.473,.355,.286,.304,.300,,.439,1.000,,.009,2,,.300,.333,,0,0,reddmi01
346,JJ Redick,SG,25,ORL,82,1808,.439,18.4,,.505,.159,.036,.054,.255,.495,,.473,.602,.600,.433,.383,.405,,.470,.811,,.000,0,,.219,.550,,0,0,redicjj01
347,Chris Richard,PF,25,CHI,18,224,.517,2.6,,1.000,.655,.310,.034,.000,.000,,.517,.579,.444,.000,,,,.667,,,.310,6,,,,,0,0,richach01
348,Jason Richardson,SG,29,PHO,79,2485,.474,13.9,,.599,.315,.100,.057,.127,.401,,.528,.656,.460,.351,.346,.393,,.585,.930,,.055,44,,.315,.405,,0,0,richaja01
349,Quentin Richardson,SF,29,MIA,76,2082,.431,18.0,,.362,.200,.062,.034,.066,.638,,.493,.625,.314,.316,.351,.397,,.350,.951,,.036,18,,.215,.494,,0,0,richaqu01
350,Luke Ridnour,PG,28,MIL,82,1759,.478,15.7,,.736,.173,.074,.153,.335,.264,,.513,.479,.471,.448,.570,.381,,.247,.812,,.000,0,,.320,.431,,2,0,ridnolu01
351,Nate Robinson,PG,25,TOT,56,1115,.436,17.0,,.548,.217,.059,.061,.211,.452,,.474,.495,.414,.467,.471,.390,,.344,.667,,.008,4,,.099,.409,,2,0,robinna01
351,Nate Robinson,PG,25,NYK,30,733,.452,16.2,,.595,.244,.071,.045,.235,.405,,.505,.537,.417,.600,.481,.375,,.307,.725,,.009,3,,.103,.357,,2,0,robinna01
351,Nate Robinson,PG,25,BOS,26,382,.401,18.8,,.446,.159,.032,.096,.159,.554,,.386,.360,.400,.333,.440,.414,,.481,.583,,.006,1,,.092,.500,,0,0,robinna01
352,Sergio Rodríguez,PG,23,TOT,66,1048,.476,11.0,,.741,.405,.137,.063,.137,.259,,.519,.592,.458,.364,.438,.352,,.185,.875,,.000,0,,.220,.550,,0,0,rodrise01
352,Sergio Rodríguez,PG,23,SAC,39,517,.463,10.3,,.779,.395,.174,.074,.137,.221,,.493,.573,.424,.357,.423,.357,,.178,.933,,.000,0,,.238,.700,,0,0,rodrise01
352,Sergio Rodríguez,PG,23,NYK,27,531,.491,11.8,,.696,.416,.093,.050,.137,.304,,.554,.612,.533,.375,.455,.347,,.194,.824,,.000,0,,.204,.400,,0,0,rodrise01
353,Rajon Rondo,PG,23,BOS,81,2963,.508,8.1,,.912,.501,.157,.087,.166,.088,,.536,.658,.394,.443,.353,.213,,.296,.471,,.018,13,,.250,.250,,3,0,rondora01
354,Derrick Rose,PG,21,CHI,78,2871,.489,11.0,,.956,.313,.141,.146,.355,.044,,.500,.558,.531,.483,.443,.267,,.309,.563,,.019,24,,.233,.286,,2,0,rosede01
355,Quinton Ross,SF-SG,28,TOT,52,562,.360,14.6,,.811,.243,.045,.036,.486,.189,,.400,.407,.200,.250,.426,.190,,.889,1.000,,.000,0,,.857,.222,,0,0,rossqu01
355,Quinton Ross,SF,28,DAL,27,301,.411,15.7,,.768,.179,.054,.036,.500,.232,,.465,.400,.333,.000,.536,.231,,.900,1.000,,.000,0,,.846,.273,,0,0,rossqu01
355,Quinton Ross,SG,28,WAS,25,261,.309,13.6,,.855,.309,.036,.036,.473,.145,,.340,.412,.000,.500,.308,.125,,.875,1.000,,.000,0,,.875,.143,,0,0,rossqu01
356,Brandon Roy,SG,25,POR,65,2419,.473,13.6,,.787,.247,.099,.155,.286,.213,,.512,.637,.485,.441,.451,.330,,.263,.822,,.013,13,,.231,.373,,5,0,roybr01
357,Brandon Rush,SG,24,IND,82,2491,.423,16.4,,.570,.219,.071,.074,.205,.430,,.433,.500,.440,.346,.389,.411,,.526,.992,,.036,24,,.374,.522,,0,0,rushbr01
358,Kareem Rush,SG,29,LAC,7,58,.364,14.3,,.727,.182,.091,.273,.182,.273,,.375,.500,1.000,.333,.000,.333,,.333,1.000,,.000,0,,.333,.000,,0,0,rushka01
359,John Salmons,SG,30,TOT,81,2824,.441,14.2,,.688,.260,.065,.158,.205,.312,,.468,.570,.469,.401,.389,.382,,.426,.831,,.016,16,,.272,.393,,0,0,salmojo01
359,John Salmons,SG,30,CHI,51,1695,.420,15.0,,.650,.243,.055,.130,.223,.350,,.441,.556,.433,.408,.336,.380,,.490,.877,,.018,10,,.260,.420,,0,0,salmojo01
359,John Salmons,SG,30,MIL,30,1129,.467,13.2,,.736,.282,.077,.194,.183,.264,,.497,.584,.500,.395,.469,.385,,.364,.756,,.014,6,,.291,.353,,0,0,salmojo01
360,Brian Scalabrine,PF,31,BOS,52,472,.341,19.7,,.424,.118,.024,.012,.271,.576,,.361,.700,.000,.000,.261,.327,,.923,1.000,,.000,0,,.571,.429,,0,0,scalabr01
361,Luis Scola,PF,29,HOU,82,2671,.514,8.4,,.995,.357,.260,.117,.261,.005,,.515,.653,.473,.422,.411,.200,,.626,1.000,,.002,2,,.000,,,2,0,scolalu01
362,Thabo Sefolosha,SG,25,OKC,82,2348,.440,12.5,,.703,.351,.061,.082,.211,.297,,.494,.619,.333,.306,.398,.313,,.641,.976,,.054,23,,.489,.328,,0,0,sefolth01
363,Ramon Sessions,PG,23,MIN,82,1732,.456,8.2,,.973,.414,.198,.155,.205,.027,,.467,.543,.391,.419,.421,.067,,.369,1.000,,.022,12,,.000,,,1,0,sessira01
364,Bobby Simmons,PF,29,NJN,23,395,.359,19.1,,.462,.120,.043,.060,.239,.538,,.407,.500,1.000,.429,.250,.317,,.500,1.000,,.000,0,,.381,.333,,0,0,simmobo01
365,James Singleton,PF-SF,28,TOT,57,977,.382,12.0,,.854,.331,.126,.094,.303,.146,,.415,.524,.313,.500,.312,.189,,.611,.857,,.063,14,,.189,.286,,1,0,singlja01
365,James Singleton,SF,28,DAL,25,211,.375,15.9,,.656,.250,.016,.078,.313,.344,,.452,.563,.000,.400,.400,.227,,.632,.800,,.063,4,,.227,.200,,0,0,singlja01
365,James Singleton,PF,28,WAS,32,766,.384,10.7,,.921,.358,.163,.100,.300,.079,,.406,.515,.323,.526,.281,.133,,.606,1.000,,.063,10,,.133,.500,,1,0,singlja01
366,Brian Skinner,PF,33,LAC,16,123,.400,7.4,,1.000,.440,.200,.120,.240,.000,,.400,.364,.400,1.000,.167,,,.700,,,.000,0,,,,,0,0,skinnbr01
367,Craig Smith,PF,26,LAC,75,1232,.569,3.2,,.987,.700,.181,.048,.058,.013,,.574,.640,.500,.316,.217,.200,,.658,1.000,,.048,19,,.400,.500,,0,0,smithcr01
368,J.R. Smith,SG,24,DEN,75,2082,.414,17.3,,.548,.183,.110,.071,.184,.452,,.477,.646,.447,.342,.379,.338,,.363,.778,,.036,35,,.113,.491,,10,0,smithjr01
369,Jason Smith,PF,23,PHI,56,658,.431,10.8,,.833,.351,.109,.178,.195,.167,,.448,.623,.316,.323,.324,.345,,.615,1.000,,.052,9,,.483,.357,,0,0,smithja02
370,Joe Smith,PF,34,ATL,64,592,.399,11.8,,.964,.254,.161,.078,.472,.036,,.409,.633,.419,.267,.308,.143,,.763,1.000,,.052,10,,1.000,.143,,0,0,smithjo02
371,Josh Smith,PF,24,ATL,81,2871,.505,6.5,,.993,.550,.191,.026,.226,.007,,.508,.658,.372,.346,.279,.000,,.621,,,.144,134,,.286,.000,,1,0,smithjo03
372,Darius Songaila,C,31,NOH,75,1410,.494,12.1,,.988,.275,.117,.125,.471,.012,,.498,.642,.491,.393,.443,.167,,.808,1.000,,.002,0,,.167,.000,,0,0,songada01
373,Marreese Speights,C,22,PHI,62,1016,.477,9.1,,.989,.363,.185,.164,.277,.011,,.483,.559,.500,.342,.455,.000,,.618,,,.090,34,,.000,,,2,0,speigma01
374,Jerry Stackhouse,SG,35,MIL,42,855,.408,17.4,,.589,.130,.051,.184,.225,.411,,.452,.488,.375,.483,.423,.346,,.655,.978,,.016,4,,.492,.391,,1,0,stackje01
375,DeShawn Stevenson,SG,28,TOT,64,883,.282,19.4,,.466,.123,.025,.025,.294,.534,,.355,.550,.000,.000,.333,.218,,.667,.947,,.012,2,,.425,.270,,0,0,stevede01
375,DeShawn Stevenson,SG,28,WAS,40,616,.282,20.5,,.398,.087,.029,.019,.262,.602,,.439,.778,.000,.000,.407,.177,,.556,.909,,.010,1,,.355,.182,,0,0,stevede01
375,DeShawn Stevenson,SG,28,DAL,24,267,.283,17.5,,.583,.183,.017,.033,.350,.417,,.257,.364,.000,.000,.238,.320,,.889,1.000,,.017,1,,.600,.400,,0,0,stevede01
376,Peja Stojaković,SF,32,NOH,62,1947,.404,18.5,,.488,.147,.038,.087,.217,.512,,.435,.525,.462,.367,.396,.375,,.644,.924,,.001,1,,.173,.393,,0,0,stojape01
377,Amar'e Stoudemire,PF,27,PHO,82,2838,.557,7.1,,.995,.428,.264,.110,.193,.005,,.559,.675,.518,.468,.410,.167,,.612,1.000,,.164,187,,.167,.000,,2,0,stoudam01
378,Rodney Stuckey,PG,23,DET,73,2499,.405,10.2,,.929,.360,.139,.165,.265,.071,,.418,.486,.364,.377,.381,.228,,.313,.667,,.006,5,,.190,.267,,3,0,stuckro01
379,DaJuan Summers,SF,22,DET,44,405,.354,14.4,,.677,.292,.062,.054,.269,.323,,.352,.500,.250,.143,.257,.357,,.645,.933,,.046,6,,.452,.421,,0,0,summeda01
380,Jermaine Taylor,SG,23,HOU,31,303,.378,9.1,,.815,.487,.134,.067,.126,.185,,.412,.517,.250,.250,.267,.227,,.375,1.000,,.050,5,,.455,.200,,0,0,tayloje02
381,Jeff Teague,PG,21,ATL,71,719,.396,10.5,,.859,.366,.256,.044,.194,.141,,.426,.554,.345,.100,.364,.219,,.277,.571,,.040,9,,.094,.333,,3,0,teaguje01
382,Sebastian Telfair,PG,24,TOT,43,659,.413,15.4,,.721,.249,.030,.134,.308,.279,,.483,.520,.500,.407,.484,.232,,.343,.923,,.000,0,,.268,.467,,1,0,telfase01
382,Sebastian Telfair,PG,24,LAC,39,582,.404,15.3,,.717,.247,.030,.145,.295,.283,,.471,.537,.400,.417,.449,.234,,.339,.909,,.000,0,,.255,.500,,1,0,telfase01
382,Sebastian Telfair,PG,24,CLE,4,77,.457,15.9,,.743,.257,.029,.086,.371,.257,,.538,.444,1.000,.333,.615,.222,,.357,1.000,,.000,0,,.333,.333,,0,0,telfase01
383,Garrett Temple,SG,23,TOT,27,334,.436,14.4,,.634,.287,.069,.040,.238,.366,,.484,.724,.571,.750,.125,.351,,.226,1.000,,.020,2,,.676,.480,,1,0,templga01
383,Garrett Temple,SG,23,HOU,9,118,.448,13.3,,.586,.345,.103,.000,.138,.414,,.588,.800,.667,,.000,.250,,.200,1.000,,.034,1,,.583,.429,,0,0,templga01
383,Garrett Temple,SG,23,SAC,5,23,.375,18.9,,.750,.250,.000,.125,.375,.250,,.500,1.000,,1.000,.000,.000,,.333,,,.000,0,,.500,.000,,1,0,templga01
383,Garrett Temple,SG,23,SAS,13,193,.438,14.4,,.641,.266,.063,.047,.266,.359,,.439,.647,.500,.667,.176,.435,,.222,1.000,,.016,1,,.739,.529,,0,0,templga01
384,Jason Terry,SG,32,DAL,77,2540,.438,16.5,,.642,.148,.100,.129,.265,.358,,.479,.597,.423,.410,.467,.365,,.503,.882,,.008,8,,.273,.451,,2,0,terryja01
385,Hasheem Thabeet,C,22,MEM,68,883,.588,2.4,,1.000,.771,.107,.099,.023,.000,,.588,.653,.286,.462,.333,,,.584,,,.244,29,,,,,0,0,thabeha01
386,Etan Thomas,C,31,OKC,23,321,.456,4.5,,1.000,.485,.338,.162,.015,.000,,.456,.606,.391,.091,1.000,,,.645,,,.103,5,,,,,0,0,thomaet01
387,Kenny Thomas,PF,32,SAC,26,313,.486,2.8,,1.000,.629,.286,.057,.029,.000,,.486,.591,.300,.500,.000,,,.706,,,.000,0,,,,,0,0,thomake01
388,Kurt Thomas,C,37,MIL,70,1049,.476,12.1,,1.000,.212,.115,.216,.457,.000,,.476,.523,.500,.467,.453,,,.879,,,.000,0,,,,,0,0,thomaku01
389,Tim Thomas,SF,32,DAL,18,285,.462,15.3,,.594,.226,.085,.113,.170,.406,,.524,.750,.556,.250,.389,.372,,.697,1.000,,.038,3,,.279,.500,,0,0,thomati01
390,Tyrus Thomas,PF-C,23,TOT,54,1220,.462,8.2,,.993,.433,.140,.136,.283,.007,,.465,.560,.271,.404,.445,.000,,.665,,,.136,51,,.333,.000,,0,0,thomaty01
390,Tyrus Thomas,PF,23,CHI,29,678,.483,8.3,,.995,.444,.146,.093,.312,.005,,.485,.582,.300,.368,.469,.000,,.727,,,.137,26,,.000,,,0,0,thomaty01
390,Tyrus Thomas,C,23,CHA,25,542,.442,8.2,,.991,.423,.135,.177,.256,.009,,.446,.538,.241,.421,.418,.000,,.600,,,.135,25,,.500,.000,,0,0,thomaty01
391,Jason Thompson,C,23,SAC,75,2357,.472,8.5,,.987,.344,.270,.112,.260,.013,,.477,.615,.415,.386,.397,.100,,.661,1.000,,.056,40,,.100,1.000,,2,0,thompja02
392,Al Thornton,SF,26,TOT,75,2079,.473,10.3,,.954,.374,.095,.161,.324,.046,,.479,.652,.375,.349,.374,.355,,.621,.636,,.056,35,,.065,.500,,1,0,thornal01
392,Al Thornton,SF,26,LAC,51,1405,.478,9.7,,.970,.396,.098,.163,.313,.030,,.482,.648,.444,.333,.361,.357,,.637,1.000,,.061,25,,.143,.500,,1,0,thornal01
392,Al Thornton,SF,26,WAS,24,674,.463,11.6,,.921,.329,.088,.157,.347,.079,,.472,.662,.211,.382,.400,.353,,.585,.333,,.046,10,,.000,,,0,0,thornal01
393,Marcus Thornton,SG,22,NOH,73,1872,.451,13.4,,.646,.361,.061,.074,.149,.354,,.493,.592,.463,.338,.341,.374,,.548,.846,,.022,16,,.173,.537,,3,0,thornma01
394,Jamaal Tinsley,PG,31,MEM,38,589,.371,14.0,,.721,.186,.214,.229,.093,.279,,.446,.692,.433,.281,.385,.179,,.289,1.000,,.000,0,,.128,.200,,1,0,tinslja01
395,Anthony Tolliver,PF,24,TOT,46,1427,.430,15.0,,.661,.254,.089,.067,.252,.339,,.481,.667,.425,.200,.389,.329,,.797,1.000,,.060,26,,.296,.356,,0,0,tollian01
395,Anthony Tolliver,PF,24,POR,2,4,.000,24.3,,.000,.000,.000,.000,.000,1.000,,,,,,,.000,,,,,.000,0,,.000,,,0,0,tollian01
395,Anthony Tolliver,PF,24,GSW,44,1423,.431,15.0,,.663,.254,.089,.067,.252,.337,,.481,.667,.425,.200,.389,.331,,.797,1.000,,.060,26,,.298,.356,,0,0,tollian01
396,Alando Tucker,SF,25,TOT,15,96,.436,9.3,,.821,.462,.128,.051,.179,.179,,.500,.611,.400,.000,.429,.143,,.438,1.000,,.051,0,,.429,.000,,0,0,tuckeal02
396,Alando Tucker,SF,25,PHO,11,71,.433,9.5,,.767,.467,.100,.067,.133,.233,,.522,.571,.667,.000,.500,.143,,.333,1.000,,.067,0,,.429,.000,,0,0,tuckeal02
396,Alando Tucker,SF,25,MIN,4,25,.444,8.6,,1.000,.444,.222,.000,.333,.000,,.444,.750,.000,,.333,,,.750,,,.000,0,,,,,0,0,tuckeal02
397,Ronny Turiaf,C,27,GSW,42,872,.582,5.9,,.993,.582,.144,.103,.164,.007,,.586,.800,.381,.200,.250,.000,,.753,,,.212,31,,.000,,,0,0,turiaro01
398,Hedo Türkoğlu,SF,30,TOR,74,2272,.409,16.6,,.571,.231,.062,.091,.187,.429,,.436,.532,.452,.344,.357,.374,,.310,.787,,.025,14,,.104,.467,,7,0,turkohe01
399,Ime Udoka,SG,32,SAC,69,944,.378,14.6,,.622,.245,.095,.091,.191,.378,,.433,.542,.435,.500,.261,.286,,.462,.962,,.008,2,,.659,.333,,0,0,udokaim01
400,Beno Udrih,PG,27,SAC,79,2477,.493,14.7,,.763,.208,.067,.212,.277,.237,,.530,.709,.464,.506,.429,.377,,.335,.787,,.000,0,,.307,.459,,6,0,udrihbe01
401,Roko Ukić,PG,25,MIL,13,97,.467,14.2,,.600,.267,.133,.167,.033,.400,,.611,.625,.750,.600,.000,.250,,.273,1.000,,.000,0,,.250,.333,,0,0,ukicro01
402,Anderson Varejão,PF,27,CLE,76,2166,.572,4.8,,.989,.645,.176,.079,.090,.011,,.576,.691,.439,.135,.405,.200,,.763,1.000,,.101,43,,.000,,,1,0,varejan01
403,Charlie Villanueva,PF,25,DET,78,1848,.439,14.3,,.659,.212,.162,.164,.121,.341,,.484,.640,.440,.412,.370,.351,,.519,.960,,.042,32,,.241,.324,,2,0,villach01
404,Sasha Vujačić,SG,25,LAL,67,575,.402,19.9,,.506,.104,.012,.061,.329,.494,,.494,.588,.000,.700,.444,.309,,.561,.880,,.006,1,,.247,.350,,0,0,vujacsa01
405,Dwyane Wade*,SG,28,MIA,77,2792,.476,11.2,,.839,.366,.106,.124,.244,.161,,.509,.682,.450,.353,.356,.300,,.279,.260,,.081,115,,.099,.208,,4,0,wadedw01
406,Henry Walker,SG-SF,22,TOT,35,768,.517,14.7,,.500,.341,.073,.009,.078,.500,,.603,.684,.353,.500,.500,.431,,.671,.960,,.138,29,,.250,.448,,0,0,walkebi01
406,Henry Walker,SF,22,BOS,8,29,.500,5.1,,1.000,.500,.333,.000,.167,.000,,.500,.667,.000,,1.000,,,.667,,,.167,1,,,,,0,0,walkebi01
406,Henry Walker,SG,22,NYK,27,739,.518,15.0,,.487,.336,.066,.009,.075,.513,,.609,.684,.400,.500,.471,.431,,.672,.960,,.137,28,,.250,.448,,0,0,walkebi01
407,Ben Wallace*,C,35,DET,69,1975,.541,2.1,,.993,.812,.110,.034,.038,.007,,.545,.608,.281,.100,.364,.000,,.595,,,.202,50,,.000,,,0,0,wallabe01
408,Gerald Wallace,SF,27,CHA,76,3119,.484,7.9,,.852,.572,.077,.025,.177,.148,,.503,.590,.356,.292,.317,.371,,.567,.981,,.074,57,,.664,.398,,0,0,wallage01
409,Rasheed Wallace,C,35,BOS,79,1780,.409,16.3,,.554,.148,.162,.163,.082,.446,,.511,.583,.505,.500,.415,.283,,.527,.988,,.031,15,,.117,.294,,3,0,wallara01
410,Luke Walton,SF,29,LAL,29,272,.357,12.6,,.798,.179,.238,.226,.155,.202,,.343,.400,.350,.316,.308,.412,,.391,.857,,.000,0,,.471,.500,,0,0,waltolu01
411,Hakim Warrick,PF,27,TOT,76,1557,.482,8.2,,.987,.451,.102,.167,.267,.013,,.486,.617,.393,.370,.374,.143,,.621,1.000,,.169,88,,.286,.500,,0,0,warriha01
411,Hakim Warrick,PF,27,MIL,48,1024,.481,8.5,,.984,.442,.103,.161,.278,.016,,.487,.617,.410,.344,.390,.167,,.624,1.000,,.164,59,,.333,.500,,0,0,warriha01
411,Hakim Warrick,PF,27,CHI,28,533,.483,7.8,,.994,.471,.099,.180,.244,.006,,.485,.617,.353,.419,.333,.000,,.614,,,.180,29,,.000,,,0,0,warriha01
412,C.J. Watson,PG,25,GSW,65,1788,.468,15.1,,.725,.231,.078,.089,.328,.275,,.527,.689,.390,.468,.462,.310,,.455,.933,,.004,2,,.400,.293,,1,0,watsocj01
413,Earl Watson,PG,30,IND,79,2322,.426,13.3,,.649,.309,.160,.063,.116,.351,,.500,.611,.464,.333,.344,.288,,.271,.868,,.002,1,,.217,.250,,2,0,watsoea01
414,Kyle Weaver,SG,23,OKC,12,144,.364,19.8,,.424,.091,.030,.030,.273,.576,,.357,1.000,.000,.000,.222,.368,,.600,.857,,.000,0,,.368,.143,,0,0,weaveky01
415,Martell Webster,SF,23,POR,82,2005,.405,16.9,,.480,.236,.034,.033,.177,.520,,.440,.570,.227,.333,.327,.373,,.704,.976,,.070,37,,.416,.391,,1,0,webstma02
416,Sonny Weems,SG,23,TOR,69,1368,.515,11.7,,.967,.297,.129,.144,.397,.033,,.528,.669,.508,.394,.478,.133,,.654,.500,,.096,39,,.133,.000,,2,0,weemsso01
417,David West,PF,29,NOH,81,2949,.505,9.1,,.978,.351,.174,.219,.234,.022,,.510,.614,.465,.431,.463,.259,,.565,1.000,,.019,21,,.296,.250,,0,0,westda01
418,Delonte West,SG,26,CLE,60,1500,.445,11.4,,.823,.321,.126,.211,.165,.177,,.471,.550,.418,.391,.458,.325,,.331,.800,,.032,13,,.351,.296,,1,0,westde01
419,Mario West,SG,25,ATL,39,142,.571,4.2,,.952,.762,.095,.000,.095,.048,,.600,.625,1.000,,.000,.000,,.500,,,.286,6,,.000,,,0,0,westma02
420,Russell Westbrook,PG,21,OKC,82,2813,.418,9.5,,.910,.393,.125,.172,.220,.090,,.438,.533,.359,.340,.388,.221,,.177,.696,,.030,26,,.183,.158,,1,0,westbru01
421,D.J. White,PF,23,OKC,12,102,.610,11.3,,1.000,.268,.049,.317,.366,.000,,.610,.545,.500,.846,.467,,,.640,,,.073,2,,,,,0,0,whitedj01
422,Chris Wilcox,PF,27,DET,34,441,.525,4.7,,1.000,.575,.183,.167,.075,.000,,.525,.681,.364,.350,.111,,,.651,,,.200,21,,,,,0,0,wilcoch01
423,Damien Wilkins,SF,30,MIN,80,1585,.433,12.2,,.840,.302,.123,.160,.255,.160,,.459,.635,.319,.393,.361,.295,,.537,.722,,.052,18,,.426,.192,,3,1,wilkida02
424,Mike Wilks,PG,30,OKC,4,59,.500,16.8,,.750,.083,.083,.250,.333,.250,,.444,1.000,1.000,.333,.250,.667,,.250,1.000,,.000,0,,.667,.500,,0,0,wilksmi01
425,Deron Williams,PG,25,UTA,76,2802,.469,13.0,,.754,.303,.111,.082,.258,.246,,.501,.599,.487,.360,.438,.371,,.455,.521,,.017,15,,.066,.471,,0,0,willide01
426,Jason Williams,PG,34,ORL,82,1703,.444,18.7,,.481,.192,.026,.052,.211,.519,,.512,.610,.545,.455,.433,.380,,.124,.631,,.000,0,,.176,.538,,6,0,willija02
427,Jawad Williams,PG,26,CLE,54,742,.393,16.4,,.549,.204,.068,.117,.160,.451,,.451,.524,.286,.500,.394,.323,,.588,.867,,.019,3,,.301,.393,,0,0,willija04
428,Lou Williams,PG,23,PHI,64,1912,.470,12.5,,.696,.362,.100,.081,.152,.304,,.527,.629,.441,.345,.437,.340,,.335,.886,,.024,16,,.257,.377,,3,0,willilo02
429,Marcus Williams,PG,24,MEM,62,872,.384,15.8,,.701,.207,.125,.118,.251,.299,,.421,.518,.441,.281,.397,.296,,.238,.792,,.004,1,,.148,.500,,7,1,willima03
430,Marvin Williams,SF,23,ATL,81,2468,.455,11.8,,.801,.336,.149,.059,.258,.199,,.492,.677,.333,.410,.363,.303,,.569,.975,,.089,54,,.576,.355,,2,0,willima02
431,Mo Williams,PG,27,CLE,69,2359,.442,18.2,,.566,.117,.071,.095,.283,.434,,.452,.520,.475,.506,.401,.429,,.260,.748,,.001,0,,.291,.481,,3,1,willima01
432,Reggie Williams,SF,23,GSW,24,782,.495,13.7,,.675,.322,.110,.074,.170,.325,,.560,.714,.323,.429,.479,.359,,.402,.879,,.042,12,,.120,.545,,2,0,willire02
433,Sean Williams,PF,23,NJN,20,227,.429,6.6,,.980,.449,.224,.204,.102,.020,,.438,.636,.364,.200,.200,.000,,.571,,,.143,7,,.000,,,0,0,willise01
434,Shelden Williams,PF,26,BOS,54,597,.521,5.4,,.992,.612,.132,.132,.116,.008,,.525,.608,.375,.500,.286,.000,,.762,,,.116,11,,.000,,,0,0,willish02
435,Terrence Williams,SF,22,NJN,78,1764,.401,10.9,,.846,.366,.135,.132,.215,.154,,.417,.555,.477,.267,.236,.310,,.326,.871,,.077,43,,.270,.519,,6,2,willite01
436,Metta World Peace,SF,30,LAL,77,2605,.414,14.4,,.600,.335,.053,.043,.169,.400,,.453,.508,.308,.531,.368,.355,,.557,.857,,.019,10,,.331,.388,,2,0,artesro01
437,Antoine Wright,SF,25,TOR,67,1392,.406,16.1,,.566,.248,.083,.058,.178,.434,,.460,.566,.242,.348,.451,.335,,.365,.897,,.020,5,,.491,.424,,5,1,wrighan01
438,Dorell Wright,SF,24,MIA,72,1496,.463,15.3,,.625,.248,.055,.064,.258,.375,,.508,.731,.435,.407,.333,.389,,.571,.984,,.086,33,,.618,.412,,1,0,wrighdo01
439,Julian Wright,SF,22,NOH,68,871,.500,6.9,,.974,.526,.134,.116,.198,.026,,.504,.680,.387,.259,.261,.333,,.623,1.000,,.138,29,,.167,1.000,,0,0,wrighju01
440,Nick Young,SG,24,WAS,74,1421,.418,16.2,,.695,.149,.084,.145,.317,.305,,.423,.554,.277,.358,.429,.406,,.512,.942,,.014,6,,.365,.435,,1,0,youngni01
441,Sam Young,SF,24,MEM,80,1321,.451,9.1,,.887,.441,.151,.072,.223,.113,,.483,.598,.387,.333,.369,.196,,.390,.818,,.080,32,,.321,.222,,0,0,youngsa01
442,Thaddeus Young,PF,21,PHI,67,2145,.470,8.7,,.830,.456,.181,.075,.118,.170,,.495,.623,.388,.262,.313,.348,,.494,.938,,.055,44,,.362,.320,,1,0,youngth01