,,,,,,,,,,% of FGA by Distance,% of FGA by Distance,% of FGA by Distance,% of FGA by Distance,% of FGA by Distance,% of FGA by Distance,,FG% by Distance,FG% by Distance,FG% by Distance,FG% by Distance,FG% by Distance,FG% by Distance,,% of FG Ast'd,% of FG Ast'd,,Dunks,Dunks,,Corner 3s,Corner 3s,,Heaves,Heaves,-additional
Rk,Player,Pos,Age,Tm,G,MP,FG%,Dist.,,2P,0-3,3-10,10-16,16-3P,3P,,2P,0-3,3-10,10-16,16-3P,3P,,2P,3P,,%FGA,#,,%3PA,3P%,,Att.,#,-9999
1,Jeff Adrien,PF,24,GSW,23,196,.426,4.3,,1.000,.574,.315,.093,.019,.000,,.426,.581,.235,.000,1.000,,,.696,,,.093,5,,,,,0,0,adrieje01
2,Arron Afflalo,SG,25,DEN,69,2324,.498,14.8,,.604,.241,.132,.077,.155,.396,,.546,.662,.518,.500,.412,.423,,.565,1.000,,.002,1,,.581,.451,,1,0,afflaar01
3,Maurice Ager,SG,26,MIN,4,29,.545,16.4,,.636,.182,.273,.000,.182,.364,,.429,1.000,.000,,.500,.750,,.000,.333,,.000,0,,.000,,,1,1,agerma01
4,Alexis Ajinça,C,22,TOT,34,340,.444,15.5,,.744,.233,.068,.068,.376,.256,,.475,.677,.556,.222,.380,.353,,.660,1.000,,.090,9,,.059,1.000,,0,0,ajincal01
4,Alexis Ajinça,C,22,DAL,10,75,.375,14.8,,.781,.125,.125,.219,.313,.219,,.360,.500,.500,.286,.300,.429,,.556,1.000,,.031,0,,.286,1.000,,0,0,ajincal01
4,Alexis Ajinça,C,22,TOR,24,265,.465,15.7,,.733,.267,.050,.020,.396,.267,,.514,.704,.600,.000,.400,.333,,.684,1.000,,.109,9,,.000,,,0,0,ajincal01
5,Solomon Alabi,C,22,TOR,12,59,.200,9.0,,1.000,.133,.400,.333,.133,.000,,.200,1.000,.167,.000,.000,,,.000,,,.133,2,,,,,0,0,alabiso01
6,Cole Aldrich,C,22,OKC,18,142,.533,3.8,,1.000,.400,.600,.000,.000,.000,,.533,1.000,.222,,,,,.375,,,.333,5,,,,,0,0,aldrico01
7,LaMarcus Aldridge,PF,25,POR,81,3211,.500,9.3,,.984,.320,.271,.155,.238,.016,,.505,.704,.397,.402,.427,.174,,.546,.750,,.117,148,,.217,.000,,4,0,aldrila01
8,Malik Allen,PF,32,ORL,18,178,.355,12.3,,1.000,.226,.097,.194,.484,.000,,.355,.714,.333,.333,.200,,,.636,,,.000,0,,,,,0,0,allenma01
9,Ray Allen*,SG,35,BOS,80,2890,.491,16.3,,.613,.173,.085,.121,.235,.387,,.520,.651,.482,.458,.470,.444,,.622,.958,,.015,14,,.392,.514,,0,0,allenra02
10,Tony Allen,SG,29,MEM,72,1494,.510,6.4,,.953,.545,.234,.049,.126,.047,,.527,.672,.357,.292,.306,.174,,.575,1.000,,.079,36,,.565,.231,,1,0,allento01
11,Al-Farouq Aminu,SF,20,LAC,81,1452,.394,13.0,,.648,.315,.175,.037,.121,.352,,.437,.578,.423,.067,.204,.315,,.443,.978,,.081,27,,.385,.291,,1,0,aminual01
12,Lou Amundson,PF,28,GSW,46,691,.454,4.3,,1.000,.617,.230,.087,.066,.000,,.454,.575,.190,.313,.417,,,.566,,,.082,15,,,,,0,0,amundlo01
13,Chris Andersen,C,32,DEN,45,732,.599,4.2,,.993,.774,.088,.073,.058,.007,,.603,.670,.333,.100,.750,.000,,.732,,,.270,33,,.000,,,1,0,anderch01
14,David Andersen,PF,30,TOT,40,373,.463,16.3,,.810,.099,.116,.099,.496,.190,,.490,.500,.286,.667,.500,.348,,.750,1.000,,.008,1,,.000,,,0,0,anderda03
14,David Andersen,PF,30,TOR,11,150,.489,16.4,,.787,.106,.106,.128,.447,.213,,.541,.400,.200,.667,.619,.300,,.700,1.000,,.021,1,,.000,,,0,0,anderda03
14,David Andersen,PF,30,NOH,29,223,.446,16.3,,.824,.095,.122,.081,.527,.176,,.459,.571,.333,.667,.436,.385,,.786,1.000,,.000,0,,.000,,,0,0,anderda03
15,James Anderson,SF,21,SAS,26,286,.383,17.9,,.432,.198,.049,.062,.123,.568,,.371,.313,.250,.400,.500,.391,,.692,.944,,.025,2,,.370,.529,,0,0,anderja01
16,Ryan Anderson,PF,22,ORL,64,1424,.430,17.9,,.350,.242,.059,.010,.040,.650,,.500,.606,.258,.200,.286,.393,,.424,.985,,.046,21,,.246,.286,,1,0,anderry01
17,Carmelo Anthony,SF,26,TOT,77,2751,.455,12.4,,.833,.321,.101,.124,.286,.167,,.470,.594,.309,.353,.440,.378,,.418,.842,,.037,53,,.171,.372,,2,0,anthoca01
17,Carmelo Anthony,SF,26,DEN,50,1774,.452,11.7,,.870,.353,.098,.116,.303,.130,,.470,.566,.326,.366,.444,.333,,.441,.929,,.044,41,,.167,.333,,1,0,anthoca01
17,Carmelo Anthony,SF,26,NYK,27,977,.461,13.8,,.767,.265,.106,.140,.256,.233,,.472,.662,.281,.333,.431,.424,,.371,.774,,.022,12,,.176,.409,,1,0,anthoca01
18,Joel Anthony,C,28,MIA,75,1463,.535,4.5,,1.000,.495,.404,.091,.010,.000,,.535,.653,.400,.556,.000,,,.660,,,.172,14,,,,,0,0,anthojo01
19,Gilbert Arenas,PG,29,TOT,70,1796,.366,18.3,,.554,.123,.109,.080,.243,.446,,.423,.533,.350,.458,.388,.297,,.227,.742,,.000,0,,.083,.259,,4,0,arenagi01
19,Gilbert Arenas,PG,29,WAS,21,726,.394,18.7,,.561,.097,.094,.076,.294,.439,,.449,.656,.258,.480,.433,.324,,.301,.809,,.000,0,,.062,.222,,1,0,arenagi01
19,Gilbert Arenas,PG,29,ORL,49,1070,.344,18.0,,.550,.144,.121,.084,.200,.450,,.401,.466,.408,.441,.333,.275,,.157,.680,,.000,0,,.099,.278,,3,0,arenagi01
20,Trevor Ariza,SF,25,NOH,75,2600,.398,13.5,,.644,.286,.165,.064,.129,.356,,.450,.674,.246,.204,.337,.303,,.557,.963,,.064,47,,.384,.337,,2,0,arizatr01
21,Hilton Armstrong,C,26,TOT,53,488,.487,8.6,,.947,.382,.250,.171,.145,.053,,.486,.621,.421,.231,.545,.500,,.514,.000,,.145,10,,.000,,,0,0,armsthi01
21,Hilton Armstrong,C,26,WAS,41,412,.484,8.2,,.953,.391,.266,.188,.109,.047,,.492,.640,.471,.250,.429,.333,,.567,.000,,.156,9,,.000,,,0,0,armsthi01
21,Hilton Armstrong,C,26,ATL,12,76,.500,10.6,,.917,.333,.167,.083,.333,.083,,.455,.500,.000,.000,.750,1.000,,.200,.000,,.083,1,,.000,,,0,0,armsthi01
22,Carlos Arroyo,PG,31,TOT,64,1185,.440,18.4,,.747,.051,.044,.103,.549,.253,,.436,.500,.417,.393,.440,.449,,.629,.935,,.000,0,,.768,.491,,0,0,arroyca01
22,Carlos Arroyo,PG,31,MIA,49,995,.458,18.7,,.731,.042,.046,.092,.550,.269,,.466,.500,.455,.409,.473,.438,,.642,.964,,.000,0,,.797,.490,,0,0,arroyca01
22,Carlos Arroyo,PG,31,BOS,15,190,.314,16.4,,.857,.114,.029,.171,.543,.143,,.267,.500,.000,.333,.211,.600,,.500,.667,,.000,0,,.400,.500,,0,0,arroyca01
23,Darrell Arthur,PF,22,MEM,80,1609,.497,10.7,,.990,.292,.196,.125,.378,.010,,.502,.687,.434,.474,.403,.000,,.742,,,.085,49,,.333,.000,,0,0,arthuda01
24,Ömer Aşık,C,24,CHI,82,989,.553,2.0,,1.000,.872,.121,.007,.000,.000,,.553,.593,.235,1.000,,,,.590,,,.376,51,,,,,0,0,asikom01
25,D.J. Augustin,PG,23,CHA,82,2757,.416,14.3,,.652,.312,.109,.045,.187,.348,,.461,.545,.279,.372,.447,.333,,.236,.676,,.000,0,,.120,.375,,7,0,augusdj01
26,Luke Babbitt,SF,21,POR,24,137,.273,12.8,,.709,.273,.236,.036,.164,.291,,.308,.467,.308,.000,.111,.188,,.500,1.000,,.000,0,,.188,.333,,0,0,babbilu01
27,Renaldo Balkman,SF,26,TOT,8,62,.462,8.4,,.846,.615,.000,.154,.077,.154,,.455,.625,,.000,.000,.500,,1.000,1.000,,.308,4,,1.000,.500,,0,0,balkmre01
27,Renaldo Balkman,SF,26,DEN,5,44,.556,4.3,,1.000,.778,.000,.222,.000,.000,,.556,.714,,.000,,,,1.000,,,.444,4,,,,,0,0,balkmre01
27,Renaldo Balkman,SF,26,NYK,3,18,.250,17.7,,.500,.250,.000,.000,.250,.500,,.000,.000,,,.000,.500,,,1.000,,.000,0,,1.000,.500,,0,0,balkmre01
28,Marcus Banks,PG,29,TOR,3,22,.000,6.7,,1.000,.000,1.000,.000,.000,.000,,.000,,.000,,,,,,,,.000,0,,,,,0,0,banksma01
29,Leandro Barbosa,SG,28,TOR,58,1395,.450,13.0,,.674,.381,.103,.031,.159,.326,,.505,.627,.313,.450,.346,.338,,.369,.861,,.002,1,,.394,.333,,2,0,barbole01
30,J.J. Barea,PG,26,DAL,81,1669,.439,12.4,,.709,.308,.197,.089,.114,.291,,.476,.630,.344,.379,.365,.349,,.119,.591,,.000,0,,.116,.364,,1,0,bareajo01
31,Andrea Bargnani,C,25,TOR,66,2353,.448,13.9,,.810,.178,.188,.180,.264,.190,,.472,.584,.432,.464,.429,.345,,.589,.909,,.024,25,,.013,.667,,3,0,bargnan01
32,Matt Barnes,SF,30,LAL,53,1020,.470,12.7,,.616,.387,.151,.018,.061,.384,,.564,.676,.381,.200,.412,.318,,.722,.853,,.043,10,,.439,.383,,2,0,barnema02
33,Earl Barron,C,29,TOT,21,305,.323,9.7,,1.000,.333,.182,.182,.303,.000,,.323,.485,.111,.333,.267,,,.688,,,.030,3,,,,,0,0,barroea01
33,Earl Barron,C,29,PHO,12,183,.235,8.7,,1.000,.314,.294,.157,.235,.000,,.235,.500,.000,.500,.000,,,.667,,,.039,2,,,,,0,0,barroea01
33,Earl Barron,C,29,MIL,7,85,.459,10.7,,1.000,.378,.027,.243,.351,.000,,.459,.500,1.000,.222,.538,,,.706,,,.027,1,,,,,0,0,barroea01
33,Earl Barron,C,29,POR,2,37,.273,10.6,,1.000,.273,.182,.091,.455,.000,,.273,.333,.500,.000,.200,,,.667,,,.000,0,,,,,0,0,barroea01
34,Brandon Bass,PF,25,ORL,76,1980,.515,10.4,,.997,.298,.132,.236,.332,.003,,.516,.682,.388,.421,.486,.000,,.657,,,.138,81,,.000,,,0,0,bassbr01
35,Tony Battie,C,34,PHI,38,377,.469,12.4,,.969,.198,.125,.240,.406,.031,,.462,.789,.500,.435,.308,.667,,.767,1.000,,.073,7,,.333,1.000,,0,0,battito01
36,Shane Battier,SF,32,TOT,82,2375,.450,15.7,,.475,.183,.232,.029,.031,.525,,.525,.624,.475,.333,.500,.382,,.583,.961,,.002,0,,.509,.426,,1,0,battish01
36,Shane Battier,SF,32,HOU,59,1818,.456,16.4,,.449,.167,.213,.034,.034,.551,,.536,.647,.471,.357,.571,.391,,.622,.966,,.000,0,,.484,.431,,1,0,battish01
36,Shane Battier,SF,32,MEM,23,557,.426,12.8,,.584,.248,.307,.010,.020,.416,,.492,.560,.484,.000,.000,.333,,.448,.929,,.010,0,,.643,.407,,0,0,battish01
37,Nicolas Batum,SF,22,POR,80,2522,.455,15.2,,.576,.286,.077,.051,.162,.424,,.535,.680,.419,.317,.405,.345,,.735,.983,,.072,53,,.415,.394,,5,0,batumni01
38,Jerryd Bayless,PG,22,TOT,71,1496,.422,13.7,,.718,.306,.110,.060,.242,.282,,.456,.570,.351,.290,.400,.336,,.254,.857,,.002,1,,.308,.378,,0,0,bayleje01
38,Jerryd Bayless,PG,22,NOH,11,149,.347,13.5,,.714,.204,.224,.143,.143,.286,,.400,.600,.182,.286,.571,.214,,.286,.333,,.000,0,,.214,.000,,0,0,bayleje01
38,Jerryd Bayless,PG,22,TOR,60,1347,.429,13.8,,.718,.316,.098,.051,.252,.282,,.461,.568,.391,.292,.390,.348,,.252,.891,,.002,1,,.318,.405,,0,0,bayleje01
39,Michael Beasley,SF,22,MIN,73,2361,.450,12.6,,.868,.193,.230,.176,.270,.132,,.463,.658,.413,.397,.409,.366,,.425,.683,,.030,33,,.140,.348,,0,0,beaslmi01
40,Rodrigue Beaubois,PG,22,DAL,28,496,.422,14.3,,.628,.296,.130,.063,.139,.372,,.493,.667,.345,.357,.323,.301,,.406,.800,,.013,3,,.181,.600,,1,0,beaubro01
41,Marco Belinelli,SG,24,NOH,80,1957,.437,18.3,,.531,.132,.068,.072,.259,.469,,.458,.604,.298,.400,.441,.414,,.756,.955,,.010,7,,.346,.411,,2,2,belinma01
42,Charlie Bell,SG,31,GSW,19,171,.279,19.7,,.512,.070,.093,.070,.279,.488,,.273,.333,.250,.000,.333,.286,,.833,1.000,,.000,0,,.524,.364,,1,0,bellch01
43,Raja Bell,SG,34,UTA,68,2097,.409,19.2,,.587,.084,.041,.062,.400,.413,,.449,.795,.263,.414,.401,.352,,.821,.985,,.002,1,,.358,.391,,0,0,bellra01
44,Mike Bibby,PG,32,TOT,80,2285,.431,20.9,,.396,.063,.028,.036,.269,.604,,.417,.722,.375,.381,.355,.440,,.526,.967,,.000,0,,.282,.459,,0,0,bibbymi01
44,Mike Bibby,PG,32,ATL,56,1674,.435,20.6,,.420,.068,.034,.039,.279,.580,,.427,.733,.400,.353,.366,.441,,.506,.965,,.000,0,,.266,.426,,0,0,bibbymi01
44,Mike Bibby,PG,32,WAS,2,29,.111,21.4,,.556,.000,.000,.000,.556,.444,,.200,,,,.200,.000,,.000,,,.000,0,,.250,.000,,0,0,bibbymi01
44,Mike Bibby,PG,32,MIA,22,582,.437,21.9,,.302,.048,.008,.032,.214,.698,,.395,.667,.000,.500,.333,.455,,.667,.975,,.000,0,,.330,.552,,0,0,bibbymi01
45,Andris Biedriņš,C,24,GSW,59,1397,.534,3.7,,1.000,.538,.447,.015,.000,.000,,.534,.643,.412,.250,,,,.676,,,.113,29,,,,,0,0,biedran01
46,Chauncey Billups,PG,34,TOT,72,2310,.427,18.0,,.543,.151,.072,.089,.230,.457,,.448,.575,.439,.451,.366,.402,,.212,.507,,.000,0,,.121,.341,,1,0,billuch01
46,Chauncey Billups,PG,34,DEN,51,1646,.438,18.0,,.556,.140,.076,.080,.259,.444,,.436,.600,.415,.419,.360,.441,,.269,.543,,.000,0,,.122,.345,,1,0,billuch01
46,Chauncey Billups,PG,34,NYK,21,664,.403,17.8,,.516,.174,.062,.109,.171,.484,,.474,.533,.500,.500,.386,.328,,.095,.415,,.000,0,,.120,.333,,0,0,billuch01
47,DeJuan Blair,PF,21,SAS,81,1734,.501,4.4,,.997,.563,.326,.091,.017,.003,,.503,.622,.374,.264,.300,.000,,.692,,,.055,26,,.000,,,0,0,blairde01
48,Steve Blake,PG,30,LAL,79,1581,.359,21.9,,.369,.039,.078,.056,.196,.631,,.327,.583,.125,.353,.350,.378,,.595,.932,,.000,0,,.394,.461,,8,0,blakest01
49,Andray Blatche,PF,24,WAS,64,2172,.445,8.9,,.981,.354,.228,.170,.229,.019,,.449,.673,.280,.356,.342,.222,,.555,1.000,,.041,37,,.222,.000,,0,0,blatcan01
50,Eric Bledsoe,PG,21,LAC,81,1841,.424,11.9,,.761,.337,.198,.058,.169,.239,,.470,.610,.333,.393,.378,.276,,.253,.875,,.033,12,,.328,.237,,3,0,bledser01
51,Keith Bogans,SG,30,CHI,82,1461,.404,20.7,,.228,.114,.039,.007,.068,.772,,.486,.686,.333,.000,.286,.380,,.794,.989,,.000,0,,.506,.358,,0,0,boganke01
52,Andrew Bogut,C,26,MIL,65,2297,.495,4.8,,.995,.411,.512,.063,.008,.005,,.497,.656,.403,.298,.000,.000,,.482,,,.089,63,,.000,,,1,0,bogutan01
53,Matt Bonner,PF,30,SAS,66,1432,.464,19.3,,.380,.084,.116,.070,.111,.620,,.475,.710,.279,.462,.512,.457,,.582,1.000,,.008,3,,.243,.375,,0,0,bonnema01
54,Trevor Booker,PF,23,WAS,65,1063,.549,5.3,,.996,.569,.249,.055,.123,.004,,.552,.708,.476,.143,.161,.000,,.583,,,.206,46,,1.000,.000,,0,0,booketr01
55,Carlos Boozer,C,29,CHI,59,1882,.510,7.4,,1.000,.383,.269,.206,.142,.000,,.510,.673,.405,.448,.358,,,.647,,,.045,32,,,,,0,0,boozeca01
56,Chris Bosh*,PF,26,MIA,77,2795,.496,11.4,,.976,.225,.213,.189,.348,.024,,.502,.706,.431,.425,.457,.240,,.600,.833,,.054,51,,.120,.000,,0,0,boshch01
57,Earl Boykins,PG,34,MIL,57,862,.443,14.8,,.798,.108,.168,.259,.264,.202,,.459,.474,.492,.484,.409,.380,,.178,.852,,.000,0,,.183,.385,,1,0,boykiea01
58,Craig Brackins,PF,23,PHI,3,33,.250,15.9,,.688,.125,.250,.000,.313,.313,,.364,.500,.000,,.600,.000,,.750,,,.000,0,,.200,.000,,0,0,brackcr01
59,Avery Bradley,PG,20,BOS,31,162,.343,13.1,,.925,.313,.060,.075,.478,.075,,.371,.667,.250,.200,.219,.000,,.391,,,.060,4,,.200,.000,,0,0,bradlav01
60,Elton Brand,PF,31,PHI,81,2809,.512,9.7,,.999,.198,.269,.409,.123,.001,,.512,.660,.447,.509,.430,.000,,.663,,,.040,37,,.000,,,0,0,brandel01
61,Corey Brewer,SF-SG,24,TOT,69,1510,.395,12.5,,.770,.311,.182,.080,.197,.230,,.434,.599,.326,.333,.313,.268,,.632,1.000,,.076,30,,.375,.381,,8,0,breweco01
61,Corey Brewer,SF,24,MIN,56,1362,.384,12.7,,.773,.288,.201,.087,.197,.227,,.420,.611,.318,.342,.279,.263,,.634,1.000,,.069,25,,.364,.389,,7,0,breweco01
61,Corey Brewer,SG,24,DAL,13,148,.490,11.2,,.745,.510,.020,.020,.196,.255,,.553,.538,1.000,.000,.600,.308,,.619,1.000,,.137,5,,.462,.333,,1,0,breweco01
62,Ronnie Brewer,SG,25,CHI,81,1781,.480,10.7,,.937,.422,.082,.080,.354,.063,,.498,.667,.343,.382,.358,.222,,.724,1.000,,.101,40,,.370,.300,,3,0,brewero02
63,Jon Brockman,C,23,MIL,63,677,.511,3.8,,1.000,.660,.223,.085,.032,.000,,.511,.581,.333,.500,.333,,,.625,,,.053,5,,,,,0,0,brockjo01
64,Aaron Brooks,PG,26,TOT,59,1284,.375,16.4,,.598,.201,.135,.078,.184,.402,,.427,.576,.291,.457,.352,.297,,.140,.586,,.002,1,,.178,.405,,9,0,brookaa01
64,Aaron Brooks,PG,26,HOU,34,811,.346,16.5,,.563,.199,.137,.088,.140,.437,,.394,.532,.283,.382,.315,.284,,.140,.667,,.003,1,,.183,.419,,5,0,brookaa01
64,Aaron Brooks,PG,26,PHO,25,473,.430,16.2,,.665,.205,.130,.060,.270,.335,,.481,.659,.308,.667,.389,.328,,.141,.409,,.000,0,,.164,.364,,4,0,brookaa01
65,Derrick Brown,SF,23,TOT,49,576,.565,4.6,,.924,.733,.107,.023,.061,.076,,.570,.677,.214,.333,.000,.500,,.609,1.000,,.336,43,,.600,.833,,0,0,brownde04
65,Derrick Brown,SF,23,CHA,41,488,.549,4.3,,.947,.743,.115,.018,.071,.053,,.561,.679,.231,.000,.000,.333,,.600,1.000,,.327,36,,.333,1.000,,0,0,brownde04
65,Derrick Brown,SF,23,NYK,8,88,.667,6.9,,.778,.667,.056,.056,.000,.222,,.643,.667,.000,1.000,,.750,,.667,1.000,,.389,7,,1.000,.750,,0,0,brownde04
66,Kwame Brown,C,28,CHA,66,1714,.517,4.4,,1.000,.573,.280,.133,.013,.000,,.517,.637,.371,.340,.200,,,.742,,,.112,38,,,,,0,0,brownkw01
67,Shannon Brown,SG,25,LAL,82,1568,.425,16.0,,.670,.241,.084,.075,.271,.330,,.462,.671,.426,.333,.322,.349,,.618,.851,,.053,30,,.160,.529,,6,1,brownsh01
68,Kobe Bryant*,SG,32,LAL,82,2779,.451,14.5,,.783,.152,.190,.192,.249,.217,,.487,.639,.490,.519,.368,.323,,.325,.652,,.023,38,,.121,.326,,2,0,bryanko01
69,Chase Budinger,SF,22,HOU,78,1738,.425,15.0,,.582,.250,.125,.049,.159,.418,,.497,.665,.378,.281,.394,.325,,.742,.989,,.058,36,,.314,.384,,0,0,budinch01
70,Caron Butler,SF,30,DAL,29,867,.450,15.2,,.828,.172,.101,.159,.397,.172,,.454,.585,.342,.383,.453,.431,,.662,.929,,.019,7,,.385,.400,,3,0,butleca01
71,Rasual Butler,SG,31,TOT,47,770,.333,19.8,,.426,.076,.046,.072,.232,.574,,.327,.500,.182,.353,.291,.338,,.758,.957,,.004,1,,.500,.294,,0,0,butlera01
71,Rasual Butler,SG,31,LAC,41,744,.323,19.7,,.429,.080,.049,.071,.230,.571,,.320,.500,.182,.313,.288,.326,,.742,.952,,.004,1,,.481,.274,,0,0,butlera01
71,Rasual Butler,SG,31,CHI,6,26,.545,22.1,,.364,.000,.000,.091,.273,.636,,.500,,,1.000,.333,.571,,1.000,1.000,,.000,0,,.857,.500,,0,0,butlera01
72,Andrew Bynum,C,23,LAL,54,1500,.574,3.9,,1.000,.496,.446,.058,.000,.000,,.574,.746,.418,.292,,,,.574,,,.199,77,,,,,0,0,bynuman01
73,Will Bynum,PG,28,DET,61,1125,.448,10.1,,.877,.401,.155,.084,.236,.123,,.466,.595,.286,.294,.427,.320,,.163,1.000,,.010,3,,.400,.400,,3,0,bynumwi01
74,José Calderón,PG,29,TOR,68,2102,.440,16.1,,.738,.206,.039,.091,.403,.262,,.466,.610,.348,.426,.413,.365,,.185,.772,,.000,0,,.128,.300,,0,0,caldejo01
75,Marcus Camby,C,36,POR,59,1540,.398,7.4,,.997,.466,.197,.126,.207,.003,,.399,.518,.310,.216,.328,.000,,.624,,,.031,8,,.000,,,0,0,cambyma01
76,Derrick Caracter,C,22,LAL,41,215,.485,5.6,,1.000,.439,.364,.167,.030,.000,,.485,.621,.250,.636,.500,,,.531,,,.045,3,,,,,0,0,caracde01
77,Brian Cardinal,SF,33,DAL,56,618,.430,22.3,,.130,.050,.000,.020,.060,.870,,.077,.200,,.000,.000,.483,,1.000,1.000,,.000,0,,.609,.491,,0,0,cardibr01
78,Rodney Carney,SF,26,TOT,27,336,.418,15.4,,.655,.182,.164,.055,.255,.345,,.403,.550,.278,.333,.393,.447,,.621,1.000,,.055,5,,.526,.500,,0,0,carnero01
78,Rodney Carney,SF,26,GSW,25,331,.421,15.4,,.654,.187,.159,.056,.252,.346,,.400,.550,.235,.333,.407,.459,,.643,1.000,,.056,5,,.514,.526,,0,0,carnero01
78,Rodney Carney,SF,26,MEM,2,5,.333,14.9,,.667,.000,.333,.000,.333,.333,,.500,,1.000,,.000,.000,,.000,,,.000,0,,1.000,.000,,0,0,carnero01
79,DeMarre Carroll,PF,24,TOT,12,50,.333,8.2,,1.000,.333,.250,.083,.333,.000,,.333,.500,.333,1.000,.000,,,.750,,,.000,0,,,,,0,0,carrode01
79,DeMarre Carroll,PF,24,MEM,7,39,.444,8.3,,1.000,.333,.222,.111,.333,.000,,.444,.667,.500,1.000,.000,,,.750,,,.000,0,,,,,0,0,carrode01
79,DeMarre Carroll,PF,24,HOU,5,11,.000,7.8,,1.000,.333,.333,.000,.333,.000,,.000,.000,.000,,.000,,,,,,.000,0,,,,,0,0,carrode01
80,Matt Carroll,SG,30,CHA,54,582,.447,15.6,,.769,.236,.030,.035,.467,.231,,.471,.553,.167,.286,.462,.370,,.806,1.000,,.000,0,,.609,.393,,0,0,carroma01
81,Anthony Carter,PG,35,TOT,33,463,.425,16.2,,.623,.189,.170,.057,.208,.377,,.500,.800,.556,.000,.318,.300,,.485,.833,,.000,0,,.175,.286,,2,0,cartean01
81,Anthony Carter,PG,35,DEN,14,153,.333,19.1,,.600,.133,.100,.033,.333,.400,,.333,.750,.333,.000,.200,.333,,.667,1.000,,.000,0,,.250,.333,,1,0,cartean01
81,Anthony Carter,PG,35,NYK,19,310,.461,15.0,,.632,.211,.197,.066,.158,.368,,.563,.813,.600,.000,.417,.286,,.444,.750,,.000,0,,.143,.250,,1,0,cartean01
82,Vince Carter,SG,34,TOT,73,2051,.437,14.9,,.640,.227,.143,.101,.169,.360,,.479,.644,.433,.344,.377,.361,,.330,.922,,.045,36,,.302,.443,,3,0,cartevi01
82,Vince Carter,SG,34,ORL,22,664,.470,13.7,,.707,.278,.158,.105,.165,.293,,.521,.649,.476,.500,.364,.346,,.204,.852,,.041,10,,.295,.478,,1,0,cartevi01
82,Vince Carter,SG,34,PHO,51,1387,.422,15.5,,.611,.205,.136,.099,.171,.389,,.458,.641,.412,.274,.383,.366,,.400,.944,,.046,26,,.305,.432,,2,0,cartevi01
83,Omri Casspi,SF,22,SAC,71,1702,.412,15.9,,.548,.198,.159,.059,.132,.452,,.445,.685,.345,.188,.319,.372,,.714,.967,,.049,27,,.344,.459,,3,0,casspom01
84,Mario Chalmers,PG,24,MIA,70,1579,.399,18.9,,.405,.111,.108,.054,.131,.595,,.459,.581,.500,.238,.412,.359,,.444,.892,,.000,0,,.338,.372,,2,0,chalmma01
85,Tyson Chandler,C,28,DAL,74,2059,.654,3.8,,1.000,.727,.155,.025,.093,.000,,.654,.730,.429,.700,.421,,,.744,,,.337,129,,,,,0,0,chandty01
86,Wilson Chandler,SF,23,TOT,72,2401,.450,14.6,,.664,.215,.155,.105,.189,.336,,.501,.737,.345,.410,.411,.350,,.543,.964,,.055,48,,.366,.427,,1,0,chandwi01
86,Wilson Chandler,SF,23,NYK,51,1759,.461,14.3,,.656,.232,.171,.096,.157,.344,,.518,.764,.361,.412,.393,.351,,.545,.965,,.059,40,,.318,.436,,1,0,chandwi01
86,Wilson Chandler,SF,23,DEN,21,642,.419,15.6,,.689,.166,.108,.133,.282,.311,,.452,.625,.269,.406,.441,.347,,.533,.962,,.041,8,,.520,.410,,0,0,chandwi01
87,Josh Childress,SG,27,PHO,54,894,.565,4.5,,.925,.710,.192,.005,.019,.075,,.606,.678,.390,1.000,.000,.063,,.533,1.000,,.140,27,,.875,.071,,2,0,childjo01
88,Earl Clark,SF,23,TOT,42,464,.430,10.2,,.968,.392,.133,.076,.367,.032,,.444,.661,.095,.250,.379,.000,,.618,,,.108,16,,.200,.000,,0,0,clarkea01
88,Earl Clark,SF,23,PHO,9,72,.387,11.8,,1.000,.355,.065,.032,.548,.000,,.387,.455,.500,.000,.353,,,.667,,,.097,2,,,,,0,0,clarkea01
88,Earl Clark,SF,23,ORL,33,392,.441,9.8,,.961,.402,.150,.087,.323,.039,,.459,.706,.053,.273,.390,.000,,.607,,,.110,14,,.200,.000,,0,0,clarkea01
89,Jarron Collins,C,32,TOT,28,181,.286,8.8,,1.000,.333,.238,.143,.286,.000,,.286,.714,.000,.000,.167,,,.667,,,.000,0,,,,,0,0,collija03
89,Jarron Collins,C,32,LAC,23,157,.333,9.2,,1.000,.267,.267,.200,.267,.000,,.333,1.000,.000,.000,.250,,,.600,,,.000,0,,,,,0,0,collija03
89,Jarron Collins,C,32,POR,5,24,.167,7.6,,1.000,.500,.167,.000,.333,.000,,.167,.333,.000,,.000,,,1.000,,,.000,0,,,,,0,0,collija03
90,Jason Collins,C,32,ATL,49,593,.479,9.4,,.986,.380,.155,.085,.366,.014,,.471,.630,.273,.167,.462,1.000,,.848,1.000,,.099,6,,1.000,1.000,,0,0,collija04
91,Sherron Collins,PG,23,CHA,20,66,.280,17.4,,.600,.160,.120,.080,.240,.400,,.333,.750,.000,.500,.167,.200,,.000,1.000,,.000,0,,.000,,,0,0,collish01
92,Darren Collison,PG,23,IND,79,2360,.457,12.1,,.857,.249,.185,.179,.244,.143,,.479,.627,.435,.423,.401,.331,,.232,.683,,.006,5,,.194,.417,,2,0,collida01
93,Nick Collison,C,30,OKC,71,1524,.566,5.6,,1.000,.570,.223,.037,.169,.000,,.566,.710,.370,.333,.390,,,.715,,,.095,21,,,,,0,0,collini01
94,Mike Conley,PG,23,MEM,81,2872,.444,12.2,,.772,.292,.197,.086,.197,.228,,.466,.626,.346,.341,.404,.369,,.204,.938,,.003,3,,.217,.447,,1,0,conlemi01
95,Brian Cook,PF,30,LAC,40,447,.424,17.5,,.535,.159,.100,.100,.176,.465,,.418,.667,.294,.176,.400,.430,,.605,.941,,.029,5,,.089,.571,,0,0,cookbr01
96,Daequan Cook,SG,23,OKC,43,598,.436,23.2,,.149,.022,.017,.017,.094,.851,,.519,.500,.333,.667,.529,.422,,.643,.969,,.006,1,,.331,.451,,1,0,cookda02
97,Marcus Cousin,C,24,UTA,4,18,.667,12.9,,1.000,.000,.333,.333,.333,.000,,.667,,.000,1.000,1.000,,,1.000,,,.000,0,,,,,0,0,cousima01
98,DeMarcus Cousins,C,20,SAC,81,2309,.430,8.4,,.982,.304,.349,.116,.214,.018,,.435,.633,.323,.328,.395,.167,,.375,.667,,.061,54,,.167,.000,,1,0,couside01
99,Jamal Crawford,SG,30,ATL,76,2297,.421,17.2,,.601,.134,.125,.080,.262,.399,,.474,.615,.422,.400,.450,.341,,.273,.798,,.008,4,,.344,.408,,5,1,crawfja01
100,Jordan Crawford,SG,22,TOT,42,1027,.384,14.9,,.744,.172,.148,.156,.268,.256,,.427,.581,.351,.397,.388,.258,,.176,.788,,.022,11,,.352,.289,,1,0,crawfjo02
100,Jordan Crawford,SG,22,ATL,16,160,.351,15.6,,.649,.221,.091,.078,.260,.351,,.360,.353,.000,.167,.550,.333,,.278,.778,,.026,2,,.185,.400,,0,0,crawfjo02
100,Jordan Crawford,SG,22,WAS,26,867,.390,14.7,,.761,.163,.158,.170,.270,.239,,.438,.638,.388,.417,.360,.238,,.163,.792,,.021,9,,.396,.275,,1,0,crawfjo02
101,Dante Cunningham,PF,23,TOT,78,1637,.462,12.9,,.972,.225,.123,.142,.483,.028,,.473,.660,.345,.388,.443,.077,,.843,1.000,,.047,22,,.462,.167,,2,0,cunnida01
101,Dante Cunningham,PF,23,POR,56,1108,.433,12.3,,.986,.244,.131,.151,.460,.014,,.439,.620,.263,.386,.410,.000,,.857,,,.052,15,,.500,.000,,1,0,cunnida01
101,Dante Cunningham,PF,23,CHA,22,529,.508,13.9,,.950,.193,.110,.127,.519,.050,,.529,.743,.500,.391,.489,.111,,.824,1.000,,.039,7,,.444,.250,,1,0,cunnida01
102,Stephen Curry,PG,22,GSW,74,2489,.480,16.2,,.675,.169,.117,.109,.280,.325,,.498,.618,.439,.383,.495,.442,,.257,.801,,.004,3,,.240,.549,,4,0,curryst01
103,Samuel Dalembert,C,29,SAC,80,1938,.473,7.5,,.996,.362,.300,.199,.136,.004,,.474,.590,.371,.478,.390,.000,,.575,,,.113,57,,.000,,,0,0,dalemsa01
104,Erick Dampier,C,35,MIA,51,815,.584,3.8,,.989,.708,.225,.034,.022,.011,,.591,.683,.400,.333,.000,.000,,.712,,,.281,23,,.000,,,1,0,dampier01
105,Antonio Daniels,PG,35,PHI,4,35,.400,17.3,,.600,.000,.400,.000,.200,.400,,.667,,1.000,,.000,.000,,.000,,,.000,0,,.000,,,0,0,daniean01
106,Marquis Daniels,SF,30,BOS,49,938,.491,8.1,,.909,.444,.233,.134,.099,.091,,.521,.680,.352,.419,.348,.190,,.518,1.000,,.039,9,,.429,.333,,1,0,daniema01
107,Baron Davis,PG,31,TOT,58,1649,.417,14.2,,.655,.231,.193,.114,.117,.345,,.458,.556,.425,.418,.358,.339,,.149,.593,,.006,4,,.092,.273,,1,0,davisba01
107,Baron Davis,PG,31,LAC,43,1269,.416,13.0,,.705,.262,.217,.113,.113,.295,,.466,.563,.411,.483,.328,.296,,.178,.667,,.008,4,,.112,.176,,0,0,davisba01
107,Baron Davis,PG,31,CLE,15,380,.421,17.9,,.511,.140,.124,.118,.129,.489,,.429,.520,.500,.238,.435,.414,,.026,.500,,.000,0,,.057,.600,,1,0,davisba01
108,Ed Davis,PF,21,TOR,65,1602,.576,4.8,,1.000,.571,.252,.129,.048,.000,,.576,.667,.521,.354,.389,,,.642,,,.172,56,,,,,0,0,davised01
109,Glen Davis,C,25,BOS,78,2298,.448,11.2,,.981,.286,.160,.134,.402,.019,,.454,.646,.359,.439,.360,.133,,.706,.000,,.017,12,,.133,.000,,2,0,davisgl01
110,Austin Daye,SF,22,DET,72,1446,.410,15.5,,.635,.197,.106,.132,.200,.365,,.415,.538,.380,.355,.351,.401,,.565,.971,,.030,10,,.407,.429,,1,0,dayeau01
111,Carlos Delfino,SF,28,MIL,49,1590,.390,18.1,,.446,.166,.076,.053,.152,.554,,.415,.471,.282,.407,.423,.370,,.505,.962,,.016,8,,.391,.441,,0,0,delfica01
112,Luol Deng,SF,25,CHI,82,3208,.460,13.7,,.712,.268,.158,.069,.217,.288,,.506,.667,.456,.300,.410,.345,,.620,.974,,.029,33,,.381,.354,,2,0,denglu01
113,DeMar DeRozan,SG,21,TOR,82,2851,.467,11.2,,.955,.297,.170,.176,.312,.045,,.485,.606,.474,.453,.392,.096,,.594,.600,,.059,60,,.346,.167,,4,0,derozde01
114,Boris Diaw,PF,28,CHA,82,2778,.492,12.7,,.708,.302,.194,.044,.168,.292,,.553,.667,.500,.353,.462,.345,,.554,.962,,.004,3,,.044,.300,,1,0,diawbo01
115,Ike Diogu,PF,27,LAC,36,470,.561,5.2,,1.000,.547,.270,.061,.122,.000,,.561,.741,.350,.444,.278,,,.723,,,.101,15,,,,,0,0,dioguik01
116,DeSagana Diop,C,29,CHA,16,181,.333,8.7,,1.000,.333,.250,.208,.208,.000,,.333,.500,.167,.400,.200,,,1.000,,,.083,2,,,,,0,0,diopde01
117,Keyon Dooling,PG,30,MIL,80,1757,.397,18.1,,.549,.123,.085,.089,.252,.451,,.439,.656,.341,.500,.344,.346,,.352,.852,,.013,6,,.338,.367,,1,0,doolike01
118,Joey Dorsey,C,27,TOR,43,522,.525,1.9,,1.000,.879,.121,.000,.000,.000,,.525,.563,.250,,,,,.577,,,.172,15,,,,,0,0,dorsejo01
119,Toney Douglas,SG,24,NYK,81,1971,.416,17.1,,.493,.180,.113,.086,.114,.507,,.460,.618,.353,.385,.372,.373,,.339,.692,,.000,0,,.214,.366,,3,0,douglto01
120,Chris Douglas-Roberts,SF,24,MIL,44,884,.429,11.4,,.832,.322,.179,.095,.234,.168,,.449,.534,.388,.385,.406,.326,,.500,1.000,,.018,5,,.739,.353,,0,0,douglch01
121,Zabian Dowdell,PG,26,PHO,24,292,.408,13.4,,.920,.264,.096,.088,.472,.080,,.417,.545,.167,.455,.390,.300,,.167,1.000,,.008,1,,.300,.333,,0,0,dowdeza01
122,Goran Dragić,PG,24,TOT,70,1234,.435,13.8,,.649,.272,.156,.086,.134,.351,,.476,.683,.290,.368,.339,.361,,.213,.732,,.007,3,,.181,.393,,2,0,dragigo01
122,Goran Dragić,PG,24,PHO,48,856,.421,13.5,,.680,.269,.155,.111,.146,.320,,.488,.694,.306,.371,.391,.277,,.171,.714,,.003,1,,.188,.211,,1,0,dragigo01
122,Goran Dragić,PG,24,HOU,22,378,.472,14.6,,.568,.280,.160,.024,.104,.432,,.437,.657,.250,.333,.154,.519,,.355,.750,,.016,2,,.167,.778,,1,0,dragigo01
123,Jared Dudley,SF,25,PHO,82,2140,.477,15.2,,.598,.254,.081,.081,.181,.402,,.519,.675,.333,.333,.465,.415,,.610,.990,,.019,12,,.360,.418,,0,0,dudleja01
124,Chris Duhon,PG,28,ORL,51,774,.380,14.5,,.597,.256,.217,.031,.093,.403,,.468,.576,.429,.250,.333,.250,,.194,.769,,.000,0,,.173,.333,,2,0,duhonch01
125,Tim Duncan*,C,34,SAS,76,2156,.500,9.0,,.995,.254,.347,.185,.209,.005,,.502,.742,.433,.355,.457,.000,,.585,,,.043,32,,.000,,,0,0,duncati01
126,Mike Dunleavy,SG,30,IND,61,1683,.462,18.0,,.512,.165,.067,.060,.219,.488,,.519,.663,.543,.323,.456,.402,,.761,.971,,.004,2,,.197,.480,,0,0,dunlemi02
127,Ronald Dupree,SF,30,TOR,3,13,.250,12.1,,.750,.500,.000,.000,.250,.250,,.333,.500,,,.000,.000,,1.000,,,.000,0,,1.000,.000,,0,0,duprero01
128,Kevin Durant,SF,22,OKC,78,3038,.462,15.5,,.731,.162,.113,.160,.296,.269,,.504,.795,.414,.439,.413,.350,,.565,.855,,.083,125,,.063,.385,,0,0,duranke01
129,Devin Ebanks,SG,21,LAL,20,118,.412,9.5,,.902,.373,.235,.118,.176,.098,,.413,.579,.417,.167,.222,.400,,.684,.500,,.098,5,,.600,.667,,0,0,ebankde01
130,Wayne Ellington,SG,23,MIN,62,1181,.403,16.5,,.695,.136,.139,.091,.330,.305,,.406,.444,.309,.472,.412,.397,,.473,.771,,.008,3,,.223,.444,,3,0,ellinwa01
131,Monta Ellis,SG,25,GSW,80,3227,.451,14.2,,.765,.240,.133,.091,.300,.235,,.478,.703,.377,.322,.390,.361,,.350,.657,,.027,41,,.253,.354,,10,1,ellismo01
132,Francisco Elson,C,34,UTA,62,610,.478,12.2,,1.000,.230,.133,.159,.478,.000,,.478,.615,.467,.611,.370,,,.704,,,.018,2,,,,,0,0,elsonfr01
133,Melvin Ely,C,32,DEN,30,366,.549,4.5,,1.000,.588,.275,.078,.059,.000,,.549,.667,.429,.250,.333,,,.571,,,.098,5,,,,,0,0,elyme01
134,Semih Erden,C,24,TOT,41,595,.559,2.6,,1.000,.775,.198,.018,.009,.000,,.559,.628,.318,.000,1.000,,,.774,,,.216,24,,,,,0,0,erdense01
134,Semih Erden,C,24,BOS,37,531,.598,2.4,,1.000,.814,.165,.010,.010,.000,,.598,.658,.313,.000,1.000,,,.810,,,.247,24,,,,,0,0,erdense01
134,Semih Erden,C,24,CLE,4,64,.286,3.6,,1.000,.500,.429,.071,.000,.000,,.286,.286,.333,.000,,,,.250,,,.000,0,,,,,0,0,erdense01
135,Jeremy Evans,SF,23,UTA,49,463,.661,4.9,,.991,.661,.157,.104,.070,.009,,.667,.763,.500,.333,.625,.000,,.789,,,.461,49,,.000,,,0,0,evansje01
136,Maurice Evans,SF,32,TOT,73,1549,.417,15.2,,.606,.259,.061,.097,.189,.394,,.475,.573,.269,.561,.363,.329,,.607,.964,,.073,25,,.593,.354,,1,0,evansma01
136,Maurice Evans,SF,32,ATL,47,837,.393,16.2,,.557,.224,.060,.075,.199,.443,,.455,.533,.250,.467,.425,.315,,.627,.964,,.090,12,,.539,.354,,0,0,evansma01
136,Maurice Evans,SF,32,WAS,26,712,.439,14.3,,.650,.291,.063,.117,.179,.350,,.490,.600,.286,.615,.300,.346,,.592,.963,,.058,13,,.654,.353,,1,0,evansma01
137,Reggie Evans,PF,30,TOR,30,798,.408,3.8,,.990,.689,.214,.029,.058,.010,,.412,.507,.182,.333,.167,.000,,.548,,,.019,1,,.000,,,0,0,evansre01
138,Tyreke Evans,SG,21,SAC,57,2107,.409,10.9,,.841,.308,.257,.061,.215,.159,,.432,.624,.304,.368,.328,.291,,.221,.674,,.011,10,,.047,.571,,1,1,evansty01
139,Patrick Ewing,SF,26,NOH,7,19,.000,18.3,,.600,.000,.200,.200,.200,.400,,.000,,.000,.000,.000,.000,,,,,.000,0,,.000,,,0,0,ewingpa02
140,Christian Eyenga,SF,21,CLE,44,947,.425,13.5,,.703,.291,.147,.069,.196,.297,,.488,.640,.311,.286,.467,.275,,.638,.920,,.088,26,,.374,.235,,1,0,eyengch01
141,Jordan Farmar,PG,24,NJN,73,1796,.392,16.2,,.533,.220,.117,.046,.151,.467,,.421,.601,.263,.267,.327,.359,,.199,.615,,.009,4,,.207,.365,,1,0,farmajo01
142,Derrick Favors,PF,19,TOT,78,1535,.517,4.9,,1.000,.577,.252,.091,.079,.000,,.517,.646,.371,.342,.242,,,.619,,,.219,82,,,,,0,0,favorde01
142,Derrick Favors,PF,19,NJN,56,1091,.511,4.6,,1.000,.601,.254,.083,.062,.000,,.511,.627,.386,.348,.118,,,.631,,,.243,59,,,,,0,0,favorde01
142,Derrick Favors,PF,19,UTA,22,444,.529,5.5,,1.000,.529,.250,.107,.114,.000,,.529,.689,.343,.333,.375,,,.595,,,.171,23,,,,,0,0,favorde01
143,Raymond Felton,PG-SG,26,TOT,75,2737,.425,15.1,,.673,.218,.166,.058,.231,.327,,.460,.580,.377,.379,.427,.353,,.180,.647,,.002,1,,.085,.571,,3,0,feltora01
143,Raymond Felton,PG,26,NYK,54,2074,.423,15.1,,.665,.213,.167,.061,.223,.335,,.471,.585,.381,.388,.453,.328,,.183,.557,,.002,1,,.082,.591,,2,0,feltora01
143,Raymond Felton,SG,26,DEN,21,663,.431,14.8,,.701,.235,.162,.044,.260,.299,,.420,.563,.364,.333,.340,.459,,.167,.929,,.000,0,,.098,.500,,1,0,feltora01
144,Rudy Fernández,SG,25,POR,78,1821,.370,18.9,,.372,.155,.059,.052,.106,.628,,.453,.640,.206,.300,.393,.321,,.392,.879,,.017,8,,.252,.363,,1,0,fernaru01
145,Kyrylo Fesenko,C,24,UTA,53,456,.440,5.4,,.990,.450,.410,.040,.090,.010,,.444,.600,.366,.000,.222,.000,,.568,,,.120,11,,.000,,,0,0,fesenky01
146,Landry Fields,SG,22,NYK,82,2541,.497,12.8,,.636,.349,.151,.037,.100,.364,,.556,.729,.297,.318,.433,.393,,.582,1.000,,.070,41,,.365,.450,,3,0,fieldla01
147,Derek Fisher,PG,36,LAL,82,2297,.389,16.9,,.699,.121,.102,.098,.378,.301,,.386,.516,.315,.288,.390,.396,,.608,.873,,.000,0,,.396,.429,,0,0,fishede01
148,Jonny Flynn,PG,21,MIN,53,983,.365,16.4,,.662,.132,.169,.091,.270,.338,,.393,.513,.360,.407,.350,.310,,.208,.419,,.000,0,,.110,.273,,2,0,flynnjo01
149,Gary Forbes,SF,25,DEN,63,791,.454,9.0,,.788,.432,.245,.051,.059,.212,,.488,.627,.299,.357,.375,.328,,.562,1.000,,.033,8,,.586,.353,,0,0,forbega01
150,T.J. Ford,PG,27,IND,41,773,.386,13.2,,.864,.203,.165,.199,.297,.136,,.417,.458,.359,.362,.457,.188,,.106,1.000,,.000,0,,.250,.125,,1,0,fordtj01
151,Jeff Foster,C,34,IND,56,940,.479,5.7,,.982,.617,.174,.042,.150,.018,,.488,.544,.483,.286,.320,.000,,.550,,,.066,10,,.333,.000,,0,0,fosteje01
152,Randy Foye,SG,27,LAC,63,1551,.388,18.3,,.591,.128,.104,.041,.318,.409,,.430,.618,.327,.318,.402,.327,,.363,.789,,.009,5,,.166,.333,,4,0,foyera01
153,Channing Frye,PF,27,PHO,77,2541,.432,19.7,,.470,.078,.095,.052,.245,.530,,.479,.708,.544,.395,.399,.390,,.679,.988,,.029,22,,.125,.473,,2,0,fryech01
154,Dan Gadzuric,C-PF,32,TOT,42,463,.419,6.1,,.992,.457,.302,.101,.132,.008,,.422,.559,.333,.231,.294,.000,,.611,,,.116,14,,.000,,,0,0,gadzuda01
154,Dan Gadzuric,C,32,GSW,28,297,.420,5.8,,.989,.500,.284,.068,.136,.011,,.425,.523,.320,.167,.417,.000,,.649,,,.125,10,,.000,,,0,0,gadzuda01
154,Dan Gadzuric,PF,32,NJN,14,166,.415,6.9,,1.000,.366,.341,.171,.122,.000,,.415,.667,.357,.286,.000,,,.529,,,.098,4,,,,,0,0,gadzuda01
155,Sundiata Gaines,PG,24,TOT,24,301,.400,15.6,,.638,.257,.133,.038,.210,.362,,.493,.704,.143,.000,.545,.237,,.182,.444,,.000,0,,.079,.333,,1,0,gainesu01
155,Sundiata Gaines,PG,24,MIN,8,65,.318,14.2,,.727,.273,.182,.045,.227,.273,,.313,.667,.000,.000,.200,.333,,.000,.000,,.000,0,,.000,,,1,0,gainesu01
155,Sundiata Gaines,PG,24,TOR,6,90,.429,15.4,,.571,.286,.114,.057,.114,.429,,.600,.700,.250,.000,1.000,.200,,.333,.667,,.000,0,,.133,.500,,0,0,gainesu01
155,Sundiata Gaines,PG,24,NJN,10,146,.417,16.5,,.646,.229,.125,.021,.271,.354,,.516,.727,.167,.000,.538,.235,,.125,.500,,.000,0,,.059,.000,,0,0,gainesu01
156,Danilo Gallinari,PF-SF,22,TOT,62,2104,.414,16.1,,.542,.231,.111,.045,.155,.458,,.467,.662,.310,.276,.343,.352,,.537,.942,,.081,45,,.225,.333,,1,0,gallida01
156,Danilo Gallinari,PF,22,NYK,48,1671,.415,16.5,,.530,.206,.118,.043,.163,.470,,.474,.724,.283,.227,.361,.347,,.523,.952,,.077,36,,.226,.333,,0,0,gallida01
156,Danilo Gallinari,SF,22,DEN,14,433,.412,14.6,,.588,.328,.084,.053,.122,.412,,.442,.512,.455,.429,.250,.370,,.588,.900,,.099,9,,.222,.333,,1,0,gallida01
157,Francisco García,SF,29,SAC,58,1386,.436,17.6,,.528,.160,.065,.067,.236,.472,,.502,.803,.258,.406,.393,.362,,.738,.951,,.011,5,,.429,.417,,0,0,garcifr01
158,Kevin Garnett*,PF,34,BOS,71,2220,.528,11.0,,.994,.263,.208,.137,.386,.006,,.530,.741,.409,.460,.476,.200,,.790,.000,,.077,59,,.000,,,0,0,garneke01
159,Marc Gasol,C,26,MEM,81,2586,.527,7.1,,.990,.331,.444,.123,.091,.010,,.528,.729,.433,.400,.429,.429,,.612,1.000,,.051,34,,.000,,,4,0,gasolma01
160,Pau Gasol*,C,30,LAL,82,3037,.529,7.9,,.997,.313,.346,.195,.144,.003,,.530,.695,.429,.450,.522,.333,,.574,1.000,,.066,73,,.667,.500,,0,0,gasolpa01
161,Rudy Gay,SF,24,MEM,54,2152,.471,12.9,,.834,.221,.180,.193,.241,.166,,.486,.672,.410,.452,.397,.396,,.315,.842,,.082,62,,.188,.444,,4,0,gayru01
162,Alonzo Gee,SG,23,TOT,56,1118,.458,8.6,,.807,.508,.182,.030,.087,.193,,.488,.604,.271,.250,.348,.333,,.490,.941,,.140,28,,.471,.333,,0,0,geeal01
162,Alonzo Gee,SG,23,SAS,5,18,.333,3.9,,1.000,.333,.667,.000,.000,.000,,.333,.000,.500,,,,,1.000,,,.000,0,,,,,0,0,geeal01
162,Alonzo Gee,SG,23,WAS,11,127,.444,5.7,,.926,.667,.185,.037,.037,.074,,.480,.556,.200,.000,1.000,.000,,.333,,,.222,4,,1.000,.000,,0,0,geeal01
162,Alonzo Gee,SG,23,CLE,40,973,.462,9.0,,.791,.491,.175,.030,.094,.209,,.492,.617,.268,.286,.318,.347,,.505,.941,,.132,24,,.449,.364,,0,0,geeal01
163,Paul George,SG,20,IND,61,1265,.453,14.0,,.651,.301,.096,.104,.149,.349,,.537,.655,.368,.439,.475,.297,,.362,.854,,.096,33,,.297,.317,,0,0,georgpa01
164,Daniel Gibson,SG,24,CLE,67,1865,.400,17.3,,.556,.145,.136,.064,.211,.444,,.398,.427,.344,.429,.403,.403,,.301,.822,,.000,0,,.154,.467,,2,0,gibsoda01
165,Taj Gibson,PF,25,CHI,80,1742,.466,9.2,,.984,.386,.175,.169,.253,.016,,.472,.644,.352,.365,.362,.125,,.695,.000,,.137,61,,.250,.000,,2,0,gibsota01
166,Manu Ginóbili*,SG,33,SAS,80,2426,.433,15.4,,.567,.215,.158,.071,.123,.433,,.497,.639,.416,.500,.352,.349,,.376,.675,,.014,13,,.172,.368,,3,0,ginobma01
167,Ryan Gomes,SF,28,LAC,76,2095,.410,18.1,,.582,.129,.059,.075,.319,.418,,.459,.615,.433,.368,.422,.341,,.763,.986,,.004,2,,.545,.374,,2,0,gomesry01
168,Drew Gooden,PF,29,MIL,35,860,.431,12.0,,.945,.268,.166,.113,.398,.055,,.447,.598,.283,.366,.438,.150,,.641,1.000,,.022,7,,.200,.250,,1,0,goodedr01
169,Ben Gordon,SG,27,DET,82,2131,.440,17.1,,.655,.148,.082,.066,.358,.345,,.460,.579,.381,.373,.446,.402,,.487,.692,,.004,3,,.372,.465,,1,0,gordobe01
170,Eric Gordon,SG,22,LAC,56,2112,.450,13.4,,.693,.278,.199,.054,.162,.307,,.488,.663,.365,.412,.364,.364,,.455,.858,,.040,35,,.072,.381,,2,0,gordoer01
171,Marcin Gortat,C,26,TOT,80,2032,.561,6.2,,.993,.439,.323,.148,.083,.007,,.563,.743,.400,.494,.360,.250,,.769,1.000,,.111,60,,.000,,,1,0,gortama01
171,Marcin Gortat,C,26,ORL,25,396,.543,5.6,,1.000,.457,.321,.160,.062,.000,,.543,.730,.346,.462,.400,,,.659,,,.074,6,,,,,0,0,gortama01
171,Marcin Gortat,C,26,PHO,55,1636,.563,6.3,,.992,.437,.324,.146,.086,.008,,.566,.746,.408,.500,.356,.250,,.785,1.000,,.117,54,,.000,,,1,0,gortama01
172,Joey Graham,SF,28,CLE,39,586,.458,13.3,,.832,.190,.190,.179,.274,.168,,.490,.676,.412,.406,.469,.300,,.575,1.000,,.011,2,,.533,.563,,1,0,grahajo01
173,Stephen Graham,SG,28,NJN,59,959,.405,14.9,,.895,.165,.130,.080,.520,.105,,.425,.545,.423,.500,.375,.238,,.618,.800,,.025,3,,.667,.214,,0,0,grahast01
174,Danny Granger,SF,27,IND,79,2763,.425,14.9,,.677,.210,.146,.091,.230,.323,,.443,.614,.370,.383,.359,.386,,.362,.873,,.013,14,,.101,.488,,0,0,grangda01
175,Aaron Gray,C,26,NOH,41,531,.566,3.3,,1.000,.657,.293,.051,.000,.000,,.566,.646,.483,.000,,,,.554,,,.101,9,,,,,0,0,grayaa01
176,Danny Green,SG,23,SAS,8,92,.486,17.8,,.457,.143,.114,.086,.114,.543,,.625,.600,.750,.333,.750,.368,,.400,.857,,.057,2,,.368,.000,,0,0,greenda02
177,Jeff Green,PF-SF,24,TOT,75,2427,.449,12.2,,.743,.274,.238,.082,.149,.257,,.499,.698,.359,.299,.467,.303,,.559,1.000,,.049,39,,.299,.444,,3,0,greenje02
177,Jeff Green,PF,24,OKC,49,1815,.437,13.1,,.702,.246,.233,.081,.142,.298,,.493,.743,.361,.240,.420,.304,,.570,1.000,,.049,30,,.245,.444,,3,0,greenje02
177,Jeff Green,SF,24,BOS,26,612,.485,9.5,,.866,.361,.252,.084,.168,.134,,.514,.603,.353,.471,.588,.296,,.533,1.000,,.050,9,,.667,.444,,0,0,greenje02
178,Willie Green,SG,29,NOH,77,1674,.443,15.6,,.745,.107,.177,.149,.312,.255,,.476,.692,.417,.462,.442,.348,,.569,.944,,.005,2,,.400,.371,,2,0,greenwi01
179,Donté Greene,SF,22,SAC,69,1127,.404,14.9,,.601,.223,.155,.085,.137,.399,,.478,.744,.350,.242,.340,.292,,.631,.956,,.088,31,,.325,.380,,1,0,greendo01
180,Orien Greene,SG,28,NJN,3,5,.500,1.6,,1.000,1.000,.000,.000,.000,.000,,.500,.500,,,,,,.000,,,.000,0,,,,,0,0,greenor01
181,Blake Griffin,PF,21,LAC,82,3112,.506,7.2,,.983,.408,.318,.102,.154,.017,,.510,.689,.432,.298,.335,.292,,.666,1.000,,.176,214,,.042,.000,,3,0,griffbl01
182,Hamed Haddadi,C,25,MEM,31,168,.517,4.3,,.983,.466,.448,.052,.017,.017,,.526,.704,.423,.000,.000,.000,,.633,,,.103,5,,.000,,,0,0,haddaha01
183,Richard Hamilton,SG,32,DET,55,1498,.429,15.4,,.785,.091,.119,.273,.303,.215,,.442,.754,.425,.383,.409,.382,,.734,.982,,.000,0,,.556,.375,,1,1,hamilri01
184,Tyler Hansbrough,PF,25,IND,70,1535,.465,10.6,,.997,.258,.212,.173,.354,.003,,.466,.601,.392,.387,.452,.000,,.618,,,.059,34,,.000,,,0,0,hansbty01
185,Luke Harangody,PF,23,TOT,49,640,.383,15.8,,.680,.228,.039,.092,.320,.320,,.450,.532,.000,.368,.470,.242,,.841,1.000,,.005,1,,.333,.182,,0,0,haranlu01
185,Luke Harangody,PF,23,BOS,28,241,.394,13.6,,.859,.296,.042,.113,.408,.141,,.426,.476,.000,.250,.483,.200,,.885,1.000,,.000,0,,.100,.000,,0,0,haranlu01
185,Luke Harangody,PF,23,CLE,21,399,.378,16.9,,.585,.193,.037,.081,.274,.415,,.468,.577,.000,.455,.459,.250,,.811,1.000,,.007,1,,.375,.190,,0,0,haranlu01
186,James Harden,SG,21,OKC,82,2189,.436,15.4,,.526,.300,.073,.026,.127,.474,,.514,.624,.280,.444,.402,.349,,.422,.823,,.070,46,,.182,.356,,1,0,hardeja01
187,Al Harrington,PF,30,DEN,73,1665,.416,15.2,,.514,.289,.098,.047,.080,.486,,.473,.590,.333,.313,.315,.357,,.494,.966,,.030,18,,.271,.360,,0,0,harrial01
188,Devin Harris,PG,27,TOT,71,2254,.422,12.1,,.779,.314,.189,.106,.170,.221,,.450,.537,.396,.360,.406,.322,,.182,.776,,.001,0,,.067,.417,,5,0,harride01
188,Devin Harris,PG,27,NJN,54,1724,.425,11.6,,.820,.306,.219,.111,.185,.180,,.452,.540,.388,.397,.416,.300,,.185,.788,,.002,0,,.100,.455,,3,0,harride01
188,Devin Harris,PG,27,UTA,17,530,.413,13.8,,.652,.338,.100,.090,.124,.348,,.443,.529,.450,.222,.360,.357,,.172,.760,,.000,0,,.014,.000,,2,0,harride01
189,Manny Harris,SG,21,CLE,54,933,.374,12.9,,.682,.318,.187,.038,.138,.318,,.376,.533,.241,.182,.250,.370,,.365,.824,,.014,4,,.120,.364,,0,0,harrima01
190,Mike Harris,PF,27,HOU,4,16,.500,8.8,,1.000,.333,.333,.000,.333,.000,,.500,.500,.500,,.500,,,.667,,,.000,0,,,,,0,0,harrimi01
191,Udonis Haslem,PF,30,MIA,13,345,.512,12.4,,1.000,.174,.128,.244,.453,.000,,.512,.733,.273,.571,.462,,,.841,,,.058,5,,,,,0,0,hasleud01
192,Spencer Hawes,C,22,PHI,81,1718,.465,10.1,,.935,.312,.236,.160,.227,.065,,.480,.621,.425,.330,.450,.243,,.714,1.000,,.053,27,,.189,.143,,2,0,hawessp01
193,Chuck Hayes,C,27,HOU,74,2079,.527,3.4,,.996,.644,.333,.019,.000,.004,,.529,.611,.390,.222,,.000,,.607,,,.002,1,,.500,.000,,1,0,hayesch01
194,Gordon Hayward,SF,20,UTA,72,1218,.485,13.8,,.747,.304,.082,.055,.307,.253,,.489,.640,.333,.438,.389,.473,,.682,.971,,.068,17,,.392,.517,,0,0,haywago01
195,Lazar Hayward,SF,24,MIN,42,419,.357,14.9,,.610,.214,.221,.058,.117,.390,,.404,.545,.294,.222,.444,.283,,.579,1.000,,.000,0,,.167,.300,,2,0,haywala01
196,Brendan Haywood,C,31,DAL,72,1331,.574,3.6,,.996,.677,.247,.054,.018,.004,,.577,.715,.273,.417,.000,.000,,.688,,,.300,63,,.000,,,0,0,haywobr01
197,Luther Head,PG,28,SAC,36,586,.415,16.3,,.610,.146,.183,.037,.244,.390,,.430,.667,.367,.333,.350,.391,,.372,.800,,.006,1,,.203,.462,,0,0,headlu01
198,Gerald Henderson,SG,23,CHA,68,1661,.454,12.5,,.937,.274,.121,.111,.432,.063,,.472,.647,.261,.413,.435,.194,,.671,.857,,.072,37,,.444,.250,,1,0,hendege02
199,Xavier Henry,SG,19,MEM,38,527,.406,13.5,,.894,.256,.138,.069,.431,.106,,.441,.610,.409,.364,.362,.118,,.619,1.000,,.038,4,,.235,.000,,0,0,henryxa01
200,Roy Hibbert,C,24,IND,81,2244,.461,7.5,,.996,.292,.433,.133,.138,.004,,.463,.658,.400,.381,.325,.000,,.541,,,.102,81,,.250,.000,,1,0,hibbero01
201,J.J. Hickson,C,22,CLE,80,2256,.458,7.5,,.995,.453,.207,.135,.200,.005,,.461,.618,.345,.325,.316,.000,,.634,,,.109,99,,.200,.000,,0,0,hicksjj01
202,Nenê,C,28,DEN,75,2291,.615,5.0,,.992,.648,.170,.061,.113,.008,,.618,.715,.441,.325,.486,.200,,.703,1.000,,.187,112,,.200,.000,,1,0,hilarne01
203,George Hill,PG,24,SAS,76,2148,.453,14.0,,.678,.212,.190,.114,.163,.322,,.490,.604,.475,.472,.369,.377,,.405,.818,,.011,5,,.613,.416,,1,0,hillge01
204,Grant Hill*,SF,38,PHO,80,2409,.484,11.7,,.862,.238,.179,.246,.199,.138,,.498,.724,.399,.433,.396,.395,,.638,1.000,,.019,11,,.781,.449,,1,0,hillgr01
205,Jordan Hill,C,23,HOU,72,1125,.491,7.4,,.994,.352,.361,.136,.145,.006,,.494,.685,.402,.375,.373,.000,,.532,,,.119,35,,.000,,,1,0,hilljo01
206,Kirk Hinrich,SG-PG,30,TOT,72,2157,.446,17.1,,.698,.116,.114,.096,.372,.302,,.467,.639,.493,.467,.405,.399,,.300,.853,,.000,0,,.186,.429,,1,0,hinriki01
206,Kirk Hinrich,SG,30,WAS,48,1471,.452,16.2,,.744,.128,.139,.100,.377,.256,,.475,.679,.508,.500,.388,.384,,.290,.767,,.000,0,,.152,.412,,0,0,hinriki01
206,Kirk Hinrich,PG,30,ATL,24,686,.432,19.2,,.589,.086,.054,.086,.362,.411,,.440,.500,.400,.375,.448,.421,,.333,.969,,.000,0,,.237,.444,,1,0,hinriki01
207,Jrue Holiday,PG,20,PHI,82,2901,.446,12.6,,.778,.265,.182,.144,.186,.222,,.470,.600,.346,.389,.468,.365,,.274,.716,,.017,13,,.261,.379,,2,0,holidjr01
208,Ryan Hollins,C,26,CLE,70,1182,.598,4.3,,1.000,.639,.201,.105,.055,.000,,.598,.743,.250,.348,.667,,,.802,,,.347,70,,,,,0,0,holliry01
209,Al Horford,C,24,ATL,77,2704,.557,10.8,,.996,.231,.244,.150,.370,.004,,.557,.761,.449,.486,.531,.500,,.695,.500,,.068,60,,.500,1.000,,0,0,horfoal01
210,Eddie House,SG,32,MIA,56,978,.399,21.4,,.455,.034,.019,.056,.346,.545,,.411,.455,.833,.333,.396,.389,,.817,.897,,.000,0,,.303,.453,,0,0,houseed01
211,Dwight Howard,C,25,ORL,78,2935,.593,4.9,,.993,.495,.385,.096,.017,.007,,.597,.752,.453,.380,.556,.000,,.532,,,.225,227,,.000,,,4,0,howardw01
212,Josh Howard,SF,30,WAS,18,409,.358,14.8,,.821,.130,.191,.130,.370,.179,,.383,.476,.387,.333,.367,.241,,.667,1.000,,.000,0,,.241,.000,,0,0,howarjo01
213,Juwan Howard,PF,37,MIA,57,592,.440,12.3,,1.000,.120,.264,.160,.456,.000,,.440,.600,.455,.350,.421,,,.745,,,.008,0,,,,,0,0,howarju01
214,Lester Hudson,PG,26,WAS,11,73,.250,20.0,,.375,.125,.042,.000,.208,.625,,.222,.333,.000,,.200,.267,,.000,.500,,.042,1,,.133,.000,,0,0,hudsole01
215,Kris Humphries,PF,25,NJN,74,2061,.527,6.4,,.998,.472,.256,.148,.123,.002,,.527,.687,.389,.326,.444,.000,,.723,,,.178,99,,.000,,,1,0,humphkr01
216,Serge Ibaka,PF,21,OKC,82,2216,.543,8.2,,.998,.407,.191,.157,.243,.002,,.544,.741,.373,.412,.433,.000,,.681,,,.182,102,,.000,,,0,0,ibakase01
217,Andre Iguodala,SF,27,PHI,67,2469,.445,14.4,,.762,.257,.078,.119,.308,.238,,.479,.744,.254,.356,.363,.337,,.448,.836,,.140,102,,.232,.476,,4,0,iguodan01
218,Zydrunas Ilgauskas,C,35,MIA,72,1145,.508,12.0,,.997,.310,.103,.056,.527,.003,,.509,.646,.576,.333,.435,.000,,.679,,,.034,11,,.000,,,0,0,ilgauzy01
219,D.J. Mbenga,C,30,NOH,41,330,.469,4.6,,1.000,.551,.265,.184,.000,.000,,.469,.630,.308,.222,,,,.565,,,.102,4,,,,,0,0,mbengdj01
220,Ersan İlyasova,PF,23,MIL,60,1505,.436,14.3,,.761,.268,.093,.091,.310,.239,,.479,.581,.234,.283,.522,.298,,.703,1.000,,.004,2,,.132,.500,,2,0,ilyaser01
221,Royal Ivey,SG,29,OKC,25,155,.421,17.6,,.579,.105,.105,.105,.263,.421,,.409,.750,.750,.500,.100,.438,,.556,.857,,.000,0,,.375,.500,,0,0,iveyro01
222,Jarrett Jack,SG-PG,27,TOT,83,1722,.408,13.6,,.830,.148,.226,.204,.253,.170,,.429,.606,.361,.400,.410,.306,,.203,.879,,.003,2,,.306,.333,,3,0,jackja01
222,Jarrett Jack,PG,27,TOR,13,347,.393,12.6,,.803,.230,.197,.197,.180,.197,,.449,.536,.417,.542,.273,.167,,.159,.500,,.008,1,,.208,.200,,0,0,jackja01
222,Jarrett Jack,SG,27,NOH,70,1375,.412,13.8,,.837,.128,.233,.206,.270,.163,,.425,.636,.350,.368,.432,.345,,.213,.931,,.002,1,,.333,.357,,3,0,jackja01
223,Darnell Jackson,PF,25,SAC,59,486,.487,10.5,,.930,.354,.152,.184,.241,.070,,.503,.661,.458,.414,.368,.273,,.743,.333,,.114,16,,.455,.200,,2,0,jacksda01
224,Stephen Jackson,SG,32,CHA,67,2405,.411,15.1,,.661,.268,.096,.059,.237,.339,,.449,.549,.324,.429,.390,.337,,.487,.893,,.009,9,,.156,.518,,4,0,jacksst02
225,Damion James,SF,23,NJN,25,403,.447,10.0,,.971,.282,.243,.146,.301,.029,,.460,.586,.360,.467,.419,.000,,.739,,,.049,4,,.667,.000,,0,0,jamesda01
226,LeBron James,SF,26,MIA,79,3063,.510,12.7,,.812,.284,.172,.094,.262,.188,,.552,.744,.459,.443,.445,.330,,.284,.609,,.068,98,,.211,.322,,5,1,jamesle01
227,Antawn Jamison,PF,34,CLE,56,1842,.427,14.5,,.700,.164,.239,.094,.203,.300,,.462,.681,.445,.317,.371,.346,,.792,.978,,.007,6,,.163,.326,,0,0,jamisan01
228,Othyus Jeffers,SG,25,TOT,17,322,.477,6.4,,.938,.585,.154,.108,.092,.062,,.492,.632,.100,.571,.167,.250,,.467,1.000,,.123,8,,.750,.333,,0,0,jeffeot01
228,Othyus Jeffers,SG,25,SAS,1,8,.333,9.2,,1.000,.333,.000,.667,.000,.000,,.333,.000,,.500,,,,.000,,,.000,0,,,,,0,0,jeffeot01
228,Othyus Jeffers,SG,25,WAS,16,314,.484,6.2,,.935,.597,.161,.081,.097,.065,,.500,.649,.100,.600,.167,.250,,.483,1.000,,.129,8,,.750,.333,,0,0,jeffeot01
229,Al Jefferson,C,26,UTA,82,2940,.496,8.1,,1.000,.315,.332,.190,.163,.000,,.496,.655,.441,.394,.419,,,.584,,,.058,74,,,,,0,0,jeffeal01
230,Richard Jefferson,SF,30,SAS,81,2459,.474,16.2,,.522,.226,.078,.042,.176,.478,,.504,.683,.380,.444,.345,.440,,.751,.985,,.081,43,,.599,.462,,0,0,jefferi01
231,Jared Jeffries,PF,29,TOT,42,601,.349,7.4,,.895,.593,.116,.047,.140,.105,,.364,.529,.000,.000,.083,.222,,.429,.500,,.058,5,,.222,.500,,0,0,jeffrja01
231,Jared Jeffries,PF,29,HOU,18,138,.306,8.7,,.833,.500,.194,.028,.111,.167,,.333,.556,.000,.000,.000,.167,,.200,.000,,.000,0,,.000,,,0,0,jeffrja01
231,Jared Jeffries,PF,29,NYK,24,463,.380,6.4,,.940,.660,.060,.060,.160,.060,,.383,.515,.000,.000,.125,.333,,.556,1.000,,.100,5,,.667,.500,,0,0,jeffrja01
232,Brandon Jennings,PG,21,MIL,63,2169,.390,14.2,,.673,.256,.149,.109,.159,.327,,.422,.519,.355,.366,.367,.323,,.240,.735,,.006,5,,.106,.438,,3,0,jennibr01
233,Eugene Jeter,PG,27,SAC,62,858,.409,17.2,,.884,.108,.058,.089,.629,.116,,.437,.643,.200,.348,.436,.200,,.470,1.000,,.000,0,,.300,.333,,2,0,jetereu01
234,Yi Jianlian,PF,23,WAS,63,1112,.418,12.9,,.963,.222,.130,.161,.450,.037,,.425,.649,.178,.339,.417,.231,,.732,1.000,,.095,30,,.077,.000,,0,0,jianlyi01
235,Amir Johnson,PF,23,TOR,72,1853,.568,6.2,,.998,.564,.212,.026,.196,.002,,.569,.699,.381,.231,.443,.000,,.641,,,.145,67,,1.000,.000,,0,0,johnsam01
236,Armon Johnson,PG,21,POR,38,277,.455,10.4,,.881,.287,.327,.079,.188,.119,,.461,.517,.485,.625,.263,.417,,.122,.800,,.000,0,,.250,.667,,1,0,johnsar02
237,Chris Johnson,C,25,TOT,14,138,.429,6.9,,1.000,.667,.000,.000,.333,.000,,.429,.643,,,.000,,,.667,,,.333,5,,,,,0,0,johnsch03
237,Chris Johnson,C,25,POR,10,106,.389,7.8,,1.000,.611,.000,.000,.389,.000,,.389,.636,,,.000,,,.571,,,.333,4,,,,,0,0,johnsch03
237,Chris Johnson,C,25,BOS,4,32,.667,1.9,,1.000,1.000,.000,.000,.000,.000,,.667,.667,,,,,,1.000,,,.333,1,,,,,0,0,johnsch03
238,James Johnson,SF,23,TOT,38,822,.456,10.2,,.857,.435,.135,.059,.228,.143,,.493,.699,.188,.429,.296,.235,,.530,.875,,.139,29,,.471,.438,,1,0,johnsja01
238,James Johnson,SF,23,CHI,13,123,.415,12.4,,.780,.293,.171,.073,.244,.220,,.469,.750,.286,.333,.300,.222,,.400,1.000,,.098,4,,.333,.667,,0,0,johnsja01
238,James Johnson,SF,23,TOR,25,699,.464,9.7,,.872,.464,.128,.056,.224,.128,,.497,.692,.160,.455,.295,.240,,.553,.833,,.148,25,,.520,.385,,1,0,johnsja01
239,Joe Johnson,SG,29,ATL,72,2554,.443,13.9,,.742,.176,.235,.114,.217,.258,,.494,.681,.505,.386,.385,.297,,.388,.843,,.018,18,,.383,.296,,4,0,johnsjo02
240,Trey Johnson,SG,26,TOT,8,94,.364,13.2,,.909,.273,.061,.091,.485,.091,,.367,.444,.000,.333,.375,.333,,.636,1.000,,.000,0,,.667,.000,,0,0,johnstr01
240,Trey Johnson,SG,26,TOR,7,81,.333,13.0,,.900,.300,.067,.067,.467,.100,,.333,.444,.000,.000,.357,.333,,.778,1.000,,.000,0,,.667,.000,,0,0,johnstr01
240,Trey Johnson,SG,26,LAL,1,13,.667,14.8,,1.000,.000,.000,.333,.667,.000,,.667,,,1.000,.500,,,.000,,,.000,0,,,,,0,0,johnstr01
241,Wesley Johnson,SG,23,MIN,79,2069,.397,18.5,,.576,.120,.062,.070,.324,.424,,.427,.659,.262,.396,.380,.356,,.595,.845,,.047,27,,.246,.394,,0,0,johnswe01
242,Dahntay Jones,SG,30,IND,45,589,.467,12.8,,.818,.220,.196,.131,.271,.182,,.491,.574,.500,.393,.466,.359,,.291,.929,,.023,4,,.795,.419,,0,0,jonesda02
243,Dominique Jones,SG,22,DAL,18,135,.311,10.6,,.911,.267,.311,.200,.133,.089,,.341,.250,.429,.333,.333,.000,,.357,,,.022,0,,.750,.000,,1,0,jonesdo02
244,James Jones,SF,30,MIA,81,1549,.422,23.5,,.171,.003,.009,.009,.150,.829,,.390,1.000,.000,.667,.385,.429,,.957,.992,,.000,0,,.495,.500,,0,0,jonesja02
245,Solomon Jones,C,26,IND,39,528,.405,9.0,,.992,.339,.223,.149,.281,.008,,.408,.512,.444,.444,.235,.000,,.755,,,.140,13,,.000,,,0,0,jonesso01
246,DeAndre Jordan,C,22,LAC,80,2047,.686,2.1,,.997,.806,.185,.003,.003,.003,,.688,.745,.460,.000,.000,.000,,.667,,,.513,158,,.000,,,0,0,jordade01
247,Chris Kaman,C,28,LAC,32,838,.471,9.8,,1.000,.263,.231,.234,.271,.000,,.471,.646,.299,.466,.451,,,.706,,,.029,11,,,,,0,0,kamanch01
248,Jason Kapono,SF,29,PHI,24,112,.250,16.6,,.714,.143,.036,.179,.357,.286,,.300,.500,.000,.200,.300,.125,,.833,1.000,,.000,0,,.375,.000,,0,0,kaponja01
249,Jason Kidd*,PG,37,DAL,80,2653,.361,20.9,,.344,.081,.055,.045,.163,.656,,.400,.604,.364,.259,.351,.340,,.402,.895,,.000,0,,.153,.300,,4,1,kiddja01
250,Andrei Kirilenko,SF,29,UTA,64,1999,.467,11.2,,.819,.428,.111,.026,.255,.181,,.489,.629,.367,.286,.326,.367,,.696,.972,,.133,68,,.153,.533,,0,0,kirilan01
251,Linas Kleiza,SF,26,TOR,39,1032,.438,13.8,,.677,.227,.197,.111,.143,.323,,.505,.652,.475,.533,.293,.298,,.597,.923,,.032,13,,.282,.324,,0,0,kleizli01
252,Kyle Korver,SG,29,CHI,82,1649,.434,21.1,,.481,.031,.018,.061,.372,.519,,.455,.706,.200,.324,.469,.415,,.869,.950,,.002,1,,.253,.438,,0,0,korveky01
253,Kosta Koufos,C,21,TOT,50,434,.453,6.3,,.987,.380,.480,.060,.067,.013,,.459,.667,.333,.333,.300,.000,,.515,,,.100,13,,.500,.000,,1,0,koufoko01
253,Kosta Koufos,C,21,MIN,39,336,.435,6.6,,.981,.370,.481,.065,.065,.019,,.443,.625,.308,.429,.429,.000,,.447,,,.074,6,,.500,.000,,1,0,koufoko01
253,Kosta Koufos,C,21,DEN,11,98,.500,5.4,,1.000,.405,.476,.048,.071,.000,,.500,.765,.400,.000,.000,,,.667,,,.167,7,,,,,0,0,koufoko01
254,Nenad Krstić,C,27,TOT,71,1571,.511,9.5,,1.000,.369,.170,.097,.363,.000,,.511,.671,.338,.500,.433,,,.749,,,.077,34,,,,,0,0,krstine01
254,Nenad Krstić,C,27,OKC,47,1018,.498,11.2,,1.000,.285,.151,.115,.449,.000,,.498,.701,.283,.514,.438,,,.737,,,.056,17,,,,,0,0,krstine01
254,Nenad Krstić,C,27,BOS,24,553,.537,6.0,,1.000,.544,.211,.061,.184,.000,,.537,.638,.419,.444,.407,,,.772,,,.122,17,,,,,0,0,krstine01
255,Carl Landry,PF,27,TOT,76,2008,.502,9.6,,.994,.284,.268,.169,.274,.006,,.505,.785,.457,.362,.351,.000,,.525,,,.073,49,,.250,.000,,2,0,landrca01
255,Carl Landry,PF,27,SAC,53,1406,.492,9.6,,.994,.281,.273,.153,.287,.006,,.495,.794,.417,.392,.331,.000,,.496,,,.074,35,,.333,.000,,2,0,landrca01
255,Carl Landry,PF,27,NOH,23,602,.527,9.4,,.995,.291,.256,.207,.241,.005,,.530,.763,.558,.310,.408,.000,,.589,,,.069,14,,.000,,,0,0,landrca01
256,Acie Law,PG,26,TOT,51,726,.435,10.5,,.806,.403,.145,.108,.151,.194,,.500,.627,.296,.400,.429,.167,,.360,.833,,.000,0,,.611,.182,,0,0,lawac01
256,Acie Law,PG,26,MEM,11,94,.158,12.9,,.684,.158,.211,.316,.000,.316,,.231,.333,.250,.167,,.000,,.000,,,.000,0,,.667,.000,,0,0,lawac01
256,Acie Law,PG,26,GSW,40,632,.467,10.2,,.820,.431,.138,.084,.168,.180,,.526,.639,.304,.500,.429,.200,,.375,.833,,.000,0,,.600,.222,,0,0,lawac01
257,Gani Lawal,PF,22,PHO,1,2,,,,,,,,,,,,,,,,,,,,,,0,,,,,0,0,lawalga01
258,Ty Lawson,PG,23,DEN,80,2103,.503,10.9,,.751,.426,.142,.063,.121,.249,,.536,.635,.357,.488,.422,.404,,.227,.942,,.003,1,,.251,.558,,2,1,lawsoty01
259,Courtney Lee,SG,25,HOU,81,1723,.439,14.5,,.698,.233,.123,.104,.238,.302,,.453,.634,.338,.450,.336,.408,,.522,.972,,.040,21,,.310,.389,,0,0,leeco01
260,David Lee,PF,27,GSW,73,2634,.507,8.9,,.997,.354,.236,.120,.287,.003,,.508,.688,.342,.444,.448,.333,,.675,1.000,,.086,80,,.000,,,0,0,leeda02
261,Rashard Lewis,SF-PF,31,TOT,57,1824,.433,16.1,,.581,.125,.174,.136,.146,.419,,.488,.685,.406,.380,.518,.357,,.545,.989,,.012,7,,.393,.438,,0,0,lewisra02
261,Rashard Lewis,PF,31,ORL,25,810,.419,16.4,,.556,.107,.170,.144,.133,.444,,.460,.690,.478,.410,.306,.367,,.507,1.000,,.015,4,,.492,.441,,0,0,lewisra02
261,Rashard Lewis,SF,31,WAS,32,1014,.446,15.9,,.603,.141,.176,.128,.157,.397,,.511,.682,.345,.350,.673,.347,,.573,.977,,.010,3,,.298,.432,,0,0,lewisra02
262,Jeremy Lin,PG,22,GSW,29,285,.389,8.5,,.931,.417,.264,.056,.194,.069,,.403,.533,.316,.250,.286,.200,,.407,.000,,.000,0,,.200,.000,,0,0,linje01
263,Shaun Livingston,PG,25,CHA,73,1261,.466,9.9,,.990,.249,.222,.340,.179,.010,,.468,.616,.443,.437,.352,.250,,.293,1.000,,.060,19,,.500,.500,,1,0,livinsh01
264,Brook Lopez,C,22,NJN,82,2889,.492,8.4,,.999,.242,.437,.150,.170,.001,,.492,.625,.495,.398,.381,.000,,.637,,,.072,87,,.000,,,0,0,lopezbr01
265,Robin Lopez,C,22,PHO,67,991,.501,6.3,,1.000,.412,.336,.162,.090,.000,,.501,.680,.325,.448,.438,,,.726,,,.092,29,,,,,0,0,lopezro01
266,Kevin Love,PF,22,MIN,73,2611,.470,10.4,,.794,.352,.259,.078,.105,.206,,.483,.615,.398,.313,.380,.417,,.525,.989,,.026,22,,.081,.529,,4,0,loveke01
267,Kyle Lowry,PG,24,HOU,75,2563,.426,15.8,,.576,.225,.143,.057,.151,.424,,.464,.665,.405,.261,.295,.376,,.319,.636,,.000,0,,.169,.310,,4,0,lowryky01
268,John Lucas III,PG,28,CHI,2,10,.333,21.2,,.667,.000,.000,.000,.667,.333,,.500,,,,.500,.000,,.000,,,.000,0,,.000,,,0,0,lucasjo02
269,Corey Maggette,SF,31,MIL,67,1401,.453,13.5,,.860,.267,.093,.091,.410,.140,,.468,.611,.404,.294,.428,.359,,.604,.964,,.020,11,,.346,.148,,1,0,maggeco01
270,Jamaal Magloire,C,32,MIA,18,158,.591,2.9,,1.000,.545,.455,.000,.000,.000,,.591,.833,.300,,,,,.538,,,.136,3,,,,,0,0,magloja01
271,Ian Mahinmi,C,24,DAL,56,488,.561,6.7,,.980,.571,.184,.102,.122,.020,,.573,.696,.444,.500,.250,.000,,.782,,,.224,19,,.000,,,2,0,mahinia01
272,Shawn Marion,SF,32,DAL,80,2253,.520,6.8,,.960,.361,.428,.119,.053,.040,,.536,.731,.448,.323,.386,.152,,.685,1.000,,.096,77,,.576,.105,,1,0,mariosh01
273,Sean Marks,C,35,POR,29,208,.432,14.8,,.955,.227,.068,.045,.614,.045,,.405,.400,.333,.500,.407,1.000,,.882,1.000,,.023,1,,.500,1.000,,0,0,marksse01
274,Cartier Martin,SF,26,WAS,52,542,.390,19.1,,.456,.110,.055,.060,.231,.544,,.386,.600,.400,.091,.357,.394,,.719,1.000,,.000,0,,.293,.345,,0,0,martica01
275,Kenyon Martin,PF,33,DEN,48,1233,.511,8.1,,.975,.450,.202,.088,.235,.025,,.518,.724,.411,.375,.271,.222,,.667,1.000,,.191,64,,.222,.500,,1,0,martike01
276,Kevin Martin,SG,27,HOU,80,2603,.436,15.7,,.638,.186,.128,.105,.219,.362,,.467,.703,.377,.421,.339,.383,,.480,.869,,.035,44,,.129,.407,,0,0,martike02
277,Roger Mason,SG,30,NYK,26,319,.338,21.1,,.429,.065,.026,.039,.299,.571,,.303,.200,1.000,.333,.261,.364,,.700,.813,,.000,0,,.341,.467,,0,0,masonro01
278,Wesley Matthews,SG,24,POR,82,2758,.449,14.0,,.614,.278,.161,.073,.102,.386,,.476,.640,.386,.282,.310,.407,,.545,.961,,.020,18,,.344,.438,,4,0,matthwe02
279,Jason Maxiell,PF,27,DET,57,930,.492,6.5,,1.000,.492,.217,.175,.116,.000,,.492,.602,.390,.364,.409,,,.656,,,.159,22,,,,,0,0,maxieja01
280,Eric Maynor,PG,23,OKC,82,1200,.402,14.8,,.712,.117,.306,.129,.159,.288,,.409,.590,.363,.419,.358,.385,,.113,.946,,.000,0,,.094,.222,,6,0,maynoer01
281,O.J. Mayo,SG,23,MEM,71,1869,.407,16.6,,.647,.153,.127,.080,.286,.353,,.431,.605,.358,.433,.369,.364,,.534,.917,,.011,8,,.307,.407,,5,0,mayooj01
282,Luc Mbah a Moute,PF,24,MIL,79,2093,.463,8.2,,.984,.512,.084,.107,.280,.016,,.470,.575,.250,.435,.358,.000,,.707,,,.030,12,,.571,.000,,1,0,mbahalu01
283,Antonio McDyess,PF,36,SAS,73,1387,.491,12.8,,.997,.256,.047,.174,.520,.003,,.493,.727,.250,.383,.436,.000,,.888,,,.078,26,,.000,,,0,0,mcdyean01
284,JaVale McGee,C,23,WAS,79,2193,.550,4.2,,.995,.570,.323,.076,.026,.005,,.552,.683,.426,.239,.188,.000,,.536,,,.268,155,,.000,,,0,0,mcgeeja01
285,Tracy McGrady*,SG,31,DET,72,1686,.442,13.9,,.829,.241,.111,.113,.364,.171,,.462,.661,.368,.362,.390,.341,,.350,.867,,.045,22,,.057,.600,,2,0,mcgratr01
286,Dominic McGuire,SF,25,CHA,52,760,.396,9.4,,.989,.407,.154,.088,.341,.011,,.400,.541,.321,.188,.323,.000,,.514,,,.060,10,,.500,.000,,0,0,mcguido01
287,Josh McRoberts,PF,23,IND,72,1597,.547,8.7,,.845,.479,.179,.067,.119,.155,,.577,.724,.391,.385,.370,.383,,.654,1.000,,.202,74,,.133,.250,,0,0,mcrobjo01
288,Jodie Meeks,SG,23,PHI,74,2062,.425,18.7,,.389,.163,.054,.067,.105,.611,,.468,.602,.323,.395,.383,.397,,.779,.978,,.007,4,,.250,.425,,1,0,meeksjo01
289,Pops Mensah-Bonsu,PF,27,NOH,7,35,.333,2.0,,1.000,1.000,.000,.000,.000,.000,,.333,.333,,,,,,.000,,,.000,0,,,,,0,0,mensapo01
290,C.J. Miles,SF,23,UTA,78,1969,.407,15.3,,.623,.207,.161,.076,.179,.377,,.459,.683,.352,.294,.366,.322,,.525,.908,,.040,31,,.139,.298,,4,0,milescj01
291,Darko Miličić,C,25,MIN,69,1686,.469,5.0,,1.000,.327,.614,.057,.002,.000,,.469,.635,.406,.182,1.000,,,.509,,,.062,36,,,,,0,0,milicda01
292,Andre Miller,PG,34,POR,81,2650,.460,10.6,,.956,.276,.217,.219,.244,.044,,.476,.665,.421,.411,.369,.108,,.359,1.000,,.000,0,,.108,.250,,5,0,millean02
293,Brad Miller,C,34,HOU,60,1015,.446,14.9,,.639,.233,.122,.098,.186,.361,,.487,.594,.250,.414,.545,.374,,.696,1.000,,.007,1,,.028,.333,,0,0,millebr01
294,Mike Miller,SG,30,MIA,41,838,.401,19.1,,.416,.144,.074,.030,.168,.584,,.452,.621,.533,.167,.324,.364,,.658,.977,,.005,1,,.305,.417,,1,0,millemi01
295,Patty Mills,PG,22,POR,64,783,.412,16.6,,.595,.201,.079,.085,.229,.405,,.451,.545,.385,.607,.333,.353,,.216,.979,,.000,0,,.346,.478,,2,0,millspa02
296,Paul Millsap,PF,25,UTA,76,2605,.531,9.6,,.977,.347,.188,.166,.275,.023,,.535,.697,.392,.482,.460,.391,,.678,1.000,,.043,35,,.087,.500,,2,0,millspa01
297,Yao Ming*,C,30,HOU,5,91,.486,7.5,,1.000,.162,.568,.270,.000,.000,,.486,.667,.476,.400,,,,.667,,,.027,1,,,,,0,0,mingya01
298,Nazr Mohammed,C,33,TOT,75,1280,.522,6.5,,.998,.484,.196,.246,.071,.002,,.523,.664,.364,.427,.344,.000,,.684,,,.094,28,,1.000,.000,,0,0,mohamna01
298,Nazr Mohammed,C,33,CHA,51,851,.502,6.0,,.997,.505,.224,.218,.050,.003,,.503,.644,.324,.406,.313,.000,,.704,,,.091,18,,1.000,.000,,0,0,mohamna01
298,Nazr Mohammed,C,33,OKC,24,429,.573,7.7,,1.000,.435,.130,.313,.122,.000,,.573,.719,.529,.463,.375,,,.640,,,.099,10,,,,,0,0,mohamna01
299,Greg Monroe,C,20,DET,80,2222,.551,3.1,,.998,.740,.173,.047,.038,.002,,.552,.649,.295,.269,.190,.000,,.568,,,.055,27,,.000,,,1,0,monrogr01
300,Jamario Moon,SF,30,TOT,59,1042,.407,17.9,,.504,.177,.036,.056,.234,.496,,.504,.818,.111,.000,.448,.309,,.841,.947,,.093,22,,.439,.389,,0,0,moonja01
300,Jamario Moon,SF,30,CLE,40,764,.402,18.3,,.497,.175,.026,.032,.265,.503,,.521,.788,.000,.000,.460,.284,,.837,.963,,.074,13,,.411,.385,,0,0,moonja01
300,Jamario Moon,SF,30,LAC,19,278,.424,16.7,,.525,.186,.068,.136,.136,.475,,.452,.909,.250,.000,.375,.393,,.857,.909,,.153,9,,.536,.400,,0,0,moonja01
301,Anthony Morrow,SG,25,NJN,58,1856,.450,17.7,,.581,.081,.115,.163,.223,.419,,.469,.500,.451,.455,.478,.423,,.509,.945,,.000,0,,.373,.402,,0,0,morroan01
302,Timofey Mozgov,C,24,TOT,45,524,.474,6.3,,1.000,.534,.195,.090,.180,.000,,.474,.648,.154,.500,.292,,,.683,,,.248,28,,,,,0,0,mozgoti01
302,Timofey Mozgov,C,24,NYK,34,458,.464,6.3,,1.000,.563,.170,.080,.188,.000,,.464,.651,.053,.444,.286,,,.654,,,.268,26,,,,,0,0,mozgoti01
302,Timofey Mozgov,C,24,DEN,11,66,.524,6.5,,1.000,.381,.333,.143,.143,.000,,.524,.625,.429,.667,.333,,,.818,,,.143,2,,,,,0,0,mozgoti01
303,Byron Mullens,PF,21,OKC,13,85,.321,8.9,,1.000,.393,.214,.071,.321,.000,,.321,.455,.167,.500,.222,,,.778,,,.179,4,,,,,0,0,mulleby01
304,Troy Murphy,PF,30,TOT,35,466,.368,14.9,,.711,.211,.088,.140,.272,.289,,.457,.625,.300,.375,.419,.152,,.622,.800,,.044,5,,.182,.000,,0,0,murphtr01
304,Troy Murphy,PF,30,NJN,18,288,.342,16.4,,.697,.132,.079,.184,.303,.303,,.415,.500,.333,.429,.391,.174,,.682,1.000,,.013,1,,.174,.000,,0,0,murphtr01
304,Troy Murphy,PF,30,BOS,17,178,.421,12.1,,.737,.368,.105,.053,.211,.263,,.536,.714,.250,.000,.500,.100,,.533,.000,,.105,4,,.200,.000,,0,0,murphtr01
305,Hamady N'Diaye,C,24,WAS,16,80,.800,6.7,,1.000,.400,.200,.400,.000,.000,,.800,1.000,1.000,.500,,,,.750,,,.400,2,,,,,0,0,ndiayha01
306,Eduardo Nájera,PF,34,CHA,31,372,.361,17.4,,.528,.208,.069,.028,.222,.472,,.395,.600,.200,.000,.313,.324,,.600,1.000,,.014,0,,.147,.200,,0,0,najered01
307,Steve Nash*,PG,36,PHO,75,2497,.492,14.8,,.747,.147,.163,.189,.249,.253,,.525,.739,.492,.490,.446,.395,,.094,.321,,.000,0,,.020,.250,,1,0,nashst01
308,Gary Neal,SG,26,SAS,80,1685,.451,18.2,,.513,.044,.161,.158,.149,.487,,.481,.679,.441,.520,.426,.419,,.532,.814,,.000,0,,.256,.456,,2,0,nealga01
309,Jameer Nelson,PG,28,ORL,76,2319,.446,15.6,,.646,.209,.121,.092,.224,.354,,.471,.629,.356,.390,.420,.401,,.137,.622,,.000,0,,.165,.449,,2,1,nelsoja01
310,Joakim Noah,C,25,CHI,48,1576,.525,4.8,,.998,.600,.256,.035,.107,.002,,.526,.614,.408,.429,.349,.000,,.573,,,.162,58,,.000,,,0,0,noahjo01
311,Andrés Nocioni,SF,31,PHI,54,931,.426,15.5,,.574,.195,.166,.097,.116,.426,,.478,.722,.370,.296,.375,.356,,.645,1.000,,.018,5,,.331,.436,,0,0,nocioan01
312,Steve Novak,SF,27,TOT,30,215,.522,22.8,,.313,.000,.015,.060,.239,.687,,.429,,1.000,.250,.438,.565,,.778,1.000,,.000,0,,.435,.650,,0,0,novakst01
312,Steve Novak,SF,27,DAL,7,18,.500,22.6,,.500,.000,.000,.000,.500,.500,,.250,,,,.250,.750,,1.000,1.000,,.000,0,,.750,.667,,0,0,novakst01
312,Steve Novak,SF,27,SAS,23,197,.525,22.9,,.288,.000,.017,.068,.203,.712,,.471,,1.000,.250,.500,.548,,.750,1.000,,.000,0,,.405,.647,,0,0,novakst01
313,Dirk Nowitzki*,PF,32,DAL,73,2504,.517,14.4,,.858,.128,.130,.256,.344,.142,,.538,.709,.477,.500,.526,.393,,.590,.970,,.008,9,,.226,.553,,1,0,nowitdi01
314,Jermaine O'Neal,C,32,BOS,24,431,.459,7.6,,.991,.394,.220,.257,.119,.009,,.463,.674,.250,.393,.308,.000,,.840,,,.101,11,,.000,,,0,0,onealje01
315,Shaquille O'Neal*,C,38,BOS,37,752,.667,1.8,,1.000,.831,.164,.005,.000,.000,,.667,.719,.424,.000,,,,.806,,,.224,43,,,,,0,0,onealsh01
316,Fabricio Oberto,C,35,POR,5,45,.600,4.1,,1.000,.600,.200,.200,.000,.000,,.600,1.000,.000,.000,,,,.667,,,.000,0,,,,,0,0,obertfa01
317,Lamar Odom,PF,31,LAL,82,2639,.530,10.6,,.801,.383,.218,.053,.147,.199,,.566,.705,.503,.298,.397,.382,,.565,.765,,.058,45,,.112,.350,,3,0,odomla01
318,Emeka Okafor,C,28,NOH,72,2287,.573,3.7,,.998,.573,.372,.050,.004,.002,,.574,.710,.400,.308,.500,.000,,.697,,,.181,84,,.000,,,0,0,okafoem01
319,Mehmet Okur,C,31,UTA,13,168,.355,13.7,,.742,.177,.194,.210,.161,.258,,.370,.364,.167,.615,.300,.313,,.706,1.000,,.016,1,,.250,.500,,0,0,okurme01
320,Travis Outlaw,SF,26,NJN,82,2358,.375,16.9,,.655,.114,.112,.145,.285,.345,,.413,.627,.329,.368,.385,.302,,.505,.934,,.034,21,,.401,.327,,4,0,outlatr01
321,Larry Owens,SF,28,TOT,12,143,.469,15.8,,.594,.094,.250,.125,.125,.406,,.474,.667,.375,.750,.250,.462,,.333,1.000,,.031,1,,.692,.556,,0,0,owensla01
321,Larry Owens,SF,28,SAS,7,31,.500,16.9,,.500,.000,.333,.167,.000,.500,,.667,,.500,1.000,,.333,,.000,1.000,,.000,0,,.667,.500,,0,0,owensla01
321,Larry Owens,SF,28,WAS,5,112,.462,15.5,,.615,.115,.231,.115,.154,.385,,.438,.667,.333,.667,.250,.500,,.429,1.000,,.038,1,,.700,.571,,0,0,owensla01
322,Zaza Pachulia,C,26,ATL,79,1244,.461,5.2,,1.000,.591,.220,.073,.116,.000,,.461,.577,.235,.529,.259,,,.654,,,.047,7,,,,,0,0,pachuza01
323,Anthony Parker,SF,35,CLE,72,2091,.399,18.5,,.589,.058,.085,.136,.310,.411,,.412,.688,.340,.267,.444,.379,,.560,.872,,.005,3,,.374,.424,,0,0,parkean01
324,Tony Parker*,PG,28,SAS,78,2528,.519,8.8,,.935,.401,.233,.098,.202,.065,,.531,.669,.510,.333,.375,.357,,.230,.880,,.000,0,,.700,.367,,0,0,parketo01
325,Patrick Patterson,PF,21,HOU,52,868,.558,10.1,,.993,.311,.184,.184,.315,.007,,.562,.687,.490,.490,.524,.000,,.711,,,.075,17,,.500,.000,,1,0,pattepa01
326,Chris Paul,PG,25,NOH,80,2880,.463,14.2,,.803,.145,.205,.183,.269,.197,,.482,.615,.447,.435,.468,.388,,.120,.479,,.000,0,,.126,.435,,1,0,paulch01
327,Sasha Pavlović,SF-SG,27,TOT,31,362,.403,18.1,,.569,.125,.069,.069,.306,.431,,.415,.667,.200,.200,.409,.387,,.529,1.000,,.028,2,,.484,.333,,0,0,pavloal01
327,Sasha Pavlović,SF,27,DAL,10,163,.429,17.6,,.543,.171,.057,.086,.229,.457,,.421,.500,.000,.333,.500,.438,,.625,1.000,,.029,1,,.438,.429,,0,0,pavloal01
327,Sasha Pavlović,SG,27,NOH,4,50,.182,20.4,,.545,.000,.000,.182,.364,.455,,.333,,,.000,.500,.000,,1.000,,,.000,0,,.600,.000,,0,0,pavloal01
327,Sasha Pavlović,SG,27,BOS,17,149,.462,17.7,,.615,.115,.115,.000,.385,.385,,.438,1.000,.333,,.300,.500,,.286,1.000,,.038,1,,.500,.400,,0,0,pavloal01
328,Nikola Peković,C,25,MIN,65,887,.517,3.8,,1.000,.502,.437,.053,.008,.000,,.517,.629,.435,.214,.000,,,.566,,,.057,11,,,,,0,0,pekovni01
329,Kendrick Perkins,C,26,TOT,29,742,.515,4.3,,1.000,.569,.308,.085,.038,.000,,.515,.649,.400,.273,.000,,,.567,,,.038,5,,,,,0,0,perkike01
329,Kendrick Perkins,C,26,BOS,12,313,.542,3.6,,1.000,.661,.237,.051,.051,.000,,.542,.641,.429,.333,.000,,,.688,,,.051,3,,,,,0,0,perkike01
329,Kendrick Perkins,C,26,OKC,17,429,.493,4.9,,1.000,.493,.366,.113,.028,.000,,.493,.657,.385,.250,.000,,,.457,,,.028,2,,,,,0,0,perkike01
330,Morris Peterson,SG,33,OKC,4,23,.400,14.7,,.800,.200,.200,.000,.400,.200,,.500,1.000,1.000,,.000,.000,,.500,,,.000,0,,1.000,.000,,0,0,petermo01
331,Johan Petro,C,25,NJN,77,893,.445,12.6,,.986,.176,.176,.228,.407,.014,,.451,.627,.392,.485,.381,.000,,.783,,,.034,7,,.250,.000,,1,0,petrojo01
332,Paul Pierce*,SF,33,BOS,80,2774,.497,13.6,,.709,.288,.091,.152,.178,.291,,.547,.718,.366,.484,.418,.374,,.455,.892,,.038,38,,.111,.606,,1,0,piercpa01
333,Mickaël Piétrus,SG-SF,28,TOT,57,1107,.392,20.7,,.353,.085,.038,.041,.189,.647,,.450,.774,.357,.400,.333,.360,,.724,.894,,.022,6,,.398,.330,,1,0,pietrmi01
333,Mickaël Piétrus,SF,28,ORL,19,418,.391,22.0,,.243,.061,.035,.009,.139,.757,,.393,.571,.500,.000,.313,.391,,.727,.794,,.009,1,,.345,.267,,0,0,pietrmi01
333,Mickaël Piétrus,SG,28,PHO,38,689,.392,20.1,,.404,.096,.040,.056,.212,.596,,.465,.833,.300,.429,.340,.342,,.723,.961,,.028,5,,.430,.359,,1,0,pietrmi01
334,Dexter Pittman,C,22,MIA,2,11,.333,4.7,,1.000,.667,.333,.000,.000,.000,,.333,.500,.000,,,,,1.000,,,.000,0,,,,,0,0,pittmde01
335,Quincy Pondexter,SF,22,NOH,66,734,.406,12.7,,.722,.233,.239,.067,.183,.278,,.423,.571,.372,.417,.303,.360,,.564,.944,,.044,6,,.760,.368,,0,0,pondequ01
336,James Posey,SF,34,IND,49,839,.336,23.0,,.120,.054,.025,.012,.029,.880,,.483,.692,.833,.000,.000,.316,,.571,.985,,.004,1,,.217,.326,,1,0,poseyja01
337,Leon Powe,C-PF,27,TOT,30,328,.496,6.3,,.983,.487,.303,.067,.126,.017,,.504,.569,.444,.375,.467,.000,,.661,,,.067,7,,.000,,,0,0,powele01
337,Leon Powe,PF,27,CLE,14,187,.492,5.3,,1.000,.593,.203,.068,.136,.000,,.492,.543,.500,.500,.250,,,.759,,,.119,6,,,,,0,0,powele01
337,Leon Powe,C,27,MEM,16,141,.500,7.3,,.967,.383,.400,.067,.117,.033,,.517,.609,.417,.250,.714,.000,,.567,,,.017,1,,.000,,,0,0,powele01
338,Josh Powell,PF,28,ATL,54,653,.452,10.8,,.995,.284,.168,.183,.361,.005,,.454,.525,.429,.421,.427,.000,,.660,,,.053,10,,1.000,.000,,0,0,poweljo01
339,A.J. Price,PG,24,IND,50,795,.356,18.9,,.534,.069,.128,.163,.175,.466,,.427,.591,.415,.423,.375,.275,,.110,.659,,.000,0,,.040,.167,,4,0,priceaj01
340,Ronnie Price,SG,27,UTA,59,717,.352,14.9,,.671,.310,.043,.081,.238,.329,,.383,.569,.111,.059,.300,.290,,.481,.950,,.057,9,,.246,.294,,3,0,pricero01
341,Tayshaun Prince,SF,30,DET,78,2562,.473,12.2,,.902,.204,.187,.202,.310,.098,,.486,.794,.433,.371,.390,.347,,.485,.971,,.056,54,,.765,.387,,0,0,princta01
342,Joel Przybilla,C,31,TOT,36,519,.568,1.9,,1.000,.932,.068,.000,.000,.000,,.568,.585,.333,,,,,.640,,,.114,3,,,,,0,0,przybjo01
342,Joel Przybilla,C,31,POR,31,445,.618,1.9,,1.000,.912,.088,.000,.000,.000,,.618,.645,.333,,,,,.667,,,.147,3,,,,,0,0,przybjo01
342,Joel Przybilla,C,31,CHA,5,74,.400,1.8,,1.000,1.000,.000,.000,.000,.000,,.400,.400,,,,,,.500,,,.000,0,,,,,0,0,przybjo01
343,Chris Quinn,PG,27,SAS,41,292,.363,17.7,,.593,.077,.176,.132,.209,.407,,.407,.571,.438,.500,.263,.297,,.500,.818,,.000,0,,.405,.400,,1,0,quinnch01
344,Vladimir Radmanović,PF,30,GSW,74,1169,.431,16.8,,.456,.223,.097,.044,.091,.544,,.462,.634,.355,.143,.310,.405,,.522,.957,,.041,13,,.277,.458,,0,0,radmavl01
345,Anthony Randolph,C-PF,21,TOT,40,590,.466,9.2,,.985,.371,.212,.117,.284,.015,,.469,.673,.357,.323,.347,.250,,.598,1.000,,.106,27,,.750,.333,,1,0,randoan01
345,Anthony Randolph,PF,21,NYK,17,127,.311,12.2,,.911,.267,.244,.111,.289,.089,,.317,.667,.273,.000,.154,.250,,.692,1.000,,.133,6,,.750,.333,,1,0,randoan01
345,Anthony Randolph,C,21,MIN,23,463,.498,8.6,,1.000,.393,.205,.119,.283,.000,,.498,.674,.378,.385,.387,,,.587,,,.100,21,,,,,0,0,randoan01
346,Zach Randolph,PF,29,MEM,75,2724,.503,7.3,,.964,.394,.329,.116,.125,.036,,.515,.654,.458,.348,.385,.186,,.485,1.000,,.011,13,,.116,.400,,2,0,randoza01
347,Theo Ratliff,C,37,LAL,10,71,.167,5.7,,1.000,.500,.333,.167,.000,.000,,.167,.333,.000,.000,,,,1.000,,,.167,1,,,,,0,0,ratlith01
348,Andy Rautins,SG,24,NYK,5,24,.429,20.7,,.429,.143,.000,.000,.286,.571,,.667,.000,,,1.000,.250,,1.000,1.000,,.000,0,,.000,,,0,0,rautian01
349,Michael Redd,SG,31,MIL,10,134,.400,16.5,,.622,.111,.156,.067,.289,.378,,.500,1.000,.571,.000,.385,.235,,.500,1.000,,.000,0,,.529,.222,,0,0,reddmi01
350,JJ Redick,SG,26,ORL,59,1513,.441,18.2,,.510,.130,.092,.081,.208,.490,,.482,.621,.390,.500,.430,.397,,.527,.908,,.000,0,,.256,.393,,0,0,redicjj01
351,Jason Richardson,SG,30,TOT,80,2715,.447,16.2,,.546,.217,.115,.051,.164,.454,,.490,.677,.380,.333,.370,.395,,.597,.931,,.038,36,,.326,.410,,1,0,richaja01
351,Jason Richardson,SG,30,PHO,25,796,.470,14.9,,.620,.260,.121,.057,.183,.380,,.502,.693,.362,.364,.366,.419,,.570,.968,,.054,20,,.358,.472,,0,0,richaja01
351,Jason Richardson,SG,30,ORL,55,1919,.433,17.0,,.504,.192,.111,.048,.153,.496,,.482,.664,.392,.313,.373,.384,,.617,.913,,.028,16,,.311,.379,,1,0,richaja01
352,Quentin Richardson,SF,30,ORL,57,955,.341,16.9,,.427,.235,.106,.027,.059,.573,,.413,.550,.259,.429,.133,.288,,.289,1.000,,.020,5,,.260,.237,,1,0,richaqu01
353,Luke Ridnour,PG,29,MIN,71,2159,.468,15.3,,.730,.153,.162,.120,.295,.270,,.479,.500,.427,.573,.458,.440,,.252,.444,,.000,0,,.234,.535,,0,0,ridnolu01
354,Nate Robinson,PG,26,TOT,59,1013,.399,18.8,,.468,.144,.032,.077,.215,.532,,.483,.722,.333,.414,.370,.325,,.388,.738,,.005,2,,.215,.442,,1,0,robinna01
354,Nate Robinson,PG,26,BOS,55,983,.404,18.8,,.468,.144,.033,.069,.222,.532,,.491,.712,.333,.480,.375,.328,,.373,.762,,.006,2,,.219,.452,,1,0,robinna01
354,Nate Robinson,PG,26,OKC,4,30,.267,18.0,,.467,.133,.000,.267,.067,.533,,.286,1.000,,.000,.000,.250,,1.000,.000,,.000,0,,.125,.000,,0,0,robinna01
355,Rajon Rondo,PG,24,BOS,68,2527,.475,9.7,,.936,.415,.160,.061,.300,.064,,.491,.633,.318,.341,.418,.233,,.312,.600,,.004,3,,.093,.000,,1,0,rondora01
356,Derrick Rose,PG,22,CHI,81,3026,.445,13.0,,.759,.294,.164,.105,.196,.241,,.481,.611,.374,.437,.399,.332,,.204,.594,,.020,32,,.052,.300,,9,0,rosede01
357,Quinton Ross,SF,29,NJN,36,353,.441,16.9,,.949,.119,.034,.085,.712,.051,,.464,.714,.500,.400,.429,.000,,1.000,,,.000,0,,.000,,,1,0,rossqu01
358,Brandon Roy,SG,26,POR,47,1310,.400,14.1,,.782,.187,.145,.164,.285,.218,,.418,.592,.395,.360,.349,.333,,.298,.789,,.004,2,,.281,.281,,0,0,roybr01
359,Brandon Rush,SG,25,IND,67,1754,.421,17.2,,.567,.167,.083,.076,.241,.433,,.425,.651,.209,.462,.331,.417,,.492,.946,,.033,17,,.345,.429,,1,0,rushbr01
360,John Salmons,SG,31,MIL,73,2554,.415,14.2,,.756,.187,.109,.231,.229,.244,,.427,.571,.388,.411,.345,.379,,.300,.880,,.008,6,,.406,.461,,0,0,salmojo01
361,Samardo Samuels,PF,22,CLE,37,701,.456,5.6,,.988,.510,.307,.050,.120,.012,,.462,.626,.257,.250,.379,.000,,.545,,,.141,31,,.667,.000,,0,0,samuesa01
362,Larry Sanders,C,22,MIL,60,872,.433,9.6,,1.000,.325,.183,.209,.284,.000,,.433,.655,.367,.250,.355,,,.621,,,.112,29,,,,,0,0,sandela01
363,Brian Scalabrine,PF,32,CHI,18,88,.526,18.5,,.737,.053,.105,.105,.474,.263,,.714,1.000,.500,.500,.778,.000,,.800,,,.000,0,,.600,.000,,0,0,scalabr01
364,Luis Scola,PF,30,HOU,74,2412,.504,9.2,,.997,.256,.338,.142,.261,.003,,.505,.661,.421,.444,.495,.000,,.649,,,.004,4,,.667,.000,,1,0,scolalu01
365,Thabo Sefolosha,SG,26,OKC,79,2049,.471,12.5,,.694,.360,.105,.039,.189,.306,,.558,.675,.371,.692,.413,.275,,.628,.929,,.072,22,,.539,.255,,0,0,sefolth01
366,Kevin Séraphin,PF,21,WAS,58,635,.449,4.8,,1.000,.469,.422,.075,.034,.000,,.449,.551,.403,.273,.000,,,.485,,,.088,12,,,,,0,0,serapke01
367,Ramon Sessions,PG,24,CLE,81,2133,.466,8.0,,.981,.443,.227,.102,.209,.019,,.472,.578,.352,.354,.432,.200,,.284,.333,,.028,17,,.067,.000,,0,0,sessira01
368,Mustafa Shakur,PG,26,WAS,22,159,.356,12.5,,.831,.254,.220,.119,.237,.169,,.408,.533,.385,.571,.214,.100,,.050,1.000,,.000,0,,.000,,,0,0,shakumu01
369,Garret Siler,C,24,PHO,21,101,.548,3.2,,1.000,.452,.548,.000,.000,.000,,.548,.714,.412,,,,,.529,,,.065,2,,,,,0,0,silerga01
370,Bobby Simmons,SF,30,SAS,2,16,.000,24.4,,.000,.000,.000,.000,.000,1.000,,,,,,,.000,,,,,.000,0,,.333,.000,,0,0,simmobo01
371,Brian Skinner,C,34,MIL,2,6,,,,,,,,,,,,,,,,,,,,,,0,,,,,0,0,skinnbr01
372,Craig Smith,PF,27,LAC,48,586,.553,7.2,,.973,.473,.287,.048,.165,.027,,.568,.697,.500,.556,.323,.000,,.606,,,.021,4,,.200,.000,,2,0,smithcr01
373,Ish Smith,PG,22,TOT,43,442,.374,9.1,,.913,.304,.365,.122,.122,.087,,.381,.343,.405,.429,.357,.300,,.150,.667,,.009,1,,.100,1.000,,0,0,smithis01
373,Ish Smith,PG,22,HOU,28,329,.386,9.8,,.904,.277,.361,.133,.133,.096,,.387,.304,.400,.455,.455,.375,,.138,.667,,.000,0,,.125,1.000,,0,0,smithis01
373,Ish Smith,PG,22,MEM,15,113,.344,7.3,,.938,.375,.375,.094,.094,.063,,.367,.417,.417,.333,.000,.000,,.182,,,.031,1,,.000,,,0,0,smithis01
374,J.R. Smith,SF,25,DEN,79,1968,.435,16.6,,.594,.195,.122,.045,.232,.406,,.466,.601,.240,.257,.511,.390,,.318,.847,,.045,32,,.204,.308,,6,0,smithjr01
375,Jason Smith,C,24,NOH,77,1102,.443,14.1,,.993,.189,.059,.124,.622,.007,,.446,.621,.333,.395,.414,.000,,.831,,,.049,14,,.000,,,0,0,smithja02
376,Joe Smith,PF,35,TOT,16,69,.188,14.2,,1.000,.188,.000,.250,.563,.000,,.188,.000,,.500,.111,,,1.000,,,.000,0,,,,,0,0,smithjo02
376,Joe Smith,PF,35,NJN,4,25,.250,14.4,,1.000,.250,.000,.250,.500,.000,,.250,.000,,.000,.500,,,1.000,,,.000,0,,,,,0,0,smithjo02
376,Joe Smith,PF,35,LAL,12,44,.167,14.1,,1.000,.167,.000,.250,.583,.000,,.167,.000,,.667,.000,,,1.000,,,.000,0,,,,,0,0,smithjo02
377,Josh Smith,PF,25,ATL,77,2645,.477,12.0,,.852,.313,.174,.071,.294,.148,,.503,.687,.425,.270,.408,.331,,.661,.980,,.095,98,,.318,.408,,0,0,smithjo03
378,Darius Songaila,C,32,PHI,10,71,.467,12.0,,1.000,.200,.133,.200,.467,.000,,.467,1.000,.000,.333,.429,,,.714,,,.000,0,,,,,0,0,songada01
379,Marreese Speights,C,23,PHI,64,734,.495,10.6,,.986,.333,.131,.172,.351,.014,,.498,.670,.316,.380,.461,.250,,.643,1.000,,.076,20,,.000,,,1,0,speigma01
380,Tiago Splitter,C,26,SAS,60,738,.529,3.9,,.995,.534,.424,.026,.010,.005,,.532,.696,.370,.000,.000,.000,,.505,,,.084,14,,.000,,,0,0,splitti01
381,Jerry Stackhouse,SG,36,MIA,7,50,.250,18.1,,.667,.083,.083,.333,.167,.333,,.250,1.000,.000,.250,.000,.250,,.000,1.000,,.000,0,,.500,.500,,1,0,stackje01
382,Lance Stephenson,SG,20,IND,12,115,.333,12.7,,.872,.333,.154,.051,.333,.128,,.382,.385,.333,.500,.385,.000,,.077,,,.000,0,,.200,.000,,1,0,stephla01
383,DeShawn Stevenson,SG,29,DAL,72,1158,.388,21.2,,.245,.091,.018,.027,.109,.755,,.420,.433,.333,.222,.472,.378,,.324,.989,,.000,0,,.422,.419,,2,0,stevede01
384,Peja Stojaković,SF,33,TOT,33,617,.441,20.0,,.401,.084,.048,.075,.194,.599,,.473,.684,.364,.294,.477,.419,,.628,1.000,,.000,0,,.301,.341,,1,0,stojape01
384,Peja Stojaković,SF,33,NOH,6,89,.424,24.0,,.242,.030,.000,.030,.182,.758,,.375,.000,,.000,.500,.440,,1.000,1.000,,.000,0,,.240,.333,,1,0,stojape01
384,Peja Stojaković,SF,33,TOR,2,22,.700,18.9,,.400,.200,.000,.100,.100,.600,,.750,1.000,,1.000,.000,.667,,.667,1.000,,.000,0,,.000,,,0,0,stojape01
384,Peja Stojaković,SF,33,DAL,25,506,.429,19.4,,.429,.087,.060,.082,.201,.571,,.468,.688,.364,.267,.486,.400,,.595,1.000,,.000,0,,.333,.343,,0,0,stojape01
385,Amar'e Stoudemire,C,28,NYK,78,2870,.502,8.9,,.984,.314,.295,.138,.238,.016,,.503,.641,.426,.422,.465,.435,,.523,.800,,.086,119,,.304,.571,,0,0,stoudam01
386,Rodney Stuckey,PG,24,DET,70,2183,.439,9.7,,.891,.403,.169,.116,.203,.109,,.457,.565,.364,.375,.369,.289,,.359,.692,,.008,7,,.278,.240,,4,0,stuckro01
387,DaJuan Summers,SF,23,DET,22,199,.406,15.2,,.696,.174,.130,.101,.290,.304,,.396,.583,.111,.714,.300,.429,,.789,1.000,,.058,2,,.571,.500,,0,0,summeda01
388,Pape Sy,SF,22,ATL,3,21,.333,6.7,,.833,.333,.500,.000,.000,.167,,.400,.500,.333,,,.000,,.000,,,.000,0,,1.000,.000,,0,0,sypa01
389,Jermaine Taylor,SG,24,TOT,34,483,.480,9.6,,.770,.500,.143,.026,.102,.230,,.530,.643,.357,.600,.200,.311,,.488,.929,,.112,20,,.311,.286,,1,0,tayloje02
389,Jermaine Taylor,SG,24,HOU,8,77,.500,9.1,,.844,.500,.156,.031,.156,.156,,.519,.563,.400,1.000,.400,.400,,.500,1.000,,.063,2,,.400,1.000,,0,0,tayloje02
389,Jermaine Taylor,SG,24,SAC,26,406,.476,9.7,,.756,.500,.140,.024,.091,.244,,.532,.659,.348,.500,.133,.300,,.485,.917,,.122,18,,.300,.167,,1,0,tayloje02
390,Jeff Teague,PG,22,ATL,70,963,.438,10.5,,.842,.316,.273,.109,.145,.158,,.449,.563,.458,.333,.273,.375,,.270,.444,,.049,15,,.104,.600,,1,0,teaguje01
391,Sebastian Telfair,PG,25,MIN,37,711,.402,15.7,,.676,.187,.137,.100,.253,.324,,.423,.556,.303,.375,.410,.359,,.174,.536,,.000,0,,.218,.588,,2,0,telfase01
392,Garrett Temple,PG-SG,24,TOT,24,230,.294,18.5,,.456,.162,.074,.088,.132,.544,,.323,.455,.200,.167,.333,.270,,.200,.900,,.015,1,,.324,.417,,1,0,templga01
392,Garrett Temple,SG,24,SAS,3,21,.200,12.1,,.800,.200,.400,.000,.200,.200,,.250,.000,.500,,.000,.000,,.000,,,.000,0,,1.000,.000,,0,0,templga01
392,Garrett Temple,SG,24,MIL,9,83,.333,17.9,,.524,.143,.048,.143,.190,.476,,.364,.667,.000,.333,.250,.300,,.250,1.000,,.000,0,,.500,.400,,0,0,templga01
392,Garrett Temple,PG,24,CHA,12,126,.286,19.6,,.381,.167,.048,.071,.095,.619,,.313,.429,.000,.000,.500,.269,,.200,.857,,.024,1,,.231,.500,,1,0,templga01
393,Jason Terry,SG,33,DAL,82,2564,.451,16.4,,.678,.111,.126,.157,.285,.322,,.493,.736,.365,.427,.492,.362,,.499,.921,,.007,8,,.356,.352,,1,0,terryja01
394,Hasheem Thabeet,C,23,TOT,47,373,.425,3.7,,1.000,.700,.175,.100,.025,.000,,.425,.536,.143,.250,.000,,,.529,,,.225,8,,,,,0,0,thabeha01
394,Hasheem Thabeet,C,23,MEM,45,369,.436,3.3,,1.000,.718,.179,.103,.000,.000,,.436,.536,.143,.250,,,,.529,,,.231,8,,,,,0,0,thabeha01
394,Hasheem Thabeet,C,23,HOU,2,4,.000,17.8,,1.000,.000,.000,.000,1.000,.000,,.000,,,,.000,,,,,,.000,0,,,,,0,0,thabeha01
395,Etan Thomas,C,32,ATL,13,82,.476,5.7,,1.000,.381,.429,.048,.143,.000,,.476,.500,.444,1.000,.333,,,.500,,,.190,3,,,,,0,0,thomaet01
396,Kurt Thomas,PF,38,CHI,52,1178,.511,13.3,,.995,.194,.065,.226,.511,.005,,.508,.694,.500,.452,.463,1.000,,.872,1.000,,.005,1,,.000,,,0,0,thomaku01
397,Tyrus Thomas,C,24,CHA,41,861,.471,9.5,,.991,.332,.193,.193,.272,.009,,.476,.673,.281,.422,.411,.000,,.705,,,.130,33,,.333,.000,,1,0,thomaty01
398,Jason Thompson,PF,24,SAC,75,1748,.507,8.0,,.994,.346,.330,.103,.215,.006,,.510,.724,.415,.364,.383,.000,,.668,,,.075,37,,.000,,,0,0,thompja02
399,Al Thornton,SF-PF,27,TOT,71,1383,.476,11.1,,.940,.295,.179,.148,.318,.060,,.496,.717,.390,.500,.350,.154,,.582,1.000,,.053,21,,.500,.000,,1,0,thornal01
399,Al Thornton,SF,27,WAS,49,1069,.471,11.3,,.924,.306,.165,.131,.321,.076,,.497,.690,.389,.512,.362,.160,,.600,1.000,,.046,15,,.480,.000,,1,0,thornal01
399,Al Thornton,PF,27,GSW,22,314,.490,10.5,,.990,.260,.221,.202,.308,.010,,.495,.815,.391,.476,.313,.000,,.529,,,.077,6,,1.000,.000,,0,0,thornal01
400,Marcus Thornton,SG,23,TOT,73,1775,.434,14.2,,.703,.224,.190,.089,.200,.297,,.462,.624,.373,.403,.391,.367,,.408,.761,,.020,12,,.183,.477,,5,0,thornma01
400,Marcus Thornton,SG,23,NOH,46,745,.410,14.0,,.722,.222,.183,.102,.216,.278,,.423,.541,.344,.412,.375,.376,,.461,.800,,.018,4,,.183,.412,,1,0,thornma01
400,Marcus Thornton,SG,23,SAC,27,1030,.450,14.4,,.689,.226,.195,.080,.188,.311,,.491,.682,.391,.395,.404,.361,,.375,.736,,.021,8,,.184,.519,,4,0,thornma01
401,Anthony Tolliver,SF,25,MIN,65,1362,.450,14.7,,.633,.214,.185,.070,.163,.367,,.475,.642,.431,.409,.333,.409,,.660,1.000,,.032,7,,.157,.722,,0,0,tollian01
402,Ronny Turiaf,C,28,NYK,64,1141,.632,4.2,,1.000,.669,.209,.049,.074,.000,,.632,.761,.471,.125,.250,,,.748,,,.209,31,,,,,0,0,turiaro01
403,Hedo Türkoğlu,SF-PF,31,TOT,81,2540,.446,17.9,,.571,.133,.083,.112,.242,.429,,.473,.594,.350,.457,.457,.410,,.297,.756,,.011,4,,.139,.488,,2,0,turkohe01
403,Hedo Türkoğlu,PF,31,PHO,25,630,.440,17.7,,.497,.155,.119,.052,.171,.503,,.458,.567,.348,.500,.424,.423,,.341,.927,,.010,1,,.082,.625,,0,0,turkohe01
403,Hedo Türkoğlu,SF,31,ORL,56,1910,.448,18.0,,.597,.125,.070,.134,.268,.403,,.478,.606,.351,.451,.465,.404,,.285,.674,,.011,3,,.164,.457,,2,0,turkohe01
404,Evan Turner,SG,22,PHI,78,1797,.425,12.6,,.917,.197,.170,.233,.318,.083,,.435,.663,.356,.366,.387,.318,,.498,.714,,.023,12,,.341,.400,,2,0,turneev01
405,Ekpe Udoh,C,23,GSW,58,1030,.437,7.3,,1.000,.329,.374,.176,.122,.000,,.437,.534,.422,.308,.407,,,.515,,,.086,17,,,,,0,0,udohek01
406,Ime Udoka,SF,33,SAS,20,130,.238,16.7,,.619,.190,.000,.143,.286,.381,,.385,.500,,.667,.167,.000,,1.000,,,.000,0,,.625,.000,,0,0,udokaim01
407,Beno Udrih,PG,28,SAC,79,2734,.500,14.3,,.779,.194,.120,.208,.257,.221,,.540,.763,.465,.503,.439,.357,,.409,.908,,.000,0,,.302,.345,,7,0,udrihbe01
408,Ben Uzoh,PG,22,NJN,42,438,.424,7.6,,.944,.431,.292,.097,.125,.056,,.426,.516,.452,.071,.333,.375,,.345,1.000,,.035,5,,.375,.667,,1,0,uzohbe01
409,Anderson Varejão,C,28,CLE,31,994,.528,5.2,,.991,.588,.213,.106,.083,.009,,.533,.622,.304,.435,.611,.000,,.702,,,.051,9,,.500,.000,,0,0,varejan01
410,Greivis Vásquez,PG,24,MEM,70,860,.408,15.4,,.631,.163,.258,.090,.120,.369,,.476,.763,.367,.429,.357,.291,,.171,.800,,.004,1,,.093,.125,,4,0,vasqugr01
411,Charlie Villanueva,PF,26,DET,76,1666,.442,16.2,,.544,.181,.162,.113,.088,.456,,.488,.625,.426,.438,.387,.387,,.617,.984,,.035,20,,.226,.329,,4,0,villach01
412,Sasha Vujačić,SG,26,TOT,67,1648,.402,20.4,,.560,.066,.027,.062,.405,.440,,.426,.462,.375,.378,.432,.370,,.676,.856,,.000,0,,.218,.386,,4,0,vujacsa01
412,Sasha Vujačić,SG,26,LAL,11,54,.348,17.8,,.696,.130,.043,.087,.435,.304,,.313,.333,.000,.500,.300,.429,,1.000,1.000,,.000,0,,.000,,,0,0,vujacsa01
412,Sasha Vujačić,SG,26,NJN,56,1594,.404,20.5,,.554,.063,.026,.061,.404,.446,,.432,.472,.400,.371,.437,.369,,.664,.851,,.000,0,,.224,.386,,4,0,vujacsa01
413,Dwyane Wade*,SG,29,MIA,76,2823,.500,10.4,,.851,.366,.193,.113,.179,.149,,.534,.686,.483,.359,.387,.306,,.370,.333,,.082,102,,.146,.333,,1,0,wadedw01
414,Von Wafer,SG,25,BOS,58,553,.421,15.4,,.579,.245,.132,.057,.145,.421,,.533,.692,.476,.333,.391,.269,,.531,.889,,.019,2,,.239,.250,,1,0,wafervo01
415,Henry Walker,SG,23,NYK,61,784,.441,18.6,,.352,.165,.089,.030,.068,.648,,.542,.795,.429,.143,.250,.386,,.556,.983,,.055,12,,.170,.423,,0,0,walkebi01
416,John Wall,PG,20,WAS,69,2606,.409,11.0,,.882,.364,.146,.120,.251,.118,,.425,.605,.261,.308,.316,.296,,.223,.765,,.028,26,,.113,.385,,6,0,walljo01
417,Ben Wallace*,C,36,DET,54,1238,.450,3.0,,.987,.765,.148,.060,.013,.013,,.449,.518,.182,.333,.000,.500,,.500,1.000,,.101,10,,.000,,,1,0,wallabe01
418,Gerald Wallace,SF-PF,28,TOT,71,2693,.454,11.3,,.781,.408,.122,.020,.231,.219,,.487,.608,.327,.353,.371,.333,,.568,.968,,.042,30,,.376,.257,,1,0,wallage01
418,Gerald Wallace,SF,28,CHA,48,1872,.433,11.2,,.818,.404,.122,.017,.275,.182,,.456,.574,.282,.300,.369,.330,,.604,.971,,.045,20,,.500,.264,,1,0,wallage01
418,Gerald Wallace,PF,28,POR,23,821,.498,11.5,,.703,.416,.123,.026,.138,.297,,.566,.679,.424,.429,.378,.338,,.495,.963,,.037,10,,.213,.235,,0,0,wallage01
419,Luke Walton,SF,30,LAL,54,484,.328,16.8,,.707,.103,.147,.138,.319,.293,,.366,.500,.294,.438,.324,.235,,.700,1.000,,.000,0,,.529,.333,,1,0,waltolu01
420,Willie Warren,PG,21,LAC,19,134,.371,15.5,,.571,.086,.343,.086,.057,.429,,.400,.333,.333,.667,.500,.333,,.250,.600,,.000,0,,.133,.500,,0,0,warrewi01
421,Hakim Warrick,PF,28,PHO,80,1416,.511,7.9,,.975,.406,.260,.076,.233,.025,,.522,.779,.310,.382,.356,.091,,.714,.000,,.204,84,,.273,.000,,0,0,warriha01
422,C.J. Watson,PG,26,CHI,82,1091,.371,16.9,,.716,.150,.091,.076,.398,.284,,.362,.475,.250,.367,.344,.393,,.255,.841,,.003,1,,.223,.440,,1,0,watsocj01
423,Earl Watson,PG,31,UTA,80,1567,.410,14.9,,.651,.248,.140,.078,.186,.349,,.450,.592,.302,.250,.456,.336,,.378,.861,,.007,2,,.206,.227,,1,0,watsoea01
424,Kyle Weaver,SG,24,UTA,5,69,.360,14.8,,.720,.160,.120,.160,.280,.280,,.333,.250,.333,.500,.286,.429,,.500,1.000,,.000,0,,.286,.500,,0,0,weaveky01
425,Martell Webster,SF,24,MIN,46,1094,.447,15.6,,.612,.241,.115,.079,.176,.388,,.466,.573,.385,.370,.417,.417,,.577,.945,,.047,16,,.341,.511,,4,0,webstma02
426,Sonny Weems,SF,24,TOR,59,1413,.444,12.7,,.881,.236,.183,.133,.329,.119,,.467,.645,.415,.412,.391,.279,,.645,1.000,,.058,29,,.344,.429,,2,0,weemsso01
427,David West,PF,30,NOH,70,2451,.508,10.1,,.991,.201,.329,.213,.249,.009,,.510,.670,.459,.462,.490,.222,,.599,1.000,,.018,18,,.111,.000,,1,0,westda01
428,Delonte West,PG,27,BOS,24,453,.458,15.0,,.725,.183,.125,.208,.208,.275,,.494,.545,.267,.560,.520,.364,,.163,.750,,.000,0,,.242,.375,,1,0,westde01
429,Mario West,SG,26,NJN,6,116,.429,9.3,,.810,.476,.190,.000,.143,.190,,.471,.600,.500,,.000,.250,,.500,1.000,,.095,2,,.000,,,0,0,westma02
430,Russell Westbrook,PG,22,OKC,82,2847,.442,9.6,,.926,.360,.186,.177,.204,.074,,.451,.606,.306,.362,.385,.330,,.169,.294,,.046,52,,.097,.000,,0,0,westbru01
431,D.J. White,C-PF,24,TOT,47,685,.507,11.0,,.991,.306,.114,.192,.379,.009,,.512,.791,.400,.429,.361,.000,,.676,,,.068,15,,.000,,,0,0,whitedj01
431,D.J. White,PF,24,OKC,23,219,.462,11.2,,1.000,.292,.108,.200,.400,.000,,.462,.789,.286,.385,.308,,,.667,,,.092,6,,,,,0,0,whitedj01
431,D.J. White,C,24,CHA,24,466,.526,10.9,,.987,.312,.117,.188,.370,.013,,.533,.792,.444,.448,.386,.000,,.679,,,.058,9,,.000,,,0,0,whitedj01
432,Hassan Whiteside,C,21,SAC,1,2,,,,,,,,,,,,,,,,,,,,,,0,,,,,0,0,whiteha01
433,Chris Wilcox,PF,28,DET,57,995,.581,4.3,,.997,.606,.239,.112,.040,.003,,.583,.703,.390,.417,.385,.000,,.684,,,.239,66,,.000,,,0,0,wilcoch01
434,Damien Wilkins,SF,31,ATL,52,676,.504,9.4,,.927,.409,.168,.146,.204,.073,,.528,.589,.478,.500,.464,.200,,.642,1.000,,.080,10,,.500,.200,,1,0,wilkida02
435,Deron Williams,PG,26,TOT,65,2465,.439,14.4,,.675,.248,.156,.085,.186,.325,,.491,.603,.414,.386,.453,.331,,.331,.581,,.009,9,,.091,.276,,6,2,willide01
435,Deron Williams,PG,26,UTA,53,2009,.458,14.2,,.680,.252,.155,.081,.192,.320,,.511,.621,.432,.415,.471,.345,,.357,.607,,.009,7,,.089,.304,,4,1,willide01
435,Deron Williams,PG,26,NJN,12,456,.349,14.9,,.651,.231,.160,.107,.154,.349,,.391,.513,.333,.278,.346,.271,,.163,.438,,.012,2,,.102,.167,,2,1,willide01
436,Jason Williams,PG,35,TOT,27,295,.328,22.7,,.433,.104,.015,.015,.299,.567,,.414,.571,.000,.000,.400,.263,,.417,.700,,.000,0,,.184,.429,,4,0,willija02
436,Jason Williams,PG,35,ORL,16,171,.342,22.2,,.395,.105,.000,.000,.289,.605,,.400,.500,,,.364,.304,,.667,.571,,.000,0,,.217,.400,,1,0,willija02
436,Jason Williams,PG,35,MEM,11,124,.310,23.5,,.483,.103,.034,.034,.310,.517,,.429,.667,.000,.000,.444,.200,,.167,1.000,,.000,0,,.133,.500,,3,0,willija02
437,Jawad Williams,SF,27,CLE,26,391,.325,16.4,,.643,.087,.151,.183,.222,.357,,.346,.636,.526,.304,.143,.289,,.464,.846,,.008,1,,.267,.167,,0,0,willija04
438,Lou Williams,SG,24,PHI,75,1747,.406,15.4,,.682,.186,.150,.104,.242,.318,,.434,.628,.311,.373,.385,.348,,.349,.614,,.019,12,,.182,.391,,2,0,willilo02
439,Marvin Williams,SF,24,ATL,65,1865,.458,13.6,,.795,.257,.140,.073,.326,.205,,.489,.667,.387,.231,.451,.336,,.684,1.000,,.032,17,,.545,.383,,1,0,willima02
440,Mo Williams,PG,28,TOT,58,1788,.399,16.6,,.666,.138,.140,.100,.288,.334,,.436,.535,.402,.438,.405,.324,,.274,.696,,.000,0,,.111,.333,,3,0,willima01
440,Mo Williams,PG,28,CLE,36,1065,.385,16.0,,.706,.149,.152,.106,.299,.294,,.436,.522,.414,.408,.413,.265,,.261,.667,,.000,0,,.081,.455,,2,0,willima01
440,Mo Williams,PG,28,LAC,22,723,.422,17.7,,.597,.119,.119,.090,.269,.403,,.438,.563,.375,.500,.389,.398,,.300,.721,,.000,0,,.148,.250,,1,0,willima01
441,Reggie Williams,SF,24,GSW,80,1626,.469,15.8,,.579,.229,.124,.075,.150,.421,,.502,.702,.352,.372,.384,.423,,.512,.951,,.026,15,,.336,.457,,2,0,willire02
442,Shawne Williams,PF,24,NYK,64,1323,.426,17.2,,.449,.197,.073,.021,.158,.551,,.457,.605,.321,.375,.344,.401,,.519,.965,,.018,7,,.684,.441,,0,0,willish03
443,Shelden Williams,PF,27,TOT,59,911,.468,7.3,,1.000,.500,.145,.123,.232,.000,,.468,.500,.406,.519,.412,,,.689,,,.077,16,,,,,0,0,willish02
443,Shelden Williams,PF,27,DEN,42,713,.453,7.2,,1.000,.514,.144,.099,.243,.000,,.453,.484,.423,.444,.409,,,.659,,,.061,10,,,,,0,0,willish02
443,Shelden Williams,PF,27,NYK,17,198,.538,7.7,,1.000,.436,.154,.231,.179,.000,,.538,.588,.333,.667,.429,,,.810,,,.154,6,,,,,0,0,willish02
444,Terrence Williams,SG,23,TOT,21,290,.374,12.4,,.809,.226,.252,.122,.209,.191,,.398,.538,.414,.214,.333,.273,,.162,.667,,.026,2,,.227,.000,,0,0,willite01
444,Terrence Williams,SG,23,NJN,10,206,.397,12.1,,.836,.233,.247,.137,.219,.164,,.410,.529,.444,.200,.375,.333,,.120,.500,,.041,2,,.250,.000,,0,0,willite01
444,Terrence Williams,SG,23,HOU,11,84,.333,12.9,,.762,.214,.262,.095,.190,.238,,.375,.556,.364,.250,.250,.200,,.250,1.000,,.000,0,,.200,.000,,0,0,willite01
445,Metta World Peace,SF,31,LAL,82,2410,.397,14.4,,.646,.269,.126,.053,.198,.354,,.419,.571,.325,.400,.277,.356,,.579,.892,,.011,5,,.515,.392,,0,0,artesro01
446,Antoine Wright,SG,26,SAC,7,31,.125,17.9,,.500,.125,.125,.000,.250,.500,,.250,1.000,.000,,.000,.000,,.000,,,.000,0,,.500,.000,,0,0,wrighan01
447,Brandan Wright,PF,23,TOT,37,379,.513,5.6,,1.000,.419,.385,.145,.051,.000,,.513,.714,.400,.353,.167,,,.717,,,.128,14,,,,,0,0,wrighbr03
447,Brandan Wright,PF,23,GSW,21,195,.603,5.6,,1.000,.444,.333,.190,.032,.000,,.603,.750,.619,.333,.000,,,.763,,,.111,7,,,,,0,0,wrighbr03
447,Brandan Wright,PF,23,NJN,16,184,.407,5.6,,1.000,.389,.444,.093,.074,.000,,.407,.667,.208,.400,.250,,,.636,,,.148,7,,,,,0,0,wrighbr03
448,Dorell Wright,SF,25,GSW,82,3147,.423,16.1,,.550,.216,.112,.079,.142,.450,,.462,.665,.367,.275,.331,.376,,.526,.974,,.065,71,,.308,.421,,2,0,wrighdo01
449,Julian Wright,SF,23,TOR,52,766,.513,7.5,,.938,.544,.163,.075,.156,.063,,.533,.667,.385,.500,.240,.200,,.700,1.000,,.131,19,,.600,.333,,0,0,wrighju01
450,Nick Young,SG,25,WAS,64,2034,.441,16.7,,.710,.105,.083,.183,.339,.290,,.462,.622,.372,.433,.451,.387,,.502,.943,,.022,18,,.402,.422,,1,0,youngni01
451,Sam Young,SF,25,MEM,78,1577,.472,10.7,,.899,.342,.194,.073,.289,.101,,.486,.669,.313,.417,.406,.340,,.579,.941,,.081,40,,.520,.462,,1,0,youngsa01
452,Thaddeus Young,PF,22,PHI,82,2135,.541,7.3,,.974,.468,.235,.089,.183,.026,,.548,.735,.397,.307,.381,.273,,.662,.833,,.105,84,,.273,.167,,1,0,youngth01