,,,,,,,,,,% of FGA by Distance,% of FGA by Distance,% of FGA by Distance,% of FGA by Distance,% of FGA by Distance,% of FGA by Distance,,FG% by Distance,FG% by Distance,FG% by Distance,FG% by Distance,FG% by Distance,FG% by Distance,,% of FG Ast'd,% of FG Ast'd,,Dunks,Dunks,,Corner 3s,Corner 3s,,Heaves,Heaves,-additional
Rk,Player,Pos,Age,Tm,G,MP,FG%,Dist.,,2P,0-3,3-10,10-16,16-3P,3P,,2P,0-3,3-10,10-16,16-3P,3P,,2P,3P,,%FGA,#,,%3PA,3P%,,Att.,#,-9999
1,Jeff Adrien,PF,25,HOU,8,63,.438,8.5,,1.000,.313,.313,.125,.250,.000,,.438,.600,.200,1.000,.250,,,.429,,,.125,1,,,,,0,0,adrieje01
2,Arron Afflalo,SG,26,DEN,62,2086,.471,13.5,,.684,.272,.142,.107,.163,.316,,.504,.684,.323,.373,.447,.398,,.689,.966,,.009,6,,.493,.450,,0,0,afflaar01
3,Blake Ahearn,PG,27,UTA,4,30,.286,21.0,,.357,.000,.000,.214,.143,.643,,.400,,,.333,.500,.222,,.500,.500,,.000,0,,.556,.000,,0,0,ahearbl01
4,Solomon Alabi,C,23,TOR,14,122,.361,6.7,,1.000,.528,.111,.278,.083,.000,,.361,.579,.000,.200,.000,,,.462,,,.222,6,,,,,0,0,alabiso01
5,Cole Aldrich,C,23,OKC,26,173,.524,3.6,,1.000,.548,.429,.024,.000,.000,,.524,.696,.333,.000,,,,.773,,,.333,13,,,,,0,0,aldrico01
6,LaMarcus Aldridge,PF,26,POR,55,1994,.512,10.6,,.988,.281,.182,.205,.320,.012,,.516,.687,.523,.404,.434,.182,,.536,.500,,.062,54,,.364,.000,,1,0,aldrila01
7,Lavoy Allen,PF,22,PHI,41,624,.473,10.8,,1.000,.222,.210,.240,.329,.000,,.473,.676,.600,.400,.309,,,.848,,,.048,7,,,,,0,0,allenla01
8,Ray Allen*,SG,36,BOS,46,1565,.458,17.4,,.525,.148,.085,.103,.189,.475,,.463,.685,.405,.373,.366,.453,,.642,.934,,.006,2,,.368,.500,,0,0,allenra02
9,Tony Allen,SG,30,MEM,58,1525,.469,7.4,,.942,.533,.167,.071,.170,.058,,.479,.582,.347,.250,.382,.308,,.619,1.000,,.033,13,,.577,.467,,0,0,allento01
10,Morris Almond,SG,26,WAS,4,67,.353,16.0,,.824,.176,.059,.118,.471,.176,,.357,.667,.000,.000,.375,.333,,1.000,1.000,,.000,0,,.333,.000,,0,0,almonmo01
11,Al-Farouq Aminu,SF,21,NOH,66,1477,.411,9.7,,.871,.389,.205,.077,.200,.129,,.431,.563,.320,.250,.356,.277,,.591,1.000,,.110,37,,.340,.250,,0,0,aminual01
12,Lou Amundson,PF,29,IND,60,753,.430,4.7,,1.000,.570,.256,.150,.024,.000,,.430,.534,.302,.258,.400,,,.629,,,.130,22,,,,,0,0,amundlo01
13,Chris Andersen,C,33,DEN,32,486,.546,5.1,,1.000,.713,.074,.037,.176,.000,,.546,.623,.500,.750,.211,,,.644,,,.231,23,,,,,0,0,anderch01
14,Alan Anderson,SF,29,TOR,17,461,.387,16.9,,.570,.148,.106,.106,.211,.430,,.383,.619,.267,.200,.367,.393,,.452,.875,,.028,3,,.246,.400,,0,0,anderal01
15,James Anderson,SG,22,SAS,51,603,.379,14.0,,.609,.322,.121,.040,.126,.391,,.443,.679,.238,.429,.045,.279,,.681,1.000,,.057,7,,.471,.344,,1,0,anderja01
16,Ryan Anderson,PF,23,ORL,61,1964,.439,16.2,,.443,.296,.065,.020,.062,.557,,.496,.594,.265,.400,.298,.393,,.476,.994,,.036,26,,.263,.441,,0,0,anderry01
17,Carmelo Anthony,SF,27,NYK,55,1876,.430,12.8,,.802,.294,.101,.154,.253,.198,,.454,.615,.260,.392,.382,.335,,.324,.676,,.028,28,,.118,.292,,0,0,anthoca01
18,Joel Anthony,C,29,MIA,64,1349,.559,3.8,,1.000,.599,.336,.066,.000,.000,,.559,.681,.392,.300,,,,.694,,,.191,25,,,,,0,0,anthojo01
19,Gilbert Arenas,PG,30,MEM,17,211,.406,20.9,,.391,.078,.031,.109,.172,.609,,.520,.600,.500,.429,.545,.333,,.308,.923,,.000,0,,.026,1.000,,0,0,arenagi01
20,Trevor Ariza,SF,26,NOH,41,1350,.417,11.7,,.784,.340,.156,.062,.226,.216,,.440,.591,.317,.240,.352,.333,,.554,.966,,.045,18,,.448,.410,,1,0,arizatr01
21,Ömer Aşık,C,25,CHI,66,971,.506,2.4,,1.000,.788,.186,.013,.013,.000,,.506,.545,.379,.500,.000,,,.696,,,.199,27,,,,,0,0,asikom01
22,D.J. Augustin,PG,24,CHA,48,1408,.376,14.4,,.632,.294,.127,.064,.148,.368,,.396,.490,.210,.323,.403,.341,,.230,.623,,.000,0,,.134,.375,,2,0,augusdj01
23,Gustavo Ayón,PF,26,NOH,54,1088,.536,5.5,,.996,.575,.215,.130,.077,.004,,.538,.653,.429,.382,.250,.000,,.800,,,.050,12,,.000,,,0,0,ayongu01
24,Jeff Ayres,C,24,IND,20,106,.417,7.6,,1.000,.417,.250,.167,.167,.000,,.417,.533,.333,.500,.167,,,.800,,,.250,8,,,,,0,0,pendeje02
25,Kelenna Azubuike,SG,28,DAL,3,18,.375,14.4,,.625,.250,.125,.000,.250,.375,,.400,1.000,.000,,.000,.333,,.500,1.000,,.125,1,,.333,1.000,,0,0,azubuke01
26,Luke Babbitt,SF,22,POR,40,537,.410,18.4,,.422,.092,.162,.064,.104,.578,,.384,.813,.357,.182,.167,.430,,.214,.953,,.006,0,,.170,.529,,0,0,babbilu01
27,Renaldo Balkman,SF,27,NYK,14,115,.500,11.2,,.719,.531,.000,.000,.188,.281,,.609,.706,,,.333,.222,,.643,.500,,.156,4,,.667,.167,,0,0,balkmre01
28,Leandro Barbosa,SG,29,TOT,64,1382,.425,13.6,,.733,.273,.155,.082,.223,.267,,.441,.609,.384,.442,.275,.382,,.529,.877,,.000,0,,.335,.351,,1,0,barbole01
28,Leandro Barbosa,SG,29,TOR,42,946,.436,13.4,,.756,.278,.159,.081,.238,.244,,.461,.603,.431,.486,.306,.360,,.557,.850,,.000,0,,.360,.300,,1,0,barbole01
28,Leandro Barbosa,SG,29,IND,22,436,.399,14.0,,.678,.262,.148,.082,.186,.322,,.387,.625,.259,.333,.176,.424,,.438,.920,,.000,0,,.288,.471,,0,0,barbole01
29,J.J. Barea,PG,27,MIN,41,1032,.400,13.2,,.658,.289,.196,.084,.089,.342,,.415,.579,.280,.314,.270,.371,,.114,.547,,.000,0,,.140,.400,,1,0,bareajo01
30,Andrea Bargnani,C,26,TOR,31,1032,.432,14.9,,.762,.178,.143,.140,.302,.238,,.474,.616,.420,.500,.404,.296,,.646,.941,,.037,16,,.017,.000,,0,0,bargnan01
31,Matt Barnes,SF,31,LAL,63,1440,.452,12.4,,.643,.382,.160,.034,.067,.357,,.518,.615,.355,.462,.385,.333,,.744,.978,,.062,23,,.471,.354,,2,0,barnema02
32,Earl Barron,C,30,GSW,2,9,.500,9.1,,1.000,.250,.500,.000,.250,.000,,.500,1.000,.500,,.000,,,.500,,,.000,0,,,,,0,0,barroea01
33,Brandon Bass,PF,26,BOS,59,1868,.479,11.8,,1.000,.237,.100,.256,.407,.000,,.479,.553,.286,.500,.471,,,.772,,,.089,52,,,,,0,0,bassbr01
34,Tony Battie,C,35,PHI,27,295,.373,12.9,,.980,.098,.176,.314,.392,.020,,.380,.800,.333,.313,.350,.000,,.895,,,.059,3,,.000,,,0,0,battito01
35,Shane Battier,SF,33,MIA,65,1499,.387,17.6,,.373,.144,.134,.065,.031,.627,,.468,.571,.385,.368,.556,.339,,.686,.984,,.003,0,,.557,.392,,0,0,battish01
36,Nicolas Batum,SF,23,POR,59,1791,.451,14.7,,.573,.296,.075,.048,.153,.427,,.496,.663,.333,.290,.316,.391,,.670,.944,,.064,39,,.416,.368,,0,0,batumni01
37,Jerryd Bayless,PG,23,TOR,31,705,.424,17.5,,.623,.167,.076,.018,.362,.377,,.424,.565,.381,.400,.370,.423,,.260,.773,,.004,1,,.144,.600,,0,0,bayleje01
38,Michael Beasley,SF,23,MIN,47,1087,.445,13.2,,.797,.199,.193,.199,.205,.203,,.462,.626,.406,.374,.441,.376,,.421,.763,,.020,9,,.337,.441,,2,0,beaslmi01
39,Rodrigue Beaubois,PG,23,DAL,53,1151,.422,13.8,,.703,.272,.153,.108,.171,.297,,.479,.636,.426,.354,.355,.288,,.273,.763,,.031,10,,.227,.400,,4,0,beaubro01
40,Marco Belinelli,SG,25,NOH,66,1966,.417,18.0,,.586,.147,.073,.073,.293,.414,,.445,.624,.360,.320,.408,.377,,.760,.850,,.012,8,,.296,.405,,1,0,belinma01
41,Raja Bell,SG,35,UTA,34,796,.466,19.0,,.500,.115,.052,.006,.328,.500,,.540,.850,.778,.000,.404,.391,,.894,1.000,,.006,1,,.391,.441,,0,0,bellra01
42,Keith Benson,C,23,GSW,3,9,.000,1.7,,1.000,1.000,.000,.000,.000,.000,,.000,.000,,,,,,,,,.000,0,,,,,0,0,bensoke02
43,Mike Bibby,PG,33,NYK,39,557,.282,22.0,,.315,.032,.024,.040,.218,.685,,.205,.250,.000,.000,.259,.318,,.625,.963,,.000,0,,.235,.500,,0,0,bibbymi01
44,Andris Biedriņš,C,25,GSW,47,739,.609,3.4,,1.000,.594,.359,.047,.000,.000,,.609,.737,.478,.000,,,,.769,,,.203,13,,,,,0,0,biedran01
45,Chauncey Billups,SG,35,LAC,20,607,.364,19.6,,.452,.101,.066,.053,.232,.548,,.340,.435,.133,.417,.340,.384,,.314,.771,,.000,0,,.168,.381,,0,0,billuch01
46,Bismack Biyombo,C,19,CHA,63,1455,.464,4.7,,1.000,.500,.356,.115,.029,.000,,.464,.619,.354,.219,.125,,,.698,,,.162,40,,,,,0,0,biyombi01
47,DeJuan Blair,PF,22,SAS,64,1363,.534,4.7,,.998,.516,.375,.091,.016,.002,,.535,.650,.418,.435,.125,.000,,.747,,,.016,7,,.000,,,0,0,blairde01
48,Steve Blake,PG,31,LAL,53,1237,.377,21.2,,.410,.049,.063,.052,.246,.590,,.436,.538,.412,.143,.485,.335,,.458,.849,,.000,0,,.373,.390,,3,0,blakest01
49,Andray Blatche,PF,25,WAS,26,626,.380,11.2,,.971,.273,.171,.139,.388,.029,,.382,.582,.333,.235,.316,.286,,.505,1.000,,.041,10,,.143,.000,,0,0,blatcan01
50,Eric Bledsoe,PG,22,LAC,40,464,.389,11.1,,.762,.413,.127,.063,.159,.238,,.448,.615,.188,.375,.250,.200,,.302,1.000,,.063,8,,.533,.188,,0,0,bledser01
51,Keith Bogans,SF,31,NJN,5,94,.381,15.6,,.429,.286,.095,.000,.048,.571,,.556,.333,1.000,,1.000,.250,,.600,1.000,,.000,0,,.500,.333,,0,0,boganke01
52,Andrew Bogut,C,27,MIL,12,364,.449,6.0,,.993,.324,.522,.096,.051,.007,,.452,.750,.282,.462,.286,.000,,.590,,,.074,10,,.000,,,0,0,bogutan01
53,Matt Bonner,PF,31,SAS,65,1326,.440,20.8,,.286,.037,.120,.046,.083,.714,,.490,.769,.452,.313,.517,.420,,.653,.990,,.006,1,,.204,.490,,0,0,bonnema01
54,Trevor Booker,PF,24,WAS,50,1261,.531,7.6,,.994,.452,.249,.073,.220,.006,,.531,.727,.388,.200,.400,.500,,.583,1.000,,.129,42,,.000,,,0,0,booketr01
55,Carlos Boozer,PF,30,CHI,66,1948,.532,9.9,,.999,.296,.166,.259,.278,.001,,.533,.695,.514,.454,.444,.000,,.725,,,.037,30,,.000,,,0,0,boozeca01
56,Chris Bosh*,PF,27,MIA,57,2007,.487,10.6,,.957,.310,.180,.154,.314,.043,,.496,.676,.352,.476,.411,.286,,.640,1.000,,.090,66,,.457,.313,,1,0,boshch01
57,Earl Boykins,PG,35,HOU,8,111,.333,18.3,,.750,.028,.083,.167,.472,.250,,.370,1.000,.667,.333,.294,.222,,.300,1.000,,.000,0,,.111,.000,,0,0,boykiea01
58,Craig Brackins,PF,24,PHI,14,88,.273,17.0,,.727,.121,.061,.182,.364,.273,,.250,.750,.000,.167,.167,.333,,.667,1.000,,.000,0,,.222,1.000,,0,0,brackcr01
59,Avery Bradley,PG,21,BOS,64,1368,.498,11.1,,.866,.410,.087,.057,.311,.134,,.511,.661,.200,.522,.400,.407,,.629,1.000,,.045,14,,.648,.571,,0,0,bradlav01
60,Elton Brand,C,32,PHI,60,1732,.494,10.3,,.998,.165,.255,.435,.143,.002,,.495,.688,.439,.455,.494,.000,,.763,,,.038,21,,1.000,.000,,0,0,brandel01
61,Corey Brewer,SF,25,DEN,59,1287,.434,10.5,,.726,.441,.145,.056,.084,.274,,.500,.603,.343,.346,.333,.260,,.744,1.000,,.095,37,,.693,.284,,2,0,breweco01
62,Ronnie Brewer,SG,26,CHI,66,1635,.427,12.3,,.845,.369,.058,.072,.346,.155,,.455,.610,.308,.406,.325,.275,,.731,.947,,.088,33,,.696,.313,,0,0,brewero02
63,Jon Brockman,PF,24,MIL,35,239,.333,7.0,,.978,.600,.089,.089,.200,.022,,.341,.407,.000,.500,.222,.000,,.467,,,.022,0,,.000,,,0,0,brockjo01
64,MarShon Brooks,SG,23,NJN,56,1648,.428,13.5,,.766,.222,.173,.156,.214,.234,,.463,.592,.486,.380,.372,.313,,.286,.660,,.020,12,,.180,.370,,0,0,brookma01
65,Derrick Brown,SF,24,CHA,65,1443,.518,8.4,,.941,.499,.095,.103,.244,.059,,.535,.686,.282,.429,.370,.250,,.621,.833,,.144,56,,.792,.316,,0,0,brownde04
66,Kwame Brown,C,29,GSW,9,187,.525,2.9,,1.000,.725,.225,.050,.000,.000,,.525,.655,.111,.500,,,,.762,,,.125,4,,,,,0,0,brownkw01
67,Shannon Brown,SG,26,PHO,59,1400,.420,15.7,,.686,.232,.090,.062,.301,.314,,.446,.669,.278,.297,.356,.362,,.541,.721,,.050,29,,.277,.365,,5,0,brownsh01
68,Kobe Bryant*,SG,33,LAL,58,2232,.430,15.0,,.785,.132,.164,.197,.293,.215,,.464,.688,.434,.403,.422,.303,,.409,.644,,.023,28,,.108,.355,,1,0,bryanko01
69,Chase Budinger,SF,23,HOU,58,1298,.442,15.7,,.535,.206,.134,.074,.121,.465,,.476,.680,.302,.514,.298,.402,,.650,.955,,.042,19,,.447,.480,,0,0,budinch01
70,Alec Burks,SG,20,UTA,59,939,.429,10.9,,.874,.364,.188,.062,.261,.126,,.442,.638,.269,.273,.333,.333,,.514,.867,,.050,17,,.267,.333,,2,0,burksal01
71,Caron Butler,SF,31,LAC,63,1871,.407,17.2,,.635,.146,.081,.092,.316,.365,,.435,.563,.316,.492,.390,.358,,.667,.946,,.028,16,,.354,.363,,1,0,butleca01
72,Jimmy Butler,SG,22,CHI,42,359,.405,10.4,,.861,.354,.203,.089,.215,.139,,.441,.500,.375,.571,.353,.182,,.633,1.000,,.063,3,,.273,.333,,0,0,butleji01
73,Rasual Butler,SF,32,TOR,34,453,.308,20.1,,.421,.053,.053,.060,.256,.579,,.357,.429,.286,.125,.412,.273,,.750,.952,,.015,2,,.519,.275,,0,0,butlera01
74,Derrick Byars,PF,27,SAS,2,37,.273,14.7,,.455,.364,.091,.000,.000,.545,,.600,.750,.000,,,.000,,.667,,,.000,0,,.333,.000,,0,0,byarsde01
75,Andrew Bynum,C,24,LAL,60,2112,.558,4.6,,.994,.476,.435,.068,.015,.006,,.560,.755,.405,.296,.083,.200,,.675,1.000,,.176,136,,.200,.000,,0,0,bynuman01
76,Will Bynum,PG,29,DET,36,514,.381,10.1,,.851,.438,.144,.072,.196,.149,,.406,.529,.286,.286,.263,.241,,.194,.857,,.015,1,,.310,.222,,3,0,bynumwi01
77,José Calderón,PG,30,TOR,53,1799,.457,18.5,,.667,.107,.034,.086,.440,.333,,.500,.725,.438,.439,.462,.371,,.239,.797,,.000,0,,.038,.167,,0,0,caldejo01
78,Marcus Camby,C,37,TOT,59,1352,.446,7.9,,.983,.481,.160,.108,.233,.017,,.447,.500,.370,.387,.418,.400,,.611,1.000,,.028,7,,.200,.000,,1,0,cambyma01
78,Marcus Camby,C,37,POR,40,894,.416,6.3,,1.000,.578,.124,.112,.186,.000,,.416,.484,.150,.333,.433,,,.612,,,.031,5,,,,,0,0,cambyma01
78,Marcus Camby,C,37,HOU,19,458,.484,9.9,,.960,.357,.206,.103,.294,.040,,.488,.533,.538,.462,.405,.400,,.610,1.000,,.024,2,,.200,.000,,1,0,cambyma01
79,Brian Cardinal,SF,34,DAL,44,277,.255,22.6,,.109,.055,.000,.000,.055,.891,,.667,1.000,,,.333,.204,,1.000,1.000,,.000,0,,.571,.286,,0,0,cardibr01
80,DeMarre Carroll,SF-PF,25,TOT,24,348,.410,13.3,,.819,.238,.190,.048,.343,.181,,.419,.600,.350,.200,.361,.368,,.583,1.000,,.029,3,,.474,.111,,0,0,carrode01
80,DeMarre Carroll,PF,25,DEN,4,21,1.000,8.4,,1.000,.333,.333,.167,.167,.000,,1.000,1.000,1.000,1.000,1.000,,,.333,,,.167,1,,,,,0,0,carrode01
80,DeMarre Carroll,SF,25,UTA,20,327,.374,13.6,,.808,.232,.182,.040,.354,.192,,.375,.565,.278,.000,.343,.368,,.633,1.000,,.020,2,,.474,.111,,0,0,carrode01
81,Matt Carroll,SG,31,CHA,53,596,.331,16.2,,.726,.191,.076,.025,.433,.274,,.386,.500,.167,.500,.368,.186,,.727,1.000,,.000,0,,.372,.313,,0,0,carroma01
82,Anthony Carter,PG,36,TOR,24,209,.321,19.4,,.679,.151,.075,.113,.340,.321,,.333,.750,.500,.333,.111,.294,,.333,.600,,.000,0,,.059,.000,,3,0,cartean01
83,Vince Carter,SG,35,DAL,61,1542,.411,14.7,,.622,.227,.146,.090,.159,.378,,.442,.610,.316,.367,.360,.361,,.262,.865,,.044,20,,.249,.333,,1,0,cartevi01
84,Omri Casspi,SF,23,CLE,65,1341,.403,13.0,,.592,.320,.165,.063,.044,.408,,.463,.553,.338,.308,.500,.315,,.655,.906,,.061,23,,.298,.320,,0,0,casspom01
85,Mario Chalmers,PG,25,MIA,64,1825,.448,16.9,,.478,.187,.118,.074,.098,.522,,.513,.581,.458,.595,.388,.388,,.262,.891,,.002,1,,.285,.419,,1,0,chalmma01
86,Tyson Chandler,C,29,NYK,62,2061,.679,2.3,,.994,.820,.152,.014,.008,.006,,.683,.753,.389,.200,.000,.000,,.809,,,.403,134,,.500,.000,,1,0,chandty01
87,Wilson Chandler,SF,24,DEN,8,215,.392,12.8,,.848,.304,.101,.127,.316,.152,,.418,.667,.375,.200,.280,.250,,.250,.667,,.051,4,,.083,.000,,1,0,chandwi01
88,Josh Childress,SF,28,PHO,34,491,.485,7.9,,.758,.586,.121,.030,.020,.242,,.587,.707,.083,.667,.000,.167,,.636,1.000,,.131,13,,.625,.067,,0,0,childjo01
89,Earl Clark,PF,24,ORL,45,559,.367,10.5,,1.000,.345,.129,.151,.374,.000,,.367,.542,.167,.381,.269,,,.765,,,.094,11,,,,,0,0,clarkea01
90,Norris Cole,PG,23,MIA,65,1260,.393,12.0,,.831,.336,.142,.084,.269,.169,,.417,.523,.281,.395,.364,.276,,.321,.810,,.002,1,,.276,.333,,1,0,coleno01
91,Jason Collins,C,33,ATL,30,308,.400,8.7,,1.000,.500,.050,.100,.350,.000,,.400,.600,.500,.250,.143,,,.938,,,.100,4,,,,,0,0,collija04
92,Darren Collison,PG,24,IND,60,1878,.440,12.9,,.820,.260,.143,.136,.281,.180,,.457,.551,.347,.380,.463,.362,,.281,.765,,.008,3,,.362,.412,,2,0,collida01
93,Nick Collison,PF,31,OKC,63,1307,.597,5.7,,.995,.642,.124,.070,.159,.005,,.600,.690,.360,.357,.531,.000,,.683,,,.144,28,,.000,,,0,0,collini01
94,Mike Conley,PG,24,MEM,62,2174,.433,13.2,,.768,.282,.167,.061,.257,.232,,.450,.622,.307,.357,.375,.377,,.195,.883,,.000,0,,.214,.500,,2,0,conlemi01
95,Brian Cook,PF,31,TOT,32,276,.316,18.9,,.490,.163,.051,.061,.214,.510,,.438,.625,.400,.000,.429,.200,,.857,1.000,,.020,2,,.020,.000,,0,0,cookbr01
95,Brian Cook,PF,31,LAC,16,121,.224,19.1,,.449,.163,.041,.102,.143,.551,,.273,.500,.000,.000,.286,.185,,1.000,1.000,,.000,0,,.037,.000,,0,0,cookbr01
95,Brian Cook,PF,31,WAS,16,155,.408,18.7,,.531,.163,.061,.020,.286,.469,,.577,.750,.667,.000,.500,.217,,.800,1.000,,.041,2,,.000,,,0,0,cookbr01
96,Daequan Cook,SG,24,OKC,57,989,.368,22.4,,.230,.027,.027,.027,.149,.770,,.441,.625,.375,.375,.432,.346,,.633,.975,,.003,0,,.360,.378,,1,0,cookda02
97,DeMarcus Cousins,C,21,SAC,64,1950,.448,7.5,,.986,.422,.285,.071,.207,.014,,.453,.583,.316,.352,.411,.143,,.466,1.000,,.080,72,,.286,.250,,1,0,couside01
98,Jamal Crawford,PG,31,POR,60,1613,.384,16.8,,.647,.141,.128,.099,.280,.353,,.426,.548,.287,.384,.442,.308,,.236,.825,,.007,5,,.300,.462,,6,0,crawfja01
99,Jordan Crawford,SG,23,WAS,64,1753,.400,15.5,,.687,.196,.117,.118,.256,.313,,.451,.602,.304,.408,.422,.289,,.300,.684,,.017,14,,.205,.357,,2,1,crawfjo02
100,Dante Cunningham,PF,24,MEM,64,1124,.516,10.2,,.993,.380,.111,.151,.351,.007,,.520,.792,.387,.357,.337,.000,,.715,,,.079,20,,.000,,,1,0,cunnida01
101,Eddy Curry,C,29,MIA,14,83,.462,2.5,,1.000,.769,.192,.038,.000,.000,,.462,.500,.400,.000,,,,.667,,,.192,5,,,,,0,0,curryed01
102,Stephen Curry,PG,23,GSW,26,732,.490,18.0,,.591,.108,.101,.081,.301,.409,,.514,.563,.267,.292,.640,.455,,.333,.782,,.000,0,,.190,.652,,0,0,curryst01
103,Samuel Dalembert,C,30,HOU,65,1446,.506,6.8,,.997,.420,.273,.190,.114,.003,,.508,.651,.444,.320,.444,.000,,.600,,,.170,59,,.000,,,1,0,dalemsa01
104,Erick Dampier,C,36,ATL,15,83,.125,2.4,,1.000,.750,.250,.000,.000,.000,,.125,.167,.000,,,,,.000,,,.000,0,,,,,0,0,dampier01
105,Marquis Daniels,SG,31,BOS,38,484,.364,8.5,,.930,.434,.280,.098,.119,.070,,.391,.565,.175,.429,.235,.000,,.654,,,.042,6,,.300,.000,,3,0,daniema01
106,Baron Davis,PG,32,NYK,29,595,.370,16.7,,.538,.163,.141,.120,.114,.462,,.424,.600,.269,.455,.333,.306,,.071,.731,,.000,0,,.094,.500,,0,0,davisba01
107,Ed Davis,PF,22,TOR,66,1534,.513,6.8,,.997,.391,.313,.200,.093,.003,,.515,.771,.429,.269,.258,.000,,.715,,,.131,40,,.000,,,1,0,davised01
108,Glen Davis,PF,26,ORL,61,1427,.421,9.9,,.974,.318,.223,.159,.273,.026,,.429,.606,.378,.365,.301,.143,,.650,1.000,,.032,13,,.000,,,1,0,davisgl01
109,Josh Davis,PF,31,MEM,15,130,.370,15.2,,.519,.370,.000,.037,.111,.481,,.429,.500,,.000,.333,.308,,.500,1.000,,.074,0,,.077,1.000,,0,0,davisjo02
110,Eric Dawson,C,27,SAS,4,39,.583,10.5,,1.000,.417,.000,.167,.417,.000,,.583,.600,,.500,.600,,,.714,,,.000,0,,,,,0,0,dawsoer01
111,Austin Daye,SF,23,DET,41,603,.322,16.0,,.727,.137,.106,.145,.339,.273,,.364,.645,.417,.242,.286,.210,,.567,1.000,,.000,0,,.226,.143,,0,0,dayeau01
112,Carlos Delfino,SF,29,MIL,54,1537,.402,17.3,,.472,.214,.060,.044,.155,.528,,.449,.577,.333,.500,.300,.360,,.448,.919,,.020,8,,.364,.356,,0,0,delfica01
113,Luol Deng,SF,26,CHI,54,2129,.412,14.4,,.715,.232,.162,.053,.269,.285,,.430,.646,.344,.125,.355,.367,,.530,.987,,.019,14,,.330,.366,,4,0,denglu01
114,Justin Dentmon,PG,26,TOT,6,91,.357,18.1,,.500,.179,.036,.036,.250,.500,,.571,.400,.000,1.000,.714,.143,,.250,1.000,,.000,0,,.214,.000,,0,0,dentmju01
114,Justin Dentmon,PG,26,SAS,2,19,.333,19.5,,.333,.167,.000,.000,.167,.667,,1.000,1.000,,,1.000,.000,,.000,,,.000,0,,.500,.000,,0,0,dentmju01
114,Justin Dentmon,PG,26,TOR,4,72,.364,17.7,,.545,.182,.045,.045,.273,.455,,.500,.250,.000,1.000,.667,.200,,.333,1.000,,.000,0,,.100,.000,,0,0,dentmju01
115,DeMar DeRozan,SG,22,TOR,63,2206,.422,12.7,,.898,.248,.142,.179,.329,.102,,.440,.589,.445,.407,.343,.261,,.630,.792,,.043,35,,.272,.400,,2,0,derozde01
116,Boris Diaw,PF,29,TOT,57,1424,.444,12.6,,.718,.319,.160,.063,.177,.282,,.496,.589,.411,.318,.468,.313,,.624,.935,,.006,2,,.030,.333,,0,0,diawbo01
116,Boris Diaw,PF,29,CHA,37,1018,.410,13.3,,.696,.283,.166,.071,.177,.304,,.472,.563,.404,.300,.460,.267,,.591,.913,,.007,2,,.023,.000,,0,0,diawbo01
116,Boris Diaw,PF,29,SAS,20,406,.588,9.8,,.809,.471,.132,.029,.176,.191,,.582,.656,.444,.500,.500,.615,,.719,1.000,,.000,0,,.077,1.000,,0,0,diawbo01
117,Ike Diogu,PF,28,SAS,2,14,.000,4.0,,1.000,.500,.500,.000,.000,.000,,.000,.000,.000,,,,,,,,.000,0,,,,,0,0,dioguik01
118,DeSagana Diop,C,30,CHA,27,325,.357,9.2,,1.000,.310,.190,.286,.214,.000,,.357,.538,.375,.250,.222,,,.800,,,.048,2,,,,,0,0,diopde01
119,Keyon Dooling,SG,31,BOS,46,662,.405,18.3,,.503,.141,.067,.061,.233,.497,,.476,.652,.273,.400,.447,.333,,.359,.926,,.006,1,,.370,.400,,0,0,doolike01
120,Toney Douglas,PG,25,NYK,38,656,.324,16.2,,.597,.166,.134,.124,.172,.403,,.387,.542,.308,.389,.300,.231,,.328,.852,,.000,0,,.111,.308,,0,0,douglto01
121,Goran Dragić,PG,25,HOU,66,1752,.462,13.2,,.663,.305,.133,.105,.120,.337,,.525,.710,.363,.365,.375,.337,,.177,.618,,.022,12,,.178,.278,,0,0,dragigo01
122,Jared Dudley,SG,26,PHO,65,2020,.485,14.9,,.675,.243,.084,.110,.238,.325,,.535,.705,.407,.366,.484,.383,,.681,.988,,.008,5,,.344,.403,,1,0,dudleja01
123,Chris Duhon,PG,29,ORL,63,1226,.419,18.5,,.414,.187,.089,.020,.118,.586,,.417,.526,.222,.500,.375,.420,,.229,.720,,.000,0,,.193,.522,,1,0,duhonch01
124,Tim Duncan*,C,35,SAS,58,1634,.492,9.7,,.995,.261,.278,.173,.282,.005,,.495,.691,.353,.457,.478,.000,,.615,,,.049,35,,.500,.000,,0,0,duncati01
125,Mike Dunleavy,SF,31,MIL,55,1445,.474,16.1,,.587,.230,.065,.073,.218,.413,,.527,.672,.394,.378,.464,.399,,.763,.964,,.004,2,,.279,.466,,0,0,dunlemi02
126,Kevin Durant,SF,23,OKC,66,2546,.496,13.8,,.735,.213,.157,.184,.182,.265,,.535,.739,.448,.424,.483,.387,,.396,.805,,.082,102,,.047,.500,,1,0,duranke01
127,Jerome Dyson,PG,24,NOH,9,180,.396,9.3,,.833,.438,.208,.063,.125,.167,,.450,.571,.400,.000,.333,.125,,.222,1.000,,.042,1,,.375,.000,,0,0,dysonje01
128,Devin Ebanks,SG,22,LAL,24,396,.416,10.6,,.899,.382,.169,.056,.292,.101,,.463,.588,.267,.200,.462,.000,,.649,,,.045,3,,.667,.000,,0,0,ebankde01
129,Wayne Ellington,SG,24,MIN,51,973,.404,17.1,,.642,.142,.099,.063,.338,.358,,.448,.628,.300,.316,.441,.324,,.540,.914,,.017,5,,.306,.455,,0,0,ellinwa01
130,Monta Ellis,SG,26,TOT,58,2120,.433,13.4,,.807,.253,.124,.129,.301,.193,,.462,.631,.341,.455,.374,.308,,.358,.726,,.025,23,,.299,.450,,2,0,ellismo01
130,Monta Ellis,SG,26,GSW,37,1365,.433,14.1,,.778,.237,.118,.125,.298,.222,,.465,.623,.349,.489,.376,.321,,.333,.700,,.027,16,,.269,.500,,2,0,ellismo01
130,Monta Ellis,SG,26,MIL,21,755,.432,12.1,,.866,.286,.137,.137,.307,.134,,.457,.646,.326,.391,.369,.267,,.406,.833,,.021,7,,.400,.333,,0,0,ellismo01
131,Francisco Elson,C,35,PHI,5,16,.333,14.0,,1.000,.000,.000,1.000,.000,.000,,.333,,,.333,,,,1.000,,,.000,0,,,,,0,0,elsonfr01
132,Andre Emmett,SF,29,NJN,6,45,.571,8.6,,.857,.571,.143,.000,.143,.143,,.667,.750,1.000,,.000,.000,,.500,,,.143,1,,1.000,.000,,0,0,emmetan01
133,Semih Erden,C,25,CLE,28,333,.527,2.9,,1.000,.743,.216,.027,.014,.000,,.527,.636,.188,.500,.000,,,.667,,,.189,12,,,,,0,0,erdense01
134,Jeremy Evans,SF,24,UTA,29,217,.643,4.8,,.976,.714,.143,.048,.071,.024,,.659,.867,.167,.000,.000,.000,,.630,,,.643,25,,.000,,,1,0,evansje01
135,Maurice Evans,SF,33,WAS,24,343,.402,16.3,,.598,.170,.080,.143,.205,.402,,.418,.579,.222,.313,.435,.378,,.536,.882,,.045,5,,.667,.433,,1,0,evansma01
136,Reggie Evans,PF,31,LAC,56,771,.472,3.0,,1.000,.694,.264,.028,.014,.000,,.472,.600,.158,.500,.000,,,.441,,,.042,3,,,,,0,0,evansre01
137,Tyreke Evans,SG,22,SAC,63,2162,.453,9.1,,.890,.437,.219,.048,.187,.110,,.484,.654,.340,.256,.315,.202,,.327,.750,,.017,15,,.040,.250,,4,1,evansty01
138,Christian Eyenga,SF,22,TOT,7,102,.240,12.4,,.880,.320,.080,.120,.360,.120,,.227,.500,.500,.000,.000,.333,,.400,1.000,,.120,2,,.333,.000,,0,0,eyengch01
138,Christian Eyenga,SF,22,CLE,6,83,.158,13.2,,.895,.316,.000,.158,.421,.105,,.118,.333,,.000,.000,.500,,.500,1.000,,.105,1,,.000,,,0,0,eyengch01
138,Christian Eyenga,SF,22,LAL,1,19,.500,10.0,,.833,.333,.333,.000,.167,.167,,.600,1.000,.500,,.000,.000,,.333,,,.167,1,,1.000,.000,,0,0,eyengch01
139,Kenneth Faried,PF,22,DEN,46,1037,.586,3.5,,1.000,.660,.259,.061,.019,.000,,.586,.686,.413,.263,.500,,,.657,,,.298,83,,,,,0,0,farieke01
140,Jordan Farmar,PG,25,NJN,39,831,.467,15.6,,.603,.248,.089,.057,.210,.397,,.484,.628,.464,.278,.379,.440,,.370,.836,,.013,4,,.168,.571,,0,0,farmajo01
141,Derrick Favors,PF,20,UTA,65,1376,.499,4.9,,1.000,.539,.288,.115,.058,.000,,.499,.658,.352,.235,.269,,,.572,,,.164,68,,,,,0,0,favorde01
142,Raymond Felton,PG,27,POR,60,1906,.407,14.8,,.684,.269,.106,.056,.252,.316,,.453,.543,.441,.306,.395,.305,,.196,.726,,.000,0,,.069,.500,,4,0,feltora01
143,Rudy Fernández,SG,26,DEN,31,710,.440,18.7,,.458,.151,.049,.071,.187,.542,,.573,.824,.364,.500,.452,.328,,.695,.975,,.031,7,,.246,.433,,0,0,fernaru01
144,Kyrylo Fesenko,C,25,IND,3,17,.400,3.3,,1.000,.600,.400,.000,.000,.000,,.400,.333,.500,,,,,.000,,,.000,0,,,,,0,0,fesenky01
145,Landry Fields,SG,23,NYK,66,1894,.460,9.9,,.764,.442,.154,.090,.078,.236,,.523,.661,.304,.391,.325,.256,,.556,.968,,.097,48,,.380,.217,,0,0,fieldla01
146,Derek Fisher,PG,37,TOT,63,1508,.371,17.6,,.687,.121,.106,.078,.382,.313,,.393,.476,.297,.333,.406,.321,,.500,.886,,.000,0,,.376,.390,,1,0,fishede01
146,Derek Fisher,PG,37,LAL,43,1101,.383,17.9,,.692,.113,.108,.071,.400,.308,,.410,.407,.269,.471,.438,.324,,.544,.833,,.000,0,,.351,.308,,1,0,fishede01
146,Derek Fisher,PG,37,OKC,20,407,.343,16.8,,.676,.139,.102,.093,.343,.324,,.356,.600,.364,.100,.324,.314,,.385,1.000,,.000,0,,.429,.533,,0,0,fishede01
147,Jonny Flynn,PG,22,TOT,29,416,.351,13.2,,.740,.191,.267,.130,.153,.260,,.371,.560,.286,.353,.300,.294,,.278,.600,,.000,0,,.235,.500,,0,0,flynnjo01
147,Jonny Flynn,PG,22,HOU,11,135,.293,12.3,,.780,.146,.317,.244,.073,.220,,.313,.500,.231,.400,.000,.222,,.200,.500,,.000,0,,.111,1.000,,0,0,flynnjo01
147,Jonny Flynn,PG,22,POR,18,281,.378,13.6,,.722,.211,.244,.078,.189,.278,,.400,.579,.318,.286,.353,.320,,.308,.625,,.000,0,,.280,.429,,0,0,flynnjo01
148,Jeff Foote,C,24,NOH,4,39,.333,3.5,,1.000,.500,.500,.000,.000,.000,,.333,.333,.333,,,,,.500,,,.000,0,,,,,0,0,footeje01
149,Gary Forbes,SG,26,TOR,48,713,.413,15.1,,.694,.229,.125,.074,.266,.306,,.441,.548,.412,.300,.403,.349,,.361,.897,,.007,2,,.373,.452,,1,0,forbega01
150,T.J. Ford,PG,28,SAS,14,191,.442,15.5,,.814,.186,.140,.163,.326,.186,,.486,.500,.333,.571,.500,.250,,.412,.500,,.000,0,,.125,.000,,1,0,fordtj01
151,Courtney Fortson,PG,23,TOT,10,95,.344,12.8,,.594,.281,.281,.000,.031,.406,,.421,.444,.333,,1.000,.231,,.250,1.000,,.000,0,,.000,,,0,0,fortsco01
151,Courtney Fortson,PG,23,LAC,4,46,.417,13.4,,.667,.083,.500,.000,.083,.333,,.500,.000,.500,,1.000,.250,,.500,1.000,,.000,0,,.000,,,0,0,fortsco01
151,Courtney Fortson,PG,23,HOU,6,49,.300,12.5,,.550,.400,.150,.000,.000,.450,,.364,.500,.000,,,.222,,.000,1.000,,.000,0,,.000,,,0,0,fortsco01
152,Jeff Foster,C,35,IND,11,141,.500,6.6,,.944,.611,.111,.056,.167,.056,,.471,.636,.000,.000,.333,1.000,,.375,1.000,,.000,0,,.000,,,0,0,fosteje01
153,Randy Foye,SG,28,LAC,65,1682,.398,18.2,,.489,.138,.107,.048,.196,.511,,.410,.596,.319,.387,.333,.386,,.543,.874,,.011,7,,.240,.342,,0,0,foyera01
154,Jimmer Fredette,PG,22,SAC,61,1135,.386,17.7,,.516,.099,.175,.092,.150,.484,,.409,.750,.256,.317,.418,.361,,.372,.590,,.000,0,,.102,.455,,0,0,fredeji01
155,Enes Freedom,C,19,UTA,66,874,.496,5.1,,.996,.521,.322,.081,.072,.004,,.498,.634,.395,.211,.294,.000,,.453,,,.106,20,,.000,,,0,0,kanteen01
156,Channing Frye,PF,28,PHO,64,1669,.416,17.6,,.571,.131,.135,.049,.256,.429,,.469,.650,.494,.333,.389,.346,,.598,.967,,.044,24,,.087,.435,,0,0,fryech01
157,Dan Gadzuric,C,33,NYK,2,13,.000,1.6,,1.000,1.000,.000,.000,.000,.000,,.000,.000,,,,,,,,,.000,0,,,,,0,0,gadzuda01
158,Sundiata Gaines,SG,25,NJN,57,793,.376,14.4,,.697,.244,.159,.096,.199,.303,,.392,.364,.442,.423,.370,.341,,.230,.500,,.004,1,,.098,.125,,0,0,gainesu01
159,Danilo Gallinari,SF,23,DEN,43,1351,.414,14.9,,.607,.318,.084,.030,.176,.393,,.470,.601,.282,.214,.366,.328,,.496,.883,,.071,32,,.191,.314,,2,0,gallida01
160,Francisco García,SF,30,SAC,49,798,.376,19.2,,.428,.118,.039,.066,.205,.572,,.490,.778,.778,.133,.383,.290,,.729,.947,,.004,1,,.504,.318,,0,0,garcifr01
161,Kevin Garnett*,C,35,BOS,60,1864,.503,12.4,,.988,.192,.175,.201,.421,.012,,.505,.691,.441,.423,.486,.333,,.765,.667,,.048,34,,.000,,,0,0,garneke01
162,Marc Gasol,C,27,MEM,65,2370,.482,9.6,,.984,.212,.357,.266,.149,.016,,.489,.701,.470,.406,.382,.083,,.683,1.000,,.039,28,,.083,.000,,4,0,gasolma01
163,Pau Gasol*,PF,31,LAL,65,2430,.501,9.7,,.971,.275,.281,.167,.248,.029,,.508,.687,.442,.412,.449,.259,,.646,.857,,.087,74,,.667,.389,,0,0,gasolpa01
164,Rudy Gay,SF,25,MEM,65,2422,.455,12.1,,.838,.275,.169,.178,.216,.162,,.482,.679,.367,.437,.359,.312,,.397,.796,,.119,110,,.162,.286,,3,1,gayru01
165,Alonzo Gee,SG,24,CLE,63,1827,.412,10.8,,.751,.387,.171,.080,.114,.249,,.442,.601,.191,.273,.397,.321,,.470,.955,,.100,50,,.401,.273,,0,0,geeal01
166,Paul George,SG,21,IND,66,1958,.440,14.2,,.634,.297,.094,.092,.150,.366,,.472,.621,.367,.356,.313,.385,,.440,.856,,.088,49,,.248,.293,,2,1,georgpa01
167,Daniel Gibson,SG,25,CLE,35,916,.351,19.4,,.440,.101,.089,.032,.218,.560,,.294,.600,.227,.125,.204,.396,,.625,.855,,.000,0,,.237,.394,,1,0,gibsoda01
168,Taj Gibson,PF,26,CHI,63,1284,.495,7.8,,1.000,.426,.208,.153,.213,.000,,.495,.663,.369,.452,.314,,,.690,,,.124,47,,,,,0,0,gibsota01
169,Manu Ginóbili*,SG,34,SAS,34,792,.526,14.8,,.558,.284,.112,.060,.102,.442,,.616,.778,.469,.588,.345,.413,,.316,.827,,.021,5,,.167,.381,,1,0,ginobma01
170,Mickell Gladness,PF,25,TOT,26,252,.424,6.7,,1.000,.441,.220,.237,.102,.000,,.424,.538,.308,.357,.333,,,.760,,,.169,8,,,,,0,0,gladnmi01
170,Mickell Gladness,PF,25,MIA,8,28,.333,8.4,,1.000,.333,.000,.667,.000,.000,,.333,.000,,.500,,,,1.000,,,.000,0,,,,,0,0,gladnmi01
170,Mickell Gladness,PF,25,GSW,18,224,.429,6.6,,1.000,.446,.232,.214,.107,.000,,.429,.560,.308,.333,.333,,,.750,,,.179,8,,,,,0,0,gladnmi01
171,Ryan Gomes,SF,29,LAC,32,425,.326,17.7,,.695,.116,.063,.095,.421,.305,,.409,.545,.667,.333,.350,.138,,.926,1.000,,.000,0,,.621,.167,,1,0,gomesry01
172,Drew Gooden,C,30,MIL,56,1469,.437,11.9,,.916,.289,.149,.119,.359,.084,,.450,.568,.316,.346,.445,.291,,.657,.938,,.027,16,,.255,.286,,1,0,goodedr01
173,Ben Gordon,SG,28,DET,52,1398,.442,16.8,,.723,.128,.109,.081,.404,.277,,.446,.500,.379,.349,.467,.429,,.485,.714,,.000,0,,.231,.412,,0,0,gordobe01
174,Eric Gordon,SG,23,NOH,9,310,.450,12.9,,.714,.307,.186,.064,.157,.286,,.530,.698,.385,.444,.409,.250,,.321,.400,,.029,4,,.025,1.000,,0,0,gordoer01
175,Marcin Gortat,C,27,PHO,66,2114,.555,6.0,,.997,.428,.352,.161,.056,.003,,.557,.736,.435,.387,.442,.000,,.796,,,.066,49,,.000,,,0,0,gortama01
176,Andrew Goudelock,SG,23,LAL,40,419,.391,18.9,,.569,.017,.161,.126,.264,.431,,.404,.000,.571,.545,.261,.373,,.325,.821,,.000,0,,.120,.667,,0,0,goudean01
177,Danny Granger,SF,28,IND,62,2062,.416,14.9,,.657,.192,.152,.140,.172,.343,,.434,.558,.392,.379,.377,.381,,.399,.951,,.004,4,,.226,.315,,0,0,grangda01
178,Aaron Gray,C,27,TOR,49,813,.516,4.2,,1.000,.578,.311,.099,.012,.000,,.516,.656,.280,.438,.500,,,.663,,,.062,9,,,,,0,0,grayaa01
179,Danny Green,SG,24,SAS,66,1522,.442,15.8,,.509,.235,.119,.059,.096,.491,,.449,.589,.246,.321,.435,.436,,.578,.951,,.027,8,,.389,.451,,2,0,greenda02
180,Gerald Green,SF,26,NJN,31,781,.481,16.4,,.656,.166,.103,.141,.247,.344,,.529,.736,.606,.467,.392,.391,,.568,.953,,.078,21,,.218,.417,,3,0,greenge01
181,Willie Green,SG,30,ATL,53,922,.471,16.3,,.652,.154,.120,.086,.292,.348,,.486,.660,.538,.357,.411,.442,,.699,.980,,.025,6,,.442,.540,,1,0,greenwi01
182,Donté Greene,PF,23,SAC,53,777,.406,15.1,,.605,.244,.117,.064,.177,.395,,.516,.708,.387,.412,.362,.238,,.663,1.000,,.094,24,,.448,.234,,1,0,greendo01
183,Blake Griffin,PF,22,LAC,66,2392,.549,7.7,,.984,.436,.266,.059,.223,.016,,.556,.765,.426,.250,.382,.125,,.626,1.000,,.209,192,,.188,.000,,3,0,griffbl01
184,Hamed Haddadi,C,26,MEM,35,206,.542,5.1,,.979,.604,.229,.104,.042,.021,,.553,.690,.364,.200,.500,.000,,.538,,,.063,3,,.000,,,1,0,haddaha01
185,Jordan Hamilton,SF,21,DEN,26,258,.432,15.0,,.577,.198,.216,.063,.099,.423,,.484,.682,.375,.286,.455,.362,,.548,.941,,.045,5,,.255,.167,,0,0,hamiljo02
186,Richard Hamilton,SG,33,CHI,28,697,.452,14.7,,.852,.132,.116,.252,.352,.148,,.466,.659,.556,.423,.394,.370,,.748,1.000,,.003,1,,.478,.318,,0,0,hamilri01
187,Tyler Hansbrough,PF,26,IND,66,1442,.405,9.8,,.998,.280,.267,.111,.340,.002,,.406,.604,.289,.321,.362,.000,,.603,,,.025,12,,.000,,,1,0,hansbty01
188,Luke Harangody,PF,24,CLE,21,231,.354,15.2,,.677,.231,.077,.077,.292,.323,,.409,.467,.000,.600,.421,.238,,.667,1.000,,.000,0,,.286,.333,,0,0,haranlu01
189,James Harden,SG,22,OKC,62,1946,.491,14.3,,.536,.328,.111,.024,.073,.464,,.579,.723,.300,.400,.413,.390,,.282,.860,,.062,39,,.113,.455,,1,0,hardeja01
190,Justin Harper,PF,22,ORL,14,84,.290,15.7,,.581,.290,.065,.032,.194,.419,,.389,.667,.000,.000,.167,.154,,.286,.500,,.000,0,,.154,.000,,0,0,harpeju01
191,Josh Harrellson,PF,22,NYK,37,540,.423,13.6,,.604,.336,.107,.034,.128,.396,,.478,.560,.375,.800,.263,.339,,.628,1.000,,.040,5,,.373,.409,,0,0,harrejo01
192,Al Harrington,PF,31,DEN,64,1761,.446,13.4,,.608,.370,.088,.048,.102,.392,,.519,.629,.265,.378,.405,.333,,.586,.980,,.035,27,,.284,.407,,2,0,harrial01
193,Devin Harris,PG,28,UTA,63,1741,.445,15.4,,.607,.227,.142,.059,.179,.393,,.498,.667,.377,.375,.423,.362,,.348,.870,,.002,1,,.033,.571,,2,0,harride01
194,Manny Harris,SG,22,CLE,26,456,.400,12.6,,.760,.320,.140,.100,.200,.240,,.421,.563,.429,.400,.200,.333,,.333,.750,,.013,2,,.194,.429,,0,0,harrima01
195,Terrel Harris,SG,24,MIA,22,318,.349,13.7,,.530,.434,.024,.012,.060,.470,,.477,.500,.000,.000,.600,.205,,.619,1.000,,.036,2,,.410,.063,,0,0,harrite01
196,Tobias Harris,SF,19,MIL,42,479,.467,8.1,,.864,.391,.331,.083,.059,.136,,.500,.682,.321,.429,.400,.261,,.671,1.000,,.077,12,,.652,.333,,0,0,harrito02
197,Udonis Haslem,PF,31,MIA,64,1589,.423,10.3,,1.000,.345,.098,.221,.336,.000,,.423,.545,.314,.392,.350,,,.755,,,.078,23,,,,,0,0,hasleud01
198,Spencer Hawes,C,23,PHI,37,920,.489,10.1,,.962,.285,.235,.172,.270,.038,,.498,.637,.467,.400,.442,.250,,.739,1.000,,.041,11,,.333,.000,,1,0,hawessp01
199,Chuck Hayes,C,28,SAC,54,1039,.429,4.7,,.988,.471,.453,.059,.006,.012,,.435,.500,.364,.500,.000,.000,,.589,,,.006,1,,.000,,,0,0,hayesch01
200,Gordon Hayward,SF,21,UTA,66,2015,.456,13.6,,.729,.295,.113,.063,.258,.271,,.496,.642,.409,.486,.371,.346,,.660,1.000,,.073,39,,.258,.366,,0,0,haywago01
201,Lazar Hayward,SF,25,OKC,26,141,.342,16.1,,.632,.184,.132,.105,.211,.368,,.375,.571,.400,.000,.375,.286,,.667,1.000,,.053,2,,.357,.600,,1,0,haywala01
202,Brendan Haywood,C,32,DAL,54,1146,.518,3.7,,1.000,.592,.316,.092,.000,.000,,.518,.674,.306,.238,,,,.644,,,.197,42,,,,,0,0,haywobr01
203,Gerald Henderson,SG,24,CHA,55,1831,.459,12.9,,.935,.254,.122,.133,.426,.065,,.475,.679,.341,.427,.406,.234,,.595,.636,,.050,31,,.234,.273,,5,0,hendege02
204,Xavier Henry,SG,20,NOH,45,759,.395,11.8,,.925,.254,.189,.114,.368,.075,,.393,.638,.256,.154,.369,.412,,.627,1.000,,.026,6,,.529,.556,,0,0,henryxa01
205,Roy Hibbert,C,25,IND,65,1937,.497,6.0,,.999,.358,.455,.118,.067,.001,,.498,.569,.510,.329,.333,.000,,.482,,,.069,37,,.000,,,0,0,hibbero01
206,J.J. Hickson,PF,23,TOT,54,1244,.467,7.5,,.995,.429,.235,.145,.189,.005,,.469,.631,.435,.228,.338,.000,,.601,,,.135,44,,.000,,,0,0,hicksjj01
206,J.J. Hickson,PF,23,SAC,35,644,.370,9.1,,.994,.335,.231,.185,.249,.006,,.372,.569,.275,.250,.302,.000,,.656,,,.127,17,,.000,,,0,0,hicksjj01
206,J.J. Hickson,PF,23,POR,19,600,.543,6.3,,.995,.502,.237,.114,.142,.005,,.546,.664,.558,.200,.387,.000,,.571,,,.142,27,,.000,,,0,0,hicksjj01
207,Cory Higgins,PG,22,CHA,38,423,.325,11.8,,.875,.281,.175,.156,.263,.125,,.343,.400,.214,.480,.286,.200,,.375,.750,,.006,0,,.250,.400,,0,0,higgico01
208,Nenê,C,29,TOT,39,1110,.537,7.0,,.990,.519,.163,.127,.181,.010,,.542,.691,.313,.420,.408,.000,,.645,,,.137,51,,.000,,,1,0,hilarne01
208,Nenê,C,29,DEN,28,826,.509,6.4,,.993,.573,.146,.103,.171,.007,,.513,.658,.244,.345,.354,.000,,.678,,,.160,42,,.000,,,1,0,hilarne01
208,Nenê,C,29,WAS,11,284,.607,8.6,,.982,.384,.205,.188,.205,.018,,.618,.814,.435,.524,.522,.000,,.574,,,.080,9,,.000,,,0,0,hilarne01
209,George Hill,PG,25,IND,50,1274,.442,15.6,,.613,.205,.139,.082,.187,.387,,.489,.615,.434,.484,.394,.367,,.342,.648,,.026,10,,.265,.385,,2,0,hillge01
210,Grant Hill*,SF,39,PHO,49,1378,.446,13.1,,.882,.197,.144,.206,.335,.118,,.470,.663,.323,.355,.490,.264,,.663,1.000,,.002,1,,.830,.295,,1,0,hillgr01
211,Jordan Hill,C,24,TOT,39,551,.497,7.8,,.982,.364,.309,.139,.170,.018,,.506,.700,.451,.391,.286,.000,,.622,,,.048,8,,.000,,,0,0,hilljo01
211,Jordan Hill,C,24,HOU,32,469,.504,8.2,,.978,.333,.311,.148,.185,.022,,.515,.733,.452,.400,.320,.000,,.618,,,.059,8,,.000,,,0,0,hilljo01
211,Jordan Hill,C,24,LAL,7,82,.467,6.0,,1.000,.500,.300,.100,.100,.000,,.467,.600,.444,.333,.000,,,.643,,,.000,0,,,,,0,0,hilljo01
212,Kirk Hinrich,SG,31,ATL,48,1237,.414,17.6,,.539,.159,.081,.054,.244,.461,,.472,.638,.375,.313,.431,.346,,.413,.936,,.000,0,,.375,.451,,0,0,hinriki01
213,Darington Hobson,SG,24,MIL,5,39,.154,17.5,,.538,.154,.154,.077,.154,.462,,.286,.500,.000,1.000,.000,.000,,.500,,,.000,0,,.000,,,0,0,hobsoda01
214,Jrue Holiday,PG,21,PHI,65,2196,.432,12.7,,.795,.247,.171,.159,.217,.205,,.445,.539,.343,.429,.431,.380,,.281,.754,,.028,21,,.246,.286,,0,0,holidjr01
215,Ryan Hollins,C,27,TOT,39,522,.548,3.8,,1.000,.690,.167,.095,.048,.000,,.548,.638,.286,.500,.250,,,.761,,,.369,26,,,,,0,0,holliry01
215,Ryan Hollins,C,27,CLE,24,362,.500,4.3,,1.000,.643,.196,.089,.071,.000,,.500,.556,.364,.600,.250,,,.750,,,.304,12,,,,,0,0,holliry01
215,Ryan Hollins,C,27,BOS,15,160,.643,2.9,,1.000,.786,.107,.107,.000,.000,,.643,.773,.000,.333,,,,.778,,,.500,14,,,,,0,0,holliry01
216,Tyler Honeycutt,SF,21,SAC,15,88,.333,12.1,,.875,.333,.125,.042,.375,.125,,.333,.625,.000,.000,.222,.333,,.714,1.000,,.208,4,,.667,.500,,0,0,honeyty01
217,Al Horford,C,25,ATL,11,348,.553,8.9,,.990,.369,.243,.087,.291,.010,,.559,.684,.600,.444,.400,.000,,.579,,,.117,10,,.000,,,0,0,horfoal01
218,Dennis Horner,PF,23,NJN,8,22,.250,14.7,,.750,.000,.250,.250,.250,.250,,.333,,.000,1.000,.000,.000,,1.000,,,.000,0,,1.000,.000,,0,0,hornede01
219,Dwight Howard,C,26,ORL,54,2070,.573,4.2,,.990,.517,.459,.012,.003,.010,,.579,.731,.417,.333,.000,.000,,.505,,,.200,137,,.000,,,5,0,howardw01
220,Josh Howard,SF,31,UTA,43,991,.399,13.1,,.898,.155,.252,.163,.327,.102,,.417,.661,.462,.356,.297,.243,,.563,1.000,,.017,6,,.189,.429,,1,0,howarjo01
221,Juwan Howard,PF,38,MIA,28,190,.309,7.9,,1.000,.309,.345,.145,.200,.000,,.309,.412,.211,.125,.455,,,.471,,,.000,0,,,,,0,0,howarju01
222,Lester Hudson,PG,27,TOT,16,334,.383,15.1,,.605,.222,.148,.080,.154,.395,,.469,.667,.542,.154,.280,.250,,.522,.813,,.006,1,,.156,.500,,0,0,hudsole01
222,Lester Hudson,PG,27,CLE,13,314,.391,15.0,,.596,.219,.152,.086,.139,.404,,.489,.697,.522,.154,.333,.246,,.523,.800,,.007,1,,.164,.500,,0,0,hudsole01
222,Lester Hudson,PG,27,MEM,3,20,.273,15.7,,.727,.273,.091,.000,.364,.273,,.250,.333,1.000,,.000,.333,,.500,1.000,,.000,0,,.000,,,0,0,hudsole01
223,Larry Hughes,PG,33,ORL,9,114,.227,17.7,,.682,.136,.045,.136,.364,.318,,.267,.333,.000,.333,.250,.143,,.750,1.000,,.000,0,,.429,.000,,0,0,hughela01
224,Kris Humphries,PF,26,NJN,62,2162,.481,7.6,,1.000,.453,.173,.200,.174,.000,,.481,.592,.371,.358,.444,,,.684,,,.158,92,,,,,0,0,humphkr01
225,Serge Ibaka,PF,22,OKC,66,1792,.535,8.7,,.994,.402,.169,.120,.302,.006,,.536,.711,.422,.305,.459,.333,,.674,1.000,,.178,83,,.333,.000,,0,0,ibakase01
226,Andre Iguodala,SF,28,PHI,62,2209,.454,15.5,,.695,.229,.074,.084,.307,.305,,.481,.752,.362,.434,.320,.394,,.412,.750,,.111,70,,.187,.472,,2,0,iguodan01
227,Ersan İlyasova,PF,24,MIL,60,1655,.492,10.8,,.812,.404,.136,.075,.198,.188,,.501,.614,.321,.444,.415,.455,,.712,.980,,.013,7,,.134,.467,,1,0,ilyaser01
228,Kyrie Irving,PG,19,CLE,51,1558,.469,12.0,,.755,.364,.123,.092,.175,.245,,.491,.614,.359,.391,.382,.399,,.253,.534,,.005,3,,.148,.370,,4,0,irvinky01
229,Royal Ivey,SG,30,OKC,34,354,.356,19.5,,.274,.068,.110,.027,.068,.726,,.400,1.000,.125,.500,.200,.340,,.375,1.000,,.000,0,,.566,.400,,0,0,iveyro01
230,Jarrett Jack,PG,28,NOH,45,1530,.456,14.0,,.808,.125,.238,.161,.283,.192,,.482,.616,.468,.479,.436,.348,,.185,.769,,.002,1,,.161,.389,,0,0,jackja01
231,Reggie Jackson,PG,21,OKC,45,501,.321,15.0,,.610,.264,.107,.094,.145,.390,,.392,.452,.353,.200,.435,.210,,.158,.692,,.025,3,,.242,.133,,2,0,jacksre01
232,Stephen Jackson,SF,33,TOT,47,1212,.374,15.7,,.600,.231,.122,.066,.181,.400,,.431,.551,.519,.214,.299,.288,,.482,.837,,.012,5,,.176,.300,,2,0,jacksst02
232,Stephen Jackson,SF,33,MIL,26,712,.357,15.9,,.603,.213,.114,.085,.191,.397,,.409,.534,.516,.217,.288,.278,,.537,.800,,.004,1,,.139,.200,,1,0,jacksst02
232,Stephen Jackson,SF,33,SAS,21,500,.405,15.3,,.595,.261,.137,.033,.163,.405,,.473,.575,.524,.200,.320,.306,,.395,.895,,.026,4,,.242,.400,,1,0,jacksst02
233,Damion James,SF,24,NJN,7,170,.371,10.7,,.971,.171,.343,.143,.314,.029,,.382,.833,.167,.200,.455,.000,,.769,,,.029,1,,.000,,,0,0,jamesda01
234,LeBron James,SF,27,MIA,62,2326,.531,11.5,,.873,.329,.136,.135,.272,.127,,.556,.758,.484,.481,.384,.362,,.360,.519,,.092,104,,.121,.333,,0,0,jamesle01
235,Mike James,PG,36,CHI,11,120,.408,10.8,,.796,.265,.327,.102,.102,.204,,.359,.462,.375,.200,.200,.600,,.143,.833,,.000,0,,.500,.400,,0,0,jamesmi01
236,Antawn Jamison,PF,35,CLE,65,2151,.403,13.2,,.744,.230,.229,.068,.217,.256,,.425,.629,.397,.282,.282,.341,,.724,.978,,.002,2,,.150,.350,,0,0,jamisan01
237,Al Jefferson,C,27,UTA,61,2075,.492,9.2,,.996,.218,.364,.216,.199,.004,,.493,.680,.491,.394,.402,.250,,.522,1.000,,.053,52,,.000,,,0,0,jeffeal01
238,Richard Jefferson,SF,31,TOT,63,1748,.416,19.6,,.449,.078,.066,.059,.246,.551,,.411,.737,.188,.310,.392,.420,,.633,.965,,.020,9,,.420,.416,,1,0,jefferi01
238,Richard Jefferson,SF,31,SAS,41,1168,.414,19.8,,.404,.078,.056,.047,.223,.596,,.403,.640,.222,.200,.408,.421,,.712,.963,,.013,3,,.500,.400,,0,0,jefferi01
238,Richard Jefferson,SF,31,GSW,22,580,.420,19.1,,.533,.077,.083,.083,.290,.467,,.422,.923,.143,.429,.367,.418,,.526,.970,,.036,6,,.228,.500,,1,0,jefferi01
239,Jared Jeffries,PF,30,NYK,39,729,.410,7.8,,.889,.556,.139,.028,.167,.111,,.438,.538,.150,.250,.375,.188,,.625,1.000,,.049,6,,.875,.214,,0,0,jeffrja01
240,Charles Jenkins,PG,22,GSW,51,893,.447,14.3,,.931,.216,.127,.058,.529,.069,,.469,.524,.297,.529,.481,.150,,.339,.667,,.000,0,,.150,.000,,1,0,jenkich01
241,Brandon Jennings,PG,22,MIL,66,2331,.418,14.0,,.654,.262,.167,.084,.141,.346,,.464,.571,.396,.362,.405,.332,,.326,.550,,.008,8,,.152,.373,,4,0,jennibr01
242,Jonas Jerebko,PF,24,DET,64,1468,.468,11.3,,.766,.389,.161,.044,.172,.234,,.519,.625,.342,.400,.474,.302,,.744,.969,,.049,20,,.179,.421,,1,0,jerebjo01
243,Yi Jianlian,PF,24,DAL,30,203,.378,15.4,,.878,.171,.085,.061,.561,.122,,.389,.429,.143,.200,.435,.300,,.821,1.000,,.049,4,,.000,,,0,0,jianlyi01
244,Amir Johnson,PF,24,TOR,64,1553,.576,7.5,,.985,.509,.188,.050,.238,.015,,.579,.734,.484,.353,.370,.400,,.696,.500,,.162,49,,.600,.667,,0,0,johnsam01
245,Armon Johnson,PG,22,TOT,9,124,.465,8.0,,.930,.419,.279,.140,.093,.070,,.475,.611,.500,.333,.000,.333,,.316,.000,,.023,1,,.000,,,0,0,johnsar02
245,Armon Johnson,PG,22,POR,1,5,1.000,1.4,,1.000,1.000,.000,.000,.000,.000,,1.000,1.000,,,,,,1.000,,,.000,0,,,,,0,0,johnsar02
245,Armon Johnson,PG,22,NJN,8,119,.452,8.2,,.929,.405,.286,.143,.095,.071,,.462,.588,.500,.333,.000,.333,,.278,.000,,.024,1,,.000,,,0,0,johnsar02
246,Carldell Johnson,PG,29,NOH,15,119,.314,15.4,,.571,.171,.229,.086,.086,.429,,.350,.500,.125,.333,.667,.267,,.286,1.000,,.000,0,,.000,,,0,0,johnsca01
247,Chris Johnson,C,26,TOT,27,175,.488,5.1,,1.000,.537,.268,.122,.073,.000,,.488,.636,.273,.600,.000,,,.600,,,.146,6,,,,,0,0,johnsch03
247,Chris Johnson,C,26,POR,20,93,.478,4.8,,1.000,.609,.174,.130,.087,.000,,.478,.714,.000,.333,.000,,,.455,,,.174,4,,,,,0,0,johnsch03
247,Chris Johnson,C,26,NOH,7,82,.500,5.5,,1.000,.444,.389,.111,.056,.000,,.500,.500,.429,1.000,.000,,,.778,,,.111,2,,,,,0,0,johnsch03
248,Ivan Johnson,PF,27,ATL,56,934,.513,7.9,,.978,.491,.182,.062,.244,.022,,.517,.711,.320,.529,.269,.333,,.748,1.000,,.131,35,,.000,,,2,0,johnsiv01
249,JaJuan Johnson,PF,22,BOS,36,298,.446,10.7,,1.000,.289,.124,.281,.306,.000,,.446,.657,.467,.382,.297,,,.722,,,.140,14,,,,,0,0,johnsja02
250,James Johnson,SF,24,TOR,62,1561,.450,10.1,,.884,.396,.166,.073,.249,.116,,.467,.620,.419,.342,.295,.317,,.505,.895,,.091,39,,.417,.280,,2,0,johnsja01
251,Joe Johnson,SG,30,ATL,60,2127,.454,16.2,,.654,.120,.183,.102,.249,.346,,.489,.705,.494,.442,.401,.388,,.349,.880,,.004,4,,.363,.410,,2,0,johnsjo02
252,Trey Johnson,SG,27,NOH,11,61,.571,10.2,,1.000,.429,.071,.143,.357,.000,,.571,.833,1.000,.500,.200,,,.500,,,.000,0,,,,,0,0,johnstr01
253,Wesley Johnson,SF,24,MIN,65,1469,.398,17.8,,.574,.166,.043,.055,.310,.426,,.461,.712,.412,.455,.333,.314,,.648,.925,,.073,27,,.391,.273,,0,0,johnswe01
254,Dahntay Jones,SF,31,IND,65,1052,.409,12.7,,.726,.285,.171,.096,.174,.274,,.402,.613,.313,.222,.245,.429,,.451,.970,,.068,17,,.727,.429,,1,0,jonesda02
255,Dominique Jones,SG,23,DAL,33,268,.397,8.7,,.890,.452,.205,.096,.137,.110,,.431,.636,.267,.286,.100,.125,,.393,1.000,,.027,2,,.375,.333,,0,0,jonesdo02
256,James Jones,SG,31,MIA,51,666,.380,22.9,,.240,.000,.007,.047,.187,.760,,.306,,.000,.571,.250,.404,,.727,1.000,,.000,0,,.421,.333,,0,0,jonesja02
257,Solomon Jones,C-PF,27,TOT,21,292,.393,8.3,,1.000,.361,.197,.295,.148,.000,,.393,.455,.417,.389,.222,,,.750,,,.033,2,,,,,0,0,jonesso01
257,Solomon Jones,PF,27,LAC,10,96,.125,6.9,,1.000,.625,.000,.250,.125,.000,,.125,.200,,.000,.000,,,1.000,,,.000,0,,,,,0,0,jonesso01
257,Solomon Jones,C,27,NOH,11,196,.434,8.5,,1.000,.321,.226,.302,.151,.000,,.434,.529,.417,.438,.250,,,.739,,,.038,2,,,,,0,0,jonesso01
258,DeAndre Jordan,C,23,LAC,66,1798,.632,2.6,,.997,.788,.181,.018,.009,.003,,.634,.673,.475,.500,.667,.000,,.660,,,.521,141,,1.000,.000,,0,0,jordade01
259,Jerome Jordan,C,25,NYK,21,108,.515,5.2,,1.000,.667,.121,.030,.182,.000,,.515,.636,.250,.000,.333,,,.765,,,.333,10,,,,,0,0,jordaje01
260,Cory Joseph,PG,20,SAS,29,266,.314,14.3,,.786,.214,.157,.043,.371,.214,,.345,.400,.182,.667,.346,.200,,.474,1.000,,.014,1,,.333,.000,,0,0,josepco01
261,Chris Kaman,C,29,NOH,47,1372,.446,9.3,,1.000,.263,.255,.315,.168,.000,,.446,.548,.336,.436,.470,,,.647,,,.023,14,,,,,0,0,kamanch01
262,Jason Kapono,SG,30,LAL,27,269,.382,20.7,,.509,.036,.000,.091,.382,.491,,.464,.500,,.600,.429,.296,,.692,1.000,,.000,0,,.556,.333,,0,0,kaponja01
263,D.J. Kennedy,SF,22,CLE,2,59,.417,17.8,,.667,.083,.083,.000,.500,.333,,.375,1.000,.000,,.333,.500,,1.000,1.000,,.000,0,,.250,.000,,0,0,kennedj01
264,Jason Kidd*,PG,38,DAL,48,1379,.363,22.8,,.183,.029,.037,.026,.092,.817,,.400,.375,.400,.429,.400,.354,,.250,.772,,.000,0,,.108,.292,,0,0,kiddja01
265,Linas Kleiza,SF,27,TOR,49,1057,.402,16.5,,.563,.166,.149,.068,.180,.437,,.446,.588,.393,.357,.392,.346,,.660,.919,,.020,8,,.307,.291,,2,0,kleizli01
266,Brandon Knight,PG,20,DET,66,2129,.415,14.5,,.641,.261,.153,.068,.159,.359,,.434,.592,.331,.385,.295,.380,,.313,.819,,.009,5,,.112,.419,,5,0,knighbr03
267,Kyle Korver,SG,30,CHI,65,1469,.432,21.7,,.342,.036,.005,.073,.228,.658,,.426,.600,.500,.400,.404,.435,,.933,.932,,.000,0,,.310,.405,,0,0,korveky01
268,Kosta Koufos,C,22,DEN,48,792,.599,3.0,,1.000,.729,.250,.016,.005,.000,,.599,.679,.417,.000,.000,,,.609,,,.125,22,,,,,0,0,koufoko01
269,Carl Landry,PF,28,NOH,41,999,.503,8.3,,.992,.343,.279,.207,.160,.008,,.507,.718,.426,.427,.310,.000,,.495,,,.091,32,,.000,,,2,0,landrca01
270,Ty Lawson,PG,24,DEN,61,2124,.488,12.1,,.739,.352,.149,.083,.155,.261,,.531,.622,.474,.500,.395,.365,,.272,.767,,.005,4,,.135,.333,,3,0,lawsoty01
271,Courtney Lee,SG,26,HOU,58,1757,.433,15.7,,.626,.190,.121,.088,.228,.374,,.452,.636,.343,.451,.356,.401,,.427,.977,,.029,13,,.465,.495,,1,0,leeco01
272,David Lee,PF,28,GSW,57,2121,.503,7.5,,.995,.382,.317,.110,.187,.005,,.506,.688,.366,.475,.390,.000,,.623,,,.074,66,,.000,,,0,0,leeda02
273,Malcolm Lee,SG,21,MIN,19,243,.390,8.9,,.831,.508,.136,.034,.153,.169,,.429,.567,.125,.500,.222,.200,,.429,1.000,,.051,2,,.500,.000,,0,0,leema01
274,Kawhi Leonard,SF,20,SAS,64,1534,.493,11.1,,.730,.369,.176,.092,.094,.270,,.536,.698,.394,.324,.368,.376,,.532,.976,,.082,29,,.450,.469,,0,0,leonaka01
275,Travis Leslie,SG,21,LAC,10,45,.357,4.5,,1.000,.643,.286,.000,.071,.000,,.357,.444,.250,,.000,,,.400,,,.286,1,,,,,0,0,leslitr01
276,Jon Leuer,PF,22,MIL,46,555,.508,10.9,,.953,.304,.099,.309,.241,.047,,.516,.724,.368,.441,.413,.333,,.691,.667,,.089,16,,.222,.000,,0,0,leuerjo01
277,Rashard Lewis,SF,32,WAS,28,729,.385,13.6,,.697,.195,.222,.122,.158,.303,,.448,.628,.347,.296,.486,.239,,.507,1.000,,.018,4,,.582,.282,,0,0,lewisra02
278,DeAndre Liggins,SF,23,ORL,17,115,.480,7.7,,.840,.520,.240,.040,.040,.160,,.571,.769,.167,.000,1.000,.000,,1.000,,,.120,2,,.000,,,0,0,liggide01
279,Jeremy Lin,PG,23,NYK,35,940,.446,10.7,,.804,.321,.253,.081,.149,.196,,.477,.520,.423,.516,.456,.320,,.184,.583,,.008,3,,.173,.462,,0,0,linje01
280,Shaun Livingston,SG,26,MIL,58,1092,.469,9.8,,.989,.247,.214,.406,.122,.011,,.466,.642,.448,.400,.364,.667,,.576,1.000,,.081,21,,.333,1.000,,1,0,livinsh01
281,Brook Lopez,C,23,NJN,5,136,.494,7.5,,1.000,.260,.468,.117,.156,.000,,.494,.550,.528,.556,.250,,,.553,,,.039,2,,,,,0,0,lopezbr01
282,Robin Lopez,C,23,PHO,64,895,.461,6.3,,1.000,.413,.349,.138,.100,.000,,.461,.631,.383,.216,.370,,,.516,,,.086,23,,,,,0,0,lopezro01
283,Kevin Love,PF,23,MIN,55,2145,.448,12.3,,.734,.335,.159,.082,.158,.266,,.475,.600,.393,.287,.389,.372,,.482,.924,,.040,39,,.092,.308,,2,0,loveke01
284,Kyle Lowry,PG,25,HOU,47,1510,.409,15.4,,.589,.251,.140,.064,.133,.411,,.434,.597,.264,.303,.368,.374,,.267,.557,,.000,0,,.095,.450,,1,0,lowryky01
285,John Lucas III,PG,29,CHI,49,726,.399,17.9,,.609,.103,.106,.120,.279,.391,,.404,.405,.474,.488,.340,.393,,.193,.600,,.000,0,,.150,.333,,0,0,lucasjo02
286,Shelvin Mack,PG,21,WAS,64,779,.400,12.3,,.809,.309,.132,.114,.255,.191,,.427,.618,.379,.400,.232,.286,,.211,.917,,.005,1,,.357,.200,,0,0,macksh01
287,Vernon Macklin,C,25,DET,23,135,.543,2.5,,1.000,.714,.257,.029,.000,.000,,.543,.600,.333,1.000,,,,.474,,,.143,5,,,,,0,0,macklve01
288,Corey Maggette,SF,32,CHA,32,881,.373,13.3,,.823,.298,.099,.051,.375,.177,,.375,.568,.243,.368,.257,.364,,.678,1.000,,.040,14,,.288,.474,,0,0,maggeco01
289,Jamaal Magloire,C,33,TOR,34,374,.378,3.0,,1.000,.733,.222,.044,.000,.000,,.378,.515,.000,.000,,,,.882,,,.156,5,,,,,0,0,magloja01
290,Ian Mahinmi,C,25,DAL,61,1139,.546,5.2,,.996,.592,.218,.071,.113,.004,,.549,.667,.346,.471,.370,.000,,.708,,,.210,45,,.000,,,1,0,mahinia01
291,Shawn Marion,SF,33,DAL,63,1919,.446,8.2,,.895,.300,.393,.169,.033,.105,,.464,.660,.362,.404,.190,.294,,.623,1.000,,.071,43,,.794,.259,,0,0,mariosh01
292,Cartier Martin,SF,27,WAS,17,391,.440,19.1,,.440,.134,.037,.075,.194,.560,,.508,.722,.600,.400,.385,.387,,.700,.966,,.022,2,,.360,.444,,0,0,martica01
293,Kenyon Martin,PF,34,LAC,42,940,.441,11.6,,.941,.286,.173,.136,.345,.059,,.454,.698,.447,.300,.316,.231,,.755,.333,,.150,29,,.308,.250,,0,0,martike01
294,Kevin Martin,SG,28,HOU,40,1264,.413,17.1,,.581,.110,.136,.145,.190,.419,,.462,.695,.356,.385,.461,.347,,.368,.808,,.017,9,,.196,.386,,0,0,martike02
295,Roger Mason,SG,31,WAS,52,697,.399,21.4,,.403,.074,.019,.016,.295,.597,,.423,.579,.000,.000,.434,.383,,.727,.881,,.000,0,,.260,.500,,0,0,masonro01
296,Wesley Matthews,SG,25,POR,66,2228,.412,15.4,,.558,.233,.110,.088,.127,.442,,.434,.506,.429,.388,.340,.383,,.438,.922,,.010,7,,.365,.423,,2,0,matthwe02
297,Jason Maxiell,PF,28,DET,65,1466,.478,9.0,,.995,.358,.162,.198,.277,.005,,.480,.599,.468,.434,.368,.000,,.689,,,.157,45,,.000,,,1,0,maxieja01
298,Eric Maynor,PG,24,OKC,9,137,.359,18.2,,.564,.026,.231,.128,.179,.436,,.364,1.000,.222,.600,.286,.353,,.125,.833,,.000,0,,.059,1.000,,1,0,maynoer01
299,O.J. Mayo,SG,24,MEM,66,1771,.408,16.1,,.626,.198,.115,.079,.234,.374,,.434,.568,.353,.259,.419,.364,,.365,.810,,.014,9,,.178,.367,,1,0,mayooj01
300,Luc Mbah a Moute,PF,25,MIL,43,1009,.510,6.0,,.985,.621,.119,.080,.165,.015,,.514,.673,.323,.190,.209,.250,,.705,1.000,,.046,10,,.500,.500,,0,0,mbahalu01
301,JaVale McGee,C,24,TOT,61,1535,.556,4.1,,1.000,.585,.299,.089,.027,.000,,.556,.700,.370,.286,.400,,,.638,,,.286,150,,,,,0,0,mcgeeja01
301,JaVale McGee,C,24,WAS,41,1124,.535,4.5,,1.000,.525,.343,.100,.033,.000,,.535,.705,.358,.300,.385,,,.612,,,.238,93,,,,,0,0,mcgeeja01
301,JaVale McGee,C,24,DEN,20,411,.612,3.0,,1.000,.743,.184,.059,.013,.000,,.612,.690,.429,.222,.500,,,.699,,,.414,57,,,,,0,0,mcgeeja01
302,Tracy McGrady*,SF,32,ATL,52,837,.437,13.5,,.857,.251,.130,.100,.377,.143,,.434,.638,.533,.304,.299,.455,,.593,1.000,,.052,11,,.061,.500,,1,0,mcgratr01
303,Dominic McGuire,PF,26,GSW,64,1127,.448,8.8,,.981,.443,.167,.076,.295,.019,,.456,.559,.314,.563,.355,.000,,.606,,,.110,21,,.000,,,1,0,mcguido01
304,Josh McRoberts,PF,24,LAL,50,718,.475,6.0,,.941,.602,.186,.042,.110,.059,,.477,.648,.091,.200,.308,.429,,.774,1.000,,.212,22,,.143,1.000,,0,0,mcrobjo01
305,Jodie Meeks,SG,24,PHI,66,1644,.409,18.5,,.430,.167,.049,.073,.141,.570,,.468,.615,.435,.412,.333,.365,,.777,.979,,.011,4,,.203,.259,,1,0,meeksjo01
306,C.J. Miles,SG,24,UTA,56,1145,.381,14.3,,.677,.234,.198,.058,.187,.323,,.416,.642,.304,.333,.276,.307,,.466,.870,,.075,31,,.207,.290,,3,0,milescj01
307,Darko Miličić,C,26,MIN,29,472,.454,4.2,,1.000,.469,.492,.038,.000,.000,,.454,.574,.375,.000,,,,.644,,,.077,9,,,,,0,0,milicda01
308,Andre Miller,SG,35,DEN,66,1809,.438,10.5,,.850,.351,.230,.149,.120,.150,,.478,.644,.346,.390,.348,.217,,.263,.833,,.000,0,,.229,.158,,10,1,millean02
309,Brad Miller,C,35,MIN,15,146,.333,18.9,,.444,.074,.111,.111,.148,.556,,.167,.500,.000,.000,.250,.467,,.500,1.000,,.000,0,,.067,.000,,0,0,millebr01
310,Mike Miller,SG,31,MIA,39,752,.435,19.4,,.440,.139,.029,.038,.234,.560,,.413,.483,.500,.125,.408,.453,,.684,.925,,.005,1,,.316,.459,,0,0,millemi01
311,Patty Mills,PG,23,SAS,16,261,.485,16.8,,.569,.177,.085,.085,.223,.431,,.527,.609,.364,.455,.552,.429,,.256,.667,,.000,0,,.357,.500,,0,0,millspa02
312,Paul Millsap,PF,26,UTA,64,2100,.495,8.9,,.964,.334,.257,.156,.217,.036,,.505,.726,.457,.239,.412,.226,,.558,.857,,.075,57,,.258,.375,,0,0,millspa01
313,Nazr Mohammed,C,34,OKC,63,692,.467,7.1,,.994,.467,.166,.254,.107,.006,,.470,.544,.464,.395,.333,.000,,.709,,,.112,14,,.000,,,0,0,mohamna01
314,Greg Monroe,C,21,DET,66,2082,.521,4.4,,.999,.588,.268,.072,.072,.001,,.522,.608,.407,.339,.429,.000,,.469,,,.049,33,,.000,,,1,0,monrogr01
315,Jamario Moon,SF,31,CHA,8,123,.292,18.9,,.583,.125,.000,.042,.417,.417,,.357,.333,,.000,.400,.200,,.200,1.000,,.000,0,,.500,.200,,0,0,moonja01
316,E'Twaun Moore,PG,22,BOS,38,331,.381,17.1,,.602,.115,.150,.071,.265,.398,,.382,.615,.294,.375,.333,.378,,.192,1.000,,.000,0,,.244,.455,,0,0,mooreet01
317,Mikki Moore,C,36,GSW,7,118,.450,11.7,,1.000,.250,.150,.150,.450,.000,,.450,.400,1.000,.667,.222,,,.889,,,.050,1,,,,,0,0,mooremi01
318,Darius Morris,PG,21,LAL,19,169,.429,12.6,,.786,.238,.262,.119,.167,.214,,.424,.700,.364,.400,.143,.444,,.214,.750,,.000,0,,.111,1.000,,1,1,morrida01
319,Marcus Morris,PF,22,HOU,17,126,.296,16.0,,.685,.185,.074,.204,.222,.315,,.378,.400,.250,.455,.333,.118,,.500,.500,,.019,0,,.471,.125,,0,0,morrima03
320,Markieff Morris,PF,22,PHO,63,1227,.399,13.7,,.716,.250,.158,.133,.174,.284,,.420,.587,.362,.397,.250,.347,,.573,.953,,.060,24,,.081,.500,,1,0,morrima02
321,Anthony Morrow,SG,26,NJN,62,1636,.413,18.7,,.565,.053,.081,.152,.280,.435,,.446,.571,.396,.450,.435,.371,,.657,.953,,.002,1,,.423,.372,,1,0,morroan01
322,Timofey Mozgov,C,25,DEN,44,687,.526,5.1,,1.000,.568,.232,.089,.111,.000,,.526,.574,.455,.647,.333,,,.800,,,.216,35,,,,,0,0,mozgoti01
323,Byron Mullens,C,22,CHA,65,1465,.425,12.8,,.914,.306,.083,.086,.438,.086,,.443,.646,.306,.353,.344,.235,,.736,.667,,.102,53,,.059,.000,,1,0,mulleby01
324,Troy Murphy,PF,31,LAL,59,956,.450,17.7,,.608,.158,.047,.047,.357,.392,,.471,.519,.250,.625,.459,.418,,.878,1.000,,.012,2,,.254,.412,,0,0,murphtr01
325,Hamady N'Diaye,C,25,WAS,3,3,.000,1.7,,1.000,1.000,.000,.000,.000,.000,,.000,.000,,,,,,,,,.000,0,,,,,0,0,ndiayha01
326,Eduardo Nájera,PF,35,CHA,22,270,.375,14.7,,.547,.359,.063,.047,.078,.453,,.457,.435,.750,.000,.600,.276,,.750,1.000,,.000,0,,.069,.500,,0,0,najered01
327,Steve Nash*,PG,37,PHO,62,1961,.532,15.1,,.746,.187,.103,.168,.288,.254,,.580,.740,.544,.495,.538,.390,,.100,.400,,.000,0,,.050,.429,,1,0,nashst01
328,Gary Neal,SG,27,SAS,56,1206,.436,16.5,,.593,.084,.208,.152,.148,.407,,.448,.537,.446,.459,.389,.419,,.333,.542,,.000,0,,.162,.406,,0,0,nealga01
329,Jameer Nelson,PG,29,ORL,57,1706,.427,15.1,,.619,.276,.109,.051,.183,.381,,.459,.587,.379,.290,.360,.377,,.186,.667,,.000,0,,.121,.286,,0,0,nelsoja01
330,Joakim Noah,C,26,CHI,64,1945,.508,5.1,,.998,.633,.178,.065,.122,.002,,.509,.587,.345,.281,.467,.000,,.639,,,.141,64,,.000,,,0,0,noahjo01
331,Andrés Nocioni,SF,32,PHI,11,56,.250,14.4,,.700,.100,.250,.250,.100,.300,,.286,1.000,.200,.200,.000,.167,,1.000,1.000,,.000,0,,.167,.000,,0,0,nocioan01
332,Steve Novak,PF,28,NYK,54,1020,.478,23.8,,.163,.000,.003,.015,.145,.837,,.509,,.000,.200,.551,.472,,.857,.977,,.000,0,,.305,.477,,0,0,novakst01
333,Dirk Nowitzki*,PF,33,DAL,62,2079,.457,15.6,,.795,.105,.088,.297,.305,.205,,.481,.661,.407,.407,.511,.368,,.580,.923,,.004,4,,.057,.250,,0,0,nowitdi01
334,Jermaine O'Neal,C,33,BOS,25,570,.433,7.1,,1.000,.417,.200,.317,.067,.000,,.433,.660,.208,.263,.500,,,.827,,,.175,19,,,,,0,0,onealje01
335,Lamar Odom,SF,32,DAL,50,1027,.352,13.5,,.682,.266,.178,.089,.149,.318,,.399,.548,.226,.484,.288,.252,,.579,.821,,.017,5,,.234,.308,,2,0,odomla01
336,Emeka Okafor,C,29,NOH,27,781,.533,7.7,,1.000,.224,.430,.313,.033,.000,,.533,.750,.489,.448,.429,,,.684,,,.056,11,,,,,0,0,okafoem01
337,Mehmet Okur,C,32,NJN,17,454,.374,18.5,,.482,.058,.122,.158,.144,.518,,.433,.625,.294,.500,.400,.319,,.586,.957,,.000,0,,.306,.273,,0,0,okurme01
338,Daniel Orton,PF,21,ORL,16,187,.567,3.3,,.967,.800,.133,.033,.000,.033,,.586,.625,.500,.000,,.000,,.706,,,.267,7,,.000,,,0,0,ortonda01
339,Travis Outlaw,SF,27,SAC,39,500,.343,16.2,,.657,.160,.126,.086,.286,.343,,.383,.750,.455,.133,.220,.267,,.545,1.000,,.086,11,,.267,.188,,0,0,outlatr01
340,Larry Owens,SF,29,NJN,7,75,.364,18.1,,.545,.182,.000,.091,.273,.455,,.333,.500,,.000,.333,.400,,1.000,1.000,,.000,0,,.400,.500,,0,0,owensla01
341,Zaza Pachulia,C,27,ATL,58,1640,.499,5.7,,1.000,.563,.180,.130,.127,.000,,.499,.555,.328,.523,.465,,,.710,,,.053,14,,,,,0,0,pachuza01
342,Jannero Pargo,PG,32,ATL,50,671,.415,20.6,,.455,.059,.032,.067,.296,.545,,.452,.467,.375,.412,.467,.384,,.423,.887,,.000,0,,.225,.355,,0,0,pargoja01
343,Jeremy Pargo,PG,25,MEM,44,424,.333,14.0,,.747,.240,.193,.067,.247,.253,,.357,.611,.207,.400,.216,.263,,.050,.800,,.027,4,,.158,.167,,1,0,pargoje01
344,Anthony Parker,SF,36,CLE,51,1280,.433,18.7,,.577,.055,.064,.144,.313,.423,,.484,.667,.333,.447,.500,.362,,.516,.980,,.003,1,,.377,.404,,0,0,parkean01
345,Tony Parker*,PG,29,SAS,60,1923,.480,10.8,,.931,.269,.226,.149,.288,.069,,.498,.686,.453,.459,.379,.230,,.208,.857,,.000,0,,.393,.333,,0,0,parketo01
346,Chandler Parsons,SF,23,HOU,63,1804,.452,12.1,,.676,.383,.138,.042,.113,.324,,.507,.624,.329,.217,.435,.337,,.479,.967,,.073,32,,.376,.418,,1,0,parsoch01
347,Patrick Patterson,PF,22,HOU,64,1483,.440,10.6,,.994,.178,.307,.243,.266,.006,,.443,.615,.395,.419,.404,.000,,.707,,,.027,12,,.333,.000,,0,0,pattepa01
348,Chris Paul,PG,26,LAC,60,2181,.478,14.2,,.761,.158,.225,.139,.238,.239,,.511,.645,.480,.468,.476,.371,,.107,.494,,.002,2,,.131,.500,,2,0,paulch01
349,Sasha Pavlović,SF,28,BOS,45,527,.391,17.5,,.547,.180,.055,.078,.234,.453,,.471,.826,.429,.100,.333,.293,,.667,.941,,.031,4,,.293,.353,,0,0,pavloal01
350,Nikola Peković,C,26,MIN,47,1264,.564,2.8,,1.000,.694,.278,.024,.004,.000,,.564,.660,.373,.091,.000,,,.629,,,.066,29,,,,,0,0,pekovni01
351,Kendrick Perkins,C,27,OKC,65,1744,.489,5.0,,1.000,.515,.332,.076,.076,.000,,.489,.652,.333,.350,.200,,,.633,,,.141,36,,,,,0,0,perkike01
352,Johan Petro,C,26,NJN,59,920,.419,11.2,,.996,.246,.188,.188,.373,.004,,.417,.453,.490,.327,.402,1.000,,.815,1.000,,.058,13,,.000,,,0,0,petrojo01
353,Paul Pierce*,SF,34,BOS,61,2075,.443,14.4,,.693,.262,.071,.162,.199,.307,,.476,.670,.317,.389,.350,.366,,.469,.880,,.025,20,,.136,.351,,0,0,piercpa01
354,Mickaël Piétrus,SG,29,BOS,42,921,.385,20.2,,.326,.152,.011,.019,.144,.674,,.489,.537,.333,.800,.410,.335,,.535,.951,,.033,8,,.440,.413,,1,0,pietrmi01
355,Dexter Pittman,C,23,MIA,35,301,.468,4.3,,1.000,.479,.468,.053,.000,.000,,.468,.644,.295,.400,,,,.659,,,.170,15,,,,,0,0,pittmde01
356,Quincy Pondexter,SF,23,MEM,64,1002,.452,12.9,,.695,.351,.092,.071,.180,.305,,.518,.655,.182,.353,.488,.301,,.616,.955,,.067,15,,.685,.360,,2,0,pondequ01
357,A.J. Price,PG,25,IND,44,568,.339,19.4,,.494,.080,.092,.121,.201,.506,,.384,.571,.125,.524,.343,.295,,.212,.731,,.000,0,,.091,.500,,2,0,priceaj01
358,Ronnie Price,PG,28,PHO,36,517,.377,14.9,,.662,.269,.092,.100,.200,.338,,.419,.600,.250,.231,.346,.295,,.194,.692,,.023,3,,.114,.400,,0,0,pricero01
359,Tayshaun Prince,SF,31,DET,63,2087,.421,13.1,,.870,.199,.169,.168,.333,.130,,.431,.648,.296,.433,.368,.356,,.505,1.000,,.030,18,,.615,.359,,1,0,princta01
360,Joel Przybilla,C,32,POR,27,449,.458,2.6,,1.000,.729,.229,.000,.042,.000,,.458,.600,.091,,.000,,,.591,,,.146,5,,,,,0,0,przybjo01
361,Vladimir Radmanović,SF,31,ATL,49,755,.376,19.4,,.315,.162,.036,.025,.091,.685,,.387,.500,.286,.000,.333,.370,,.625,.960,,.020,3,,.341,.326,,0,0,radmavl01
362,Anthony Randolph,PF,22,MIN,34,517,.470,8.0,,.995,.460,.165,.135,.235,.005,,.472,.641,.273,.296,.383,.000,,.691,,,.110,21,,1.000,.000,,0,0,randoan01
363,Zach Randolph,PF,30,MEM,28,735,.463,8.5,,.972,.347,.288,.168,.168,.028,,.469,.606,.427,.396,.333,.250,,.408,1.000,,.007,2,,.000,,,1,0,randoza01
364,Michael Redd,SG,32,PHO,51,770,.400,15.9,,.633,.144,.150,.106,.233,.367,,.447,.654,.315,.526,.369,.318,,.490,.976,,.003,1,,.417,.345,,0,0,reddmi01
365,JJ Redick,SG,27,ORL,65,1765,.425,18.4,,.541,.120,.079,.068,.274,.459,,.430,.614,.283,.350,.413,.418,,.544,.857,,.000,0,,.190,.549,,0,0,redicjj01
366,Ryan Reid,PF,25,OKC,5,17,.800,13.7,,1.000,.200,.000,.400,.400,.000,,.800,1.000,,1.000,.500,,,1.000,,,.000,0,,,,,0,0,reidry01
367,Jason Richardson,SG,31,ORL,54,1591,.408,15.9,,.535,.237,.094,.087,.117,.465,,.442,.596,.411,.231,.314,.368,,.589,.912,,.050,25,,.303,.440,,0,0,richaja01
368,Quentin Richardson,SF,31,ORL,48,866,.376,19.2,,.386,.147,.061,.046,.132,.614,,.421,.759,.083,.111,.308,.347,,.531,1.000,,.020,4,,.240,.345,,0,0,richaqu01
369,Luke Ridnour,SG,30,MIN,53,1750,.440,15.9,,.724,.147,.118,.120,.338,.276,,.485,.617,.446,.470,.446,.322,,.269,.633,,.000,0,,.342,.442,,0,0,ridnolu01
370,Nate Robinson,PG,27,GSW,51,1192,.424,16.5,,.626,.163,.136,.107,.219,.374,,.459,.658,.364,.423,.387,.365,,.187,.697,,.000,0,,.133,.458,,3,1,robinna01
371,Rajon Rondo,PG,25,BOS,53,1957,.448,8.9,,.927,.456,.159,.091,.220,.073,,.464,.582,.297,.346,.389,.238,,.268,.300,,.000,0,,.143,.333,,0,0,rondora01
372,Derrick Rose,PG,23,CHI,39,1375,.435,12.6,,.751,.317,.183,.092,.160,.249,,.475,.582,.457,.328,.369,.312,,.173,.500,,.017,12,,.017,.333,,5,0,rosede01
373,Ricky Rubio,PG,21,MIN,41,1404,.357,13.7,,.758,.249,.141,.098,.270,.242,,.363,.485,.218,.289,.352,.340,,.121,.813,,.003,0,,.266,.480,,1,0,rubiori01
374,Brandon Rush,SF,26,GSW,65,1717,.501,16.1,,.533,.252,.090,.028,.164,.467,,.544,.686,.310,.385,.481,.452,,.581,.949,,.064,26,,.443,.433,,2,0,rushbr01
375,Walker Russell,PG,29,DET,28,357,.347,9.8,,.863,.358,.274,.126,.105,.137,,.354,.471,.192,.250,.500,.308,,.241,1.000,,.000,0,,.462,.500,,0,0,russewa02
376,John Salmons,SF,32,SAC,46,1250,.409,16.2,,.675,.130,.110,.157,.278,.325,,.464,.800,.237,.463,.396,.295,,.370,.879,,.012,4,,.438,.388,,0,0,salmojo01
377,Samardo Samuels,C,23,CLE,54,825,.455,6.9,,1.000,.485,.221,.087,.208,.000,,.455,.616,.196,.450,.354,,,.581,,,.113,23,,,,,0,0,samuesa01
378,Larry Sanders,PF,23,MIL,52,643,.457,5.7,,.989,.603,.158,.076,.152,.011,,.462,.586,.241,.143,.357,.000,,.726,,,.158,26,,.000,,,0,0,sandela01
379,Brian Scalabrine,PF,33,CHI,28,122,.467,13.0,,.767,.233,.233,.033,.267,.233,,.565,.571,.571,1.000,.500,.143,,.692,1.000,,.000,0,,.429,.000,,0,0,scalabr01
380,Luis Scola,PF,31,HOU,66,2067,.491,9.7,,.997,.229,.346,.125,.297,.003,,.493,.700,.404,.450,.455,.000,,.622,,,.000,0,,.000,,,2,0,scolalu01
381,Thabo Sefolosha,SG,27,OKC,42,914,.432,14.8,,.542,.297,.071,.032,.142,.458,,.429,.587,.182,.200,.273,.437,,.583,.935,,.058,9,,.451,.469,,0,0,sefolth01
382,Josh Selby,PG,20,MEM,28,237,.347,12.8,,.792,.319,.222,.069,.181,.208,,.404,.304,.625,.600,.231,.133,,.130,1.000,,.028,1,,.133,.000,,2,0,selbyjo01
383,Kevin Séraphin,C,22,WAS,57,1176,.531,6.2,,.997,.348,.437,.170,.042,.003,,.533,.684,.461,.446,.375,.000,,.616,,,.128,48,,.000,,,0,0,serapke01
384,Ramon Sessions,PG,25,TOT,64,1707,.428,10.7,,.828,.319,.258,.087,.165,.172,,.425,.594,.315,.265,.355,.443,,.296,.558,,.009,5,,.052,.200,,0,0,sessira01
384,Ramon Sessions,PG,25,CLE,41,1006,.398,10.7,,.825,.299,.274,.082,.169,.175,,.394,.557,.309,.241,.317,.419,,.261,.462,,.006,2,,.065,.250,,0,0,sessira01
384,Ramon Sessions,PG,25,LAL,23,701,.479,10.6,,.834,.351,.232,.095,.156,.166,,.477,.649,.327,.300,.424,.486,,.345,.706,,.014,3,,.029,.000,,0,0,sessira01
385,Iman Shumpert,PG,21,NYK,59,1705,.401,14.2,,.706,.281,.114,.069,.242,.294,,.440,.613,.279,.243,.372,.306,,.307,.813,,.058,25,,.293,.304,,4,0,shumpim01
386,Xavier Silas,SG,24,PHI,2,39,.267,13.8,,.600,.333,.133,.000,.133,.400,,.333,.400,.500,,.000,.167,,.333,1.000,,.000,0,,.167,1.000,,0,0,silasxa01
387,Bobby Simmons,SF,31,LAC,28,418,.311,19.7,,.333,.111,.044,.033,.144,.667,,.267,.100,.250,.667,.308,.333,,.750,1.000,,.011,1,,.717,.302,,0,0,simmobo01
388,Chris Singleton,SF,22,WAS,66,1431,.372,16.3,,.593,.202,.093,.064,.234,.407,,.389,.587,.207,.250,.329,.346,,.569,.977,,.054,16,,.291,.378,,0,0,singlch01
389,James Singleton,PF,30,WAS,12,262,.547,11.6,,.880,.400,.067,.107,.307,.120,,.591,.833,.000,.375,.478,.222,,.769,1.000,,.187,14,,.000,,,1,0,singlja01
390,Brian Skinner,C,35,MEM,1,4,.000,7.6,,1.000,.000,1.000,.000,.000,.000,,.000,,.000,,,,,,,,.000,0,,,,,0,0,skinnbr01
391,Donald Sloan,PG,24,TOT,33,669,.399,11.7,,.874,.303,.172,.101,.298,.126,,.445,.583,.353,.350,.390,.080,,.299,1.000,,.015,3,,.160,.250,,0,0,sloando01
391,Donald Sloan,PG,24,ATL,5,20,.375,8.7,,.875,.625,.000,.000,.250,.125,,.429,.600,,,.000,.000,,.333,,,.250,2,,.000,,,0,0,sloando01
391,Donald Sloan,PG,24,NOH,3,41,.357,10.0,,.857,.286,.286,.143,.143,.143,,.417,.750,.000,.500,.500,.000,,.200,,,.000,0,,.500,.000,,0,0,sloando01
391,Donald Sloan,PG,24,CLE,25,608,.403,12.0,,.875,.290,.170,.102,.313,.125,,.448,.569,.400,.333,.400,.091,,.304,1.000,,.006,1,,.136,.333,,0,0,sloando01
392,Craig Smith,PF,28,POR,47,464,.504,4.3,,.991,.504,.419,.034,.034,.009,,.509,.678,.347,.500,.000,.000,,.492,,,.017,2,,.000,,,0,0,smithcr01
393,Greg Smith,C,21,HOU,8,69,.636,3.0,,1.000,.636,.364,.000,.000,.000,,.636,.857,.250,,,,,.286,,,.273,3,,,,,0,0,smithgr02
394,Ish Smith,PG,23,TOT,26,234,.383,9.9,,.889,.247,.370,.123,.148,.111,,.389,.500,.433,.200,.250,.333,,.250,1.000,,.000,0,,.111,.000,,0,0,smithis01
394,Ish Smith,PG,23,GSW,6,63,.400,11.6,,.833,.167,.400,.100,.167,.167,,.400,.400,.500,.000,.400,.400,,.400,1.000,,.000,0,,.000,,,0,0,smithis01
394,Ish Smith,PG,23,ORL,20,171,.373,8.9,,.922,.294,.353,.137,.137,.078,,.383,.533,.389,.286,.143,.250,,.167,1.000,,.000,0,,.250,.000,,0,0,smithis01
395,J.R. Smith,SG,26,NYK,35,967,.407,18.4,,.523,.146,.084,.069,.225,.477,,.462,.661,.265,.500,.396,.347,,.306,.836,,.044,14,,.228,.364,,6,0,smithjr01
396,Jason Smith,PF,25,NOH,40,947,.520,12.8,,.974,.227,.106,.155,.486,.026,,.531,.797,.432,.407,.467,.111,,.806,1.000,,.078,27,,.556,.200,,0,0,smithja02
397,Jerry Smith,PG,24,NJN,5,46,.214,16.9,,.571,.143,.143,.143,.143,.429,,.250,.000,.000,.500,.500,.167,,.000,.000,,.000,0,,.167,.000,,0,0,smithje01
398,Josh Smith,PF,26,ATL,66,2329,.458,11.7,,.901,.304,.184,.058,.354,.099,,.480,.693,.394,.313,.369,.257,,.622,.964,,.078,83,,.367,.300,,1,0,smithjo03
399,Nolan Smith,PG,23,POR,44,541,.372,13.4,,.750,.250,.178,.111,.211,.250,,.400,.533,.281,.350,.368,.289,,.370,.846,,.006,1,,.311,.143,,1,0,smithno01
400,Marreese Speights,PF,24,MEM,60,1345,.453,9.1,,.994,.336,.244,.143,.270,.006,,.456,.549,.370,.371,.462,.000,,.643,,,.066,26,,.333,.000,,1,0,speigma01
401,Tiago Splitter,C,27,SAS,59,1121,.618,3.3,,1.000,.641,.318,.026,.015,.000,,.618,.764,.385,.222,.000,,,.670,,,.090,29,,,,,0,0,splitti01
402,Jerry Stackhouse,SF,37,ATL,30,273,.370,16.3,,.620,.180,.060,.130,.250,.380,,.387,.444,.667,.231,.360,.342,,.708,.923,,.040,4,,.711,.296,,0,0,stackje01
403,Lance Stephenson,SG,21,IND,42,442,.376,12.9,,.760,.320,.152,.080,.208,.240,,.453,.575,.316,.400,.385,.133,,.209,.750,,.016,2,,.233,.143,,1,0,stephla01
404,DeShawn Stevenson,SF,30,NJN,51,960,.285,22.7,,.157,.041,.012,.017,.087,.843,,.296,.429,.000,.667,.200,.283,,.250,.902,,.000,0,,.359,.288,,0,0,stevede01
405,Greg Stiemsma,C,26,BOS,55,766,.545,8.8,,1.000,.455,.107,.116,.322,.000,,.545,.636,.385,.500,.487,,,.894,,,.099,9,,,,,0,0,stiemgr01
406,Julyan Stone,SG,23,DEN,22,179,.419,14.1,,.645,.258,.226,.097,.065,.355,,.550,.625,.571,.333,.500,.182,,.364,1.000,,.032,1,,.273,.333,,1,0,stoneju01
407,Amar'e Stoudemire,PF,29,NYK,47,1543,.483,8.8,,.968,.394,.205,.102,.266,.032,,.491,.709,.328,.269,.379,.238,,.611,.800,,.142,83,,.381,.125,,1,0,stoudam01
408,Rodney Stuckey,SG,25,DET,55,1644,.429,10.3,,.826,.389,.173,.102,.162,.174,,.452,.530,.408,.443,.320,.317,,.336,.758,,.008,2,,.212,.318,,1,0,stuckro01
409,DaJuan Summers,SF,24,NOH,15,209,.431,14.7,,.754,.262,.046,.077,.369,.246,,.469,.471,1.000,.000,.500,.313,,.826,.800,,.046,2,,.625,.400,,0,0,summeda01
410,Jeff Teague,PG,23,ATL,66,2183,.476,9.9,,.778,.400,.222,.074,.082,.222,,.514,.613,.436,.420,.327,.342,,.223,.765,,.055,33,,.060,.333,,0,0,teaguje01
411,Sebastian Telfair,PG,26,PHO,60,895,.412,16.7,,.693,.175,.085,.070,.363,.307,,.456,.517,.207,.458,.484,.314,,.185,.364,,.000,0,,.210,.318,,1,0,telfase01
412,Jason Terry,SG,34,DAL,63,2000,.430,17.8,,.560,.104,.095,.152,.210,.440,,.471,.698,.405,.405,.437,.378,,.324,.783,,.002,2,,.225,.439,,1,0,terryja01
413,Hasheem Thabeet,C,24,TOT,20,139,.524,2.9,,1.000,.810,.095,.048,.048,.000,,.524,.647,.000,.000,.000,,,.636,,,.286,6,,,,,0,0,thabeha01
413,Hasheem Thabeet,C,24,HOU,5,23,1.000,1.2,,1.000,1.000,.000,.000,.000,.000,,1.000,1.000,,,,,,.667,,,.667,2,,,,,0,0,thabeha01
413,Hasheem Thabeet,C,24,POR,15,116,.444,3.2,,1.000,.778,.111,.056,.056,.000,,.444,.571,.000,.000,.000,,,.625,,,.222,4,,,,,0,0,thabeha01
414,Isaiah Thomas,PG,22,SAC,65,1656,.448,14.6,,.616,.224,.173,.091,.128,.384,,.491,.648,.414,.423,.370,.379,,.272,.687,,.004,0,,.279,.443,,4,0,thomais02
415,Kurt Thomas,C,39,POR,53,803,.465,14.6,,1.000,.115,.089,.159,.637,.000,,.465,.389,.429,.520,.470,,,.877,,,.000,0,,,,,0,0,thomaku01
416,Lance Thomas,PF,23,NOH,42,630,.452,5.3,,.992,.587,.222,.119,.063,.008,,.456,.568,.179,.600,.125,.000,,.754,,,.087,11,,.000,,,0,0,thomala01
417,Malcolm Thomas,PF,23,SAS,3,15,.000,3.9,,1.000,.333,.667,.000,.000,.000,,.000,.000,.000,,,,,,,,.000,0,,,,,0,0,thomama01
418,Tyrus Thomas,PF,25,CHA,54,1013,.367,12.4,,.991,.223,.104,.211,.453,.009,,.367,.479,.265,.391,.324,.333,,.731,1.000,,.055,12,,.667,.500,,0,0,thomaty01
419,Trey Thompkins,C,21,LAC,24,119,.393,14.1,,.787,.213,.131,.115,.328,.213,,.417,.769,.500,.286,.200,.308,,.700,1.000,,.049,3,,.154,.500,,0,0,thomptr02
420,Jason Thompson,PF,25,SAC,64,1657,.535,5.6,,.995,.463,.372,.047,.113,.005,,.537,.659,.473,.333,.340,.000,,.603,,,.140,59,,.000,,,0,0,thompja02
421,Klay Thompson,SG,21,GSW,66,1608,.443,17.2,,.627,.153,.084,.074,.316,.373,,.460,.700,.217,.434,.414,.414,,.623,.928,,.018,12,,.213,.474,,1,0,thompkl01
422,Mychel Thompson,SG,23,CLE,5,95,.292,18.8,,.542,.083,.042,.208,.208,.458,,.231,.000,.000,.000,.600,.364,,1.000,1.000,,.000,0,,.364,.750,,0,0,thompmy02
423,Tristan Thompson,PF,20,CLE,60,1424,.439,4.0,,.995,.545,.389,.043,.018,.005,,.441,.573,.297,.211,.125,.000,,.490,,,.167,66,,.000,,,1,0,thomptr01
424,Marcus Thornton,SG,24,SAC,51,1780,.438,14.0,,.614,.255,.202,.050,.107,.386,,.497,.688,.358,.325,.384,.345,,.506,.832,,.005,3,,.213,.318,,1,0,thornma01
425,Jamaal Tinsley,PG,33,UTA,37,507,.404,15.1,,.738,.092,.284,.142,.220,.262,,.452,.615,.450,.450,.387,.270,,.234,.800,,.000,0,,.108,.000,,0,0,tinslja01
426,Anthony Tolliver,SF,26,MIN,51,882,.390,16.5,,.445,.269,.049,.044,.082,.555,,.568,.735,.333,.250,.333,.248,,.717,1.000,,.077,14,,.416,.286,,0,0,tollian01
427,Ronny Turiaf,C,29,TOT,17,279,.576,6.5,,.970,.576,.273,.091,.030,.030,,.594,.789,.222,.667,.000,.000,,.684,,,.152,5,,.000,,,1,0,turiaro01
427,Ronny Turiaf,C,29,WAS,4,58,1.000,1.3,,1.000,1.000,.000,.000,.000,.000,,1.000,1.000,,,,,,1.000,,,.333,1,,,,,0,0,turiaro01
427,Ronny Turiaf,C,29,MIA,13,221,.533,7.0,,.967,.533,.300,.100,.033,.033,,.552,.750,.222,.667,.000,.000,,.625,,,.133,4,,.000,,,1,0,turiaro01
428,Hedo Türkoğlu,SF,32,ORL,53,1653,.415,18.1,,.488,.183,.046,.079,.181,.512,,.480,.663,.391,.375,.363,.353,,.254,.571,,.006,2,,.167,.326,,1,0,turkohe01
429,Evan Turner,SF,23,PHI,65,1713,.446,11.8,,.917,.208,.173,.283,.253,.083,,.466,.675,.402,.419,.389,.224,,.452,1.000,,.029,16,,.490,.250,,1,0,turneev01
430,Jeremy Tyler,C,20,GSW,42,568,.421,6.6,,.995,.416,.301,.172,.105,.005,,.423,.575,.333,.278,.318,.000,,.568,,,.105,16,,.000,,,0,0,tylerje01
431,Edwin Ubiles,SF,25,WAS,4,52,.278,15.1,,.722,.167,.111,.222,.222,.278,,.308,.667,.000,.250,.250,.200,,.500,.000,,.056,1,,.200,.000,,0,0,ubileed01
432,Ekpe Udoh,C,24,TOT,61,1290,.431,8.1,,.993,.312,.332,.186,.163,.007,,.433,.554,.378,.418,.333,.000,,.591,,,.081,21,,.000,,,0,0,udohek01
432,Ekpe Udoh,C,24,GSW,38,827,.443,8.2,,1.000,.243,.432,.168,.157,.000,,.443,.556,.413,.355,.448,,,.573,,,.059,11,,,,,0,0,udohek01
432,Ekpe Udoh,C,24,MIL,23,463,.409,8.0,,.982,.427,.164,.218,.173,.018,,.417,.553,.222,.500,.158,.000,,.622,,,.118,10,,.000,,,0,0,udohek01
433,Beno Udrih,SG,29,MIL,59,1080,.440,13.8,,.822,.202,.096,.229,.295,.178,,.473,.552,.469,.474,.418,.288,,.527,.941,,.000,0,,.339,.250,,0,0,udrihbe01
434,Ben Uzoh,PG,23,TOT,18,370,.354,7.4,,.990,.424,.323,.061,.182,.010,,.357,.500,.281,.333,.167,.000,,.343,,,.051,4,,.000,,,0,0,uzohbe01
434,Ben Uzoh,PG,23,CLE,2,13,.400,7.7,,1.000,.600,.000,.200,.200,.000,,.400,.667,,.000,.000,,,.500,,,.200,1,,,,,0,0,uzohbe01
434,Ben Uzoh,PG,23,TOR,16,357,.351,7.4,,.989,.415,.340,.053,.181,.011,,.355,.487,.281,.400,.176,.000,,.333,,,.043,3,,.000,,,0,0,uzohbe01
435,Anderson Varejão,C,29,CLE,25,785,.514,5.0,,.982,.613,.194,.117,.059,.018,,.523,.647,.279,.346,.385,.000,,.719,,,.050,11,,.000,,,0,0,varejan01
436,Greivis Vásquez,PG,25,NOH,66,1706,.430,13.5,,.742,.176,.270,.111,.185,.258,,.469,.598,.426,.448,.423,.319,,.264,.767,,.002,1,,.156,.238,,0,0,vasqugr01
437,Jan Veselý,PF,21,WAS,57,1078,.537,4.3,,.995,.665,.197,.037,.096,.005,,.539,.731,.186,.000,.143,.000,,.701,,,.289,63,,.000,,,0,0,veselja01
438,Charlie Villanueva,PF,27,DET,13,180,.385,15.8,,.505,.253,.110,.077,.066,.495,,.435,.609,.000,.429,.500,.333,,.700,1.000,,.022,2,,.200,.222,,0,0,villach01
439,Nikola Vučević,C,21,PHI,51,812,.450,9.2,,.973,.309,.271,.155,.237,.027,,.452,.656,.354,.333,.377,.375,,.648,1.000,,.041,10,,.250,.500,,0,0,vucevni01
440,Dwyane Wade*,SG,30,MIA,49,1625,.497,9.4,,.933,.369,.216,.141,.207,.067,,.513,.673,.453,.415,.358,.268,,.409,.133,,.088,63,,.143,.125,,1,1,wadedw01
441,Von Wafer,SG,26,ORL,33,469,.452,12.3,,.752,.382,.108,.051,.210,.248,,.483,.600,.412,.500,.303,.359,,.211,.929,,.051,5,,.282,.364,,0,0,wafervo01
442,Henry Walker,SG,24,NYK,32,620,.398,18.9,,.339,.129,.123,.018,.070,.661,,.552,.818,.381,.000,.500,.319,,.469,1.000,,.023,4,,.230,.231,,0,0,walkebi01
443,Kemba Walker,PG,21,CHA,66,1792,.366,15.5,,.705,.216,.091,.113,.284,.295,,.392,.500,.314,.379,.339,.305,,.255,.609,,.000,0,,.058,.308,,3,0,walkeke02
444,John Wall,PG,21,WAS,66,2386,.423,9.6,,.953,.413,.152,.106,.282,.047,,.440,.618,.287,.337,.302,.071,,.213,1.000,,.055,47,,.357,.067,,2,0,walljo01
445,Ben Wallace*,C,37,DET,62,980,.395,5.9,,.953,.558,.209,.116,.070,.047,,.402,.479,.278,.300,.333,.250,,.545,1.000,,.058,3,,.250,1.000,,0,0,wallabe01
446,Gerald Wallace,SF,29,TOT,58,2076,.454,10.0,,.763,.494,.108,.028,.133,.237,,.500,.590,.279,.444,.357,.307,,.568,.935,,.027,15,,.433,.354,,0,0,wallage01
446,Gerald Wallace,SF,29,POR,42,1503,.472,9.4,,.772,.523,.114,.014,.121,.228,,.533,.627,.245,.333,.423,.265,,.599,.962,,.026,11,,.449,.341,,0,0,wallage01
446,Gerald Wallace,SF,29,NJN,16,573,.416,11.3,,.743,.431,.094,.059,.158,.257,,.427,.494,.368,.500,.250,.385,,.484,.900,,.030,4,,.404,.381,,0,0,wallage01
447,Luke Walton,PF-SF,31,TOT,30,364,.369,18.5,,.692,.062,.046,.123,.462,.308,,.378,.500,.667,.375,.333,.350,,.706,1.000,,.000,0,,.550,.364,,0,0,waltolu01
447,Luke Walton,SF,31,LAL,9,65,.429,18.2,,.714,.071,.071,.071,.500,.286,,.600,1.000,1.000,1.000,.429,.000,,.500,,,.000,0,,.500,.000,,0,0,waltolu01
447,Luke Walton,PF,31,CLE,21,299,.353,18.5,,.686,.059,.039,.137,.451,.314,,.314,.333,.500,.286,.304,.438,,.818,1.000,,.000,0,,.563,.444,,0,0,waltolu01
448,Hakim Warrick,PF,29,PHO,35,503,.411,10.0,,.944,.311,.256,.111,.267,.056,,.429,.714,.283,.250,.313,.100,,.534,1.000,,.128,19,,.300,.333,,1,0,warriha01
449,Darryl Watkins,C,27,NOH,5,98,.500,9.3,,1.000,.357,.214,.214,.214,.000,,.500,.600,.333,.667,.333,,,.571,,,.071,1,,,,,0,0,watkida01
450,C.J. Watson,PG,27,CHI,49,1159,.368,17.5,,.604,.151,.105,.048,.300,.396,,.352,.424,.326,.429,.313,.393,,.280,.691,,.000,0,,.179,.516,,4,0,watsocj01
451,Earl Watson,PG,32,UTA,50,1033,.338,14.1,,.675,.200,.275,.088,.113,.325,,.407,.625,.341,.286,.278,.192,,.295,.700,,.000,0,,.173,.111,,3,0,watsoea01
452,Martell Webster,SF,25,MIN,47,1140,.423,15.1,,.599,.287,.088,.066,.158,.401,,.479,.615,.333,.278,.395,.339,,.436,.946,,.059,15,,.349,.368,,2,0,webstma02
453,David West,PF,31,IND,66,1925,.487,9.5,,.987,.223,.335,.201,.228,.013,,.491,.606,.446,.465,.466,.222,,.536,1.000,,.021,14,,.333,.333,,1,0,westda01
454,Delonte West,PG,28,DAL,44,1060,.461,13.9,,.789,.244,.092,.153,.300,.211,,.489,.625,.333,.545,.398,.355,,.201,.741,,.033,8,,.303,.435,,1,0,westde01
455,Russell Westbrook,PG,23,OKC,66,2331,.457,11.8,,.845,.291,.152,.190,.212,.155,,.482,.631,.358,.404,.437,.316,,.182,.516,,.049,48,,.056,.364,,2,0,westbru01
456,D.J. White,PF,25,CHA,58,1098,.493,11.6,,.997,.238,.147,.170,.442,.003,,.491,.702,.365,.417,.449,1.000,,.688,.000,,.042,14,,.000,,,0,0,whitedj01
457,Hassan Whiteside,C,22,SAC,18,109,.444,5.6,,1.000,.444,.370,.111,.074,.000,,.444,.417,.600,.333,.000,,,.750,,,.222,5,,,,,0,0,whiteha01
458,Chris Wilcox,C,29,BOS,28,481,.598,4.7,,1.000,.598,.234,.103,.065,.000,,.598,.688,.440,.636,.286,,,.766,,,.243,25,,,,,0,0,wilcoch01
459,Damien Wilkins,SF,32,DET,60,922,.394,12.5,,.881,.233,.150,.212,.285,.119,,.406,.689,.414,.195,.327,.304,,.594,.857,,.067,11,,.435,.300,,1,0,wilkida02
460,Deron Williams,PG,27,NJN,55,1999,.407,15.7,,.644,.198,.122,.101,.224,.356,,.446,.568,.359,.423,.395,.336,,.301,.557,,.015,13,,.135,.326,,1,0,willide01
461,Derrick Williams,PF,20,MIN,66,1418,.412,11.7,,.723,.388,.147,.052,.137,.277,,.467,.632,.205,.308,.338,.268,,.613,.973,,.078,36,,.152,.286,,1,0,willide02
462,Elliot Williams,SG,22,POR,24,149,.500,12.9,,.635,.432,.027,.054,.122,.365,,.617,.656,.500,.500,.556,.296,,.517,.750,,.176,11,,.296,.250,,1,0,williel01
463,Jordan Williams,C,21,NJN,43,635,.507,4.7,,1.000,.684,.112,.118,.086,.000,,.507,.615,.294,.278,.231,,,.714,,,.066,7,,,,,0,0,willijo03
464,Lou Williams,PG,25,PHI,64,1682,.407,15.1,,.707,.146,.193,.141,.228,.293,,.425,.553,.344,.373,.444,.362,,.332,.602,,.012,7,,.135,.355,,0,0,willilo02
465,Marvin Williams,SF,25,ATL,57,1500,.432,13.9,,.683,.323,.085,.028,.247,.317,,.452,.553,.375,.462,.345,.389,,.621,.983,,.062,24,,.530,.405,,1,1,willima02
466,Mo Williams,SG,29,LAC,52,1472,.426,17.8,,.609,.106,.111,.095,.296,.391,,.449,.569,.412,.466,.414,.389,,.335,.839,,.000,0,,.251,.417,,3,0,willima01
467,Reggie Williams,SF,25,CHA,33,747,.416,16.2,,.580,.220,.118,.075,.169,.420,,.493,.625,.533,.316,.372,.308,,.630,.970,,.024,5,,.187,.350,,1,0,willire02
468,Sean Williams,C,25,TOT,11,107,.636,4.7,,1.000,.636,.182,.091,.091,.000,,.636,.786,.750,.000,.000,,,.857,,,.273,6,,,,,0,0,willise01
468,Sean Williams,C,25,DAL,8,65,.750,3.2,,1.000,.688,.250,.063,.000,.000,,.750,.818,.750,.000,,,,.917,,,.313,5,,,,,0,0,willise01
468,Sean Williams,C,25,BOS,3,42,.333,8.5,,1.000,.500,.000,.167,.333,.000,,.333,.667,,.000,.000,,,.500,,,.167,1,,,,,0,0,willise01
469,Shawne Williams,SF,25,NJN,25,514,.286,19.2,,.408,.129,.082,.048,.150,.592,,.350,.579,.250,.286,.227,.241,,.714,.952,,.007,1,,.483,.286,,3,1,willish03
470,Shelden Williams,C,28,NJN,58,1276,.478,4.3,,1.000,.701,.149,.085,.065,.000,,.478,.574,.300,.294,.077,,,.698,,,.114,20,,,,,0,0,willish02
471,Terrence Williams,SG,24,TOT,30,550,.429,14.1,,.768,.162,.237,.141,.227,.232,,.454,.625,.383,.500,.378,.348,,.232,.750,,.025,4,,.348,.438,,3,0,willite01
471,Terrence Williams,SG,24,HOU,12,181,.351,15.8,,.667,.105,.228,.158,.175,.333,,.316,.667,.154,.222,.400,.421,,.333,.750,,.018,1,,.211,.750,,2,0,willite01
471,Terrence Williams,SG,24,SAC,18,369,.461,13.5,,.809,.184,.241,.135,.248,.191,,.500,.615,.471,.632,.371,.296,,.211,.750,,.028,3,,.444,.333,,1,0,willite01
472,Metta World Peace,SF,32,LAL,64,1720,.394,14.5,,.594,.295,.114,.073,.112,.406,,.460,.606,.283,.412,.288,.296,,.535,.839,,.039,15,,.328,.274,,1,0,artesro01
473,Brandan Wright,C,24,DAL,49,791,.618,4.0,,.996,.584,.322,.077,.013,.004,,.621,.779,.373,.500,.333,.000,,.799,,,.270,57,,.000,,,0,0,wrighbr03
474,Chris Wright,SF,23,GSW,24,186,.511,3.6,,1.000,.689,.178,.044,.089,.000,,.511,.581,.500,.500,.000,,,.739,,,.333,13,,,,,0,0,wrighch01
475,Dorell Wright,SF,26,GSW,61,1650,.422,17.5,,.445,.224,.061,.044,.116,.555,,.500,.712,.250,.435,.246,.360,,.556,.943,,.055,28,,.363,.415,,2,0,wrighdo01
476,Nick Young,SG,26,TOT,62,1729,.403,17.3,,.640,.122,.070,.144,.304,.360,,.424,.594,.200,.354,.441,.365,,.390,.874,,.022,16,,.362,.480,,0,0,youngni01
476,Nick Young,SG,26,WAS,40,1211,.406,17.1,,.667,.117,.076,.154,.320,.333,,.424,.609,.200,.363,.439,.371,,.395,.849,,.020,12,,.274,.537,,0,0,youngni01
476,Nick Young,SG,26,LAC,22,518,.394,17.8,,.560,.140,.052,.114,.254,.440,,.426,.556,.200,.318,.449,.353,,.370,.933,,.026,4,,.565,.417,,0,0,youngni01
477,Sam Young,SF,26,TOT,35,375,.354,11.7,,.866,.354,.134,.071,.307,.134,,.364,.511,.235,.333,.256,.294,,.550,1.000,,.024,3,,.294,.000,,1,0,youngsa01
477,Sam Young,SF,26,MEM,21,240,.386,12.1,,.892,.361,.120,.036,.373,.108,,.432,.567,.400,.333,.323,.000,,.563,,,.000,0,,.444,.000,,1,0,youngsa01
477,Sam Young,SF,26,PHI,14,135,.295,10.9,,.818,.341,.159,.136,.182,.182,,.222,.400,.000,.333,.000,.625,,.500,1.000,,.068,3,,.125,.000,,0,0,youngsa01
478,Thaddeus Young,PF,23,PHI,63,1755,.507,7.8,,.994,.389,.255,.156,.195,.006,,.508,.682,.417,.327,.425,.250,,.651,1.000,,.073,46,,.250,1.000,,0,0,youngth01