,,,,,,,,,,% of FGA by Distance,% of FGA by Distance,% of FGA by Distance,% of FGA by Distance,% of FGA by Distance,% of FGA by Distance,,FG% by Distance,FG% by Distance,FG% by Distance,FG% by Distance,FG% by Distance,FG% by Distance,,% of FG Ast'd,% of FG Ast'd,,Dunks,Dunks,,Corner 3s,Corner 3s,,Heaves,Heaves,-additional
Rk,Player,Pos,Age,Tm,G,MP,FG%,Dist.,,2P,0-3,3-10,10-16,16-3P,3P,,2P,0-3,3-10,10-16,16-3P,3P,,2P,3P,,%FGA,#,,%3PA,3P%,,Att.,#,-9999
1,Quincy Acy,PF,22,TOR,29,342,.560,7.9,,.973,.573,.080,.053,.267,.027,,.562,.651,.500,.500,.400,.500,,.732,1.000,,.267,19,,.500,1.000,,0,0,acyqu01
2,Jeff Adrien,PF,26,CHA,52,713,.429,9.0,,.988,.363,.208,.143,.274,.012,,.434,.508,.429,.417,.348,.000,,.639,,,.065,8,,.000,,,1,0,adrieje01
3,Arron Afflalo,SF,27,ORL,64,2307,.439,14.8,,.735,.175,.128,.202,.230,.265,,.489,.646,.414,.497,.404,.300,,.486,.958,,.006,4,,.304,.438,,0,0,afflaar01
4,Josh Akognon,PG,26,DAL,3,9,.500,23.9,,.500,.000,.000,.000,.500,.500,,.500,,,,.500,.500,,.000,1.000,,.000,0,,.000,,,0,0,akognjo01
5,Cole Aldrich,C,24,TOT,45,388,.550,3.7,,1.000,.550,.438,.013,.000,.000,,.550,.682,.371,1.000,,,,.636,,,.250,16,,,,,0,0,aldrico01
5,Cole Aldrich,C,24,HOU,30,213,.535,4.2,,1.000,.512,.465,.023,.000,.000,,.535,.636,.400,1.000,,,,.783,,,.256,8,,,,,0,0,aldrico01
5,Cole Aldrich,C,24,SAC,15,175,.568,3.0,,1.000,.595,.405,.000,.000,.000,,.568,.727,.333,,,,,.476,,,.243,8,,,,,0,0,aldrico01
6,LaMarcus Aldridge,PF,27,POR,74,2790,.484,11.7,,.989,.215,.192,.197,.385,.011,,.488,.694,.447,.438,.418,.143,,.542,.500,,.047,56,,.286,.250,,1,0,aldrila01
7,Lavoy Allen,C,23,PHI,79,1669,.454,10.1,,.998,.275,.222,.165,.335,.002,,.455,.664,.436,.360,.342,.000,,.743,,,.037,16,,1.000,.000,,0,0,allenla01
8,Ray Allen*,SG,37,MIA,79,2035,.449,16.9,,.490,.194,.083,.104,.109,.510,,.480,.587,.463,.397,.380,.419,,.497,.950,,.006,3,,.410,.463,,0,0,allenra02
9,Tony Allen,SG,31,MEM,79,2109,.445,7.8,,.962,.520,.149,.063,.230,.038,,.458,.581,.295,.375,.306,.125,,.637,1.000,,.080,46,,.625,.133,,0,0,allento01
10,Al-Farouq Aminu,SF,22,NOH,76,2066,.475,7.1,,.960,.489,.224,.080,.167,.040,,.486,.642,.368,.316,.266,.211,,.710,1.000,,.190,80,,.421,.375,,0,0,aminual01
11,Lou Amundson,PF,30,TOT,39,372,.395,3.7,,1.000,.654,.272,.037,.037,.000,,.395,.547,.136,.000,.000,,,.625,,,.185,13,,,,,0,0,amundlo01
11,Lou Amundson,PF,30,MIN,20,161,.368,5.0,,1.000,.526,.316,.079,.079,.000,,.368,.600,.167,.000,.000,,,.500,,,.158,6,,,,,0,0,amundlo01
11,Lou Amundson,PF,30,CHI,1,2,.000,0.8,,1.000,1.000,.000,.000,.000,.000,,.000,.000,,,,,,,,,.000,0,,,,,0,0,amundlo01
11,Lou Amundson,PF,30,NOH,18,209,.429,2.5,,1.000,.762,.238,.000,.000,.000,,.429,.531,.100,,,,,.722,,,.214,7,,,,,0,0,amundlo01
12,Chris Andersen,C,34,MIA,42,624,.577,3.5,,.976,.805,.106,.008,.057,.024,,.575,.646,.231,.000,.286,.667,,.797,1.000,,.350,37,,.000,,,0,0,anderch01
13,Alan Anderson,SF,30,TOR,65,1495,.383,16.7,,.537,.148,.140,.107,.143,.463,,.426,.681,.372,.409,.227,.333,,.447,.853,,.008,5,,.323,.359,,0,0,anderal01
14,James Anderson,SG-SF,23,TOT,39,401,.413,15.5,,.524,.294,.103,.048,.079,.476,,.470,.486,.462,.333,.500,.350,,.484,.905,,.056,6,,.350,.476,,1,0,anderja01
14,James Anderson,SF,23,SAS,10,94,.440,14.1,,.560,.320,.120,.000,.120,.440,,.429,.375,.333,,.667,.455,,.667,.600,,.080,1,,.455,.600,,0,0,anderja01
14,James Anderson,SG,23,HOU,29,307,.406,15.8,,.515,.287,.099,.059,.069,.485,,.481,.517,.500,.333,.429,.327,,.440,1.000,,.050,5,,.327,.438,,1,0,anderja01
15,Ryan Anderson,PF,24,NOH,81,2503,.423,17.4,,.500,.191,.097,.069,.143,.500,,.464,.587,.333,.312,.463,.382,,.494,.958,,.011,12,,.136,.382,,2,0,anderry01
16,Carmelo Anthony,PF,28,NYK,67,2482,.449,14.3,,.722,.262,.074,.159,.227,.278,,.476,.556,.364,.447,.441,.379,,.279,.764,,.022,31,,.123,.294,,5,0,anthoca01
17,Joel Anthony,C,30,MIA,62,566,.515,5.3,,1.000,.456,.353,.191,.000,.000,,.515,.742,.292,.385,,,,.686,,,.103,7,,,,,0,0,anthojo01
18,Trevor Ariza,SF,27,WAS,56,1471,.417,15.9,,.537,.273,.058,.053,.153,.463,,.463,.593,.192,.208,.420,.364,,.634,.961,,.038,17,,.407,.471,,0,0,arizatr01
19,Darrell Arthur,PF,24,MEM,59,970,.451,11.9,,.950,.245,.153,.187,.365,.050,,.460,.545,.345,.418,.473,.278,,.828,1.000,,.084,24,,.444,.250,,0,0,arthuda01
20,Ömer Aşık,C,26,HOU,82,2464,.541,2.5,,.998,.788,.184,.013,.013,.002,,.542,.607,.274,.375,.500,.000,,.696,,,.217,127,,1.000,.000,,0,0,asikom01
21,D.J. Augustin,PG,25,IND,76,1226,.350,19.6,,.354,.153,.075,.044,.082,.646,,.346,.511,.091,.231,.333,.353,,.222,.866,,.000,0,,.242,.435,,3,0,augusdj01
22,Gustavo Ayón,C,27,TOT,55,734,.551,5.2,,1.000,.593,.204,.090,.114,.000,,.551,.687,.382,.267,.368,,,.750,,,.030,5,,,,,0,0,ayongu01
22,Gustavo Ayón,C,27,ORL,43,571,.536,5.4,,1.000,.600,.176,.096,.128,.000,,.536,.653,.409,.333,.313,,,.791,,,.024,3,,,,,0,0,ayongu01
22,Gustavo Ayón,C,27,MIL,12,163,.595,4.3,,1.000,.571,.286,.071,.071,.000,,.595,.792,.333,.000,.667,,,.640,,,.048,2,,,,,0,0,ayongu01
23,Jeff Ayres,PF,25,IND,37,369,.484,12.0,,.968,.254,.143,.135,.437,.032,,.484,.594,.444,.706,.364,.500,,.797,1.000,,.103,10,,.500,.500,,0,0,pendeje02
24,Luke Babbitt,PF,23,POR,62,730,.368,22.2,,.239,.038,.043,.038,.120,.761,,.429,.778,.300,.444,.357,.348,,.458,.984,,.009,2,,.281,.420,,0,0,babbilu01
25,Leandro Barbosa,PG,30,BOS,41,513,.430,10.7,,.756,.409,.181,.067,.098,.244,,.445,.570,.343,.308,.211,.383,,.369,.889,,.000,0,,.340,.313,,2,0,barbole01
26,J.J. Barea,PG,28,MIN,74,1713,.417,13.8,,.631,.303,.144,.084,.099,.369,,.458,.570,.339,.344,.387,.346,,.183,.588,,.000,0,,.164,.348,,2,0,bareajo01
27,Andrea Bargnani,PF,27,TOR,35,1003,.399,16.1,,.711,.115,.141,.162,.293,.289,,.436,.551,.400,.406,.424,.309,,.598,.974,,.014,5,,.057,.286,,0,0,bargnan01
28,Harrison Barnes,SF,20,GSW,81,2058,.439,11.4,,.769,.323,.204,.111,.131,.231,,.464,.685,.359,.200,.305,.359,,.567,.923,,.115,67,,.297,.442,,0,0,barneha02
29,Matt Barnes,SF,32,LAC,80,2058,.462,14.6,,.519,.321,.113,.022,.062,.481,,.574,.673,.434,.333,.405,.342,,.751,.937,,.065,43,,.434,.348,,0,0,barnema02
30,Earl Barron,C,31,TOT,12,159,.353,10.3,,1.000,.314,.157,.216,.314,.000,,.353,.375,.000,.636,.313,,,.722,,,.000,0,,,,,0,0,barroea01
30,Earl Barron,C,31,WAS,11,122,.351,10.8,,1.000,.297,.135,.243,.324,.000,,.351,.455,.000,.667,.167,,,.692,,,.000,0,,,,,0,0,barroea01
30,Earl Barron,C,31,NYK,1,37,.357,8.9,,1.000,.357,.214,.143,.286,.000,,.357,.200,.000,.500,.750,,,.800,,,.000,0,,,,,0,0,barroea01
31,Will Barton,SG,22,POR,73,894,.382,10.8,,.790,.382,.194,.078,.136,.210,,.447,.542,.283,.500,.381,.138,,.633,1.000,,.071,22,,.415,.333,,4,0,bartowi01
32,Brandon Bass,PF,27,BOS,81,2239,.486,11.3,,.997,.255,.122,.267,.353,.003,,.487,.607,.403,.459,.452,.000,,.748,,,.104,56,,.000,,,2,0,bassbr01
33,Shane Battier,SF,34,MIA,72,1786,.420,22.1,,.127,.058,.041,.017,.011,.873,,.348,.524,.200,.333,.000,.430,,.688,.993,,.003,1,,.585,.459,,0,0,battish01
34,Nicolas Batum,SF,24,POR,73,2807,.423,17.8,,.467,.206,.031,.048,.181,.533,,.481,.651,.308,.350,.351,.372,,.535,.921,,.058,42,,.261,.414,,1,0,batumni01
35,Jerryd Bayless,PG,24,MEM,80,1765,.419,16.7,,.676,.192,.071,.035,.378,.324,,.450,.630,.227,.591,.387,.353,,.397,.944,,.045,25,,.274,.455,,0,0,bayleje01
36,Aron Baynes,C,26,SAS,16,141,.500,6.4,,.972,.444,.333,.194,.000,.028,,.514,.750,.417,.143,,.000,,.556,,,.139,5,,.000,,,0,0,baynear01
37,Kent Bazemore,SG,23,GSW,61,267,.371,16.3,,.707,.198,.060,.103,.345,.293,,.402,.565,.286,.333,.350,.294,,.242,.500,,.017,2,,.265,.333,,1,0,bazemke01
38,Bradley Beal,SG,19,WAS,56,1745,.410,16.6,,.656,.176,.093,.068,.319,.344,,.424,.595,.344,.277,.384,.386,,.644,.945,,.033,22,,.373,.500,,0,0,bealbr01
39,Michael Beasley,SF,24,PHO,75,1554,.405,13.5,,.812,.206,.209,.116,.281,.188,,.426,.633,.306,.461,.349,.313,,.434,.844,,.027,19,,.264,.421,,1,0,beaslmi01
40,Rodrigue Beaubois,PG,24,DAL,45,549,.369,16.0,,.591,.205,.142,.080,.165,.409,,.423,.611,.320,.500,.241,.292,,.159,.857,,.017,2,,.222,.375,,1,0,beaubro01
41,Marco Belinelli,SG,26,CHI,73,1882,.395,15.7,,.638,.248,.084,.067,.239,.362,,.416,.536,.275,.415,.342,.357,,.593,.848,,.011,7,,.213,.277,,4,0,belinma01
42,Patrick Beverley,PG,24,HOU,41,713,.418,16.3,,.492,.159,.206,.063,.063,.508,,.462,.667,.462,.167,.250,.375,,.233,.944,,.021,3,,.302,.414,,1,0,beverpa01
43,Andris Biedriņš,C,26,GSW,53,495,.476,2.9,,1.000,.714,.286,.000,.000,.000,,.476,.533,.333,,,,,.800,,,.095,2,,,,,0,0,biedran01
44,Chauncey Billups,SG,36,LAC,22,418,.402,21.3,,.318,.061,.045,.091,.121,.682,,.476,.375,.167,.333,.750,.367,,.650,.909,,.000,0,,.133,.500,,0,0,billuch01
45,Bismack Biyombo,C,20,CHA,80,2186,.451,4.0,,1.000,.578,.318,.075,.029,.000,,.451,.580,.273,.269,.300,,,.667,,,.197,57,,,,,0,0,biyombi01
46,DeJuan Blair,PF,23,SAS,61,851,.524,5.9,,.996,.458,.336,.122,.081,.004,,.526,.653,.429,.394,.409,.000,,.789,,,.030,8,,.000,,,0,0,blairde01
47,Steve Blake,PG,32,LAL,45,1175,.422,21.0,,.367,.067,.067,.107,.126,.633,,.424,.667,.278,.241,.529,.421,,.310,.875,,.000,0,,.322,.455,,6,0,blakest01
48,Andray Blatche,C,26,BRK,82,1555,.512,7.6,,.967,.438,.265,.111,.154,.033,,.524,.686,.374,.333,.462,.136,,.461,.667,,.077,49,,.318,.286,,2,0,blatcan01
49,Eric Bledsoe,PG,23,LAC,76,1553,.445,10.4,,.863,.400,.169,.092,.202,.137,,.453,.573,.438,.346,.278,.397,,.333,.806,,.048,21,,.256,.500,,3,0,bledser01
50,Keith Bogans,SG,32,BRK,74,1408,.380,21.9,,.137,.067,.025,.004,.042,.863,,.615,.737,.571,1.000,.417,.343,,.542,.988,,.000,0,,.665,.350,,2,0,boganke01
51,Andrew Bogut,C,28,GSW,32,786,.451,4.7,,.995,.495,.435,.043,.022,.005,,.448,.582,.313,.250,.500,1.000,,.610,1.000,,.114,17,,.000,,,0,0,bogutan01
52,Matt Bonner,PF,32,SAS,68,909,.487,18.4,,.478,.052,.196,.078,.152,.522,,.536,.583,.489,.556,.571,.442,,.746,1.000,,.004,1,,.200,.417,,0,0,bonnema01
53,Trevor Booker,PF,25,WAS,48,887,.491,7.1,,.977,.477,.255,.077,.168,.023,,.502,.676,.321,.294,.378,.000,,.574,,,.091,19,,.000,,,1,0,booketr01
54,Carlos Boozer,PF,31,CHI,79,2546,.477,8.9,,.998,.341,.171,.300,.186,.002,,.478,.676,.333,.363,.434,.000,,.658,,,.036,37,,.500,.000,,0,0,boozeca01
55,Chris Bosh*,C,28,MIA,74,2454,.535,11.8,,.918,.294,.133,.128,.363,.082,,.557,.749,.380,.379,.529,.284,,.756,1.000,,.089,77,,.527,.333,,0,0,boshch01
56,Avery Bradley,PG,22,BOS,50,1435,.402,13.9,,.736,.295,.069,.067,.305,.264,,.432,.482,.273,.313,.445,.317,,.487,.950,,.019,8,,.825,.337,,0,0,bradlav01
57,Elton Brand,C,33,DAL,72,1527,.473,9.6,,.998,.262,.205,.372,.159,.002,,.474,.592,.490,.404,.421,.000,,.717,,,.010,5,,.000,,,0,0,brandel01
58,Corey Brewer,SF,26,DEN,82,2003,.425,13.2,,.652,.341,.117,.061,.134,.348,,.493,.621,.369,.296,.364,.296,,.754,.956,,.060,50,,.629,.358,,7,0,breweco01
59,Ronnie Brewer,SF,27,TOT,60,853,.354,14.9,,.616,.313,.020,.061,.222,.384,,.385,.500,.250,.333,.250,.303,,.638,1.000,,.040,5,,.908,.319,,2,0,brewero02
59,Ronnie Brewer,SF,27,NYK,46,711,.366,15.3,,.594,.291,.023,.063,.217,.406,,.404,.529,.250,.273,.289,.310,,.643,1.000,,.040,5,,.915,.323,,1,0,brewero02
59,Ronnie Brewer,SF,27,OKC,14,142,.261,11.9,,.783,.478,.000,.043,.261,.217,,.278,.364,,1.000,.000,.200,,.600,1.000,,.043,0,,.800,.250,,1,0,brewero02
60,Aaron Brooks,PG,28,TOT,53,997,.453,15.8,,.576,.222,.142,.066,.146,.424,,.511,.614,.400,.524,.457,.373,,.215,.640,,.000,0,,.187,.360,,2,0,brookaa01
60,Aaron Brooks,PG,28,SAC,46,959,.459,15.7,,.581,.218,.149,.069,.145,.419,,.517,.621,.400,.524,.477,.378,,.198,.625,,.000,0,,.189,.375,,2,0,brookaa01
60,Aaron Brooks,PG,28,HOU,7,38,.308,18.3,,.462,.308,.000,.000,.154,.538,,.333,.500,,,.000,.286,,1.000,1.000,,.000,0,,.143,.000,,0,0,brookaa01
61,MarShon Brooks,SG,24,BRK,73,912,.463,10.5,,.836,.304,.260,.152,.119,.164,,.500,.696,.437,.353,.325,.273,,.350,.867,,.054,17,,.255,.071,,0,0,brookma01
62,Kwame Brown,C,30,PHI,22,269,.459,2.8,,1.000,.730,.216,.054,.000,.000,,.459,.556,.125,.500,,,,.588,,,.054,2,,,,,0,0,brownkw01
63,Shannon Brown,SG,27,PHO,59,1402,.420,14.3,,.753,.306,.067,.061,.319,.247,,.467,.663,.316,.343,.335,.277,,.443,.718,,.063,32,,.213,.433,,3,0,brownsh01
64,Kobe Bryant*,SG,34,LAL,78,3013,.463,14.4,,.745,.211,.147,.150,.237,.255,,.510,.693,.462,.471,.402,.324,,.269,.621,,.033,51,,.128,.327,,4,0,bryanko01
65,Chase Budinger,SF,24,MIN,23,508,.414,15.6,,.576,.236,.084,.068,.188,.424,,.482,.644,.313,.385,.389,.321,,.717,1.000,,.031,6,,.407,.212,,0,0,budinch01
66,Alec Burks,SG,21,UTA,64,1137,.420,13.1,,.763,.302,.155,.054,.253,.237,,.439,.615,.267,.238,.378,.359,,.423,.848,,.049,19,,.174,.375,,0,0,burksal01
67,Caron Butler,SF,32,LAC,78,1879,.424,18.3,,.542,.118,.072,.099,.253,.458,,.454,.588,.404,.451,.407,.388,,.718,.977,,.029,16,,.312,.447,,0,0,butleca01
68,Jimmy Butler,SF,23,CHI,82,2134,.467,11.7,,.795,.391,.096,.078,.230,.205,,.489,.680,.224,.275,.347,.381,,.638,.975,,.092,45,,.600,.365,,3,0,butleji01
69,Will Bynum,PG,30,DET,65,1219,.469,9.9,,.859,.389,.189,.074,.207,.141,,.494,.600,.402,.325,.438,.316,,.188,.750,,.006,2,,.237,.222,,1,0,bynumwi01
70,José Calderón,PG,31,TOT,73,2160,.491,19.4,,.556,.110,.019,.079,.348,.444,,.516,.714,.083,.500,.480,.461,,.346,.885,,.000,0,,.142,.400,,1,0,caldejo01
70,José Calderón,PG,31,TOR,45,1273,.470,20.1,,.538,.070,.025,.083,.359,.462,,.505,.607,.100,.545,.503,.429,,.352,.861,,.000,0,,.125,.261,,1,0,caldejo01
70,José Calderón,PG,31,DET,28,887,.527,18.2,,.586,.177,.008,.072,.329,.414,,.532,.786,.000,.412,.436,.520,,.338,.922,,.000,0,,.173,.588,,0,0,caldejo01
71,Marcus Camby,PF,38,NYK,24,250,.321,6.3,,1.000,.491,.245,.113,.151,.000,,.321,.462,.077,.333,.250,,,.706,,,.057,2,,,,,0,0,cambyma01
72,DeMarre Carroll,SF,26,UTA,66,1111,.460,13.9,,.784,.265,.148,.062,.309,.216,,.508,.791,.250,.400,.410,.286,,.674,.950,,.040,13,,.300,.429,,3,0,carrode01
73,Matt Carroll,SG,32,CHA,1,6,,,,,,,,,,,,,,,,,,,,,,0,,,,,0,0,carroma01
74,Vince Carter,SF,36,DAL,81,2093,.435,17.1,,.533,.170,.133,.076,.154,.467,,.461,.559,.430,.369,.424,.406,,.257,.772,,.033,26,,.133,.283,,4,0,cartevi01
75,Omri Casspi,SF,24,CLE,43,503,.394,16.2,,.525,.219,.119,.056,.131,.475,,.452,.457,.368,.444,.524,.329,,.658,.960,,.013,2,,.171,.385,,0,0,casspom01
76,Mario Chalmers,PG,26,MIA,77,2068,.429,17.3,,.431,.195,.121,.057,.059,.569,,.456,.592,.328,.467,.258,.409,,.375,.829,,.000,0,,.269,.481,,3,0,chalmma01
77,Tyson Chandler,C,30,NYK,66,2164,.638,2.2,,1.000,.870,.088,.025,.018,.000,,.638,.672,.400,.400,.429,,,.741,,,.373,140,,,,,0,0,chandty01
78,Wilson Chandler,PF,25,DEN,43,1079,.462,11.8,,.723,.334,.200,.081,.108,.277,,.480,.632,.407,.351,.245,.413,,.544,.981,,.068,26,,.389,.469,,2,0,chandwi01
79,Josh Childress,SF,29,BRK,14,100,.286,12.6,,.857,.286,.286,.095,.190,.143,,.278,.833,.000,.000,.000,.333,,.600,1.000,,.000,0,,.333,1.000,,1,0,childjo01
80,Earl Clark,PF,25,LAL,59,1363,.440,13.9,,.731,.301,.085,.062,.282,.269,,.479,.629,.364,.375,.376,.337,,.756,1.000,,.111,39,,.250,.385,,0,0,clarkea01
81,Victor Claver,SF,24,POR,49,812,.392,14.6,,.540,.328,.090,.026,.095,.460,,.480,.548,.353,.600,.333,.287,,.714,1.000,,.058,10,,.379,.273,,1,0,clavevi01
82,Norris Cole,PG,24,MIA,80,1590,.421,12.5,,.769,.355,.101,.068,.245,.231,,.440,.543,.256,.379,.385,.357,,.368,.857,,.012,4,,.480,.319,,1,0,coleno01
83,Jason Collins,C,34,TOT,38,384,.310,7.1,,1.000,.483,.241,.034,.241,.000,,.310,.429,.143,.000,.286,,,.778,,,.069,1,,,,,0,0,collija04
83,Jason Collins,C,34,BOS,32,330,.348,4.8,,1.000,.609,.261,.043,.087,.000,,.348,.429,.167,.000,.500,,,.750,,,.087,1,,,,,0,0,collija04
83,Jason Collins,C,34,WAS,6,54,.167,16.0,,1.000,.000,.167,.000,.833,.000,,.167,,.000,,.200,,,1.000,,,.000,0,,,,,0,0,collija04
84,Darren Collison,PG,25,DAL,81,2372,.471,12.1,,.812,.325,.133,.135,.220,.188,,.498,.638,.365,.378,.447,.353,,.304,.813,,.010,6,,.331,.467,,3,0,collida01
85,Nick Collison,C,32,OKC,81,1583,.595,6.9,,.986,.541,.172,.074,.199,.014,,.603,.700,.549,.591,.390,.000,,.790,,,.149,38,,.250,.000,,0,0,collini01
86,Mike Conley,PG,25,MEM,80,2757,.440,13.0,,.688,.323,.155,.070,.139,.312,,.476,.563,.336,.455,.443,.362,,.295,.802,,.001,1,,.167,.449,,2,0,conlemi01
87,Will Conroy,PG,30,MIN,4,20,.000,13.5,,.667,.111,.333,.111,.111,.333,,.000,.000,.000,.000,.000,.000,,,,,.000,0,,1.000,.000,,0,0,conrowi01
88,Daequan Cook,SG,25,TOT,49,441,.305,20.2,,.455,.084,.036,.078,.257,.545,,.329,.714,.167,.077,.302,.286,,.640,.769,,.012,2,,.198,.333,,0,0,cookda02
88,Daequan Cook,SG,25,HOU,16,165,.356,19.8,,.492,.085,.068,.068,.271,.508,,.345,.600,.250,.000,.375,.367,,.500,.818,,.017,1,,.133,.000,,0,0,cookda02
88,Daequan Cook,SG,25,CHI,33,276,.278,20.4,,.435,.083,.019,.083,.250,.565,,.319,.778,.000,.111,.259,.246,,.733,.733,,.009,1,,.230,.429,,0,0,cookda02
89,Chris Copeland,PF,28,NYK,56,862,.479,13.6,,.632,.318,.121,.042,.150,.368,,.513,.678,.370,.250,.351,.421,,.537,.915,,.021,8,,.286,.425,,1,0,copelch01
90,DeMarcus Cousins,C,22,SAC,75,2289,.465,8.4,,.979,.382,.281,.066,.250,.021,,.471,.639,.402,.324,.332,.182,,.485,1.000,,.092,86,,.136,.000,,2,0,couside01
91,Jamal Crawford,SG,32,LAC,76,2230,.438,17.4,,.610,.098,.136,.114,.262,.390,,.477,.640,.500,.474,.406,.376,,.399,.899,,.004,4,,.381,.358,,2,0,crawfja01
92,Jordan Crawford,SG,24,TOT,70,1709,.415,15.8,,.661,.171,.161,.120,.208,.339,,.455,.532,.419,.448,.424,.337,,.239,.807,,.000,0,,.195,.417,,3,0,crawfjo02
92,Jordan Crawford,SG,24,WAS,43,1127,.415,16.5,,.663,.128,.154,.140,.242,.337,,.451,.569,.423,.437,.415,.345,,.217,.746,,.000,0,,.135,.435,,1,0,crawfjo02
92,Jordan Crawford,SG,24,BOS,27,582,.415,14.2,,.654,.272,.180,.074,.129,.346,,.465,.492,.410,.500,.464,.320,,.288,.958,,.000,0,,.333,.400,,2,0,crawfjo02
93,Jae Crowder,SF,22,DAL,78,1353,.384,17.9,,.477,.177,.071,.038,.191,.523,,.446,.677,.231,.286,.343,.328,,.667,.937,,.016,5,,.224,.488,,3,0,crowdja01
94,Dante Cunningham,PF,25,MIN,80,2010,.468,13.1,,.991,.238,.094,.122,.537,.009,,.472,.694,.397,.439,.394,.000,,.847,,,.067,39,,.000,,,1,0,cunnida01
95,Jared Cunningham,SG,21,DAL,8,26,.429,11.5,,.786,.357,.143,.071,.214,.214,,.364,.600,.000,.000,.333,.667,,.500,1.000,,.000,0,,1.000,.667,,0,0,cunnija01
96,Eddy Curry,C,30,DAL,2,25,.500,3.8,,1.000,.500,.375,.125,.000,.000,,.500,.750,.333,.000,,,,.750,,,.000,0,,,,,0,0,curryed01
97,Stephen Curry,PG,24,GSW,78,2983,.451,18.5,,.568,.100,.103,.099,.265,.432,,.449,.583,.343,.457,.438,.453,,.251,.614,,.002,3,,.147,.523,,6,0,curryst01
98,Samuel Dalembert,C,31,MIL,47,765,.542,6.4,,.996,.518,.154,.221,.103,.004,,.540,.641,.410,.482,.346,1.000,,.662,1.000,,.170,41,,.000,,,0,0,dalemsa01
99,Marquis Daniels,SF,32,MIL,59,1085,.376,11.1,,.795,.325,.182,.168,.120,.205,,.401,.588,.266,.339,.190,.278,,.536,.950,,.023,8,,.472,.412,,1,0,daniema01
100,Anthony Davis,PF,19,NOH,64,1846,.516,7.8,,.991,.469,.183,.123,.216,.009,,.521,.713,.435,.373,.260,.000,,.765,,,.209,129,,.000,,,1,0,davisan02
101,Ed Davis,C-PF,23,TOT,81,1631,.539,6.1,,1.000,.427,.309,.203,.060,.000,,.539,.689,.450,.439,.276,,,.696,,,.145,65,,,,,0,0,davised01
101,Ed Davis,C,23,TOR,45,1087,.549,6.7,,1.000,.369,.322,.248,.062,.000,,.549,.744,.459,.452,.238,,,.715,,,.159,51,,,,,0,0,davised01
101,Ed Davis,PF,23,MEM,36,544,.517,4.6,,1.000,.566,.280,.098,.056,.000,,.517,.605,.425,.357,.375,,,.649,,,.112,14,,,,,0,0,davised01
102,Glen Davis,PF,27,ORL,34,1064,.448,9.4,,.996,.312,.234,.180,.270,.004,,.450,.658,.402,.395,.287,.000,,.621,,,.019,9,,.500,.000,,0,0,davisgl01
103,Austin Daye,SF,24,TOT,55,676,.433,18.4,,.529,.106,.106,.173,.144,.471,,.445,.455,.682,.417,.300,.418,,.633,.951,,.014,3,,.255,.320,,3,0,dayeau01
103,Austin Daye,SF,24,DET,24,348,.443,17.1,,.588,.134,.113,.175,.165,.412,,.386,.308,.545,.471,.250,.525,,.636,.905,,.021,2,,.275,.364,,1,0,dayeau01
103,Austin Daye,SF,24,MEM,31,328,.423,19.5,,.477,.081,.099,.171,.126,.523,,.509,.667,.818,.368,.357,.345,,.630,1.000,,.009,1,,.241,.286,,2,0,dayeau01
104,Nando De Colo,SG,25,SAS,72,920,.436,14.2,,.660,.295,.083,.095,.187,.340,,.465,.620,.350,.304,.356,.378,,.514,.903,,.008,2,,.305,.240,,0,0,decolna01
105,Carlos Delfino,SF,30,HOU,67,1689,.405,20.1,,.321,.111,.063,.040,.106,.679,,.467,.667,.333,.400,.364,.375,,.505,.975,,.026,16,,.290,.426,,1,0,delfica01
106,Luol Deng,SF,27,CHI,75,2903,.426,12.7,,.787,.305,.142,.086,.254,.213,,.455,.619,.342,.362,.353,.322,,.645,.933,,.014,15,,.240,.339,,2,0,denglu01
107,Justin Dentmon,PG,27,DAL,2,4,.000,17.1,,1.000,.000,.000,.500,.500,.000,,.000,,,.000,.000,,,,,,.000,0,,,,,0,0,dentmju01
108,DeMar DeRozan,SG,23,TOR,82,3013,.445,13.0,,.903,.202,.149,.187,.365,.097,,.463,.659,.404,.391,.414,.283,,.527,.882,,.045,54,,.292,.343,,0,0,derozde01
109,Boris Diaw,PF,30,SAS,75,1709,.539,11.3,,.765,.380,.154,.075,.157,.235,,.587,.762,.451,.400,.385,.385,,.785,.967,,.018,6,,.269,.429,,0,0,diawbo01
110,DeSagana Diop,C,31,CHA,22,226,.296,16.9,,.963,.000,.148,.296,.519,.037,,.308,,.500,.250,.286,.000,,1.000,,,.000,0,,.000,,,1,0,diopde01
111,Keyon Dooling,PG,32,MEM,7,82,.476,19.9,,.429,.143,.000,.048,.238,.571,,.556,.667,,.000,.600,.417,,.400,.600,,.000,0,,.250,.333,,0,0,doolike01
112,Toney Douglas,PG,26,TOT,71,1289,.403,15.4,,.536,.225,.139,.092,.079,.464,,.424,.562,.385,.302,.243,.380,,.387,.817,,.002,1,,.366,.430,,1,1,douglto01
112,Toney Douglas,PG,26,HOU,49,913,.395,15.4,,.540,.222,.142,.094,.082,.460,,.411,.526,.420,.303,.207,.377,,.385,.869,,.000,0,,.395,.391,,1,1,douglto01
112,Toney Douglas,PG,26,SAC,22,376,.430,15.5,,.526,.237,.132,.088,.070,.474,,.467,.667,.267,.300,.375,.389,,.393,.667,,.009,1,,.278,.600,,0,0,douglto01
113,Chris Douglas-Roberts,SG,26,DAL,6,63,.357,14.7,,.714,.357,.143,.071,.143,.286,,.500,.600,.500,.000,.500,.000,,.600,,,.000,0,,.750,.000,,1,0,douglch01
114,Goran Dragić,PG,26,PHO,77,2581,.443,13.5,,.695,.292,.100,.143,.159,.305,,.497,.664,.341,.369,.403,.319,,.284,.625,,.007,6,,.188,.346,,0,0,dragigo01
115,Andre Drummond,C,19,DET,60,1243,.608,2.2,,.994,.816,.146,.020,.012,.006,,.609,.688,.300,.000,.000,.500,,.623,.000,,.365,114,,.000,,,1,0,drumman01
116,Jared Dudley,SF,27,PHO,79,2170,.468,16.4,,.595,.218,.054,.070,.253,.405,,.520,.664,.417,.362,.462,.391,,.787,1.000,,.015,10,,.325,.398,,1,0,dudleja01
117,Chris Duhon,PG,30,LAL,46,820,.382,22.0,,.260,.089,.065,.016,.089,.740,,.438,.545,.375,.000,.455,.363,,.500,.909,,.000,0,,.143,.231,,1,0,duhonch01
118,Tim Duncan*,C,36,SAS,69,2078,.502,9.5,,.993,.295,.246,.177,.275,.007,,.504,.701,.417,.405,.433,.286,,.666,1.000,,.065,61,,.571,.250,,0,0,duncati01
119,Mike Dunleavy,SF,32,MIL,75,1943,.442,17.7,,.521,.186,.058,.050,.228,.479,,.455,.638,.361,.323,.359,.428,,.736,.961,,.003,2,,.304,.462,,0,0,dunlemi02
120,Kevin Durant,SF,24,OKC,81,3119,.510,13.3,,.767,.220,.166,.195,.186,.233,,.539,.737,.471,.475,.432,.416,,.449,.799,,.083,115,,.060,.400,,0,0,duranke01
121,Devin Ebanks,SF,23,LAL,19,197,.329,15.2,,.699,.260,.096,.068,.274,.301,,.353,.526,.000,.200,.350,.273,,.500,.667,,.027,2,,.364,.250,,2,0,ebankde01
122,Wayne Ellington,SG,25,TOT,78,1661,.427,17.8,,.546,.142,.085,.078,.242,.454,,.457,.613,.267,.293,.484,.392,,.545,.851,,.021,8,,.200,.438,,0,0,ellinwa01
122,Wayne Ellington,SG,25,MEM,40,676,.407,17.8,,.513,.151,.080,.065,.216,.487,,.392,.600,.188,.231,.372,.423,,.600,.902,,.025,4,,.258,.400,,0,0,ellinwa01
122,Wayne Ellington,SG,25,CLE,38,985,.439,17.8,,.567,.136,.088,.085,.258,.433,,.492,.622,.310,.321,.541,.371,,.522,.811,,.018,4,,.161,.478,,0,0,ellinwa01
123,Monta Ellis,SG,27,MIL,82,3076,.416,13.0,,.772,.286,.132,.119,.235,.228,,.454,.624,.323,.386,.355,.287,,.372,.713,,.018,23,,.213,.343,,3,0,ellismo01
124,Kim English,SG,24,DET,41,407,.375,15.9,,.554,.268,.063,.027,.196,.446,,.452,.600,.143,.333,.364,.280,,.679,.929,,.009,1,,.420,.286,,0,0,engliki01
125,Jeremy Evans,PF,25,UTA,37,215,.614,6.3,,.977,.568,.182,.023,.205,.023,,.628,.760,.375,1.000,.444,.000,,.630,,,.341,13,,.000,,,0,0,evansje01
126,Reggie Evans,PF,32,BRK,80,1967,.479,3.2,,1.000,.697,.249,.034,.019,.000,,.479,.544,.338,.222,.400,,,.576,,,.031,7,,,,,0,0,evansre01
127,Tyreke Evans,SG,23,SAC,65,2016,.478,9.5,,.826,.469,.190,.021,.146,.174,,.508,.641,.331,.313,.339,.338,,.352,.822,,.018,13,,.195,.346,,5,1,evansty01
128,Festus Ezeli,C,23,GSW,78,1120,.438,4.6,,1.000,.538,.325,.095,.041,.000,,.438,.582,.327,.063,.286,,,.581,,,.272,39,,,,,0,0,ezelife01
129,Kenneth Faried,PF,23,DEN,80,2248,.552,3.8,,1.000,.636,.263,.068,.033,.000,,.552,.662,.387,.277,.304,,,.674,,,.196,127,,,,,0,0,farieke01
130,Derrick Favors,PF,21,UTA,77,1787,.482,6.0,,.991,.507,.262,.111,.109,.009,,.487,.670,.282,.365,.258,.000,,.606,,,.157,80,,.200,.000,,2,0,favorde01
131,Raymond Felton,PG,28,NYK,68,2313,.427,14.0,,.707,.298,.125,.060,.224,.293,,.455,.582,.382,.226,.389,.360,,.201,.742,,.001,1,,.143,.297,,7,1,feltora01
132,Landry Fields,SF,24,TOR,51,1037,.457,7.0,,.937,.439,.287,.135,.076,.063,,.478,.612,.391,.267,.412,.143,,.730,1.000,,.081,18,,.429,.167,,0,0,fieldla01
133,Derek Fisher,SG-PG,38,TOT,33,575,.342,19.3,,.503,.081,.068,.087,.267,.497,,.309,.462,.182,.286,.302,.375,,.520,.867,,.000,0,,.400,.406,,0,0,fishede01
133,Derek Fisher,PG,38,DAL,9,229,.354,17.4,,.646,.138,.092,.108,.308,.354,,.310,.444,.333,.143,.300,.435,,.462,.900,,.000,0,,.217,.400,,0,0,fishede01
133,Derek Fisher,SG,38,OKC,24,346,.333,20.5,,.406,.042,.052,.073,.240,.594,,.308,.500,.000,.429,.304,.351,,.583,.850,,.000,0,,.474,.407,,0,0,fishede01
134,Evan Fournier,SG,20,DEN,38,428,.493,11.8,,.645,.408,.151,.033,.053,.355,,.541,.710,.217,.600,.125,.407,,.547,.818,,.013,2,,.204,.636,,0,0,fournev01
135,Randy Foye,SG,29,UTA,82,2249,.397,19.7,,.412,.103,.073,.047,.188,.588,,.378,.539,.241,.229,.381,.410,,.591,.916,,.007,4,,.189,.427,,2,0,foyera01
136,Jimmer Fredette,SG,23,SAC,69,967,.421,15.5,,.619,.142,.213,.134,.130,.381,,.423,.517,.414,.455,.302,.417,,.393,.662,,.000,0,,.160,.440,,0,0,fredeji01
137,Enes Freedom,C,20,UTA,70,1078,.544,6.4,,.997,.485,.243,.132,.137,.003,,.542,.652,.446,.400,.462,1.000,,.537,.000,,.066,24,,.000,,,0,0,kanteen01
138,Joel Freeland,PF,25,POR,51,477,.408,8.7,,1.000,.366,.268,.077,.289,.000,,.408,.558,.368,.273,.293,,,.655,,,.085,11,,,,,0,0,freeljo01
139,Danilo Gallinari,SF,24,DEN,71,2309,.418,15.5,,.584,.254,.111,.047,.172,.416,,.450,.570,.320,.488,.347,.373,,.498,.867,,.051,41,,.260,.457,,2,0,gallida01
140,Francisco García,SG-SF,31,TOT,58,1029,.393,19.7,,.403,.103,.047,.043,.210,.597,,.421,.645,.429,.154,.365,.374,,.784,.985,,.007,2,,.436,.410,,0,0,garcifr01
140,Francisco García,SG,31,SAC,40,710,.376,19.1,,.468,.112,.054,.054,.249,.532,,.385,.609,.455,.182,.314,.367,,.811,.975,,.000,0,,.376,.439,,0,0,garcifr01
140,Francisco García,SF,31,HOU,18,319,.432,21.0,,.263,.084,.032,.021,.126,.737,,.560,.750,.333,.000,.583,.386,,.714,1.000,,.021,2,,.529,.378,,0,0,garcifr01
141,Kevin Garnett*,C,36,BOS,68,2022,.496,12.5,,.981,.171,.198,.216,.396,.019,,.504,.724,.417,.484,.463,.125,,.767,1.000,,.033,27,,.000,,,2,0,garneke01
142,Diante Garrett,PG,24,PHO,19,149,.327,13.2,,.694,.265,.245,.102,.082,.306,,.382,.692,.250,.200,.000,.200,,.615,.667,,.000,0,,.267,.000,,1,0,garredi02
143,Marc Gasol,C,28,MEM,80,2796,.494,10.0,,.984,.221,.311,.247,.205,.016,,.501,.651,.437,.451,.494,.071,,.654,1.000,,.038,33,,.000,,,2,0,gasolma01
144,Pau Gasol*,PF,32,LAL,49,1655,.466,10.2,,.952,.278,.264,.142,.268,.048,,.475,.665,.386,.427,.394,.286,,.695,1.000,,.048,27,,.250,.286,,0,0,gasolpa01
145,Rudy Gay,SF,26,TOT,75,2687,.416,12.9,,.792,.221,.195,.195,.182,.208,,.440,.603,.369,.430,.329,.323,,.362,.679,,.076,78,,.146,.263,,3,0,gayru01
145,Rudy Gay,SF,26,MEM,42,1541,.408,12.3,,.813,.234,.206,.203,.169,.188,,.431,.571,.359,.414,.345,.310,,.382,.725,,.078,43,,.147,.158,,0,0,gayru01
145,Rudy Gay,SF,26,TOR,33,1146,.425,13.7,,.768,.205,.181,.184,.198,.232,,.452,.647,.382,.452,.313,.336,,.337,.636,,.073,35,,.145,.368,,3,0,gayru01
146,Alonzo Gee,SF,25,CLE,82,2541,.410,11.9,,.706,.341,.157,.106,.101,.294,,.450,.622,.197,.354,.360,.315,,.513,.899,,.120,84,,.566,.298,,2,1,geeal01
147,Mickaël Gelabale,SF,29,MIN,36,644,.518,14.5,,.626,.281,.079,.072,.194,.374,,.644,.795,.364,.500,.593,.308,,.661,1.000,,.058,7,,.635,.273,,0,0,gelabmi01
148,Paul George,SF,22,IND,79,2972,.419,15.5,,.601,.241,.085,.116,.159,.399,,.457,.629,.250,.372,.369,.362,,.440,.835,,.065,71,,.252,.415,,4,0,georgpa01
149,Daniel Gibson,PG,26,CLE,46,919,.340,22.0,,.340,.069,.049,.012,.211,.660,,.333,.529,.250,.333,.288,.344,,.679,.911,,.000,0,,.135,.409,,3,0,gibsoda01
150,Taj Gibson,PF,27,CHI,65,1459,.485,7.9,,.991,.435,.188,.170,.197,.009,,.490,.656,.373,.413,.299,.000,,.766,,,.127,54,,.250,.000,,0,0,gibsota01
151,Manu Ginóbili*,SG,35,SAS,60,1393,.425,15.0,,.564,.276,.119,.071,.098,.436,,.480,.651,.344,.316,.283,.353,,.479,.807,,.015,6,,.187,.477,,3,0,ginobma01
152,Drew Gooden,C,31,MIL,16,151,.328,9.8,,.918,.410,.131,.131,.246,.082,,.339,.480,.125,.250,.267,.200,,.684,1.000,,.082,5,,.400,.500,,0,0,goodedr01
153,Ben Gordon,SG,29,CHA,75,1560,.408,16.4,,.616,.176,.122,.064,.253,.384,,.421,.545,.366,.347,.380,.387,,.376,.761,,.001,0,,.257,.520,,0,0,gordobe01
154,Eric Gordon,SG,24,NOH,42,1264,.402,13.6,,.704,.281,.195,.051,.176,.296,,.436,.543,.395,.300,.350,.324,,.330,.786,,.012,6,,.150,.308,,2,0,gordoer01
155,Marcin Gortat,C,28,PHO,61,1876,.521,6.5,,.995,.447,.283,.171,.094,.005,,.524,.704,.369,.381,.396,.000,,.729,,,.087,45,,.000,,,0,0,gortama01
156,Andrew Goudelock,SG,24,LAL,1,6,.000,15.5,,1.000,.000,.000,.500,.500,.000,,.000,,,.000,.000,,,,,,.000,0,,,,,0,0,goudean01
157,Danny Granger,SF,29,IND,5,74,.286,16.4,,.714,.086,.171,.143,.314,.286,,.320,.667,.000,.200,.455,.200,,.500,1.000,,.000,0,,.000,,,0,0,grangda01
158,Aaron Gray,C,28,TOR,42,513,.533,3.9,,1.000,.578,.367,.033,.022,.000,,.533,.635,.364,.667,.500,,,.708,,,.089,8,,,,,0,0,grayaa01
159,Danny Green,SG,25,SAS,80,2201,.448,18.5,,.377,.178,.072,.038,.089,.623,,.480,.585,.313,.360,.458,.429,,.708,.960,,.021,10,,.397,.433,,3,0,greenda02
160,Draymond Green,SF,22,GSW,79,1061,.327,14.1,,.739,.272,.132,.093,.241,.261,,.368,.586,.176,.208,.290,.209,,.586,1.000,,.023,6,,.313,.333,,3,0,greendr01
161,Gerald Green,SF,27,IND,60,1080,.366,17.8,,.557,.137,.075,.130,.215,.443,,.407,.638,.375,.364,.297,.314,,.417,.983,,.068,25,,.218,.293,,1,0,greenge01
162,Jeff Green,PF,26,BOS,81,2252,.467,11.5,,.774,.371,.159,.067,.177,.226,,.490,.659,.258,.389,.385,.385,,.497,.957,,.067,50,,.577,.457,,7,0,greenje02
163,Willie Green,SG,31,LAC,72,1188,.461,17.2,,.570,.166,.096,.052,.256,.430,,.486,.625,.514,.500,.384,.428,,.841,1.000,,.034,12,,.548,.473,,1,0,greenwi01
164,Blake Griffin,PF,23,LAC,80,2598,.538,8.3,,.974,.378,.273,.094,.229,.026,,.548,.778,.468,.356,.343,.179,,.638,1.000,,.199,202,,.357,.200,,0,0,griffbl01
165,Hamed Haddadi,C,27,TOT,30,322,.427,6.2,,1.000,.512,.244,.134,.110,.000,,.427,.548,.250,.455,.222,,,.600,,,.122,10,,,,,0,0,haddaha01
165,Hamed Haddadi,C,27,MEM,13,87,.333,7.9,,1.000,.429,.286,.095,.190,.000,,.333,.333,.333,.500,.250,,,.857,,,.048,1,,,,,0,0,haddaha01
165,Hamed Haddadi,C,27,PHO,17,235,.459,5.7,,1.000,.541,.230,.148,.082,.000,,.459,.606,.214,.444,.200,,,.536,,,.148,9,,,,,0,0,haddaha01
166,Jordan Hamilton,SF,22,DEN,40,397,.418,13.5,,.637,.249,.214,.109,.065,.363,,.445,.660,.349,.273,.231,.370,,.456,.963,,.045,9,,.205,.267,,1,0,hamiljo02
167,Richard Hamilton,SG,34,CHI,50,1088,.429,14.5,,.891,.097,.135,.314,.345,.109,,.444,.630,.391,.436,.421,.308,,.777,.938,,.000,0,,.404,.286,,0,0,hamilri01
168,Ben Hansbrough,PG,25,IND,28,200,.333,18.5,,.489,.222,.022,.089,.156,.511,,.409,.600,.000,.500,.143,.261,,.111,1.000,,.000,0,,.130,.667,,1,0,hansbbe01
169,Tyler Hansbrough,PF,27,IND,81,1366,.432,7.1,,.993,.464,.233,.084,.211,.007,,.436,.577,.337,.176,.337,.000,,.528,,,.093,32,,.000,,,0,0,hansbty01
170,James Harden,SG,23,HOU,78,2985,.438,13.7,,.636,.308,.149,.049,.130,.364,,.477,.650,.296,.318,.333,.368,,.241,.475,,.035,46,,.033,.250,,3,1,hardeja01
171,Maurice Harkless,SF,19,ORL,76,1974,.461,8.5,,.793,.551,.131,.050,.060,.207,,.510,.630,.284,.250,.118,.274,,.623,.969,,.137,68,,.675,.291,,2,0,harklma01
172,Josh Harrellson,C,23,MIA,6,31,.444,15.3,,.444,.333,.111,.000,.000,.556,,.750,1.000,.000,,,.200,,1.000,1.000,,.111,1,,.200,.000,,0,0,harrejo01
173,Al Harrington,C,32,ORL,10,119,.351,16.3,,.474,.298,.053,.018,.105,.526,,.444,.529,.333,.000,.333,.267,,.333,1.000,,.000,0,,.233,.143,,0,0,harrial01
174,Devin Harris,SG,29,ATL,58,1421,.438,16.3,,.481,.273,.081,.032,.095,.519,,.549,.678,.472,.357,.310,.335,,.299,.792,,.000,0,,.135,.419,,1,0,harride01
175,Terrel Harris,SG,25,TOT,20,137,.148,13.4,,.704,.259,.185,.111,.148,.296,,.211,.429,.000,.333,.000,.000,,.500,,,.000,0,,.250,.000,,0,0,harrite01
175,Terrel Harris,SG,25,MIA,7,29,.250,7.2,,.875,.375,.375,.000,.125,.125,,.286,.667,.000,,.000,.000,,.000,,,.000,0,,1.000,.000,,0,0,harrite01
175,Terrel Harris,SG,25,NOH,13,108,.105,16.0,,.632,.211,.105,.158,.158,.368,,.167,.250,.000,.333,.000,.000,,1.000,,,.000,0,,.143,.000,,0,0,harrite01
176,Tobias Harris,SF-PF,20,TOT,55,1299,.455,10.5,,.789,.332,.254,.113,.090,.211,,.493,.600,.400,.362,.522,.315,,.573,.882,,.051,24,,.296,.281,,0,0,harrito02
176,Tobias Harris,SF,20,MIL,28,325,.461,9.7,,.817,.348,.217,.209,.043,.183,,.489,.575,.400,.417,.600,.333,,.609,1.000,,.070,7,,.571,.333,,0,0,harrito02
176,Tobias Harris,PF,20,ORL,27,974,.453,10.7,,.781,.327,.264,.086,.103,.219,,.494,.608,.400,.324,.512,.310,,.562,.852,,.045,17,,.230,.250,,0,0,harrito02
177,Udonis Haslem,PF,32,MIA,75,1414,.514,9.1,,1.000,.418,.088,.183,.311,.000,,.514,.724,.227,.348,.410,,,.860,,,.088,19,,,,,0,0,hasleud01
178,Spencer Hawes,C,24,PHI,82,2233,.464,11.2,,.893,.313,.150,.163,.266,.107,,.477,.630,.361,.439,.384,.356,,.739,1.000,,.044,34,,.207,.389,,1,0,hawessp01
179,Chuck Hayes,C,29,SAC,74,1209,.442,4.7,,.995,.416,.500,.079,.000,.005,,.444,.532,.358,.533,,.000,,.571,,,.000,0,,.000,,,0,0,hayesch01
180,Gordon Hayward,SF,22,UTA,72,2104,.435,14.9,,.682,.238,.125,.070,.248,.318,,.444,.587,.371,.315,.380,.415,,.590,.912,,.050,35,,.232,.404,,1,0,haywago01
181,Lazar Hayward,SF,26,MIN,4,31,.200,14.8,,.600,.300,.100,.000,.200,.400,,.333,.667,.000,,.000,.000,,.500,,,.000,0,,.000,,,0,0,haywala01
182,Brendan Haywood,C,33,CHA,61,1162,.431,6.0,,.995,.333,.458,.185,.019,.005,,.433,.611,.354,.300,.500,.000,,.570,,,.065,14,,.000,,,0,0,haywobr01
183,Gerald Henderson,SG,25,CHA,68,2133,.447,12.5,,.883,.268,.124,.175,.316,.117,,.462,.576,.349,.413,.437,.330,,.501,.970,,.044,32,,.210,.238,,3,0,hendege02
184,Xavier Henry,SF,21,NOH,50,625,.410,10.8,,.932,.360,.155,.075,.342,.068,,.413,.552,.240,.333,.364,.364,,.565,1.000,,.043,7,,.727,.500,,1,0,henryxa01
185,John Henson,PF,22,MIL,63,827,.482,5.9,,.991,.479,.304,.095,.113,.009,,.486,.646,.422,.219,.211,.000,,.611,,,.104,35,,.333,.000,,1,0,hensojo01
186,Roy Hibbert,C,26,IND,79,2269,.448,6.4,,.995,.360,.424,.130,.081,.005,,.449,.518,.423,.348,.443,.250,,.523,1.000,,.064,49,,.500,.500,,1,0,hibbero01
187,J.J. Hickson,C,24,POR,80,2323,.562,5.2,,.997,.583,.196,.122,.095,.003,,.563,.671,.342,.462,.493,.000,,.672,,,.176,122,,.500,.000,,0,0,hicksjj01
188,Cory Higgins,SG,23,CHA,6,32,.316,16.8,,.737,.105,.158,.263,.211,.263,,.357,.500,.000,.400,.500,.200,,.200,1.000,,.000,0,,.200,.000,,1,0,higgico01
189,Nenê,PF,30,WAS,61,1659,.480,7.7,,.998,.397,.236,.182,.184,.002,,.481,.699,.357,.315,.330,.000,,.582,,,.088,51,,.000,,,0,0,hilarne01
190,George Hill,PG,26,IND,76,2620,.443,16.2,,.595,.188,.126,.111,.169,.405,,.494,.677,.455,.454,.347,.368,,.301,.738,,.009,8,,.218,.286,,4,0,hillge01
191,Grant Hill*,SF,40,LAC,29,437,.388,12.5,,.888,.214,.153,.214,.306,.112,,.402,.714,.200,.476,.233,.273,,.714,1.000,,.000,0,,.818,.333,,0,0,hillgr01
192,Jordan Hill,PF,25,LAL,29,458,.497,8.4,,.987,.426,.239,.065,.258,.013,,.503,.636,.486,.400,.325,.000,,.571,,,.135,20,,.000,,,2,0,hilljo01
193,Kirk Hinrich,PG,32,CHI,60,1764,.377,17.9,,.569,.137,.097,.045,.289,.431,,.367,.517,.268,.421,.320,.390,,.307,.873,,.002,0,,.159,.517,,1,0,hinriki01
194,Jrue Holiday,PG,22,PHI,78,2926,.431,12.6,,.808,.261,.161,.161,.224,.192,,.446,.592,.322,.423,.381,.368,,.252,.473,,.014,16,,.150,.432,,3,0,holidjr01
195,Justin Holiday,SG,23,PHI,9,142,.333,16.7,,.667,.188,.063,.146,.271,.333,,.375,.667,.667,.143,.231,.250,,.833,1.000,,.042,2,,.188,.333,,0,0,holidju01
196,Ryan Hollins,C,28,LAC,60,663,.614,4.8,,1.000,.535,.307,.114,.044,.000,,.614,.721,.571,.308,.400,,,.757,,,.395,41,,,,,0,0,holliry01
197,Tyler Honeycutt,SF,22,SAC,9,32,.273,13.0,,.818,.364,.091,.000,.364,.182,,.333,.750,.000,,.000,.000,,1.000,,,.273,3,,.000,,,0,0,honeyty01
198,Al Horford,C,26,ATL,74,2756,.543,9.5,,.994,.350,.207,.114,.324,.006,,.544,.752,.434,.446,.423,.500,,.771,.667,,.098,101,,.500,.667,,0,0,horfoal01
199,Dwight Howard,C,27,LAL,76,2722,.578,3.7,,.993,.594,.357,.025,.017,.007,,.581,.700,.424,.250,.214,.167,,.697,1.000,,.244,187,,.333,.500,,1,0,howardw01
200,Josh Howard,SF,32,MIN,11,207,.403,14.5,,.792,.247,.091,.182,.273,.208,,.426,.579,.286,.357,.381,.313,,.615,1.000,,.039,3,,.125,.000,,1,0,howarjo01
201,Juwan Howard,PF,39,MIA,7,51,.526,8.7,,1.000,.158,.526,.105,.211,.000,,.526,.333,.800,.500,.000,,,.700,,,.000,0,,,,,0,0,howarju01
202,Kris Humphries,PF,27,BRK,65,1191,.448,7.2,,.994,.452,.219,.181,.142,.006,,.451,.579,.353,.357,.318,.000,,.734,,,.155,42,,.500,.000,,1,0,humphkr01
203,Serge Ibaka,PF,23,OKC,80,2486,.573,10.5,,.927,.334,.154,.131,.307,.073,,.591,.742,.492,.588,.477,.351,,.746,.950,,.135,97,,.912,.365,,0,0,ibakase01
204,Andre Iguodala,SG,29,DEN,80,2779,.451,13.9,,.673,.307,.093,.102,.171,.327,,.515,.752,.329,.278,.333,.317,,.541,.802,,.159,134,,.348,.260,,4,0,iguodan01
205,Ersan İlyasova,PF,25,MIL,73,2012,.462,13.7,,.733,.288,.102,.121,.223,.267,,.469,.567,.329,.495,.391,.444,,.736,.989,,.006,4,,.079,.353,,1,0,ilyaser01
206,Kyrie Irving,PG,20,CLE,59,2048,.452,13.9,,.739,.235,.138,.173,.193,.261,,.474,.574,.385,.443,.444,.391,,.240,.532,,.004,4,,.054,.400,,2,0,irvinky01
207,Royal Ivey,SG,31,PHI,53,698,.431,18.8,,.389,.132,.083,.056,.118,.611,,.446,.684,.250,.375,.353,.420,,.520,1.000,,.000,0,,.386,.412,,0,0,iveyro01
208,Jarrett Jack,SG,29,GSW,79,2349,.452,15.8,,.763,.089,.180,.187,.308,.237,,.466,.592,.442,.456,.451,.404,,.220,.683,,.000,0,,.167,.441,,4,1,jackja01
209,Reggie Jackson,PG,22,OKC,70,993,.458,13.7,,.680,.292,.166,.083,.138,.320,,.566,.747,.519,.333,.378,.231,,.176,.833,,.040,12,,.163,.412,,6,0,jacksre01
210,Stephen Jackson,SF,34,SAS,55,1075,.373,16.1,,.485,.255,.121,.027,.082,.515,,.481,.548,.425,.222,.444,.271,,.481,.804,,.012,3,,.306,.288,,4,0,jacksst02
211,Bernard James,C,27,DAL,46,457,.515,3.8,,.981,.689,.243,.029,.019,.019,,.525,.620,.360,.000,.000,.000,,.717,,,.146,13,,.500,.000,,1,0,jamesbe01
212,Damion James,SF,25,BRK,2,0,,,,,,,,,,,,,,,,,,,,,,0,,,,,0,0,jamesda01
213,LeBron James,PF,28,MIA,76,2877,.565,11.2,,.812,.373,.133,.105,.202,.188,,.602,.776,.494,.415,.447,.406,,.378,.553,,.109,144,,.161,.488,,0,0,jamesle01
214,Mike James,PG,37,DAL,45,862,.373,16.3,,.539,.144,.210,.044,.140,.461,,.363,.513,.351,.167,.289,.384,,.132,.917,,.000,0,,.384,.333,,1,0,jamesmi01
215,Antawn Jamison,PF,36,LAL,76,1636,.464,13.3,,.595,.308,.193,.031,.063,.405,,.535,.655,.405,.278,.472,.361,,.765,1.000,,.007,3,,.279,.385,,0,0,jamisan01
216,Al Jefferson,C,28,UTA,78,2578,.494,10.2,,.986,.241,.291,.169,.285,.014,,.500,.718,.464,.416,.401,.118,,.547,1.000,,.059,65,,.176,.000,,3,0,jeffeal01
217,Richard Jefferson,SF,32,GSW,56,568,.456,13.5,,.669,.279,.184,.081,.125,.331,,.527,.737,.320,.455,.412,.311,,.563,.929,,.096,10,,.422,.474,,1,0,jefferi01
218,Jared Jeffries,PF,31,POR,38,350,.296,9.2,,.963,.500,.111,.019,.333,.037,,.308,.444,.167,.000,.167,.000,,.438,,,.037,2,,.000,,,1,0,jeffrja01
219,Charles Jenkins,SG-PG,23,TOT,59,441,.405,14.8,,.983,.140,.140,.074,.628,.017,,.403,.706,.059,.222,.434,.500,,.667,1.000,,.000,0,,.500,1.000,,0,0,jenkich01
219,Charles Jenkins,SG,23,GSW,47,291,.422,15.6,,.976,.108,.133,.060,.675,.024,,.420,.667,.091,.200,.464,.500,,.676,1.000,,.000,0,,.500,1.000,,0,0,jenkich01
219,Charles Jenkins,PG,23,PHI,12,150,.368,13.1,,1.000,.211,.158,.105,.526,.000,,.368,.750,.000,.250,.350,,,.643,,,.000,0,,,,,0,0,jenkich01
220,John Jenkins,SG,21,ATL,61,902,.446,17.7,,.531,.163,.071,.065,.231,.469,,.500,.667,.381,.474,.426,.384,,.692,.830,,.003,1,,.283,.385,,0,0,jenkijo01
221,Brandon Jennings,PG,23,MIL,80,2897,.399,15.1,,.630,.228,.121,.123,.158,.370,,.412,.496,.285,.416,.386,.375,,.253,.595,,.005,6,,.158,.384,,3,0,jennibr01
222,Jonas Jerebko,PF,25,DET,49,892,.449,10.5,,.737,.443,.155,.035,.104,.263,,.502,.593,.327,.273,.455,.301,,.735,1.000,,.070,20,,.217,.278,,0,0,jerebjo01
223,Amir Johnson,PF,25,TOR,81,2325,.554,7.6,,.979,.464,.244,.056,.215,.021,,.558,.687,.541,.324,.362,.385,,.710,1.000,,.111,63,,.385,.400,,1,0,johnsam01
224,Chris Johnson,C,27,MIN,30,284,.640,6.7,,1.000,.533,.120,.160,.187,.000,,.640,.850,.333,.417,.429,,,.813,,,.333,24,,,,,0,0,johnsch03
225,Chris Johnson,SF,22,MEM,8,102,.440,18.5,,.280,.160,.120,.000,.000,.720,,.714,1.000,.333,,,.333,,.400,1.000,,.040,1,,.333,.667,,0,0,johnsch04
226,Ivan Johnson,PF,28,ATL,69,1035,.520,8.5,,.963,.494,.171,.031,.267,.037,,.536,.670,.426,.182,.400,.077,,.658,1.000,,.118,39,,.077,.000,,5,0,johnsiv01
227,James Johnson,SF,25,SAC,54,878,.413,9.3,,.926,.389,.226,.053,.258,.074,,.439,.582,.406,.200,.301,.095,,.470,1.000,,.081,21,,.381,.125,,1,0,johnsja01
228,Joe Johnson,SG,31,BRK,72,2642,.423,16.4,,.625,.077,.206,.144,.197,.375,,.452,.494,.488,.421,.420,.375,,.273,.905,,.001,1,,.357,.418,,1,0,johnsjo02
229,Orlando Johnson,SG,23,IND,51,619,.400,17.3,,.478,.228,.061,.061,.128,.522,,.419,.585,.364,.091,.304,.383,,.389,.833,,.022,3,,.287,.333,,1,0,johnsor01
230,Wesley Johnson,SF,25,PHO,50,953,.407,18.4,,.609,.101,.068,.106,.333,.391,,.461,.675,.370,.405,.432,.323,,.640,.940,,.020,8,,.329,.333,,0,0,johnswe01
231,Darius Johnson-Odom,SG,23,LAL,4,6,.000,13.9,,.750,.250,.000,.500,.000,.250,,.000,.000,,.000,,.000,,,,,.000,0,,.000,,,0,0,johnsda03
232,Dahntay Jones,SF,32,TOT,78,1016,.369,12.2,,.779,.279,.189,.108,.203,.221,,.410,.581,.452,.208,.244,.224,,.465,1.000,,.032,7,,.735,.222,,1,0,jonesda02
232,Dahntay Jones,SF,32,DAL,50,635,.357,12.7,,.736,.250,.221,.114,.150,.264,,.408,.514,.516,.250,.190,.216,,.381,1.000,,.029,4,,.703,.192,,1,0,jonesda02
232,Dahntay Jones,SF,32,ATL,28,381,.390,11.4,,.854,.329,.134,.098,.293,.146,,.414,.667,.273,.125,.292,.250,,.586,1.000,,.037,3,,.833,.300,,0,0,jonesda02
233,DeQuan Jones,SF,22,ORL,63,803,.436,10.4,,.839,.390,.183,.069,.197,.161,,.470,.635,.225,.200,.465,.257,,.709,1.000,,.119,22,,.286,.400,,0,0,jonesde01
234,Dominique Jones,PG,24,DAL,29,338,.367,6.6,,.917,.486,.339,.055,.037,.083,,.390,.491,.243,.667,.000,.111,,.231,.000,,.046,5,,.444,.000,,1,0,jonesdo02
235,James Jones,SF,32,MIA,38,221,.344,23.5,,.131,.016,.000,.033,.082,.869,,.625,1.000,,1.000,.400,.302,,1.000,.938,,.000,0,,.453,.375,,0,0,jonesja02
236,Kevin Jones,PF,23,CLE,32,334,.402,8.0,,1.000,.449,.150,.159,.243,.000,,.402,.542,.438,.235,.231,,,.744,,,.028,3,,,,,0,0,joneske01
237,Perry Jones,SF,21,OKC,38,280,.394,10.6,,.980,.273,.182,.212,.313,.020,,.402,.778,.167,.238,.323,.000,,.718,,,.172,15,,.000,,,0,0,jonespe01
238,Solomon Jones,PF,28,NYK,2,26,.000,5.1,,1.000,.000,1.000,.000,.000,.000,,.000,,.000,,,,,,,,.000,0,,,,,0,0,jonesso01
239,Terrence Jones,PF,21,HOU,19,276,.457,9.3,,.798,.404,.287,.043,.064,.202,,.507,.737,.296,.250,.167,.263,,.553,1.000,,.181,15,,.316,.167,,0,0,joneste01
240,DeAndre Jordan,C,24,LAC,82,2010,.643,2.8,,1.000,.701,.277,.014,.008,.000,,.643,.716,.489,.429,.000,,,.672,,,.412,179,,,,,0,0,jordade01
241,Cory Joseph,PG,21,SAS,28,388,.464,11.2,,.809,.364,.164,.073,.209,.191,,.506,.650,.500,.500,.261,.286,,.600,.833,,.000,0,,.571,.333,,1,0,josepco01
242,Kris Joseph,SF,24,TOT,10,54,.143,14.8,,.786,.286,.000,.214,.286,.214,,.182,.500,,.000,.000,.000,,.500,,,.000,0,,.000,,,0,0,josepkr01
242,Kris Joseph,SF,24,BOS,6,24,.182,13.4,,.818,.364,.000,.182,.273,.182,,.222,.500,,.000,.000,.000,,.500,,,.000,0,,.000,,,0,0,josepkr01
242,Kris Joseph,SF,24,BRK,4,30,.000,20.0,,.667,.000,.000,.333,.333,.333,,.000,,,.000,.000,.000,,,,,.000,0,,.000,,,0,0,josepkr01
243,Chris Kaman,C,30,DAL,66,1363,.507,9.5,,.998,.271,.225,.276,.227,.002,,.508,.629,.446,.429,.521,.000,,.655,,,.023,13,,.000,,,0,0,kamanch01
244,Jason Kidd*,SG,39,NYK,76,2043,.372,22.0,,.205,.071,.049,.010,.076,.795,,.452,.552,.500,.500,.323,.351,,.237,.895,,.000,0,,.243,.354,,3,1,kiddja01
245,Michael Kidd-Gilchrist,SF,19,CHA,78,2025,.458,8.0,,.985,.512,.142,.046,.285,.015,,.462,.627,.276,.143,.309,.222,,.609,.500,,.104,58,,.333,.333,,0,0,kiddgmi01
246,Andrei Kirilenko,SF,31,MIN,64,2034,.507,9.6,,.786,.532,.098,.023,.132,.214,,.566,.664,.382,.231,.365,.292,,.715,.971,,.150,79,,.083,.400,,1,0,kirilan01
247,Linas Kleiza,SF,28,TOR,20,376,.333,16.4,,.542,.132,.222,.069,.118,.458,,.359,.579,.375,.100,.235,.303,,.571,1.000,,.021,2,,.242,.375,,0,0,kleizli01
248,Brandon Knight,PG,21,DET,75,2365,.407,14.3,,.628,.297,.124,.042,.164,.372,,.430,.540,.294,.432,.333,.367,,.350,.892,,.015,11,,.183,.350,,0,0,knighbr03
249,Kyle Korver,SF,31,ATL,74,2259,.461,22.0,,.311,.035,.015,.045,.216,.689,,.471,.571,.333,.370,.485,.457,,.920,.984,,.002,1,,.326,.481,,0,0,korveky01
250,Kosta Koufos,C,23,DEN,81,1817,.581,3.4,,.998,.630,.329,.030,.010,.002,,.582,.678,.431,.333,.200,.000,,.749,,,.073,35,,.000,,,0,0,koufoko01
251,Viacheslav Kravtsov,C,25,DET,25,224,.717,1.6,,1.000,.870,.130,.000,.000,.000,,.717,.750,.500,,,,,.727,,,.391,18,,,,,0,0,kravtvi01
252,Doron Lamb,SG,21,TOT,47,577,.368,13.6,,.773,.209,.196,.172,.196,.227,,.365,.500,.375,.250,.313,.378,,.674,.929,,.000,0,,.486,.444,,1,0,lambdo01
252,Doron Lamb,SG,21,MIL,23,280,.347,12.5,,.832,.221,.179,.211,.221,.168,,.367,.571,.294,.250,.333,.250,,.655,1.000,,.000,0,,.688,.273,,0,0,lambdo01
252,Doron Lamb,SG,21,ORL,24,297,.397,15.0,,.691,.191,.221,.118,.162,.309,,.362,.385,.467,.250,.273,.476,,.706,.900,,.000,0,,.333,.714,,1,0,lambdo01
253,Jeremy Lamb,SF,20,OKC,23,147,.353,16.4,,.559,.147,.162,.074,.176,.441,,.395,.400,.364,.400,.417,.300,,.533,.889,,.029,1,,.133,.250,,0,0,lambje01
254,Carl Landry,PF,29,GSW,81,1876,.540,7.8,,.995,.444,.191,.154,.206,.005,,.541,.700,.348,.462,.435,.333,,.667,1.000,,.096,54,,.333,.000,,1,0,landrca01
255,Ty Lawson,PG,25,DEN,73,2513,.461,12.1,,.761,.369,.117,.078,.197,.239,,.491,.615,.307,.368,.419,.366,,.262,.694,,.003,3,,.155,.250,,1,0,lawsoty01
256,Courtney Lee,SG,27,BOS,78,1941,.464,13.5,,.706,.300,.098,.091,.217,.294,,.503,.629,.327,.375,.461,.372,,.516,.966,,.034,16,,.545,.447,,1,0,leeco01
257,David Lee,PF,29,GSW,79,2907,.519,7.8,,.997,.387,.291,.116,.203,.003,,.521,.686,.412,.415,.421,.000,,.683,,,.059,65,,.000,,,2,0,leeda02
258,Malcolm Lee,SG,22,MIN,16,289,.382,12.6,,.684,.368,.132,.039,.145,.316,,.404,.429,.400,.333,.364,.333,,.667,.875,,.039,3,,.500,.417,,1,0,leema01
259,Kawhi Leonard,SF,21,SAS,58,1810,.494,12.7,,.669,.329,.122,.093,.125,.331,,.554,.659,.438,.510,.424,.374,,.544,.985,,.105,47,,.695,.430,,0,0,leonaka01
260,Meyers Leonard,C,20,POR,69,1206,.545,8.2,,.975,.487,.162,.083,.242,.025,,.548,.696,.422,.391,.388,.429,,.872,1.000,,.209,53,,.143,1.000,,1,0,leoname01
261,Jon Leuer,PF-C,23,TOT,28,187,.481,12.3,,.942,.250,.154,.077,.462,.058,,.510,.615,.625,.500,.417,.000,,.600,,,.038,2,,.000,,,0,0,leuerjo01
261,Jon Leuer,C,23,CLE,9,91,.357,12.9,,.893,.250,.143,.071,.429,.107,,.400,.429,.500,.500,.333,.000,,.400,,,.000,0,,.000,,,0,0,leuerjo01
261,Jon Leuer,PF,23,MEM,19,96,.625,11.5,,1.000,.250,.167,.083,.500,.000,,.625,.833,.750,.500,.500,,,.733,,,.083,2,,,,,0,0,leuerjo01
262,Rashard Lewis,PF,33,MIA,55,792,.414,17.4,,.474,.145,.104,.092,.133,.526,,.441,.667,.269,.261,.455,.389,,.519,.980,,.012,2,,.580,.434,,0,0,lewisra02
263,DeAndre Liggins,SG,24,OKC,39,290,.447,12.4,,.596,.383,.149,.043,.021,.404,,.500,.556,.429,.000,1.000,.368,,.786,1.000,,.021,1,,.263,.400,,0,0,liggide01
264,Damian Lillard,PG,22,POR,82,3167,.429,16.0,,.609,.262,.064,.061,.224,.391,,.469,.531,.378,.449,.427,.368,,.236,.535,,.023,22,,.046,.348,,3,0,lillada01
265,Jeremy Lin,PG,24,HOU,82,2640,.441,12.4,,.713,.333,.175,.049,.156,.287,,.483,.635,.318,.227,.421,.339,,.272,.828,,.003,3,,.195,.340,,0,0,linje01
266,Shaun Livingston,PG,27,TOT,66,1455,.480,9.8,,.988,.251,.188,.396,.153,.012,,.485,.701,.400,.416,.415,.000,,.530,,,.069,21,,.500,.000,,0,0,livinsh01
266,Shaun Livingston,PG,27,WAS,17,320,.364,12.7,,.955,.167,.106,.318,.364,.045,,.381,.545,.286,.333,.375,.000,,.417,,,.030,2,,.333,.000,,0,0,livinsh01
266,Shaun Livingston,PG,27,CLE,49,1135,.507,9.1,,.996,.271,.207,.414,.104,.004,,.509,.724,.414,.431,.448,.000,,.549,,,.079,19,,1.000,.000,,0,0,livinsh01
267,Brook Lopez,C,24,BRK,74,2253,.521,7.4,,.999,.376,.329,.131,.164,.001,,.522,.698,.422,.427,.391,.000,,.625,,,.091,97,,1.000,.000,,0,0,lopezbr01
268,Robin Lopez,C,24,NOH,82,2136,.534,5.6,,1.000,.477,.314,.150,.058,.000,,.534,.691,.372,.370,.548,,,.589,,,.102,64,,,,,0,0,lopezro01
269,Kevin Love,PF,24,MIN,18,618,.352,12.7,,.691,.322,.191,.060,.117,.309,,.413,.490,.281,.556,.343,.217,,.541,.850,,.030,8,,.043,.500,,1,0,loveke01
270,Kyle Lowry,PG,26,TOR,68,2020,.401,16.1,,.552,.238,.119,.063,.133,.448,,.433,.568,.378,.359,.277,.362,,.295,.624,,.000,0,,.090,.360,,1,0,lowryky01
271,John Lucas III,PG,30,TOR,63,827,.386,18.2,,.548,.078,.129,.114,.228,.452,,.393,.615,.395,.368,.329,.377,,.167,.754,,.000,0,,.265,.525,,0,0,lucasjo02
272,Scott Machado,PG,22,HOU,6,21,.500,8.2,,.833,.667,.000,.000,.167,.167,,.600,.750,,,.000,.000,,.333,,,.000,0,,.000,,,0,0,machasc01
273,Shelvin Mack,PG-SG,22,TOT,31,416,.460,17.0,,.611,.159,.111,.087,.254,.389,,.519,.550,.429,.636,.500,.367,,.200,.500,,.000,0,,.184,.444,,0,0,macksh01
273,Shelvin Mack,PG,22,WAS,7,141,.400,16.9,,.675,.150,.100,.100,.325,.325,,.444,.500,.500,.500,.385,.308,,.167,1.000,,.000,0,,.385,.400,,0,0,macksh01
273,Shelvin Mack,SG,22,PHI,4,7,.500,21.0,,.500,.000,.000,.000,.500,.500,,1.000,,,,1.000,.000,,1.000,,,.000,0,,.000,,,0,0,macksh01
273,Shelvin Mack,PG,22,ATL,20,268,.488,16.9,,.583,.167,.119,.083,.214,.417,,.551,.571,.400,.714,.556,.400,,.185,.357,,.000,0,,.114,.500,,0,0,macksh01
274,Corey Maggette,SF,33,DET,18,257,.355,15.2,,.724,.158,.184,.066,.316,.276,,.400,.583,.429,.000,.375,.238,,.545,.800,,.000,0,,.333,.286,,0,0,maggeco01
275,Ian Mahinmi,C,26,IND,80,1322,.453,8.7,,.994,.413,.213,.070,.298,.006,,.456,.647,.329,.217,.337,.000,,.698,,,.116,35,,.000,,,2,0,mahinia01
276,Shawn Marion,PF,34,DAL,67,2010,.514,7.7,,.894,.357,.375,.138,.025,.106,,.538,.703,.429,.421,.471,.315,,.741,1.000,,.071,45,,.685,.340,,0,0,mariosh01
277,Kendall Marshall,PG,21,PHO,48,702,.371,17.7,,.517,.192,.079,.046,.199,.483,,.423,.586,.167,.857,.267,.315,,.273,.957,,.000,0,,.096,.286,,0,0,marshke01
278,Cartier Martin,SF,28,WAS,41,694,.381,19.9,,.421,.087,.056,.060,.218,.579,,.358,.500,.357,.267,.327,.397,,.579,.966,,.000,0,,.281,.439,,0,0,martica01
279,Kenyon Martin,C,35,NYK,18,431,.602,5.7,,1.000,.656,.118,.032,.194,.000,,.602,.787,.273,.333,.222,,,.732,,,.366,31,,,,,0,0,martike01
280,Kevin Martin,SG,29,OKC,77,2136,.450,17.0,,.523,.152,.108,.108,.156,.477,,.472,.686,.333,.405,.405,.426,,.568,.943,,.033,24,,.294,.514,,0,0,martike02
281,Roger Mason,SG,32,NOH,69,1219,.433,19.3,,.479,.128,.043,.049,.259,.521,,.452,.513,.077,.267,.519,.415,,.727,.955,,.000,0,,.302,.354,,0,0,masonro01
282,Wesley Matthews,SG,26,POR,69,2403,.436,16.7,,.474,.225,.075,.063,.110,.526,,.478,.599,.361,.392,.360,.398,,.470,.888,,.020,13,,.355,.437,,1,0,matthwe02
283,Jason Maxiell,PF,29,DET,72,1789,.446,9.7,,1.000,.333,.190,.144,.333,.000,,.446,.645,.448,.288,.316,,,.750,,,.147,55,,,,,0,0,maxieja01
284,Eric Maynor,PG-SG,25,TOT,64,963,.377,14.9,,.658,.125,.317,.082,.135,.342,,.389,.600,.326,.348,.368,.354,,.222,.941,,.000,0,,.073,.429,,3,1,maynoer01
284,Eric Maynor,PG,25,OKC,37,391,.313,16.1,,.600,.113,.287,.070,.130,.400,,.304,.462,.242,.125,.400,.326,,.095,.933,,.000,0,,.043,.500,,3,1,maynoer01
284,Eric Maynor,SG,25,POR,27,572,.422,14.0,,.699,.133,.337,.090,.139,.301,,.440,.682,.375,.467,.348,.380,,.275,.947,,.000,0,,.100,.400,,0,0,maynoer01
285,O.J. Mayo,SG,25,DAL,82,2913,.449,15.8,,.660,.191,.104,.119,.246,.340,,.471,.587,.458,.418,.413,.407,,.364,.824,,.019,19,,.181,.413,,0,0,mayooj01
286,Luc Mbah a Moute,SF,26,MIL,58,1326,.401,8.9,,.902,.467,.135,.061,.239,.098,,.406,.477,.373,.174,.344,.351,,.667,1.000,,.024,8,,.838,.355,,0,0,mbahalu01
287,JaVale McGee,C,25,DEN,79,1433,.575,3.9,,.998,.647,.237,.078,.036,.002,,.574,.704,.352,.366,.158,1.000,,.689,1.000,,.370,175,,.000,,,0,0,mcgeeja01
288,Dominic McGuire,SF,27,TOT,26,387,.429,11.2,,1.000,.357,.107,.125,.411,.000,,.429,.400,.000,.429,.565,,,.708,,,.036,2,,,,,0,0,mcguido01
288,Dominic McGuire,SF,27,TOR,15,230,.469,11.8,,1.000,.313,.156,.063,.469,.000,,.469,.600,.000,.500,.533,,,.667,,,.031,1,,,,,0,0,mcguido01
288,Dominic McGuire,SF,27,NOH,9,145,.429,11.1,,1.000,.381,.048,.190,.381,.000,,.429,.250,.000,.500,.625,,,.778,,,.048,1,,,,,0,0,mcguido01
288,Dominic McGuire,SF,27,IND,2,12,.000,5.4,,1.000,.667,.000,.333,.000,.000,,.000,.000,,.000,,,,,,,.000,0,,,,,0,0,mcguido01
289,Josh McRoberts,PF,25,TOT,67,1487,.455,11.3,,.755,.402,.120,.047,.187,.245,,.510,.616,.366,.563,.359,.286,,.720,.958,,.131,42,,.333,.429,,0,0,mcrobjo01
289,Josh McRoberts,PF,25,ORL,41,685,.392,13.5,,.641,.333,.098,.052,.157,.359,,.439,.490,.333,.375,.417,.309,,.721,.941,,.085,13,,.345,.526,,0,0,mcrobjo01
289,Josh McRoberts,PF,25,CHA,26,802,.505,9.6,,.847,.458,.137,.042,.211,.153,,.553,.690,.385,.750,.325,.241,,.719,1.000,,.168,29,,.310,.222,,0,0,mcrobjo01
290,Jodie Meeks,SG,25,LAL,78,1663,.387,18.4,,.355,.204,.058,.017,.075,.645,,.441,.528,.226,.556,.350,.357,,.651,.893,,.025,10,,.292,.370,,1,0,meeksjo01
291,Fab Melo,C,22,BOS,6,36,.500,2.9,,1.000,.833,.167,.000,.000,.000,,.500,.600,.000,,,,,1.000,,,.167,1,,,,,0,0,melofa01
292,Khris Middleton,SG,21,DET,27,475,.440,14.7,,.681,.206,.142,.121,.213,.319,,.500,.655,.400,.647,.333,.311,,.625,1.000,,.035,5,,.689,.387,,2,0,middlkh01
293,C.J. Miles,SF,25,CLE,65,1364,.415,18.0,,.466,.156,.112,.055,.142,.534,,.451,.594,.319,.412,.414,.384,,.550,.960,,.036,17,,.201,.409,,1,0,milescj01
294,Darko Miličić,C,27,BOS,1,5,.000,5.6,,1.000,.000,1.000,.000,.000,.000,,.000,,.000,,,,,,,,.000,0,,,,,0,0,milicda01
295,Andre Miller,PG,36,DEN,82,2151,.479,8.7,,.899,.422,.207,.176,.093,.101,,.504,.618,.397,.387,.441,.266,,.248,1.000,,.002,1,,.297,.158,,4,0,millean02
296,Darius Miller,SF,22,NOH,52,694,.407,17.3,,.481,.111,.167,.074,.130,.519,,.423,.667,.278,.250,.500,.393,,.682,.955,,.009,1,,.411,.304,,0,0,milleda01
297,Mike Miller,SF,32,MIA,59,900,.433,21.2,,.242,.100,.035,.026,.082,.758,,.482,.696,.250,.500,.316,.417,,.519,.959,,.009,2,,.314,.364,,0,0,millemi01
298,Quincy Miller,PF,20,DEN,7,26,.333,8.8,,.917,.500,.167,.000,.250,.083,,.364,.500,.500,,.000,.000,,.250,,,.083,1,,.000,,,0,0,millequ01
299,Patty Mills,PG,24,SAS,58,656,.469,17.8,,.461,.195,.046,.062,.158,.539,,.550,.660,.364,.600,.447,.400,,.623,.942,,.000,0,,.423,.455,,0,0,millspa02
300,Paul Millsap,PF,27,UTA,78,2375,.490,8.9,,.955,.353,.253,.147,.202,.045,,.498,.683,.380,.357,.424,.333,,.608,.923,,.054,41,,.256,.600,,1,0,millspa01
301,Nazr Mohammed,C,35,CHI,63,693,.367,7.7,,.989,.439,.206,.222,.122,.011,,.371,.506,.216,.250,.364,.000,,.697,,,.067,11,,.000,,,0,0,mohamna01
302,Greg Monroe,C,22,DET,81,2687,.486,5.2,,.996,.560,.256,.043,.137,.004,,.488,.614,.332,.311,.317,.000,,.521,,,.044,43,,.250,.000,,1,0,monrogr01
303,E'Twaun Moore,SG,23,ORL,75,1682,.396,16.0,,.671,.137,.164,.115,.254,.329,,.424,.573,.541,.304,.322,.340,,.376,.910,,.008,5,,.279,.382,,0,0,mooreet01
304,Darius Morris,PG,22,LAL,48,683,.388,12.8,,.649,.388,.122,.021,.117,.351,,.402,.507,.217,.000,.318,.364,,.429,1.000,,.011,2,,.424,.357,,1,0,morrida01
305,Marcus Morris,PF-SF,23,TOT,77,1524,.422,15.3,,.557,.251,.120,.059,.127,.443,,.464,.689,.286,.323,.254,.369,,.581,.942,,.065,31,,.472,.336,,4,0,morrima03
305,Marcus Morris,PF,23,HOU,54,1154,.428,15.9,,.515,.233,.115,.055,.113,.485,,.471,.656,.348,.318,.289,.381,,.557,.973,,.053,19,,.495,.313,,3,0,morrima03
305,Marcus Morris,SF,23,PHO,23,370,.405,13.5,,.690,.310,.135,.071,.175,.310,,.448,.769,.118,.333,.182,.308,,.641,.750,,.103,12,,.359,.500,,1,0,morrima03
306,Markieff Morris,PF,23,PHO,82,1837,.407,12.9,,.795,.279,.135,.133,.248,.205,,.426,.588,.250,.287,.414,.336,,.647,.978,,.072,39,,.254,.294,,2,0,morrima02
307,Anthony Morrow,SG,27,TOT,41,383,.441,16.0,,.703,.110,.138,.145,.310,.297,,.471,.688,.300,.571,.422,.372,,.542,1.000,,.000,0,,.326,.500,,0,0,morroan01
307,Anthony Morrow,SG,27,ATL,24,301,.423,16.6,,.658,.099,.126,.144,.288,.342,,.438,.727,.214,.563,.375,.395,,.625,1.000,,.000,0,,.316,.500,,0,0,morroan01
307,Anthony Morrow,SG,27,DAL,17,82,.500,14.1,,.853,.147,.176,.147,.382,.147,,.552,.600,.500,.600,.538,.200,,.375,1.000,,.000,0,,.400,.500,,0,0,morroan01
308,Donatas Motiejūnas,PF,22,HOU,44,538,.455,12.6,,.610,.258,.286,.033,.033,.390,,.562,.727,.492,.143,.286,.289,,.781,1.000,,.028,6,,.566,.319,,0,0,motiedo01
309,Arnett Moultrie,PF,22,PHI,47,542,.582,6.6,,1.000,.560,.142,.112,.187,.000,,.582,.693,.421,.267,.560,,,.667,,,.157,20,,,,,0,0,moultar01
310,Timofey Mozgov,C,26,DEN,41,366,.506,6.6,,.977,.552,.172,.115,.138,.023,,.518,.646,.333,.400,.333,.000,,.659,,,.218,14,,.500,.000,,0,0,mozgoti01
311,Byron Mullens,PF,23,CHA,53,1428,.385,15.9,,.631,.181,.107,.146,.197,.369,,.425,.618,.400,.354,.315,.317,,.623,.955,,.057,28,,.183,.474,,0,0,mulleby01
312,Kevin Murphy,SG,22,UTA,17,52,.250,16.5,,.821,.107,.107,.214,.393,.179,,.261,1.000,.667,.167,.000,.200,,.833,1.000,,.036,1,,.000,,,0,0,murphke01
313,Troy Murphy,PF,32,DAL,14,256,.361,19.4,,.426,.131,.033,.066,.197,.574,,.423,.625,.500,.250,.333,.314,,.727,1.000,,.000,0,,.286,.300,,0,0,murphtr01
314,Steve Nash*,PG,38,LAL,50,1627,.497,15.1,,.726,.145,.160,.204,.217,.274,,.519,.681,.434,.474,.515,.438,,.201,.860,,.000,0,,.077,.400,,1,0,nashst01
315,Gary Neal,SG,28,SAS,68,1484,.412,18.5,,.580,.052,.129,.126,.273,.420,,.454,.484,.455,.533,.411,.355,,.548,.798,,.002,1,,.167,.405,,0,0,nealga01
316,Jameer Nelson,PG,30,ORL,56,1977,.392,16.5,,.545,.217,.108,.073,.147,.455,,.435,.574,.429,.263,.322,.341,,.168,.579,,.000,0,,.085,.433,,1,0,nelsoja01
317,Andrew Nicholson,PF,23,ORL,75,1249,.527,10.2,,1.000,.239,.311,.119,.331,.000,,.527,.698,.497,.466,.453,,,.664,,,.051,24,,,,,0,0,nichoan01
318,Joakim Noah,C,27,CHI,66,2426,.481,6.3,,.992,.567,.189,.057,.179,.008,,.485,.585,.303,.444,.372,.000,,.640,,,.119,65,,.000,,,0,0,noahjo01
319,Steve Novak,SF,29,NYK,81,1641,.414,23.7,,.184,.007,.009,.005,.163,.816,,.367,.667,.500,.000,.357,.425,,.724,.980,,.000,0,,.350,.455,,0,0,novakst01
320,Dirk Nowitzki*,PF,34,DAL,53,1661,.471,16.3,,.784,.077,.069,.312,.327,.216,,.487,.625,.380,.463,.500,.414,,.586,.985,,.007,5,,.032,.400,,0,0,nowitdi01
321,Jermaine O'Neal,C,34,PHO,55,1029,.482,7.5,,1.000,.323,.364,.213,.100,.000,,.482,.675,.430,.342,.351,,,.520,,,.078,27,,,,,0,0,onealje01
322,Kyle O'Quinn,C,22,ORL,57,638,.513,8.2,,.995,.442,.188,.132,.234,.005,,.515,.609,.378,.500,.457,.000,,.703,,,.122,19,,.000,,,0,0,oquinky01
323,Lamar Odom,PF,33,LAC,82,1616,.399,11.6,,.754,.361,.205,.030,.158,.246,,.464,.583,.307,.273,.431,.200,,.648,.944,,.033,10,,.211,.158,,1,0,odomla01
324,Tim Ohlbrecht,C,24,HOU,3,12,.333,5.7,,1.000,.333,.667,.000,.000,.000,,.333,1.000,.000,,,,,1.000,,,.000,0,,,,,0,0,ohlbrti01
325,Emeka Okafor,C,30,WAS,79,2052,.477,8.0,,1.000,.282,.354,.247,.116,.000,,.477,.691,.428,.371,.338,,,.680,,,.082,54,,,,,0,0,okafoem01
326,Daniel Orton,C,22,OKC,13,104,.462,3.8,,1.000,.615,.269,.077,.038,.000,,.462,.688,.143,.000,.000,,,.583,,,.192,4,,,,,0,0,ortonda01
327,Travis Outlaw,SF,28,SAC,38,444,.418,16.3,,.718,.175,.085,.102,.356,.282,,.472,.742,.400,.444,.365,.280,,.550,.857,,.079,14,,.340,.294,,1,0,outlatr01
328,Zaza Pachulia,C,28,ATL,52,1134,.473,6.2,,.988,.556,.178,.137,.116,.012,,.479,.560,.279,.485,.393,.000,,.675,,,.029,7,,.000,,,2,0,pachuza01
329,Jannero Pargo,PG,33,TOT,32,507,.368,21.1,,.453,.071,.028,.071,.283,.547,,.406,.467,.000,.333,.450,.336,,.282,.821,,.000,0,,.216,.400,,1,0,pargoja01
329,Jannero Pargo,PG,33,WAS,7,102,.250,23.4,,.375,.000,.000,.031,.344,.625,,.417,,,.000,.455,.150,,.400,.667,,.000,0,,.250,.200,,0,0,pargoja01
329,Jannero Pargo,PG,33,ATL,7,113,.342,21.9,,.474,.026,.026,.026,.395,.526,,.333,.000,.000,.000,.400,.350,,.333,1.000,,.000,0,,.250,.600,,0,0,pargoja01
329,Jannero Pargo,PG,33,CHA,18,292,.401,20.3,,.465,.099,.035,.092,.239,.535,,.424,.500,.000,.385,.471,.382,,.250,.793,,.000,0,,.197,.400,,1,0,pargoja01
330,Jeremy Pargo,PG-SG,26,TOT,39,655,.396,13.0,,.704,.340,.108,.096,.160,.296,,.420,.400,.481,.333,.475,.338,,.270,.800,,.012,3,,.203,.400,,0,0,pargoje01
330,Jeremy Pargo,PG,26,CLE,25,447,.401,13.3,,.695,.321,.118,.091,.166,.305,,.438,.417,.545,.294,.484,.316,,.211,.778,,.011,2,,.211,.417,,0,0,pargoje01
330,Jeremy Pargo,SG,26,PHI,14,208,.381,12.0,,.730,.397,.079,.111,.143,.270,,.370,.360,.200,.429,.444,.412,,.471,.857,,.016,1,,.176,.333,,0,0,pargoje01
331,Tony Parker*,PG,30,SAS,66,2174,.522,9.8,,.932,.317,.247,.138,.230,.068,,.534,.670,.476,.453,.459,.353,,.246,.917,,.000,0,,.706,.417,,0,0,parketo01
332,Chandler Parsons,SF,24,HOU,76,2758,.486,13.7,,.579,.350,.112,.027,.091,.421,,.559,.690,.352,.360,.365,.385,,.641,.928,,.054,47,,.311,.496,,0,0,parsoch01
333,Patrick Patterson,PF,23,TOT,71,1775,.512,12.8,,.788,.212,.205,.143,.228,.212,,.546,.742,.461,.472,.486,.386,,.739,1.000,,.074,43,,.765,.426,,0,0,pattepa01
333,Patrick Patterson,PF,23,HOU,47,1219,.519,12.5,,.789,.235,.193,.145,.215,.211,,.560,.757,.466,.485,.480,.365,,.751,1.000,,.081,35,,.781,.427,,0,0,pattepa01
333,Patrick Patterson,PF,23,SAC,24,556,.494,13.7,,.786,.149,.238,.137,.262,.214,,.508,.680,.450,.435,.500,.444,,.701,1.000,,.054,8,,.722,.423,,0,0,pattepa01
334,Chris Paul,PG,27,LAC,70,2335,.481,15.3,,.729,.143,.157,.173,.257,.271,,.538,.689,.545,.500,.477,.328,,.173,.447,,.008,7,,.116,.222,,2,0,paulch01
335,Sasha Pavlović,SG,29,POR,39,528,.353,17.7,,.496,.134,.109,.067,.185,.504,,.407,.688,.308,.500,.227,.300,,.625,.944,,.008,1,,.450,.407,,0,0,pavloal01
336,Nikola Peković,C,27,MIN,62,1959,.520,3.6,,1.000,.574,.381,.045,.001,.000,,.520,.654,.344,.303,.000,,,.649,,,.049,33,,,,,0,0,pekovni01
337,Kendrick Perkins,C,28,OKC,78,1954,.457,6.9,,.997,.419,.297,.150,.131,.003,,.458,.580,.355,.340,.439,.000,,.706,,,.118,25,,.000,,,1,0,perkike01
338,Johan Petro,C,27,ATL,31,352,.436,8.9,,.964,.373,.245,.155,.191,.036,,.443,.634,.481,.235,.190,.250,,.851,1.000,,.055,5,,.000,,,0,0,petrojo01
339,Paul Pierce*,SF,35,BOS,77,2575,.436,15.1,,.650,.232,.083,.160,.175,.350,,.466,.593,.297,.463,.382,.380,,.417,.924,,.018,18,,.092,.314,,0,0,piercpa01
340,Mickaël Piétrus,SF,30,TOR,19,386,.347,19.0,,.347,.163,.071,.041,.071,.653,,.412,.500,.714,.250,.000,.313,,.857,.850,,.031,2,,.328,.381,,0,0,pietrmi01
341,Dexter Pittman,C,24,TOT,11,32,.364,4.1,,1.000,.455,.545,.000,.000,.000,,.364,.400,.333,,,,,.000,,,.000,0,,,,,0,0,pittmde01
341,Dexter Pittman,C,24,MIA,4,12,.600,6.5,,1.000,.200,.800,.000,.000,.000,,.600,1.000,.500,,,,,.000,,,.000,0,,,,,0,0,pittmde01
341,Dexter Pittman,C,24,MEM,7,20,.167,2.0,,1.000,.667,.333,.000,.000,.000,,.167,.250,.000,,,,,.000,,,.000,0,,,,,0,0,pittmde01
342,Miles Plumlee,C,24,IND,14,55,.238,7.4,,1.000,.333,.429,.190,.048,.000,,.238,.429,.222,.000,.000,,,.400,,,.143,2,,,,,0,0,plumlmi01
343,Quincy Pondexter,SF,24,MEM,59,1243,.428,15.4,,.492,.274,.100,.057,.060,.508,,.463,.561,.433,.176,.333,.395,,.485,.983,,.070,18,,.586,.449,,2,0,pondequ01
344,A.J. Price,PG,26,WAS,57,1278,.390,18.4,,.516,.092,.116,.114,.194,.484,,.427,.553,.417,.447,.363,.350,,.308,.771,,.000,0,,.230,.391,,0,0,priceaj01
345,Ronnie Price,PG,29,POR,39,510,.325,15.0,,.675,.275,.067,.092,.242,.325,,.358,.424,.375,.182,.345,.256,,.379,.800,,.017,2,,.205,.125,,0,0,pricero01
346,Pablo Prigioni,PG,35,NYK,78,1263,.455,18.1,,.391,.200,.077,.064,.050,.609,,.547,.705,.412,.214,.545,.396,,.340,.358,,.000,0,,.142,.421,,1,0,prigipa01
347,Tayshaun Prince,SF,32,TOT,82,2631,.438,12.4,,.885,.210,.213,.146,.316,.115,,.442,.622,.417,.342,.386,.404,,.555,1.000,,.046,33,,.521,.469,,0,0,princta01
347,Tayshaun Prince,SF,32,DET,45,1457,.444,11.9,,.890,.236,.200,.147,.308,.110,,.445,.561,.423,.366,.409,.434,,.547,1.000,,.045,20,,.472,.520,,0,0,princta01
347,Tayshaun Prince,SF,32,MEM,37,1174,.429,13.2,,.878,.173,.232,.146,.327,.122,,.437,.741,.410,.306,.355,.366,,.566,1.000,,.048,13,,.585,.417,,0,0,princta01
348,Joel Przybilla,C,33,MIL,12,68,.250,0.8,,1.000,1.000,.000,.000,.000,.000,,.250,.250,,,,,,.000,,,.000,0,,,,,0,0,przybjo01
349,Chris Quinn,SG,29,CLE,7,78,.250,17.1,,.688,.125,.063,.250,.250,.313,,.364,.500,1.000,.250,.250,.000,,.500,,,.000,0,,.200,.000,,0,0,quinnch01
350,Vladimir Radmanović,PF,32,CHI,25,144,.302,17.4,,.372,.233,.070,.023,.047,.628,,.500,.600,.333,.000,.500,.185,,.625,1.000,,.023,1,,.481,.231,,0,0,radmavl01
351,Anthony Randolph,PF,23,DEN,39,329,.491,5.7,,.930,.570,.228,.088,.044,.070,,.528,.662,.346,.300,.200,.000,,.661,,,.228,24,,.750,.000,,0,0,randoan01
352,Shavlik Randolph,PF,29,BOS,16,198,.583,3.0,,1.000,.750,.188,.000,.063,.000,,.583,.667,.333,,.333,,,.464,,,.188,9,,,,,0,0,randosh01
353,Zach Randolph,PF,31,MEM,76,2607,.460,7.6,,.978,.400,.292,.124,.161,.022,,.469,.580,.425,.346,.364,.087,,.490,1.000,,.017,15,,.174,.000,,3,0,randoza01
354,JJ Redick,SG,28,TOT,78,2379,.434,18.9,,.488,.145,.056,.055,.232,.513,,.506,.648,.408,.375,.471,.366,,.710,.879,,.000,0,,.137,.387,,0,0,redicjj01
354,JJ Redick,SG,28,ORL,50,1575,.450,19.1,,.485,.148,.043,.055,.239,.515,,.514,.686,.440,.406,.446,.390,,.717,.863,,.000,0,,.107,.375,,0,0,redicjj01
354,JJ Redick,SG,28,MIL,28,804,.403,18.4,,.493,.141,.081,.054,.218,.507,,.490,.571,.375,.313,.523,.318,,.694,.917,,.000,0,,.199,.400,,0,0,redicjj01
355,Jason Richardson,SG,32,PHI,33,936,.402,17.7,,.503,.134,.101,.095,.173,.497,,.462,.622,.441,.406,.379,.341,,.654,.912,,.009,3,,.269,.444,,1,0,richaja01
356,Quentin Richardson,SF,32,NYK,1,29,.091,10.6,,.636,.545,.091,.000,.000,.364,,.000,.000,.000,,,.250,,,1.000,,.000,0,,.000,,,0,0,richaqu01
357,Luke Ridnour,SG,31,MIN,82,2474,.453,16.1,,.739,.137,.101,.131,.370,.261,,.503,.577,.390,.557,.487,.311,,.468,.773,,.000,0,,.491,.365,,1,0,ridnolu01
358,Austin Rivers,SG,20,NOH,61,1418,.372,11.0,,.779,.310,.285,.092,.092,.221,,.385,.488,.306,.389,.278,.326,,.171,.964,,.000,0,,.279,.375,,1,0,riverau01
359,Brian Roberts,PG,27,NOH,78,1324,.417,16.3,,.701,.139,.166,.102,.294,.299,,.430,.465,.471,.442,.387,.386,,.299,.508,,.000,0,,.118,.333,,3,0,roberbr01
360,Nate Robinson,PG,28,CHI,82,2086,.433,16.0,,.622,.188,.122,.098,.215,.378,,.450,.601,.393,.389,.379,.405,,.279,.716,,.003,2,,.124,.419,,1,0,robinna01
361,Thomas Robinson,PF,21,TOT,70,1056,.430,5.5,,.997,.558,.240,.090,.109,.003,,.431,.536,.273,.276,.371,.000,,.514,,,.156,39,,1.000,.000,,0,0,robinth01
361,Thomas Robinson,PF,21,SAC,51,809,.424,5.8,,1.000,.543,.230,.107,.119,.000,,.424,.515,.304,.231,.414,,,.505,,,.140,26,,,,,0,0,robinth01
361,Thomas Robinson,PF,21,HOU,19,247,.449,4.6,,.987,.603,.269,.038,.077,.013,,.455,.596,.190,.667,.167,.000,,.543,,,.205,13,,1.000,.000,,0,0,robinth01
362,Rajon Rondo,PG,26,BOS,38,1423,.484,10.7,,.892,.363,.176,.069,.284,.108,,.513,.598,.427,.313,.508,.240,,.230,.417,,.006,3,,.100,.200,,0,0,rondora01
363,Terrence Ross,SG,21,TOR,73,1239,.407,17.5,,.571,.166,.088,.072,.245,.429,,.464,.697,.575,.364,.295,.332,,.570,.938,,.094,38,,.291,.263,,2,0,rosste01
364,Brandon Roy,SG,28,MIN,5,122,.314,15.0,,.743,.171,.143,.086,.343,.257,,.423,.833,.200,.333,.333,.000,,.545,,,.000,0,,.333,.000,,0,0,roybr01
365,Ricky Rubio,PG,22,MIN,57,1691,.360,12.9,,.821,.317,.089,.091,.323,.179,,.374,.448,.239,.319,.355,.293,,.196,.852,,.000,0,,.130,.500,,0,0,rubiori01
366,Brandon Rush,SF,27,GSW,2,25,.667,11.2,,.778,.444,.111,.111,.111,.222,,.857,1.000,.000,1.000,1.000,.000,,.167,,,.111,1,,.000,,,0,0,rushbr01
367,Robert Sacre,C,23,LAL,32,203,.375,7.5,,1.000,.313,.396,.188,.104,.000,,.375,.533,.316,.333,.200,,,.778,,,.167,7,,,,,0,0,sacrero01
368,John Salmons,SF,33,SAC,76,2278,.399,16.7,,.564,.137,.121,.124,.181,.436,,.420,.595,.419,.329,.351,.371,,.497,.899,,.011,7,,.412,.373,,0,0,salmojo01
369,Samardo Samuels,C,24,CLE,18,196,.367,11.8,,.983,.300,.117,.050,.517,.017,,.373,.667,.286,.333,.226,.000,,.636,,,.083,5,,.000,,,0,0,samuesa01
370,Larry Sanders,C,24,MIL,71,1937,.506,5.0,,.997,.617,.175,.106,.099,.003,,.507,.633,.292,.344,.283,.000,,.676,,,.205,114,,.000,,,0,0,sandela01
371,Luis Scola,PF,32,PHO,82,2184,.472,10.8,,.983,.262,.234,.122,.364,.017,,.477,.608,.393,.420,.456,.188,,.683,.667,,.005,5,,.438,.143,,1,0,scolalu01
372,Mike Scott,PF,24,ATL,40,376,.476,7.1,,.993,.524,.177,.102,.190,.007,,.479,.610,.308,.200,.429,.000,,.757,,,.088,7,,.000,,,0,0,scottmi01
373,Thabo Sefolosha,SG,28,OKC,81,2229,.481,16.1,,.446,.283,.043,.032,.088,.554,,.558,.742,.100,.400,.244,.419,,.612,.981,,.034,15,,.512,.462,,0,0,sefolth01
374,Josh Selby,PG,21,MEM,10,59,.273,16.6,,.727,.136,.182,.000,.409,.273,,.313,.000,.250,,.444,.167,,.200,1.000,,.000,0,,.333,.000,,0,0,selbyjo01
375,Kevin Séraphin,C,23,WAS,79,1721,.461,9.1,,1.000,.173,.398,.281,.148,.000,,.461,.653,.446,.378,.434,,,.664,,,.049,33,,,,,0,0,serapke01
376,Ramon Sessions,SG,26,CHA,61,1652,.408,9.2,,.842,.429,.210,.081,.121,.158,,.427,.514,.338,.345,.329,.308,,.461,.788,,.018,12,,.206,.273,,1,0,sessira01
377,Tornike Shengelia,SF,21,BRK,19,93,.435,5.4,,.913,.522,.348,.043,.000,.087,,.429,.500,.375,.000,,.500,,.111,1.000,,.087,2,,.000,,,0,0,shengto01
378,Iman Shumpert,SG,22,NYK,45,996,.396,15.7,,.538,.291,.062,.040,.145,.462,,.392,.438,.235,.273,.400,.402,,.362,.961,,.018,2,,.417,.434,,2,0,shumpim01
379,Alexey Shved,SG,24,MIN,77,1840,.372,16.6,,.546,.217,.098,.068,.164,.454,,.435,.609,.371,.349,.279,.295,,.331,.706,,.024,15,,.087,.480,,1,0,shvedal01
380,Henry Sims,C,22,NOH,2,5,.667,1.4,,1.000,1.000,.000,.000,.000,.000,,.667,.667,,,,,,.000,,,.000,0,,,,,0,0,simshe01
381,Kyle Singler,SF,24,DET,82,2293,.428,12.9,,.688,.321,.134,.084,.150,.312,,.464,.626,.221,.352,.396,.350,,.693,.986,,.019,11,,.460,.359,,3,0,singlky01
382,Chris Singleton,PF,23,WAS,57,924,.382,13.4,,.851,.241,.133,.120,.357,.149,,.415,.586,.281,.448,.337,.194,,.565,1.000,,.046,9,,.306,.273,,0,0,singlch01
383,Donald Sloan,SG-PG,25,TOT,23,263,.346,12.6,,.756,.244,.231,.115,.167,.244,,.339,.368,.333,.444,.231,.368,,.200,1.000,,.013,0,,.316,.500,,0,0,sloando01
383,Donald Sloan,SG,25,CLE,20,257,.346,12.6,,.756,.244,.231,.115,.167,.244,,.339,.368,.333,.444,.231,.368,,.200,1.000,,.013,0,,.316,.500,,0,0,sloando01
383,Donald Sloan,PG,25,NOH,3,6,,,,,,,,,,,,,,,,,,,,,,0,,,,,0,0,sloando01
384,Greg Smith,C,22,HOU,70,1110,.620,2.8,,.996,.723,.266,.000,.007,.004,,.623,.717,.370,,.500,.000,,.753,,,.277,69,,.000,,,1,0,smithgr02
385,Ish Smith,PG,24,TOT,52,516,.352,11.7,,.830,.296,.195,.132,.208,.170,,.364,.447,.419,.238,.273,.296,,.271,1.000,,.013,2,,.111,.333,,0,0,smithis01
385,Ish Smith,PG,24,ORL,36,378,.336,11.7,,.853,.302,.181,.147,.224,.147,,.354,.429,.381,.294,.269,.235,,.257,1.000,,.009,1,,.059,1.000,,0,0,smithis01
385,Ish Smith,PG,24,MIL,16,138,.395,11.7,,.767,.279,.233,.093,.163,.233,,.394,.500,.500,.000,.286,.400,,.308,1.000,,.023,1,,.200,.000,,0,0,smithis01
386,J.R. Smith,SG,27,NYK,80,2678,.422,16.4,,.651,.169,.122,.096,.264,.349,,.458,.640,.342,.375,.424,.356,,.172,.813,,.024,26,,.156,.353,,8,0,smithjr01
387,Jason Smith,C,26,NOH,51,876,.490,12.3,,.988,.243,.100,.173,.472,.012,,.496,.602,.353,.424,.497,.000,,.850,,,.067,20,,.250,.000,,1,0,smithja02
388,Josh Smith,PF,27,ATL,76,2683,.465,11.3,,.830,.318,.224,.050,.238,.170,,.498,.771,.366,.186,.324,.303,,.599,.967,,.107,123,,.169,.235,,2,0,smithjo03
389,Nolan Smith,PG,24,POR,40,288,.368,13.6,,.754,.211,.193,.123,.228,.246,,.419,.625,.409,.286,.308,.214,,.194,1.000,,.018,1,,.357,.400,,0,0,smithno01
390,Marreese Speights,C,25,TOT,79,1300,.445,10.1,,.983,.320,.209,.139,.315,.017,,.448,.545,.279,.395,.484,.300,,.732,1.000,,.062,29,,.400,.500,,2,0,speigma01
390,Marreese Speights,C,25,MEM,40,579,.429,9.8,,.980,.332,.227,.146,.275,.020,,.430,.488,.304,.444,.456,.400,,.721,1.000,,.057,11,,.600,.667,,1,0,speigma01
390,Marreese Speights,C,25,CLE,39,721,.457,10.3,,.985,.312,.196,.134,.344,.015,,.461,.590,.258,.356,.500,.200,,.739,1.000,,.065,18,,.200,.000,,1,0,speigma01
391,Tiago Splitter,PF,28,SAS,81,1997,.560,3.1,,.996,.689,.286,.012,.009,.004,,.561,.683,.286,.571,.000,.000,,.752,,,.103,56,,.000,,,1,0,splitti01
392,Jerry Stackhouse,SF,38,BRK,37,544,.384,18.9,,.483,.058,.064,.180,.180,.517,,.434,.600,.364,.516,.323,.337,,.500,.967,,.012,2,,.663,.390,,0,0,stackje01
393,Lance Stephenson,SG,22,IND,78,2278,.460,12.9,,.686,.378,.094,.054,.161,.314,,.520,.695,.321,.375,.271,.330,,.493,.919,,.038,20,,.314,.373,,3,0,stephla01
394,DeShawn Stevenson,SG,31,ATL,56,1158,.374,22.4,,.202,.057,.019,.023,.103,.798,,.415,.600,.400,.333,.333,.364,,.545,.987,,.008,2,,.397,.434,,1,0,stevede01
395,Greg Stiemsma,C,27,MIN,76,1209,.457,10.2,,1.000,.356,.129,.119,.396,.000,,.457,.586,.278,.485,.391,,,.913,,,.090,22,,,,,0,0,stiemgr01
396,Julyan Stone,PG,24,DEN,4,28,1.000,2.0,,1.000,1.000,.000,.000,.000,.000,,1.000,1.000,,,,,,.500,,,.000,0,,,,,0,0,stoneju01
397,Amar'e Stoudemire,PF,30,NYK,29,682,.577,4.7,,1.000,.592,.240,.071,.097,.000,,.577,.677,.484,.263,.423,,,.597,,,.184,47,,,,,0,0,stoudam01
398,Rodney Stuckey,SG,26,DET,76,2171,.406,11.5,,.757,.328,.222,.090,.118,.243,,.440,.551,.349,.328,.386,.302,,.365,.836,,.008,5,,.269,.327,,6,0,stuckro01
399,Jared Sullinger,PF,20,BOS,45,892,.493,7.7,,.978,.453,.236,.067,.222,.022,,.500,.667,.302,.533,.360,.200,,.555,1.000,,.040,9,,.400,.000,,1,0,sullija01
400,DaJuan Summers,PF,25,LAC,2,7,.250,16.9,,1.000,.000,.250,.000,.750,.000,,.250,,.000,,.333,,,1.000,,,.000,0,,,,,0,0,summeda01
401,Jeff Taylor,SF,23,CHA,77,1507,.431,13.7,,.614,.356,.055,.068,.135,.386,,.486,.627,.136,.259,.370,.344,,.681,.981,,.098,35,,.403,.419,,0,0,tayloje03
402,Tyshawn Taylor,PG,22,BRK,38,221,.368,9.3,,.851,.333,.356,.046,.115,.149,,.351,.379,.226,.500,.600,.462,,.192,.333,,.023,2,,.077,1.000,,0,0,tayloty01
403,Jeff Teague,PG,24,ATL,80,2628,.451,11.4,,.745,.337,.213,.077,.119,.255,,.482,.595,.386,.427,.371,.359,,.203,.719,,.022,19,,.097,.375,,0,0,teaguje01
404,Marquis Teague,PG,19,CHI,48,392,.381,11.2,,.796,.389,.168,.018,.221,.204,,.433,.455,.526,.500,.320,.174,,.282,1.000,,.000,0,,.087,.500,,0,0,teaguma01
405,Mirza Teletović,PF,27,BRK,53,499,.384,19.2,,.416,.135,.103,.043,.135,.584,,.442,.440,.316,.375,.560,.343,,.735,.973,,.016,2,,.111,.500,,2,0,teletmi01
406,Sebastian Telfair,PG,27,TOT,59,980,.362,18.0,,.515,.165,.068,.045,.236,.485,,.371,.490,.143,.286,.370,.353,,.153,.566,,.000,0,,.200,.467,,2,0,telfase01
406,Sebastian Telfair,PG,27,PHO,46,795,.381,17.3,,.543,.186,.069,.045,.243,.457,,.381,.522,.118,.182,.383,.381,,.176,.558,,.000,0,,.248,.464,,1,0,telfase01
406,Sebastian Telfair,PG,27,TOR,13,185,.290,20.7,,.403,.081,.065,.048,.210,.597,,.320,.200,.250,.667,.308,.270,,.000,.600,,.000,0,,.054,.500,,1,0,telfase01
407,Garrett Temple,SG,26,WAS,51,1156,.407,15.5,,.690,.217,.066,.109,.298,.310,,.444,.482,.471,.357,.442,.325,,.646,.923,,.004,1,,.438,.400,,0,0,templga01
408,Jason Terry,SG,35,BOS,79,2124,.434,18.7,,.489,.116,.060,.119,.194,.511,,.498,.560,.487,.455,.492,.372,,.684,.878,,.005,2,,.275,.418,,4,0,terryja01
409,Hasheem Thabeet,C,25,OKC,66,770,.604,2.9,,1.000,.802,.113,.066,.019,.000,,.604,.682,.333,.143,.500,,,.656,,,.292,28,,,,,0,0,thabeha01
410,Isaiah Thomas,PG,23,SAC,79,2122,.440,14.1,,.614,.238,.204,.077,.095,.386,,.491,.682,.371,.422,.329,.358,,.347,.704,,.000,0,,.231,.351,,2,0,thomais02
411,Kurt Thomas,PF,40,NYK,39,392,.542,14.3,,.988,.145,.048,.265,.530,.012,,.537,.750,.500,.455,.523,1.000,,.886,1.000,,.000,0,,.000,,,0,0,thomaku01
412,Lance Thomas,SF,24,NOH,59,646,.500,6.9,,1.000,.500,.208,.104,.189,.000,,.500,.660,.182,.364,.500,,,.698,,,.038,2,,,,,0,0,thomala01
413,Malcolm Thomas,PF,24,TOT,12,57,.500,2.9,,1.000,.700,.300,.000,.000,.000,,.500,.571,.333,,,,,.600,,,.300,2,,,,,0,0,thomama01
413,Malcolm Thomas,PF,24,GSW,5,21,.000,8.6,,1.000,.000,1.000,.000,.000,.000,,.000,,.000,,,,,,,,.000,0,,,,,0,0,thomama01
413,Malcolm Thomas,PF,24,CHI,7,36,.556,2.3,,1.000,.778,.222,.000,.000,.000,,.556,.571,.500,,,,,.600,,,.333,2,,,,,0,0,thomama01
414,Tyrus Thomas,PF,26,CHA,26,360,.353,14.2,,.941,.154,.096,.169,.522,.059,,.352,.381,.077,.435,.366,.375,,.756,1.000,,.044,2,,.500,.250,,0,0,thomaty01
415,Jason Thompson,PF,26,SAC,82,2285,.502,8.2,,.996,.333,.332,.142,.189,.004,,.504,.641,.437,.462,.411,.000,,.679,,,.089,59,,.000,,,1,0,thompja02
416,Klay Thompson,SG,22,GSW,82,2936,.422,17.8,,.563,.145,.063,.107,.248,.437,,.437,.617,.250,.349,.418,.401,,.751,.948,,.013,15,,.291,.458,,3,0,thompkl01
417,Tristan Thompson,PF,21,CLE,82,2564,.488,4.8,,.996,.461,.416,.106,.014,.004,,.490,.609,.392,.388,.273,.000,,.495,,,.164,111,,.000,,,2,0,thomptr01
418,Marcus Thornton,SG,25,SAC,72,1726,.429,16.9,,.510,.186,.115,.058,.151,.490,,.484,.701,.416,.333,.325,.372,,.576,.887,,.001,1,,.201,.408,,1,0,thornma01
419,Jamaal Tinsley,PG,34,UTA,66,1221,.368,18.1,,.457,.107,.175,.081,.094,.543,,.439,.520,.488,.316,.364,.307,,.298,.846,,.000,0,,.079,.300,,2,0,tinslja01
420,Anthony Tolliver,SF,27,ATL,62,963,.380,19.2,,.384,.139,.042,.046,.157,.616,,.446,.533,.333,.300,.441,.338,,.865,1.000,,.023,4,,.511,.397,,0,0,tollian01
421,P.J. Tucker,SG,27,PHO,79,1910,.473,9.3,,.842,.466,.162,.054,.160,.158,,.503,.623,.347,.417,.338,.314,,.590,.955,,.034,14,,.686,.313,,1,0,tuckepj01
422,Ronny Turiaf,C,30,LAC,65,701,.505,3.0,,1.000,.691,.278,.010,.021,.000,,.505,.612,.296,.000,.000,,,.776,,,.237,22,,,,,0,0,turiaro01
423,Hedo Türkoğlu,SF,33,ORL,11,189,.264,15.4,,.547,.245,.132,.057,.113,.453,,.448,.692,.429,.000,.167,.042,,.385,.000,,.000,0,,.167,.000,,0,0,turkohe01
424,Evan Turner,SF,24,PHI,82,2892,.419,13.1,,.849,.186,.145,.262,.255,.151,,.428,.546,.346,.428,.390,.365,,.371,.931,,.013,14,,.509,.383,,1,0,turneev01
425,Jeremy Tyler,C,21,TOT,21,68,.375,8.4,,1.000,.333,.292,.083,.292,.000,,.375,.375,.429,.500,.286,,,.556,,,.125,3,,,,,0,0,tylerje01
425,Jeremy Tyler,C,21,GSW,20,63,.375,8.4,,1.000,.333,.292,.083,.292,.000,,.375,.375,.429,.500,.286,,,.556,,,.125,3,,,,,0,0,tylerje01
425,Jeremy Tyler,C,21,ATL,1,5,,,,,,,,,,,,,,,,,,,,,,0,,,,,0,0,tylerje01
426,Ekpe Udoh,C,25,MIL,76,1312,.435,6.2,,.996,.424,.346,.160,.067,.004,,.437,.579,.301,.349,.444,.000,,.615,,,.048,13,,.000,,,0,0,udohek01
427,Beno Udrih,SG-PG,30,TOT,66,1457,.441,15.2,,.786,.147,.090,.254,.294,.214,,.471,.586,.465,.455,.429,.333,,.381,.735,,.000,0,,.275,.286,,2,0,udrihbe01
427,Beno Udrih,SG,30,MIL,39,719,.475,15.4,,.794,.113,.084,.294,.303,.206,,.529,.630,.450,.529,.514,.265,,.540,.846,,.000,0,,.347,.294,,0,0,udrihbe01
427,Beno Udrih,PG,30,ORL,27,738,.408,15.0,,.777,.181,.097,.214,.286,.223,,.411,.558,.478,.353,.338,.396,,.171,.667,,.000,0,,.208,.273,,2,0,udrihbe01
428,Jonas Valančiūnas,C,20,TOR,62,1482,.557,5.9,,1.000,.451,.339,.107,.104,.000,,.557,.697,.460,.436,.395,,,.578,,,.153,52,,,,,0,0,valanjo01
429,Anderson Varejão,C,30,CLE,25,901,.478,7.3,,.983,.488,.183,.111,.201,.017,,.486,.589,.358,.406,.397,.000,,.696,,,.035,8,,.000,,,1,0,varejan01
430,Jarvis Varnado,PF,24,TOT,13,58,.429,4.2,,1.000,.571,.286,.143,.000,.000,,.429,.500,.500,.000,,,,.667,,,.143,1,,,,,0,0,varnaja01
430,Jarvis Varnado,PF,24,BOS,5,18,.500,4.4,,1.000,.750,.000,.250,.000,.000,,.500,.667,,.000,,,,.500,,,.250,1,,,,,0,0,varnaja01
430,Jarvis Varnado,PF,24,MIA,8,40,.333,4.1,,1.000,.333,.667,.000,.000,.000,,.333,.000,.500,,,,,1.000,,,.000,0,,,,,0,0,varnaja01
431,Greivis Vásquez,PG,26,NOH,78,2685,.433,11.9,,.760,.208,.369,.085,.098,.240,,.462,.569,.424,.419,.414,.342,,.166,.747,,.000,0,,.107,.615,,5,0,vasqugr01
432,Jan Veselý,PF,22,WAS,51,601,.500,5.6,,.991,.570,.202,.105,.114,.009,,.504,.662,.348,.250,.231,.000,,.860,,,.246,27,,.000,,,0,0,veselja01
433,Charlie Villanueva,PF,28,DET,69,1092,.377,17.3,,.442,.192,.136,.047,.067,.558,,.415,.596,.333,.182,.226,.347,,.506,1.000,,.030,13,,.135,.314,,1,0,villach01
434,Nikola Vučević,C,22,ORL,77,2559,.519,7.9,,.997,.425,.219,.129,.223,.003,,.520,.635,.451,.426,.424,.000,,.670,,,.082,61,,.333,.000,,0,0,vucevni01
435,Dwyane Wade*,SG,31,MIA,69,2391,.521,9.5,,.940,.373,.198,.134,.235,.060,,.537,.728,.431,.370,.420,.258,,.438,.353,,.093,95,,.136,.444,,2,0,wadedw01
436,Dion Waiters,SG,21,CLE,61,1756,.412,12.9,,.751,.337,.108,.063,.243,.249,,.446,.538,.307,.333,.409,.310,,.311,.762,,.040,29,,.177,.250,,0,0,waitedi01
437,Kemba Walker,PG,22,CHA,82,2859,.423,13.4,,.733,.302,.113,.129,.189,.267,,.459,.548,.312,.413,.438,.322,,.258,.738,,.004,5,,.075,.320,,7,0,walkeke02
438,John Wall,PG,22,WAS,49,1602,.441,11.3,,.939,.298,.143,.180,.318,.061,,.452,.594,.429,.379,.372,.267,,.250,.750,,.024,17,,.267,.500,,3,0,walljo01
439,Gerald Wallace,SF,30,BRK,69,2076,.397,12.1,,.644,.419,.120,.011,.094,.356,,.461,.536,.400,.000,.256,.282,,.632,.957,,.068,26,,.356,.328,,0,0,wallage01
440,Rasheed Wallace,C,38,NYK,21,296,.387,16.9,,.514,.197,.134,.106,.077,.486,,.452,.571,.421,.400,.273,.319,,.545,.955,,.028,3,,.072,.200,,1,0,wallara01
441,Luke Walton,PF,32,CLE,50,857,.392,16.4,,.630,.133,.166,.077,.254,.370,,.447,.625,.400,.143,.478,.299,,.824,1.000,,.006,1,,.209,.071,,0,0,waltolu01
442,Hakim Warrick,PF,30,TOT,28,489,.406,10.4,,.982,.315,.152,.212,.303,.018,,.414,.519,.320,.429,.340,.000,,.672,,,.103,15,,.333,.000,,0,0,warriha01
442,Hakim Warrick,PF,30,NOH,1,7,.500,9.8,,1.000,.000,.500,.500,.000,.000,,.500,,1.000,.000,,,,1.000,,,.000,0,,,,,0,0,warriha01
442,Hakim Warrick,PF,30,CHA,27,482,.405,10.4,,.982,.319,.147,.209,.307,.018,,.413,.519,.292,.441,.340,.000,,.667,,,.104,15,,.333,.000,,0,0,warriha01
443,C.J. Watson,PG,28,BRK,80,1521,.418,17.1,,.534,.179,.089,.065,.200,.466,,.424,.524,.244,.400,.424,.411,,.471,.886,,.000,0,,.393,.464,,0,0,watsocj01
444,Earl Watson,PG,33,UTA,48,829,.308,11.9,,.767,.292,.250,.042,.183,.233,,.348,.514,.333,.000,.182,.179,,.438,.800,,.000,0,,.179,.200,,1,0,watsoea01
445,Maalik Wayns,PG,21,TOT,27,202,.295,14.6,,.648,.295,.125,.034,.193,.352,,.333,.538,.182,.000,.176,.226,,.316,1.000,,.000,0,,.129,.500,,1,0,waynsma01
445,Maalik Wayns,PG,21,PHI,21,165,.264,15.1,,.653,.278,.111,.042,.222,.347,,.298,.550,.000,.000,.188,.200,,.357,1.000,,.000,0,,.080,.500,,1,0,waynsma01
445,Maalik Wayns,PG,21,LAC,6,37,.438,12.2,,.625,.375,.188,.000,.063,.375,,.500,.500,.667,,.000,.333,,.200,1.000,,.000,0,,.333,.500,,0,0,waynsma01
446,Martell Webster,SF,26,WAS,76,2200,.442,17.2,,.483,.222,.058,.055,.148,.517,,.463,.567,.216,.486,.394,.422,,.613,.950,,.080,44,,.432,.493,,3,0,webstma02
447,David West,PF,32,IND,73,2435,.498,9.9,,.981,.223,.327,.197,.234,.019,,.503,.631,.485,.422,.475,.211,,.635,.500,,.021,21,,.158,.333,,2,0,westda01
448,Russell Westbrook,PG,24,OKC,82,2861,.438,11.8,,.805,.337,.128,.141,.199,.195,,.466,.609,.289,.398,.387,.323,,.191,.588,,.029,43,,.090,.333,,2,0,westbru01
449,D.J. White,PF,26,BOS,12,86,.522,14.0,,1.000,.130,.043,.304,.522,.000,,.522,.667,.000,.857,.333,,,.750,,,.087,2,,,,,0,0,whitedj01
450,James White,SF,30,NYK,57,435,.431,14.5,,.647,.302,.069,.060,.216,.353,,.480,.600,.500,.429,.320,.341,,.500,.857,,.060,6,,.463,.368,,1,0,whiteja02
451,Chris Wilcox,C,30,BOS,61,830,.719,2.9,,.993,.804,.144,.026,.020,.007,,.724,.797,.455,.500,.000,.000,,.736,,,.340,48,,.000,,,1,0,wilcoch01
452,Damien Wilkins,SG,33,PHI,61,1095,.459,12.0,,.839,.263,.190,.139,.247,.161,,.483,.578,.483,.364,.449,.333,,.617,1.000,,.051,15,,.471,.417,,1,0,wilkida02
453,Deron Williams,PG,28,BRK,78,2842,.440,16.1,,.602,.170,.157,.090,.186,.398,,.482,.665,.420,.416,.397,.378,,.316,.734,,.004,2,,.163,.479,,3,0,willide01
454,Derrick Williams,PF,21,MIN,78,1916,.430,12.3,,.751,.378,.087,.074,.212,.249,,.463,.603,.191,.397,.347,.332,,.736,.969,,.102,68,,.235,.348,,1,0,willide02
455,Lou Williams,SG,26,ATL,39,1119,.422,17.0,,.558,.176,.106,.099,.176,.442,,.466,.679,.255,.477,.372,.367,,.304,.681,,.025,11,,.270,.472,,1,0,willilo02
456,Marvin Williams,SF,26,UTA,73,1727,.423,15.1,,.647,.240,.126,.040,.240,.353,,.477,.717,.271,.579,.327,.325,,.662,.981,,.051,23,,.428,.310,,0,0,willima02
457,Mo Williams,PG,30,UTA,46,1418,.430,15.6,,.711,.176,.118,.133,.283,.289,,.449,.596,.365,.423,.404,.383,,.294,.763,,.000,0,,.182,.357,,1,0,willima01
458,Reggie Williams,SF,26,CHA,40,380,.432,18.0,,.455,.205,.053,.053,.144,.545,,.583,.852,.286,.429,.368,.306,,.543,.909,,.023,3,,.208,.333,,0,0,willire02
459,Terrence Williams,SF,25,BOS,24,318,.495,11.5,,.845,.381,.093,.113,.258,.155,,.524,.622,.333,.545,.440,.333,,.372,1.000,,.072,7,,.200,.667,,0,0,willite01
460,Metta World Peace,SF,33,LAL,75,2530,.403,15.9,,.500,.256,.104,.045,.095,.500,,.464,.588,.256,.459,.359,.342,,.482,.887,,.011,8,,.369,.382,,0,0,artesro01
461,Brandan Wright,C,25,DAL,64,1149,.597,6.3,,.993,.403,.371,.161,.057,.007,,.601,.724,.560,.415,.522,.000,,.801,,,.136,48,,.000,,,2,0,wrighbr03
462,Chris Wright,SG,23,DAL,3,4,.500,10.6,,1.000,.500,.000,.000,.500,.000,,.500,1.000,,,.000,,,.000,,,.000,0,,,,,0,0,wrighch02
463,Dorell Wright,SF,27,PHI,79,1783,.396,19.0,,.397,.155,.065,.043,.134,.603,,.429,.591,.333,.231,.350,.374,,.618,.948,,.030,18,,.302,.413,,3,0,wrighdo01
464,Tony Wroten,SG,19,MEM,35,272,.384,7.7,,.814,.616,.105,.023,.070,.186,,.414,.453,.222,.500,.333,.250,,.276,.750,,.035,3,,.125,.500,,0,0,wroteto01
465,Nick Young,SG,27,PHI,59,1411,.413,17.4,,.613,.120,.068,.146,.279,.387,,.449,.646,.351,.532,.344,.357,,.604,.867,,.024,13,,.324,.250,,0,0,youngni01
466,Sam Young,SG,27,IND,56,693,.392,14.9,,.649,.250,.122,.068,.209,.351,,.438,.595,.278,.300,.387,.308,,.500,1.000,,.047,7,,.442,.304,,1,0,youngsa01
467,Thaddeus Young,PF,24,PHI,76,2629,.531,7.0,,.992,.452,.248,.102,.189,.008,,.535,.670,.454,.357,.414,.125,,.720,1.000,,.093,82,,.750,.167,,0,0,youngth01
468,Luke Zeller,C,25,PHO,16,58,.346,20.8,,.808,.000,.000,.077,.731,.192,,.381,,,.500,.368,.200,,1.000,1.000,,.000,0,,.200,.000,,0,0,zellelu01
469,Tyler Zeller,C,23,CLE,77,2033,.438,9.9,,.993,.335,.195,.118,.345,.007,,.441,.594,.385,.348,.358,.000,,.800,,,.066,31,,.000,,,0,0,zellety01