,,,,,,,,,,% of FGA by Distance,% of FGA by Distance,% of FGA by Distance,% of FGA by Distance,% of FGA by Distance,% of FGA by Distance,,FG% by Distance,FG% by Distance,FG% by Distance,FG% by Distance,FG% by Distance,FG% by Distance,,% of FG Ast'd,% of FG Ast'd,,Dunks,Dunks,,Corner 3s,Corner 3s,,Heaves,Heaves,-additional
Rk,Player,Pos,Age,Tm,G,MP,FG%,Dist.,,2P,0-3,3-10,10-16,16-3P,3P,,2P,0-3,3-10,10-16,16-3P,3P,,2P,3P,,%FGA,#,,%3PA,3P%,,Att.,#,-9999
1,Quincy Acy,SF,23,TOT,63,847,.468,8.2,,.894,.461,.220,.050,.163,.106,,.492,.600,.387,.429,.348,.267,,.694,1.000,,.191,25,,.667,.300,,0,0,acyqu01
1,Quincy Acy,SF,23,TOR,7,61,.429,14.1,,.643,.357,.071,.000,.214,.357,,.444,.600,1.000,,.000,.400,,.750,1.000,,.143,2,,.400,.500,,0,0,acyqu01
1,Quincy Acy,SF,23,SAC,56,786,.472,7.5,,.921,.472,.236,.055,.157,.079,,.496,.600,.367,.429,.400,.200,,.690,1.000,,.197,23,,.800,.250,,0,0,acyqu01
2,Steven Adams,C,20,OKC,81,1197,.503,3.2,,1.000,.659,.292,.043,.005,.000,,.503,.615,.296,.250,.000,,,.613,,,.162,26,,,,,0,0,adamsst01
3,Jeff Adrien,PF,27,TOT,53,961,.520,5.5,,1.000,.560,.222,.098,.120,.000,,.520,.617,.426,.333,.394,,,.643,,,.109,27,,,,,0,0,adrieje01
3,Jeff Adrien,PF,27,CHA,25,256,.550,3.0,,1.000,.825,.075,.100,.000,.000,,.550,.576,.667,.250,,,,.545,,,.075,3,,,,,0,0,adrieje01
3,Jeff Adrien,PF,27,MIL,28,705,.515,5.9,,1.000,.515,.247,.098,.140,.000,,.515,.628,.414,.348,.394,,,.661,,,.115,24,,,,,0,0,adrieje01
4,Arron Afflalo,SG,28,ORL,73,2552,.459,16.1,,.703,.157,.081,.161,.304,.297,,.473,.591,.366,.509,.420,.427,,.530,.883,,.002,2,,.300,.489,,2,0,afflaar01
5,Alexis Ajinça,C,25,NOP,56,951,.546,6.8,,.996,.494,.197,.181,.129,.004,,.548,.642,.388,.467,.531,.000,,.706,,,.213,46,,.000,,,0,0,ajincal01
6,Cole Aldrich,C,25,NYK,46,330,.541,3.4,,1.000,.492,.508,.000,.000,.000,,.541,.633,.452,,,,,.545,,,.131,7,,,,,0,0,aldrico01
7,LaMarcus Aldridge,PF,28,POR,69,2498,.458,12.5,,.989,.186,.162,.226,.415,.011,,.461,.675,.364,.388,.442,.200,,.599,.667,,.027,36,,.067,.000,,1,0,aldrila01
8,Lavoy Allen,PF,24,TOT,65,1072,.447,9.7,,.957,.290,.270,.140,.257,.043,,.460,.563,.531,.286,.364,.154,,.697,1.000,,.020,6,,.000,,,0,0,allenla01
8,Lavoy Allen,PF,24,PHI,51,960,.440,10.0,,.951,.282,.267,.132,.271,.049,,.455,.547,.535,.286,.361,.154,,.678,1.000,,.023,6,,.000,,,0,0,allenla01
8,Lavoy Allen,PF,24,IND,14,112,.500,7.7,,1.000,.353,.294,.206,.147,.000,,.500,.667,.500,.286,.400,,,.824,,,.000,0,,,,,0,0,allenla01
9,Ray Allen*,SG,38,MIA,73,1936,.442,18.2,,.431,.166,.063,.087,.118,.569,,.530,.622,.471,.511,.438,.375,,.516,.957,,.011,6,,.411,.425,,3,1,allenra02
10,Tony Allen,SG,32,MEM,55,1278,.494,8.1,,.886,.562,.123,.048,.153,.114,,.527,.647,.373,.300,.286,.234,,.580,1.000,,.048,20,,.596,.286,,3,0,allento01
11,Al-Farouq Aminu,SF,23,NOP,80,2045,.474,8.6,,.903,.453,.204,.040,.202,.097,,.496,.661,.317,.450,.320,.271,,.674,1.000,,.087,42,,.625,.333,,0,0,aminual01
12,Lou Amundson,PF,31,TOT,19,185,.500,4.1,,1.000,.625,.281,.063,.031,.000,,.500,.650,.333,.000,.000,,,.750,,,.313,9,,,,,0,0,amundlo01
12,Lou Amundson,PF,31,NOP,18,184,.500,4.1,,1.000,.625,.281,.063,.031,.000,,.500,.650,.333,.000,.000,,,.750,,,.313,9,,,,,0,0,amundlo01
12,Lou Amundson,PF,31,CHI,1,1,,,,,,,,,,,,,,,,,,,,,,0,,,,,0,0,amundlo01
13,Chris Andersen,C,35,MIA,72,1396,.644,4.2,,.956,.789,.080,.018,.069,.044,,.662,.747,.182,.400,.316,.250,,.707,1.000,,.291,78,,.250,.333,,1,0,anderch01
14,Alan Anderson,SF,31,BRK,78,1773,.400,17.0,,.489,.181,.087,.103,.118,.511,,.464,.659,.238,.400,.386,.339,,.436,.893,,.019,9,,.359,.281,,2,0,anderal01
15,James Anderson,SG,24,PHI,80,2309,.431,15.1,,.510,.308,.098,.049,.056,.490,,.530,.661,.343,.314,.325,.328,,.680,.904,,.057,37,,.271,.316,,2,0,anderja01
16,Ryan Anderson,PF,25,NOP,22,795,.438,16.8,,.537,.198,.093,.090,.155,.463,,.463,.529,.333,.344,.527,.409,,.420,.985,,.003,1,,.128,.476,,0,0,anderry01
17,Giannis Antetokounmpo,SF,19,MIL,77,1897,.414,10.8,,.718,.476,.098,.045,.098,.282,,.440,.573,.171,.105,.220,.347,,.621,.707,,.160,61,,.127,.067,,1,0,antetgi01
18,Carmelo Anthony,PF,29,NYK,77,2982,.452,15.2,,.747,.191,.078,.199,.279,.253,,.469,.589,.320,.443,.447,.402,,.292,.713,,.022,34,,.080,.364,,5,0,anthoca01
19,Joel Anthony,C,31,TOT,33,186,.375,7.1,,1.000,.281,.375,.281,.063,.000,,.375,.444,.417,.333,.000,,,.583,,,.000,0,,,,,0,0,anthojo01
19,Joel Anthony,C,31,MIA,12,37,.333,8.3,,1.000,.333,.167,.333,.167,.000,,.333,.500,1.000,.000,.000,,,.500,,,.000,0,,,,,0,0,anthojo01
19,Joel Anthony,C,31,BOS,21,149,.385,6.8,,1.000,.269,.423,.269,.038,.000,,.385,.429,.364,.429,.000,,,.600,,,.000,0,,,,,0,0,anthojo01
20,Pero Antić,C,31,ATL,50,925,.418,17.5,,.418,.218,.075,.041,.085,.582,,.545,.688,.182,.417,.560,.327,,.537,.982,,.041,12,,.181,.484,,0,0,anticpe01
21,Trevor Ariza,SF,28,WAS,77,2723,.456,16.6,,.482,.254,.070,.033,.124,.518,,.509,.650,.300,.214,.415,.407,,.589,.956,,.050,42,,.396,.446,,4,1,arizatr01
22,Hilton Armstrong,C,29,GSW,15,97,.474,7.0,,1.000,.474,.158,.263,.105,.000,,.474,.778,.000,.200,.500,,,.444,,,.158,3,,,,,0,0,armsthi01
23,Darrell Arthur,SF,25,DEN,68,1161,.395,15.8,,.844,.146,.076,.095,.527,.156,,.399,.517,.226,.333,.403,.375,,.841,1.000,,.027,9,,.234,.333,,1,0,arthuda01
24,Ömer Aşık,C,27,HOU,48,968,.532,2.8,,1.000,.784,.174,.021,.021,.000,,.532,.597,.273,.750,.000,,,.644,,,.211,36,,,,,0,0,asikom01
25,D.J. Augustin,PG,26,TOT,71,1939,.415,16.6,,.538,.224,.096,.068,.149,.462,,.427,.534,.246,.367,.411,.401,,.297,.639,,.000,0,,.190,.365,,7,1,augusdj01
25,D.J. Augustin,PG,26,TOR,10,82,.292,16.3,,.542,.208,.125,.042,.167,.458,,.462,.400,.333,.000,.750,.091,,.000,1.000,,.000,0,,.273,.333,,0,0,augusdj01
25,D.J. Augustin,PG,26,CHI,61,1857,.419,16.6,,.537,.225,.095,.069,.148,.463,,.426,.538,.242,.375,.398,.411,,.308,.636,,.000,0,,.187,.367,,7,1,augusdj01
26,Gustavo Ayón,C,28,ATL,26,429,.510,4.1,,1.000,.706,.147,.078,.069,.000,,.510,.528,.533,.250,.571,,,.788,,,.039,4,,,,,0,0,ayongu01
27,Jeff Ayres,PF,26,SAS,73,952,.580,4.8,,1.000,.644,.167,.109,.080,.000,,.580,.714,.345,.421,.214,,,.792,,,.224,36,,,,,0,0,pendeje02
28,Chris Babb,SG,23,BOS,14,132,.267,23.5,,.100,.067,.000,.000,.033,.900,,.667,1.000,,,.000,.222,,1.000,1.000,,.000,0,,.222,.167,,0,0,babbch01
29,Luke Babbitt,PF,24,NOP,27,473,.390,19.4,,.383,.065,.136,.117,.065,.617,,.407,.600,.381,.333,.400,.379,,.375,1.000,,.000,0,,.137,.462,,0,0,babbilu01
30,Leandro Barbosa,PG,31,PHO,20,368,.427,9.9,,.809,.427,.183,.076,.122,.191,,.462,.625,.250,.500,.188,.280,,.347,.857,,.000,0,,.200,.000,,0,0,barbole01
31,J.J. Barea,PG,29,MIN,79,1471,.387,13.8,,.648,.290,.149,.076,.133,.352,,.426,.505,.306,.420,.391,.316,,.155,.452,,.000,0,,.095,.409,,0,0,bareajo01
32,Andrea Bargnani,C,28,NYK,42,1257,.442,13.7,,.785,.207,.165,.147,.265,.215,,.487,.615,.434,.365,.489,.278,,.760,.967,,.026,13,,.019,.500,,0,0,bargnan01
33,Harrison Barnes,SF,21,GSW,78,2204,.399,12.9,,.720,.224,.225,.138,.131,.280,,.419,.592,.386,.255,.360,.347,,.493,.970,,.056,37,,.400,.355,,0,0,barneha02
34,Matt Barnes,SF,33,LAC,63,1735,.438,16.1,,.463,.262,.120,.009,.072,.537,,.549,.681,.444,.400,.263,.343,,.754,.969,,.042,21,,.375,.330,,1,0,barnema02
35,Will Barton,SG,23,POR,41,387,.417,11.4,,.788,.353,.167,.096,.173,.212,,.447,.691,.269,.133,.296,.303,,.491,.800,,.109,16,,.455,.400,,1,0,bartowi01
36,Brandon Bass,PF,28,BOS,82,2266,.486,9.3,,.992,.348,.171,.233,.240,.008,,.487,.603,.290,.562,.385,.333,,.603,.500,,.110,75,,.333,.000,,1,0,bassbr01
37,Shane Battier,SF,35,MIA,73,1468,.382,20.1,,.236,.102,.091,.029,.015,.764,,.492,.643,.440,.375,.000,.348,,.625,.959,,.004,1,,.462,.392,,0,0,battish01
38,Nicolas Batum,SF,25,POR,82,2956,.465,16.9,,.509,.219,.055,.077,.159,.491,,.566,.760,.378,.444,.423,.361,,.542,.903,,.061,43,,.251,.366,,1,0,batumni01
39,Jerryd Bayless,PG,25,TOT,72,1686,.402,17.0,,.656,.141,.089,.083,.342,.344,,.425,.517,.364,.471,.393,.358,,.372,.908,,.010,3,,.283,.400,,0,0,bayleje01
39,Jerryd Bayless,PG,25,MEM,31,650,.377,16.5,,.653,.151,.109,.088,.305,.347,,.417,.472,.500,.524,.329,.301,,.323,1.000,,.017,2,,.361,.367,,0,0,bayleje01
39,Jerryd Bayless,PG,25,BOS,41,1036,.418,17.4,,.659,.135,.077,.079,.365,.341,,.430,.549,.241,.433,.428,.395,,.402,.863,,.005,1,,.233,.433,,0,0,bayleje01
40,Aron Baynes,C,27,SAS,53,491,.436,6.1,,1.000,.460,.282,.178,.080,.000,,.436,.560,.391,.207,.385,,,.648,,,.098,15,,,,,0,0,baynear01
41,Kent Bazemore,SG,24,TOT,67,911,.429,14.8,,.627,.271,.143,.052,.160,.373,,.484,.645,.306,.389,.400,.336,,.375,.674,,.029,9,,.195,.400,,4,0,bazemke01
41,Kent Bazemore,SG,24,GSW,44,268,.371,17.4,,.598,.227,.113,.021,.237,.402,,.448,.636,.364,.000,.348,.256,,.231,.400,,.031,2,,.179,.143,,3,0,bazemke01
41,Kent Bazemore,SG,24,LAL,23,643,.451,13.8,,.638,.289,.154,.065,.130,.362,,.497,.648,.289,.438,.438,.371,,.423,.758,,.028,7,,.202,.500,,1,0,bazemke01
42,Bradley Beal,SG,20,WAS,73,2530,.419,16.7,,.701,.151,.065,.124,.361,.299,,.426,.618,.387,.364,.373,.402,,.513,.942,,.019,20,,.329,.389,,1,0,bealbr01
43,Michael Beasley,SF,25,MIA,55,831,.499,11.3,,.848,.307,.206,.132,.203,.152,,.518,.670,.521,.383,.375,.389,,.551,1.000,,.062,19,,.352,.474,,0,0,beaslmi01
44,Marco Belinelli,SF,27,SAS,80,2016,.485,17.0,,.578,.178,.094,.081,.226,.422,,.525,.734,.354,.482,.446,.430,,.739,.897,,.006,3,,.287,.452,,3,0,belinma01
45,Anthony Bennett,PF,20,CLE,52,663,.356,13.3,,.764,.293,.111,.071,.289,.236,,.390,.606,.200,.250,.277,.245,,.612,1.000,,.098,18,,.208,.273,,0,0,bennean01
46,Patrick Beverley,PG,25,HOU,56,1751,.414,15.9,,.470,.198,.181,.037,.054,.530,,.473,.568,.460,.333,.269,.361,,.206,.957,,.002,1,,.455,.345,,0,0,beverpa01
47,Andris Biedriņš,C,27,UTA,6,45,1.000,3.7,,1.000,.000,1.000,.000,.000,.000,,1.000,,1.000,,,,,1.000,,,.000,0,,,,,0,0,biedran01
48,Chauncey Billups,SG,37,DET,19,309,.304,21.1,,.392,.038,.089,.063,.203,.608,,.323,.333,.143,.000,.500,.292,,.300,.643,,.000,0,,.125,.500,,0,0,billuch01
49,Bismack Biyombo,C,21,CHA,77,1072,.611,3.4,,1.000,.660,.243,.083,.014,.000,,.611,.737,.371,.417,.000,,,.716,,,.257,37,,,,,0,0,biyombi01
50,DeJuan Blair,PF,24,DAL,78,1214,.534,5.1,,.995,.481,.387,.115,.013,.005,,.537,.640,.474,.333,.400,.000,,.733,,,.020,8,,.000,,,2,0,blairde01
51,Steve Blake,PG,33,TOT,55,1498,.377,20.9,,.405,.076,.040,.071,.218,.595,,.378,.593,.286,.320,.338,.376,,.241,.861,,.000,0,,.290,.410,,3,0,blakest01
51,Steve Blake,PG,33,LAL,27,891,.378,19.8,,.438,.099,.056,.082,.202,.562,,.353,.652,.231,.211,.298,.397,,.194,.846,,.000,0,,.298,.359,,1,0,blakest01
51,Steve Blake,PG,33,GSW,28,607,.375,22.8,,.342,.033,.008,.050,.250,.658,,.439,.250,1.000,.667,.400,.342,,.333,.889,,.000,0,,.278,.500,,2,0,blakest01
52,Andray Blatche,PF,27,BRK,73,1618,.476,10.2,,.920,.393,.160,.102,.264,.080,,.494,.660,.389,.377,.354,.278,,.539,.933,,.061,38,,.259,.357,,5,0,blatcan01
53,Eric Bledsoe,PG,24,PHO,43,1416,.477,12.4,,.748,.338,.137,.090,.183,.252,,.517,.665,.382,.420,.392,.357,,.126,.440,,.009,5,,.079,.545,,0,0,bledser01
54,Vander Blue,SG,21,BOS,3,15,.500,8.0,,.750,.000,.750,.000,.000,.250,,.667,,.667,,,.000,,.000,,,.000,0,,.000,,,0,0,blueva01
55,Keith Bogans,SG,33,BOS,6,55,.500,24.1,,.000,.000,.000,.000,.000,1.000,,,,,,,.500,,,1.000,,.000,0,,.667,.250,,0,0,boganke01
56,Andrew Bogut,C,29,GSW,67,1769,.627,3.1,,1.000,.696,.253,.032,.019,.000,,.627,.697,.442,.583,.571,,,.715,,,.259,91,,,,,0,0,bogutan01
57,Matt Bonner,PF,33,SAS,61,690,.445,18.9,,.402,.043,.213,.061,.085,.598,,.470,.714,.429,.200,.643,.429,,.774,.976,,.000,0,,.194,.579,,0,0,bonnema01
58,Trevor Booker,PF,26,WAS,72,1553,.551,7.4,,.995,.417,.280,.114,.184,.005,,.554,.726,.442,.457,.392,.000,,.635,,,.057,23,,.000,,,0,0,booketr01
59,Carlos Boozer,PF,32,CHI,76,2141,.456,9.5,,.998,.334,.161,.236,.267,.002,,.457,.615,.367,.377,.385,.000,,.711,,,.016,16,,.000,,,0,0,boozeca01
60,Chris Bosh*,C,29,MIA,79,2531,.516,13.4,,.771,.280,.106,.109,.276,.229,,.569,.712,.495,.481,.487,.339,,.773,.959,,.073,65,,.239,.365,,0,0,boshch01
61,Avery Bradley,SG,23,BOS,60,1855,.438,15.8,,.758,.187,.081,.064,.425,.242,,.451,.597,.284,.321,.439,.395,,.543,.937,,.027,17,,.625,.368,,0,0,bradlav01
62,Elton Brand,C,34,ATL,73,1414,.539,9.7,,.994,.244,.214,.392,.145,.006,,.542,.716,.479,.515,.417,.000,,.832,,,.024,8,,.500,.000,,0,0,brandel01
63,Corey Brewer,SF,27,MIN,81,2609,.481,10.3,,.739,.467,.129,.052,.090,.261,,.552,.679,.365,.310,.301,.280,,.675,.949,,.116,86,,.602,.307,,5,1,breweco01
64,Ronnie Brewer,SF,28,TOT,24,160,.200,16.8,,.467,.200,.067,.000,.200,.533,,.286,.667,.000,,.000,.125,,1.000,1.000,,.000,0,,.750,.167,,0,0,brewero02
64,Ronnie Brewer,SF,28,HOU,23,158,.200,16.8,,.467,.200,.067,.000,.200,.533,,.286,.667,.000,,.000,.125,,1.000,1.000,,.000,0,,.750,.167,,0,0,brewero02
64,Ronnie Brewer,SF,28,CHI,1,2,,,,,,,,,,,,,,,,,,,,,,0,,,,,0,0,brewero02
65,Aaron Brooks,PG,29,TOT,72,1557,.401,15.2,,.573,.203,.210,.084,.076,.427,,.411,.500,.352,.347,.409,.387,,.139,.698,,.000,0,,.145,.444,,5,1,brookaa01
65,Aaron Brooks,PG,29,HOU,43,716,.395,16.0,,.498,.175,.236,.057,.030,.502,,.382,.413,.403,.333,.125,.409,,.160,.778,,.000,0,,.159,.476,,3,1,brookaa01
65,Aaron Brooks,PG,29,DEN,29,841,.406,14.6,,.635,.226,.189,.107,.113,.365,,.431,.556,.300,.353,.472,.362,,.126,.595,,.000,0,,.129,.400,,2,0,brookaa01
66,MarShon Brooks,SG,25,TOT,35,316,.456,11.5,,.800,.264,.280,.112,.144,.200,,.440,.636,.514,.214,.111,.520,,.295,.692,,.032,4,,.120,.667,,0,0,brookma01
66,MarShon Brooks,SG,25,BOS,10,73,.375,12.4,,.833,.250,.250,.083,.250,.167,,.350,.667,.167,.500,.167,.500,,.429,.500,,.000,0,,.000,,,0,0,brookma01
66,MarShon Brooks,SG,25,GSW,7,15,.385,9.6,,.846,.308,.308,.154,.077,.154,,.455,.750,.500,.000,.000,.000,,.400,,,.077,1,,.000,,,0,0,brookma01
66,MarShon Brooks,SG,25,LAL,18,228,.489,11.5,,.784,.261,.284,.114,.125,.216,,.464,.609,.600,.200,.091,.579,,.250,.727,,.034,3,,.158,.667,,0,0,brookma01
67,Lorenzo Brown,PG,23,PHI,26,224,.302,13.2,,.651,.314,.186,.070,.081,.349,,.411,.444,.500,.167,.286,.100,,.304,.667,,.000,0,,.267,.125,,0,0,brownlo01
68,Shannon Brown,SG,28,TOT,29,251,.364,10.0,,.970,.364,.106,.167,.333,.030,,.375,.750,.000,.364,.091,.000,,.583,,,.061,4,,.000,,,0,0,brownsh01
68,Shannon Brown,SG,28,SAS,10,103,.286,11.2,,.929,.250,.143,.179,.357,.071,,.308,.714,.000,.200,.200,.000,,.875,,,.036,1,,.000,,,0,0,brownsh01
68,Shannon Brown,SG,28,NYK,19,148,.421,9.1,,1.000,.447,.079,.158,.316,.000,,.421,.765,.000,.500,.000,,,.438,,,.079,3,,,,,0,0,brownsh01
69,Kobe Bryant*,SG,35,LAL,6,177,.425,14.7,,.781,.164,.123,.247,.247,.219,,.491,.750,.556,.500,.278,.188,,.250,.667,,.014,1,,.125,.000,,0,0,bryanko01
70,Chase Budinger,SF,25,MIN,41,751,.394,16.6,,.528,.205,.087,.059,.177,.472,,.433,.712,.318,.333,.200,.350,,.707,.976,,.028,7,,.275,.394,,0,0,budinch01
71,Reggie Bullock,SF,22,LAC,43,395,.355,20.2,,.397,.107,.050,.058,.182,.603,,.438,.846,.333,.286,.273,.301,,.762,.909,,.000,0,,.301,.500,,1,0,bullore01
72,Trey Burke,PG,21,UTA,70,2262,.380,16.8,,.625,.146,.124,.095,.261,.375,,.410,.511,.342,.318,.419,.330,,.270,.847,,.001,1,,.110,.405,,3,0,burketr01
73,Alec Burks,SG,22,UTA,78,2193,.457,11.5,,.828,.342,.197,.060,.229,.172,,.480,.644,.354,.420,.358,.350,,.327,.820,,.037,28,,.266,.395,,9,0,burksal01
74,Caron Butler,SF,33,TOT,56,1419,.394,19.4,,.539,.070,.041,.122,.306,.461,,.395,.474,.318,.394,.388,.394,,.565,.939,,.004,2,,.305,.395,,1,0,butleca01
74,Caron Butler,SF,33,MIL,34,821,.387,18.8,,.585,.096,.045,.119,.325,.415,,.406,.471,.313,.405,.400,.361,,.548,.943,,.006,2,,.224,.364,,0,0,butleca01
74,Caron Butler,SF,33,OKC,22,598,.409,20.4,,.452,.022,.032,.129,.269,.548,,.369,.500,.333,.375,.360,.441,,.613,.933,,.000,0,,.422,.419,,1,0,butleca01
75,Jimmy Butler,SG,24,CHI,67,2591,.397,14.6,,.654,.300,.071,.085,.198,.346,,.457,.596,.204,.407,.358,.283,,.594,.985,,.043,29,,.300,.431,,4,0,butleji01
76,Rasual Butler,SG,34,IND,50,378,.464,18.8,,.436,.145,.027,.100,.164,.564,,.521,.688,.333,.455,.444,.419,,.400,.885,,.045,5,,.548,.324,,0,0,butlera01
77,Dwight Buycks,PG,24,TOR,14,146,.313,15.7,,.646,.188,.167,.063,.229,.354,,.323,.667,.125,.333,.182,.294,,.500,1.000,,.000,0,,.118,.500,,0,0,buyckdw01
78,Andrew Bynum,C,26,TOT,26,516,.418,7.1,,1.000,.316,.404,.213,.067,.000,,.418,.521,.352,.375,.467,,,.479,,,.058,12,,,,,0,0,bynuman01
78,Andrew Bynum,C,26,CLE,24,480,.419,7.3,,1.000,.300,.404,.227,.069,.000,,.419,.508,.366,.370,.500,,,.482,,,.059,11,,,,,0,0,bynuman01
78,Andrew Bynum,C,26,IND,2,36,.409,5.0,,1.000,.455,.409,.091,.045,.000,,.409,.600,.222,.500,.000,,,.444,,,.045,1,,,,,0,0,bynuman01
79,Will Bynum,PG,31,DET,56,1054,.428,10.6,,.856,.337,.230,.060,.226,.144,,.446,.614,.313,.308,.371,.323,,.146,.500,,.000,0,,.048,.000,,1,0,bynumwi01
80,Nick Calathes,SG,24,MEM,71,1173,.457,10.7,,.804,.338,.219,.135,.113,.196,,.492,.657,.397,.333,.371,.311,,.374,.842,,.000,0,,.230,.500,,0,0,calatni01
81,José Calderón,PG,32,DAL,81,2468,.456,20.3,,.432,.092,.025,.051,.263,.568,,.464,.652,.263,.421,.426,.449,,.300,.848,,.000,0,,.172,.507,,2,0,caldejo01
82,Kentavious Caldwell-Pope,SG,20,DET,80,1583,.396,15.4,,.598,.267,.078,.065,.187,.402,,.447,.602,.333,.400,.291,.319,,.634,.966,,.048,17,,.357,.379,,3,0,caldwke01
83,Isaiah Canaan,PG,22,HOU,22,252,.356,18.7,,.368,.230,.046,.011,.069,.632,,.406,.500,.250,.000,.333,.327,,.308,.778,,.000,0,,.309,.353,,0,0,canaais01
84,DeMarre Carroll,SF,27,ATL,73,2341,.470,13.8,,.583,.312,.148,.031,.092,.417,,.548,.695,.368,.400,.390,.362,,.707,.938,,.037,23,,.388,.346,,0,0,carrode01
85,Vince Carter,SG,37,DAL,81,1973,.407,16.6,,.543,.184,.129,.081,.148,.457,,.418,.517,.410,.333,.350,.394,,.207,.760,,.021,15,,.159,.390,,4,0,cartevi01
86,Michael Carter-Williams,PG,22,PHI,70,2414,.405,10.6,,.803,.340,.248,.083,.132,.197,,.440,.553,.345,.364,.374,.264,,.255,.655,,.029,29,,.087,.389,,1,0,cartemi01
87,Omri Casspi,PF,25,HOU,71,1283,.422,14.2,,.571,.222,.239,.049,.059,.429,,.479,.692,.388,.250,.250,.347,,.696,.902,,.032,12,,.222,.359,,0,0,casspom01
88,Mario Chalmers,PG,27,MIA,73,2178,.454,12.7,,.596,.350,.182,.027,.038,.404,,.500,.602,.382,.067,.429,.385,,.216,.897,,.007,4,,.336,.513,,1,0,chalmma01
89,Tyson Chandler,C,31,NYK,55,1662,.593,3.7,,.997,.748,.124,.040,.084,.003,,.595,.689,.225,.308,.444,.000,,.770,,,.351,106,,.000,,,0,0,chandty01
90,Wilson Chandler,SF,26,DEN,62,1927,.416,16.1,,.524,.213,.129,.062,.121,.476,,.478,.643,.368,.348,.371,.348,,.497,.967,,.046,30,,.365,.406,,4,0,chandwi01
91,Josh Childress,SF,30,NOP,4,24,,,,,,,,,,,,,,,,,,,,,,0,,,,,0,0,childjo01
92,Dionte Christmas,SF,27,PHO,31,198,.355,18.1,,.500,.194,.048,.032,.226,.500,,.419,.583,.333,.000,.357,.290,,.615,1.000,,.000,0,,.161,.400,,0,0,chrisdi01
93,Earl Clark,PF,26,TOT,54,768,.372,17.4,,.533,.161,.088,.077,.207,.467,,.403,.524,.435,.300,.333,.336,,.643,1.000,,.027,7,,.279,.235,,1,0,clarkea01
93,Earl Clark,PF,26,CLE,45,698,.375,17.7,,.517,.163,.075,.071,.208,.483,,.403,.538,.389,.235,.360,.345,,.700,1.000,,.025,6,,.284,.242,,1,0,clarkea01
93,Earl Clark,PF,26,NYK,9,70,.333,14.5,,.714,.143,.238,.143,.190,.286,,.400,.333,.600,.667,.000,.167,,.167,1.000,,.048,1,,.167,.000,,0,0,clarkea01
94,Ian Clark,SG,22,UTA,23,172,.388,16.0,,.537,.179,.164,.060,.134,.463,,.417,.500,.364,.500,.333,.355,,.400,.909,,.015,1,,.290,.333,,0,0,clarkia01
95,Victor Claver,SF,25,POR,21,184,.405,13.5,,.571,.381,.071,.024,.095,.429,,.583,.813,.000,.000,.250,.167,,.857,1.000,,.048,2,,.333,.167,,0,0,clavevi01
96,Norris Cole,PG,25,MIA,82,2014,.414,13.5,,.652,.322,.104,.050,.176,.348,,.451,.522,.346,.280,.432,.345,,.279,.983,,.006,3,,.552,.375,,0,0,coleno01
97,Jason Collins,C,35,BRK,22,172,.458,9.7,,.875,.417,.167,.083,.208,.125,,.524,.600,.500,.000,.600,.000,,.727,,,.042,1,,.667,.000,,0,0,collija04
98,Darren Collison,PG,26,LAC,80,2069,.467,14.0,,.728,.275,.089,.138,.225,.272,,.501,.649,.323,.448,.423,.376,,.344,.901,,.010,7,,.386,.479,,4,0,collida01
99,Nick Collison,PF,33,OKC,81,1353,.556,7.4,,.929,.577,.120,.025,.207,.071,,.580,.655,.552,.500,.400,.235,,.700,1.000,,.100,20,,.882,.200,,0,0,collini01
100,Mike Conley,PG,26,MEM,73,2446,.450,13.5,,.717,.266,.184,.069,.198,.283,,.484,.613,.379,.437,.426,.361,,.243,.695,,.002,2,,.168,.306,,5,0,conlemi01
101,Chris Copeland,SF,29,IND,41,265,.470,18.9,,.325,.162,.120,.026,.017,.675,,.579,.684,.571,.000,.500,.418,,.273,.909,,.000,0,,.089,.286,,0,0,copelch01
102,DeMarcus Cousins,C,23,SAC,71,2298,.496,7.9,,.994,.359,.324,.088,.223,.006,,.499,.673,.389,.390,.423,.000,,.533,,,.073,82,,.000,,,0,0,couside01
103,Robert Covington,SF,23,HOU,7,34,.429,21.6,,.214,.000,.143,.000,.071,.786,,.667,,.500,,1.000,.364,,1.000,1.000,,.000,0,,.364,.500,,0,0,covinro01
104,Allen Crabbe,SG,21,POR,15,100,.364,15.6,,.576,.242,.091,.061,.182,.424,,.316,.375,.333,.500,.167,.429,,.667,.833,,.000,0,,.286,.500,,0,0,crabbal01
105,Jamal Crawford,SG,33,LAC,69,2094,.416,18.0,,.559,.108,.110,.109,.232,.441,,.460,.624,.423,.364,.447,.361,,.362,.752,,.003,3,,.206,.380,,3,1,crawfja01
106,Jordan Crawford,SG-PG,25,TOT,81,1859,.415,16.0,,.638,.135,.180,.152,.171,.362,,.471,.566,.451,.533,.363,.316,,.165,.589,,.014,10,,.126,.417,,2,0,crawfjo02
106,Jordan Crawford,PG,25,BOS,39,1198,.413,15.5,,.655,.147,.182,.156,.169,.345,,.463,.493,.434,.549,.390,.318,,.087,.480,,.013,5,,.096,.467,,0,0,crawfjo02
106,Jordan Crawford,SG,25,GSW,42,661,.417,16.7,,.616,.117,.177,.147,.174,.384,,.483,.692,.475,.510,.328,.313,,.273,.725,,.015,5,,.164,.381,,2,0,crawfjo02
107,Jae Crowder,SF,23,DAL,78,1254,.439,16.1,,.490,.243,.071,.051,.125,.510,,.552,.722,.381,.400,.378,.331,,.550,.960,,.041,12,,.411,.435,,1,0,crowdja01
108,Dante Cunningham,PF,26,MIN,81,1635,.464,13.9,,.990,.226,.075,.108,.582,.010,,.468,.704,.421,.436,.392,.000,,.847,,,.057,26,,.000,,,2,0,cunnida01
109,Jared Cunningham,SG,22,TOT,13,80,.286,15.8,,.667,.190,.238,.000,.238,.333,,.357,.500,.400,,.200,.143,,.400,1.000,,.000,0,,.143,.000,,0,0,cunnija01
109,Jared Cunningham,SG,22,ATL,5,22,.500,20.9,,.500,.000,.000,.000,.500,.500,,1.000,,,,1.000,.000,,1.000,,,.000,0,,1.000,.000,,0,0,cunnija01
109,Jared Cunningham,SG,22,SAC,8,58,.263,15.3,,.684,.211,.263,.000,.211,.316,,.308,.500,.400,,.000,.167,,.250,1.000,,.000,0,,.000,,,0,0,cunnija01
110,Seth Curry,PG,23,TOT,2,13,.333,8.0,,.667,.000,.667,.000,.000,.333,,.000,,.000,,,1.000,,,1.000,,.000,0,,.000,,,0,0,curryse01
110,Seth Curry,PG,23,MEM,1,4,,,,,,,,,,,,,,,,,,,,,,0,,,,,0,0,curryse01
110,Seth Curry,PG,23,CLE,1,9,.333,8.0,,.667,.000,.667,.000,.000,.333,,.000,,.000,,,1.000,,,1.000,,.000,0,,.000,,,0,0,curryse01
111,Stephen Curry,PG,25,GSW,78,2846,.471,18.1,,.555,.139,.095,.077,.245,.445,,.509,.625,.412,.557,.466,.424,,.197,.456,,.004,4,,.115,.437,,5,0,curryst01
112,Samuel Dalembert,C,32,DAL,80,1614,.568,4.2,,.997,.687,.172,.080,.058,.003,,.569,.641,.431,.267,.545,.000,,.752,,,.236,85,,.000,,,1,0,dalemsa01
113,Troy Daniels,SG,22,HOU,5,75,.484,22.3,,.194,.000,.129,.032,.032,.806,,.500,,.500,1.000,.000,.480,,.333,.750,,.000,0,,.160,.250,,0,0,danietr01
114,Gigi Datome,SF,26,DET,34,238,.351,18.4,,.598,.134,.041,.082,.340,.402,,.466,.769,.250,.500,.364,.179,,.556,1.000,,.010,1,,.205,.125,,0,0,datomlu01
115,Brandon Davies,PF,22,PHI,51,575,.422,7.5,,.922,.461,.227,.094,.141,.078,,.441,.576,.379,.250,.222,.200,,.731,1.000,,.070,8,,.100,.000,,0,0,daviebr01
116,Anthony Davis,PF,20,NOP,67,2358,.519,8.3,,.991,.396,.207,.180,.208,.009,,.522,.704,.409,.431,.368,.222,,.667,1.000,,.159,146,,.667,.333,,0,0,davisan02
117,Ed Davis,PF,24,MEM,63,956,.534,5.3,,1.000,.517,.252,.186,.045,.000,,.534,.680,.342,.444,.308,,,.703,,,.169,42,,,,,0,0,davised01
118,Glen Davis,PF,28,TOT,68,1662,.457,11.1,,.981,.278,.187,.157,.359,.019,,.459,.612,.360,.409,.413,.364,,.682,.750,,.013,7,,.091,1.000,,1,0,davisgl01
118,Glen Davis,PF,28,ORL,45,1354,.453,11.3,,.980,.262,.195,.154,.369,.020,,.454,.597,.370,.367,.434,.400,,.671,.750,,.014,6,,.100,1.000,,1,0,davisgl01
118,Glen Davis,PF,28,LAC,23,308,.481,9.7,,.988,.383,.136,.173,.296,.012,,.488,.677,.273,.643,.250,.000,,.744,,,.012,1,,.000,,,0,0,davisgl01
119,Austin Daye,SF,25,TOT,22,148,.353,18.0,,.456,.118,.147,.088,.103,.544,,.387,.750,.200,.500,.143,.324,,.333,1.000,,.000,0,,.108,.000,,0,0,dayeau01
119,Austin Daye,SF,25,TOR,8,33,.231,17.6,,.385,.231,.077,.000,.077,.615,,.600,1.000,.000,,.000,.000,,.333,,,.000,0,,.125,.000,,0,0,dayeau01
119,Austin Daye,SF,25,SAS,14,115,.382,18.1,,.473,.091,.164,.109,.109,.527,,.346,.600,.222,.500,.167,.414,,.333,1.000,,.000,0,,.103,.000,,0,0,dayeau01
120,Nando De Colo,SF,26,TOT,47,494,.418,14.5,,.654,.294,.078,.078,.203,.346,,.460,.644,.250,.417,.290,.340,,.543,.889,,.000,0,,.302,.500,,1,0,decolna01
120,Nando De Colo,SF,26,SAS,26,301,.452,13.7,,.667,.344,.065,.054,.204,.333,,.516,.625,.333,.400,.421,.323,,.656,.800,,.000,0,,.226,.571,,0,0,decolna01
120,Nando De Colo,SF,26,TOR,21,193,.367,15.7,,.633,.217,.100,.117,.200,.367,,.368,.692,.167,.429,.083,.364,,.286,1.000,,.000,0,,.409,.444,,1,0,decolna01
121,Dewayne Dedmon,C,24,TOT,31,390,.458,5.6,,1.000,.542,.253,.096,.108,.000,,.458,.556,.333,.375,.333,,,.605,,,.181,15,,,,,0,0,dedmode01
121,Dewayne Dedmon,C,24,GSW,4,6,.000,8.0,,1.000,.000,1.000,.000,.000,.000,,.000,,.000,,,,,,,,.000,0,,,,,0,0,dedmode01
121,Dewayne Dedmon,C,24,PHI,11,150,.517,6.5,,1.000,.448,.276,.172,.103,.000,,.517,.692,.375,.400,.333,,,.533,,,.207,6,,,,,0,0,dedmode01
121,Dewayne Dedmon,C,24,ORL,16,234,.434,5.1,,1.000,.604,.226,.057,.113,.000,,.434,.500,.333,.333,.333,,,.652,,,.170,9,,,,,0,0,dedmode01
122,Matthew Dellavedova,SG,23,CLE,72,1271,.412,17.8,,.476,.091,.176,.105,.108,.524,,.461,.667,.404,.355,.469,.368,,.477,.930,,.000,0,,.310,.458,,2,0,dellama01
123,Luol Deng,SF,28,TOT,63,2213,.431,12.8,,.780,.265,.172,.099,.244,.220,,.468,.645,.358,.329,.410,.302,,.580,.930,,.017,15,,.323,.328,,2,1,denglu01
123,Luol Deng,SF,28,CHI,23,860,.452,12.4,,.825,.280,.172,.102,.271,.175,,.490,.707,.361,.389,.385,.274,,.566,.882,,.017,6,,.258,.375,,1,1,denglu01
123,Luol Deng,SF,28,CLE,40,1353,.417,13.1,,.749,.255,.172,.097,.225,.251,,.451,.597,.356,.286,.430,.315,,.591,.950,,.018,9,,.354,.311,,1,0,denglu01
124,DeMar DeRozan,SG,24,TOR,79,3017,.429,14.2,,.851,.153,.154,.182,.362,.149,,.451,.712,.392,.395,.395,.305,,.465,.844,,.028,38,,.433,.385,,0,0,derozde01
125,Boris Diaw,PF,31,SAS,79,1974,.521,10.8,,.807,.324,.267,.066,.150,.193,,.549,.686,.523,.421,.356,.402,,.584,1.000,,.009,4,,.188,.333,,2,0,diawbo01
126,Gorgui Dieng,C,24,MIN,60,818,.498,5.5,,.996,.520,.273,.110,.093,.004,,.496,.619,.290,.520,.381,1.000,,.705,1.000,,.128,27,,.000,,,0,0,dienggo01
127,Toney Douglas,PG,27,TOT,51,675,.384,17.2,,.463,.232,.068,.053,.111,.537,,.477,.591,.154,.600,.381,.304,,.548,.871,,.000,0,,.333,.294,,2,0,douglto01
127,Toney Douglas,PG,27,GSW,24,265,.372,21.6,,.314,.093,.047,.058,.116,.686,,.481,.750,.000,.600,.400,.322,,.769,.842,,.000,0,,.254,.400,,2,0,douglto01
127,Toney Douglas,PG,27,MIA,27,410,.394,13.6,,.587,.346,.087,.048,.106,.413,,.475,.556,.222,.600,.364,.279,,.448,.917,,.000,0,,.442,.211,,0,0,douglto01
128,Chris Douglas-Roberts,SF,27,CHA,49,1016,.440,15.4,,.476,.282,.111,.044,.040,.524,,.500,.634,.357,.091,.400,.386,,.533,.961,,.012,3,,.409,.444,,0,0,douglch01
129,Goran Dragić,SG,27,PHO,76,2668,.505,12.1,,.726,.349,.120,.129,.128,.274,,.542,.696,.351,.411,.429,.408,,.209,.533,,.009,9,,.201,.517,,0,0,dragigo01
130,Andre Drummond,C,20,DET,81,2619,.623,1.9,,.997,.814,.172,.010,.001,.003,,.625,.682,.379,.250,.000,.000,,.574,,,.256,183,,.000,,,1,0,drumman01
131,Jared Dudley,SF,28,LAC,74,1729,.438,19.0,,.497,.098,.065,.065,.268,.503,,.518,.659,.379,.517,.500,.360,,.904,1.000,,.000,0,,.369,.422,,0,0,dudleja01
132,Tim Duncan*,C,37,SAS,74,2158,.490,9.0,,.994,.321,.296,.111,.265,.006,,.493,.670,.451,.386,.371,.000,,.669,,,.046,38,,.000,,,1,0,duncati01
133,Mike Dunleavy,SF,33,CHI,82,2584,.430,17.6,,.581,.176,.065,.056,.286,.419,,.467,.610,.360,.395,.416,.380,,.786,.959,,.008,6,,.173,.357,,2,1,dunlemi02
134,Kevin Durant,SF,25,OKC,81,3122,.503,13.8,,.709,.223,.150,.191,.145,.291,,.549,.798,.417,.441,.445,.391,,.447,.557,,.088,146,,.053,.423,,1,0,duranke01
135,Shane Edwards,SF,26,CLE,2,12,.333,5.7,,1.000,.667,.000,.333,.000,.000,,.333,.500,,.000,,,,1.000,,,.000,0,,,,,0,0,edwarsh01
136,Wayne Ellington,SG,26,DAL,45,393,.437,18.1,,.532,.119,.071,.095,.246,.468,,.448,.933,.111,.333,.355,.424,,.733,.880,,.024,3,,.322,.263,,0,0,ellinwa01
137,Monta Ellis,SG,28,DAL,82,3023,.451,11.8,,.836,.317,.160,.103,.257,.164,,.474,.615,.377,.409,.387,.330,,.268,.841,,.015,18,,.230,.542,,1,0,ellismo01
138,Melvin Ely,C,35,NOP,2,27,.500,6.1,,1.000,.167,.833,.000,.000,.000,,.500,1.000,.400,,,,,1.000,,,.167,1,,,,,0,0,elyme01
139,Jeremy Evans,SF,26,UTA,66,1209,.527,8.2,,.994,.458,.160,.114,.262,.006,,.530,.704,.434,.421,.333,.000,,.714,,,.196,59,,.500,.000,,0,0,evansje01
140,Reggie Evans,PF,33,TOT,54,899,.473,3.5,,1.000,.587,.373,.013,.027,.000,,.473,.591,.339,.000,.000,,,.606,,,.087,12,,,,,0,0,evansre01
140,Reggie Evans,PF,33,BRK,30,399,.390,3.2,,1.000,.661,.305,.017,.017,.000,,.390,.487,.222,.000,.000,,,.739,,,.102,6,,,,,0,0,evansre01
140,Reggie Evans,PF,33,SAC,24,500,.527,3.7,,1.000,.538,.418,.011,.033,.000,,.527,.673,.395,.000,.000,,,.542,,,.077,6,,,,,0,0,evansre01
141,Tyreke Evans,SF,24,NOP,72,2028,.436,7.0,,.894,.565,.211,.037,.081,.106,,.461,.544,.354,.273,.247,.221,,.295,.714,,.004,4,,.221,.238,,6,0,evansty01
142,Kenneth Faried,PF,24,DEN,80,2178,.545,5.0,,.996,.517,.338,.082,.060,.004,,.547,.691,.419,.388,.245,.000,,.667,,,.162,123,,.000,,,0,0,farieke01
143,Jordan Farmar,PG,27,LAL,41,912,.415,16.6,,.560,.212,.091,.082,.176,.440,,.397,.455,.303,.267,.438,.438,,.259,.643,,.005,2,,.188,.500,,0,0,farmajo01
144,Vítor Luiz Faverani,C,25,BOS,37,488,.435,10.6,,.728,.381,.218,.068,.061,.272,,.486,.589,.406,.400,.222,.300,,.673,1.000,,.088,10,,.000,,,0,0,favervi01
145,Derrick Favors,PF,22,UTA,73,2201,.522,6.1,,.999,.479,.262,.181,.076,.001,,.523,.696,.388,.370,.263,.000,,.628,,,.114,77,,.000,,,0,0,favorde01
146,Carrick Felix,SG,23,CLE,7,38,.500,12.7,,.643,.429,.000,.143,.071,.357,,.556,.833,,.000,.000,.400,,1.000,1.000,,.143,2,,.000,,,0,0,felixca01
147,Raymond Felton,PG,29,NYK,65,2017,.395,14.6,,.679,.245,.132,.081,.222,.321,,.431,.550,.300,.429,.378,.318,,.303,.774,,.000,0,,.185,.444,,2,0,feltora01
148,Landry Fields,SF,25,TOR,30,322,.403,6.5,,.925,.448,.343,.090,.045,.075,,.435,.567,.391,.167,.000,.000,,.556,,,.134,7,,.400,.000,,0,0,fieldla01
149,Derek Fisher,SG,39,OKC,81,1428,.391,20.5,,.366,.064,.078,.061,.163,.634,,.402,.478,.250,.409,.441,.384,,.623,.739,,.000,0,,.262,.267,,0,0,fishede01
150,Evan Fournier,SG,21,DEN,76,1503,.419,14.8,,.564,.254,.165,.055,.090,.436,,.453,.601,.333,.300,.347,.376,,.482,.899,,.022,12,,.278,.455,,1,0,fournev01
151,Randy Foye,SG,30,DEN,81,2485,.413,18.8,,.431,.145,.094,.040,.152,.569,,.456,.606,.341,.286,.429,.380,,.267,.757,,.005,4,,.171,.447,,4,0,foyera01
152,Jamaal Franklin,SG,22,MEM,21,161,.410,14.3,,.718,.308,.051,.077,.282,.282,,.393,.583,.000,.000,.364,.455,,.636,1.000,,.026,1,,.182,1.000,,0,0,frankja01
153,Jimmer Fredette,SG,24,TOT,49,519,.471,16.5,,.630,.106,.194,.137,.194,.370,,.469,.750,.386,.516,.364,.476,,.224,.525,,.000,0,,.107,.889,,1,0,fredeji01
153,Jimmer Fredette,SG,24,SAC,41,463,.475,16.5,,.631,.106,.202,.131,.192,.369,,.464,.714,.375,.577,.342,.493,,.207,.500,,.000,0,,.123,.889,,1,0,fredeji01
153,Jimmer Fredette,SG,24,CHI,8,56,.448,16.4,,.621,.103,.138,.172,.207,.379,,.500,1.000,.500,.200,.500,.364,,.333,.750,,.000,0,,.000,,,0,0,fredeji01
154,Enes Freedom,C,21,UTA,80,2138,.491,7.4,,.999,.392,.283,.171,.154,.001,,.492,.638,.415,.390,.374,.000,,.539,,,.050,39,,.000,,,0,0,kanteen01
155,Joel Freeland,C,26,POR,52,727,.475,8.6,,.988,.407,.204,.105,.265,.012,,.481,.591,.364,.294,.488,.000,,.753,,,.043,5,,.000,,,0,0,freeljo01
156,Channing Frye,PF,30,PHO,82,2312,.432,19.0,,.445,.117,.093,.068,.166,.555,,.509,.615,.458,.547,.450,.370,,.477,.981,,.024,17,,.095,.293,,3,0,fryech01
157,Francisco García,SF,32,HOU,55,1083,.401,18.6,,.344,.173,.061,.041,.068,.656,,.485,.667,.389,.250,.250,.358,,.388,.957,,.003,1,,.321,.419,,0,0,garcifr01
158,Kevin Garnett*,C,37,BRK,54,1109,.441,13.1,,.992,.163,.166,.169,.494,.008,,.445,.603,.305,.467,.432,.000,,.803,,,.045,13,,.333,.000,,0,0,garneke01
159,Diante Garrett,PG,25,UTA,71,1048,.381,15.1,,.638,.162,.230,.132,.113,.362,,.385,.535,.410,.314,.200,.375,,.354,.889,,.000,0,,.250,.500,,5,0,garredi02
160,Marc Gasol,C,29,MEM,59,1970,.473,10.6,,.985,.188,.300,.269,.228,.015,,.477,.739,.432,.440,.364,.182,,.695,.500,,.032,22,,.000,,,5,1,gasolma01
161,Pau Gasol*,C,33,LAL,60,1884,.480,9.1,,.984,.251,.341,.182,.210,.016,,.483,.671,.437,.447,.366,.286,,.589,.750,,.049,41,,.071,1.000,,0,0,gasolpa01
162,Rudy Gay,SF,27,TOT,73,2531,.455,11.7,,.833,.248,.228,.166,.191,.167,,.481,.678,.390,.474,.338,.330,,.288,.723,,.074,74,,.213,.286,,0,0,gayru01
162,Rudy Gay,SF,27,TOR,18,639,.388,12.2,,.824,.245,.224,.131,.224,.176,,.391,.585,.213,.477,.307,.373,,.269,.682,,.057,14,,.237,.286,,0,0,gayru01
162,Rudy Gay,SF,27,SAC,55,1892,.482,11.6,,.836,.249,.230,.180,.178,.164,,.516,.714,.459,.474,.353,.312,,.294,.744,,.081,60,,.203,.286,,0,0,gayru01
163,Alonzo Gee,SF,26,CLE,65,1020,.415,11.5,,.754,.394,.106,.114,.140,.246,,.444,.613,.400,.296,.121,.328,,.633,.947,,.157,35,,.707,.366,,1,0,geeal01
164,Paul George,SF,23,IND,80,2898,.424,15.8,,.633,.208,.084,.150,.191,.367,,.458,.597,.360,.402,.392,.364,,.362,.775,,.055,69,,.192,.490,,5,0,georgpa01
165,Taj Gibson,PF,28,CHI,82,2351,.479,8.5,,.992,.383,.194,.221,.194,.008,,.483,.638,.356,.399,.397,.000,,.669,,,.109,89,,.286,.000,,4,0,gibsota01
166,Manu Ginóbili*,SG,36,SAS,68,1550,.469,14.1,,.589,.298,.134,.070,.086,.411,,.553,.717,.476,.386,.241,.349,,.422,.822,,.022,10,,.171,.409,,1,0,ginobma01
167,Rudy Gobert,C,21,UTA,45,434,.486,2.4,,1.000,.784,.203,.014,.000,.000,,.486,.586,.133,.000,,,,.667,,,.216,14,,,,,0,0,goberru01
168,Ryan Gomes,SF,31,OKC,5,34,.375,16.9,,.750,.000,.125,.250,.375,.250,,.500,,1.000,.500,.333,.000,,1.000,,,.000,0,,1.000,.000,,0,0,gomesry01
169,Drew Gooden,C,32,WAS,22,395,.531,12.5,,.881,.301,.112,.105,.357,.119,,.548,.721,.375,.333,.529,.412,,.638,.857,,.021,2,,.235,.500,,0,0,goodedr01
170,Archie Goodwin,SG,19,PHO,52,533,.455,8.5,,.784,.545,.168,.048,.024,.216,,.542,.626,.357,.250,.500,.139,,.380,1.000,,.096,15,,.361,.154,,2,0,goodwar01
171,Ben Gordon,SG,30,CHA,19,279,.343,15.3,,.731,.185,.120,.111,.315,.269,,.367,.600,.308,.250,.294,.276,,.655,1.000,,.000,0,,.207,.167,,0,0,gordobe01
172,Eric Gordon,SG,25,NOP,64,2057,.436,13.3,,.684,.308,.154,.058,.163,.316,,.456,.583,.286,.362,.414,.391,,.373,.871,,.006,5,,.143,.270,,2,0,gordoer01
173,Marcin Gortat,C,29,WAS,81,2655,.542,6.7,,.999,.390,.320,.215,.073,.001,,.541,.753,.405,.425,.344,1.000,,.683,1.000,,.058,46,,.000,,,0,0,gortama01
174,Danny Granger,SF,30,TOT,41,847,.378,15.9,,.583,.205,.114,.094,.169,.417,,.408,.540,.314,.241,.404,.336,,.466,.977,,.010,3,,.336,.395,,0,0,grangda01
174,Danny Granger,SF,30,IND,29,653,.359,15.8,,.578,.220,.112,.094,.152,.422,,.380,.469,.360,.238,.353,.330,,.388,.968,,.004,1,,.298,.429,,0,0,grangda01
174,Danny Granger,SF,30,LAC,12,194,.429,16.2,,.595,.167,.119,.095,.214,.405,,.480,.786,.200,.250,.500,.353,,.625,1.000,,.024,2,,.441,.333,,0,0,grangda01
175,Aaron Gray,C,29,TOT,37,355,.443,5.7,,.984,.377,.492,.098,.016,.016,,.450,.522,.333,.667,1.000,.000,,.667,,,.033,2,,.000,,,0,0,grayaa01
175,Aaron Gray,C,29,TOR,4,20,.667,2.7,,1.000,.667,.333,.000,.000,.000,,.667,.500,1.000,,,,,1.000,,,.000,0,,,,,0,0,grayaa01
175,Aaron Gray,C,29,SAC,33,335,.431,5.9,,.983,.362,.500,.103,.017,.017,,.439,.524,.310,.667,1.000,.000,,.640,,,.034,2,,.000,,,0,0,grayaa01
176,Danny Green,SG,26,SAS,68,1651,.432,19.2,,.370,.125,.079,.063,.103,.630,,.460,.698,.450,.219,.327,.415,,.709,.917,,.008,4,,.333,.358,,1,0,greenda02
177,Draymond Green,SF,23,GSW,82,1797,.407,13.8,,.641,.307,.139,.061,.133,.359,,.449,.596,.250,.214,.426,.333,,.636,.945,,.054,24,,.212,.400,,3,0,greendr01
178,Gerald Green,SG,28,PHO,82,2330,.445,18.0,,.493,.143,.059,.122,.169,.507,,.492,.681,.458,.374,.429,.400,,.377,.838,,.063,57,,.269,.460,,2,0,greenge01
179,Jeff Green,SF,27,BOS,82,2805,.412,14.6,,.662,.244,.148,.088,.182,.338,,.448,.647,.376,.252,.333,.341,,.458,.867,,.044,46,,.270,.393,,5,0,greenje02
180,Willie Green,SG,32,LAC,55,869,.376,17.6,,.554,.125,.114,.052,.262,.446,,.407,.647,.355,.357,.324,.339,,.705,.927,,.022,6,,.446,.407,,0,0,greenwi01
181,Blake Griffin,PF,24,LAC,80,2863,.528,8.8,,.968,.407,.218,.076,.267,.032,,.537,.743,.402,.398,.372,.273,,.649,.833,,.142,176,,.364,.438,,1,0,griffbl01
182,Jorge Gutiérrez,PG,25,BRK,15,244,.463,11.9,,.778,.352,.130,.037,.259,.222,,.524,.737,.143,.500,.429,.250,,.773,1.000,,.000,0,,.667,.125,,0,0,gutiejo01
183,Jordan Hamilton,SF,23,TOT,60,1019,.391,16.7,,.473,.168,.165,.064,.077,.527,,.433,.540,.371,.417,.345,.354,,.519,.871,,.021,7,,.253,.480,,0,0,hamiljo02
183,Jordan Hamilton,SF,23,DEN,39,670,.390,16.5,,.492,.181,.150,.079,.083,.508,,.432,.500,.368,.400,.429,.349,,.463,.844,,.024,5,,.233,.467,,0,0,hamiljo02
183,Jordan Hamilton,SF,23,HOU,21,349,.393,17.2,,.434,.139,.197,.033,.066,.566,,.434,.647,.375,.500,.125,.362,,.652,.920,,.016,2,,.290,.500,,0,0,hamiljo02
184,Justin Hamilton,C,23,TOT,8,72,.450,15.6,,.550,.200,.200,.000,.150,.450,,.545,.750,.750,,.000,.333,,.833,1.000,,.050,1,,.111,.000,,0,0,hamilju01
184,Justin Hamilton,C,23,CHA,1,4,,,,,,,,,,,,,,,,,,,,,,0,,,,,0,0,hamilju01
184,Justin Hamilton,C,23,MIA,7,68,.450,15.6,,.550,.200,.200,.000,.150,.450,,.545,.750,.750,,.000,.333,,.833,1.000,,.050,1,,.111,.000,,0,0,hamilju01
185,Tyler Hansbrough,PF,28,TOR,64,978,.474,4.6,,.990,.531,.357,.031,.071,.010,,.479,.567,.414,.167,.286,.000,,.634,,,.097,18,,.500,.000,,0,0,hansbty01
186,Tim Hardaway Jr.,SG,21,NYK,81,1875,.428,17.5,,.479,.204,.054,.077,.144,.521,,.498,.679,.162,.358,.444,.363,,.537,.869,,.045,29,,.321,.357,,2,0,hardati02
187,James Harden,SG,24,HOU,73,2777,.456,14.8,,.599,.273,.122,.079,.125,.401,,.515,.632,.395,.463,.411,.366,,.223,.588,,.039,45,,.066,.375,,1,0,hardeja01
188,Maurice Harkless,SF,20,ORL,80,1950,.464,11.0,,.681,.474,.112,.017,.079,.319,,.502,.576,.296,.375,.368,.383,,.564,.898,,.128,60,,.526,.383,,3,0,harklma01
189,Josh Harrellson,C,24,DET,32,317,.463,13.1,,.622,.402,.098,.012,.110,.378,,.510,.545,.625,.000,.333,.387,,.500,1.000,,.000,0,,.032,.000,,0,0,harrejo01
190,Al Harrington,PF,33,WAS,34,511,.396,15.1,,.517,.304,.106,.043,.063,.483,,.449,.587,.227,.333,.231,.340,,.646,1.000,,.039,8,,.240,.458,,0,0,harrial01
191,Devin Harris,PG,30,DAL,40,818,.378,14.3,,.602,.276,.161,.071,.094,.398,,.425,.557,.268,.333,.375,.307,,.262,.677,,.000,0,,.079,.125,,2,0,harride01
192,Elias Harris,SF,24,LAL,2,11,.000,1.6,,1.000,1.000,.000,.000,.000,.000,,.000,.000,,,,,,,,,.000,0,,,,,0,0,harriel01
193,Manny Harris,SG,24,LAL,9,180,.400,12.3,,.714,.329,.171,.043,.171,.286,,.420,.652,.083,.333,.333,.350,,.381,.857,,.043,3,,.150,.333,,0,0,harrima01
194,Mike Harris,PF,30,UTA,20,225,.475,12.2,,.967,.213,.164,.148,.443,.033,,.492,.923,.400,.444,.333,.000,,.690,,,.016,1,,.500,.000,,0,0,harrimi01
195,Tobias Harris,PF,21,ORL,61,1850,.464,11.6,,.824,.293,.203,.113,.215,.176,,.508,.705,.379,.420,.409,.254,,.570,.906,,.042,28,,.556,.286,,0,0,harrito02
196,Udonis Haslem,PF,33,MIA,46,653,.507,8.8,,1.000,.507,.041,.089,.363,.000,,.507,.649,.167,.308,.396,,,.838,,,.068,8,,,,,0,0,hasleud01
197,Spencer Hawes,C,25,TOT,80,2470,.456,13.1,,.651,.277,.206,.101,.067,.349,,.478,.616,.341,.416,.424,.416,,.633,.992,,.028,19,,.071,.364,,1,0,hawessp01
197,Spencer Hawes,C,25,PHI,53,1666,.451,12.9,,.654,.292,.200,.101,.061,.346,,.478,.602,.342,.424,.417,.399,,.639,.988,,.038,17,,.054,.455,,0,0,hawessp01
197,Spencer Hawes,C,25,CLE,27,804,.468,13.4,,.646,.249,.219,.101,.077,.354,,.479,.649,.338,.400,.435,.448,,.620,1.000,,.010,2,,.105,.273,,1,0,hawessp01
198,Chuck Hayes,C,30,TOT,61,754,.431,4.8,,.992,.438,.523,.031,.000,.008,,.434,.561,.353,.000,,.000,,.589,,,.000,0,,.000,,,1,0,hayesch01
198,Chuck Hayes,C,30,SAC,16,179,.438,4.6,,1.000,.375,.594,.031,.000,.000,,.438,.583,.368,.000,,,,.571,,,.000,0,,,,,0,0,hayesch01
198,Chuck Hayes,C,30,TOR,45,575,.429,4.8,,.990,.459,.500,.031,.000,.010,,.433,.556,.347,.000,,.000,,.595,,,.000,0,,.000,,,1,0,hayesch01
199,Gordon Hayward,SF,23,UTA,77,2800,.413,15.1,,.729,.209,.131,.093,.296,.271,,.453,.625,.281,.438,.413,.304,,.402,.894,,.038,38,,.246,.275,,0,0,haywago01
200,Gerald Henderson,SG,26,CHA,77,2461,.433,13.6,,.876,.200,.102,.215,.359,.124,,.445,.613,.379,.420,.386,.348,,.551,.900,,.053,46,,.287,.424,,2,0,hendege02
201,Xavier Henry,SF,22,LAL,43,908,.417,12.3,,.765,.322,.183,.052,.209,.235,,.439,.550,.333,.222,.417,.346,,.440,.929,,.058,16,,.210,.471,,1,0,henryxa01
202,John Henson,PF,23,MIL,70,1856,.538,5.1,,.998,.443,.424,.072,.059,.002,,.539,.682,.461,.304,.316,.000,,.654,,,.108,65,,.000,,,0,0,hensojo01
203,Roy Hibbert,C,27,IND,81,2409,.439,8.0,,.993,.245,.442,.155,.151,.007,,.439,.546,.417,.402,.368,.400,,.578,1.000,,.037,27,,.400,.500,,0,0,hibbero01
204,J.J. Hickson,PF,25,DEN,69,1859,.508,6.2,,.988,.480,.278,.128,.101,.012,,.514,.697,.357,.381,.242,.000,,.693,,,.159,98,,.125,.000,,1,0,hicksjj01
205,Nenê,PF,31,WAS,53,1560,.503,8.5,,.992,.375,.190,.224,.202,.008,,.506,.677,.336,.398,.467,.200,,.617,1.000,,.088,49,,.400,.000,,0,0,hilarne01
206,George Hill,PG,27,IND,76,2434,.442,16.2,,.578,.183,.136,.102,.156,.422,,.497,.690,.548,.349,.323,.365,,.362,.842,,.011,7,,.204,.340,,2,0,hillge01
207,Jordan Hill,PF,26,LAL,72,1500,.549,6.4,,.998,.411,.363,.111,.113,.002,,.550,.687,.487,.414,.390,.000,,.584,,,.094,45,,.000,,,1,0,hilljo01
208,Solomon Hill,SF,22,IND,28,226,.425,17.0,,.425,.225,.100,.075,.025,.575,,.588,.556,.500,1.000,.000,.304,,.400,.714,,.000,0,,.522,.250,,0,0,hillso01
209,Kirk Hinrich,PG,33,CHI,73,2116,.393,17.7,,.609,.132,.111,.039,.326,.391,,.419,.549,.319,.250,.421,.351,,.386,.835,,.000,0,,.236,.439,,1,0,hinriki01
210,Jrue Holiday,PG,23,NOP,34,1143,.447,12.2,,.830,.275,.183,.143,.229,.170,,.459,.560,.349,.462,.423,.390,,.162,.467,,.007,3,,.169,.308,,0,0,holidjr01
211,Ryan Hollins,PF,29,LAC,61,482,.736,3.2,,1.000,.653,.306,.028,.014,.000,,.736,.872,.455,.500,1.000,,,.717,,,.417,29,,,,,0,0,holliry01
212,Scotty Hopson,SG,24,CLE,2,7,.000,19.4,,.500,.000,.250,.000,.250,.500,,.000,,.000,,.000,.000,,,,,.000,0,,.000,,,0,0,hopsosc01
213,Al Horford,C,27,ATL,29,958,.567,10.2,,.974,.310,.198,.131,.336,.026,,.572,.754,.470,.491,.496,.364,,.709,1.000,,.079,32,,1.000,.364,,0,0,horfoal01
214,Dwight Howard,C,28,HOU,71,2396,.591,3.5,,.991,.576,.393,.020,.003,.009,,.594,.735,.408,.188,.500,.286,,.510,1.000,,.258,195,,.571,.500,,2,0,howardw01
215,Robbie Hummel,SF,24,MIN,53,655,.379,19.4,,.497,.073,.062,.090,.271,.503,,.398,.692,.273,.563,.292,.360,,.571,1.000,,.011,2,,.438,.256,,0,0,hummero01
216,Kris Humphries,PF,28,BOS,69,1376,.501,11.2,,.996,.286,.108,.234,.367,.004,,.503,.636,.400,.426,.479,.000,,.727,,,.087,38,,.500,.000,,1,0,humphkr01
217,Serge Ibaka,PF,24,OKC,81,2666,.536,10.6,,.939,.327,.150,.152,.309,.061,,.546,.731,.381,.490,.457,.383,,.790,.957,,.132,116,,.817,.347,,0,0,ibakase01
218,Andre Iguodala,SF,30,GSW,63,2040,.480,14.2,,.618,.301,.100,.087,.129,.382,,.558,.725,.348,.425,.424,.354,,.506,.887,,.131,58,,.394,.391,,1,0,iguodan01
219,Ersan İlyasova,PF,26,MIL,55,1478,.409,13.5,,.774,.299,.092,.102,.282,.226,,.446,.549,.302,.339,.423,.282,,.775,1.000,,.014,7,,.107,.214,,0,0,ilyaser01
220,Kyrie Irving,PG,21,CLE,71,2496,.430,14.5,,.722,.234,.100,.154,.233,.278,,.458,.576,.371,.440,.389,.358,,.267,.455,,.002,2,,.166,.333,,2,0,irvinky01
221,Royal Ivey,SG,32,OKC,2,5,.000,16.8,,.500,.000,.500,.000,.000,.500,,.000,,.000,,,.000,,,,,.000,0,,.000,,,0,0,iveyro01
222,Jarrett Jack,PG,30,CLE,80,2252,.410,16.4,,.735,.083,.168,.178,.307,.265,,.435,.603,.479,.371,.402,.341,,.323,.794,,.003,2,,.308,.421,,5,0,jackja01
223,Reggie Jackson,PG,23,OKC,80,2277,.440,12.8,,.733,.286,.197,.116,.134,.267,,.477,.599,.417,.387,.382,.339,,.197,.663,,.032,27,,.127,.452,,10,0,jacksre01
224,Stephen Jackson,SF,35,LAC,9,107,.231,14.9,,.462,.192,.115,.000,.154,.538,,.417,.400,.667,,.250,.071,,.400,1.000,,.000,0,,.286,.000,,0,0,jacksst02
225,Bernard James,C,28,DAL,30,146,.478,4.8,,.957,.783,.130,.043,.000,.043,,.500,.556,.333,.000,,.000,,.545,,,.087,1,,.000,,,1,0,jamesbe01
226,Damion James,SF,26,SAS,5,50,.222,14.2,,.778,.111,.222,.111,.333,.222,,.286,1.000,.000,.000,.333,.000,,.500,,,.111,1,,1.000,.000,,0,0,jamesda01
227,LeBron James,PF,29,MIA,77,2902,.567,11.4,,.774,.399,.123,.084,.168,.226,,.622,.796,.554,.404,.366,.379,,.395,.534,,.101,134,,.144,.568,,0,0,jamesle01
228,Mike James,PG,38,CHI,11,77,.238,15.5,,.762,.000,.429,.000,.333,.238,,.250,,.333,,.143,.200,,.000,1.000,,.000,0,,.000,,,0,0,jamesmi01
229,Antawn Jamison,PF,37,LAC,22,248,.315,15.7,,.554,.250,.109,.065,.130,.446,,.412,.609,.300,.167,.250,.195,,.762,1.000,,.000,0,,.268,.091,,0,0,jamisan01
230,Othyus Jeffers,SG,28,TOT,6,47,.500,9.9,,.667,.500,.000,.167,.000,.333,,.750,1.000,,.000,,.000,,.333,,,.167,1,,1.000,.000,,0,0,jeffeot01
230,Othyus Jeffers,SG,28,SAS,4,34,.600,7.3,,.800,.600,.000,.200,.000,.200,,.750,1.000,,.000,,.000,,.333,,,.200,1,,1.000,.000,,0,0,jeffeot01
230,Othyus Jeffers,SG,28,MIN,2,13,.000,23.2,,.000,.000,.000,.000,.000,1.000,,,,,,,.000,,,,,.000,0,,1.000,.000,,0,0,jeffeot01
231,Al Jefferson,C,29,CHA,73,2553,.509,9.0,,.989,.289,.305,.192,.203,.011,,.512,.681,.514,.428,.348,.200,,.611,1.000,,.021,28,,.067,.000,,4,0,jeffeal01
232,Richard Jefferson,SF,33,UTA,82,2213,.450,16.2,,.540,.206,.115,.060,.159,.460,,.484,.719,.360,.385,.308,.409,,.485,.959,,.067,39,,.359,.491,,0,0,jefferi01
233,John Jenkins,SG,22,ATL,13,158,.381,14.0,,.571,.357,.071,.024,.119,.429,,.500,.467,.333,1.000,.600,.222,,.583,1.000,,.000,0,,.222,.000,,0,0,jenkijo01
234,Brandon Jennings,PG,24,DET,80,2728,.373,15.9,,.597,.215,.137,.070,.175,.403,,.397,.529,.265,.300,.377,.337,,.230,.448,,.004,4,,.125,.316,,9,0,jennibr01
235,Jonas Jerebko,PF,26,DET,64,741,.471,13.2,,.644,.337,.139,.053,.115,.356,,.500,.657,.310,.273,.375,.419,,.701,.968,,.043,8,,.297,.682,,1,0,jerebjo01
236,Amir Johnson,PF,26,TOR,77,2214,.562,7.8,,.892,.436,.297,.047,.111,.108,,.593,.712,.478,.586,.441,.303,,.710,.950,,.103,57,,.242,.188,,0,0,johnsam01
237,Chris Johnson,SF,23,BOS,40,789,.397,17.1,,.407,.229,.070,.028,.079,.593,,.483,.612,.400,.500,.176,.339,,.667,.977,,.009,2,,.362,.457,,0,0,johnsch04
238,James Johnson,SF,26,MEM,52,956,.464,10.4,,.718,.477,.136,.029,.075,.282,,.548,.612,.429,.778,.261,.253,,.347,.955,,.146,42,,.264,.348,,1,0,johnsja01
239,Joe Johnson,SG,32,BRK,79,2575,.454,16.2,,.603,.077,.260,.129,.138,.397,,.489,.705,.502,.473,.357,.401,,.250,.846,,.001,0,,.411,.446,,4,0,johnsjo02
240,Orlando Johnson,SG,24,TOT,45,392,.319,14.1,,.584,.212,.221,.018,.133,.416,,.409,.500,.320,.000,.467,.191,,.333,1.000,,.035,4,,.383,.222,,0,0,johnsor01
240,Orlando Johnson,SG,24,IND,38,342,.344,14.3,,.573,.229,.208,.021,.115,.427,,.455,.500,.400,.000,.545,.195,,.360,1.000,,.042,4,,.439,.222,,0,0,johnsor01
240,Orlando Johnson,SG,24,SAC,7,50,.176,13.1,,.647,.118,.294,.000,.235,.353,,.182,.500,.000,,.250,.167,,.000,1.000,,.000,0,,.000,,,0,0,johnsor01
241,Wesley Johnson,SF,26,LAL,79,2240,.425,16.1,,.584,.238,.071,.068,.207,.416,,.466,.639,.370,.341,.341,.369,,.791,.960,,.100,53,,.347,.362,,0,0,johnswe01
242,Darius Johnson-Odom,SG,24,PHI,3,15,.000,15.6,,.571,.000,.143,.286,.143,.429,,.000,,.000,.000,.000,.000,,,,,.000,0,,.333,.000,,0,0,johnsda03
243,James Jones,SF,33,MIA,20,236,.456,22.0,,.206,.059,.000,.044,.103,.794,,.214,.500,,.333,.000,.519,,.333,1.000,,.000,0,,.574,.645,,0,0,jonesja02
244,Perry Jones,PF,22,OKC,62,764,.459,13.5,,.663,.260,.171,.077,.155,.337,,.508,.660,.548,.286,.321,.361,,.721,1.000,,.127,21,,.623,.421,,1,0,jonespe01
245,Solomon Jones,PF,29,ORL,11,85,.353,11.5,,1.000,.353,.000,.176,.471,.000,,.353,.333,,.333,.375,,,.833,,,.059,1,,,,,0,0,jonesso01
246,Terrence Jones,PF,22,HOU,76,2078,.542,7.1,,.858,.508,.271,.032,.046,.142,,.581,.724,.389,.391,.273,.307,,.648,.903,,.181,122,,.327,.333,,0,0,joneste01
247,DeAndre Jordan,C,25,LAC,82,2870,.676,2.1,,1.000,.817,.179,.004,.000,.000,,.676,.717,.489,.500,,,,.744,,,.536,245,,,,,0,0,jordade01
248,Cory Joseph,SG,22,SAS,68,936,.475,11.6,,.857,.298,.177,.121,.260,.143,,.502,.658,.404,.313,.478,.316,,.395,1.000,,.000,0,,.605,.391,,1,0,josepco01
249,Chris Kaman,C,31,LAL,39,736,.509,8.9,,.991,.263,.283,.303,.142,.009,,.513,.714,.429,.467,.408,.000,,.659,,,.026,9,,.000,,,0,0,kamanch01
250,Sergey Karasev,SF,20,CLE,22,156,.343,19.1,,.457,.114,.057,.000,.286,.543,,.500,1.000,.500,,.300,.211,,.750,1.000,,.000,0,,.316,.500,,0,0,karasse01
251,Ryan Kelly,PF,22,LAL,59,1312,.423,14.7,,.617,.208,.164,.127,.119,.383,,.476,.649,.393,.319,.455,.338,,.624,.917,,.049,17,,.225,.344,,0,0,kellyry01
252,Michael Kidd-Gilchrist,SF,20,CHA,62,1502,.473,7.0,,.975,.581,.136,.037,.221,.025,,.483,.610,.313,.154,.308,.111,,.687,1.000,,.085,30,,.667,.000,,0,0,kiddgmi01
253,Andrei Kirilenko,PF,32,BRK,45,857,.513,5.8,,.969,.606,.200,.019,.144,.031,,.523,.670,.375,.333,.130,.200,,.691,1.000,,.181,29,,.400,.000,,0,0,kirilan01
254,Brandon Knight,PG,22,MIL,72,2400,.422,13.7,,.690,.300,.128,.069,.193,.310,,.466,.567,.371,.373,.403,.325,,.296,.645,,.008,7,,.098,.333,,0,0,knighbr03
255,Kyle Korver,SG,32,ATL,71,2408,.475,21.5,,.356,.026,.026,.074,.230,.644,,.479,.625,.500,.489,.457,.472,,.913,.962,,.000,0,,.327,.516,,0,0,korveky01
256,Kosta Koufos,C,24,MEM,80,1349,.495,5.0,,1.000,.464,.414,.052,.070,.000,,.495,.587,.426,.417,.344,,,.736,,,.083,34,,,,,0,0,koufoko01
257,Viacheslav Kravtsov,C,26,PHO,20,59,.533,2.1,,1.000,.933,.067,.000,.000,.000,,.533,.571,.000,,,,,.625,,,.267,4,,,,,0,0,kravtvi01
258,Ognjen Kuzmić,C,23,GSW,21,92,.385,6.8,,1.000,.308,.308,.385,.000,.000,,.385,1.000,.250,.000,,,,1.000,,,.231,3,,,,,0,0,kuzmiog01
259,Doron Lamb,SG,22,ORL,53,695,.394,19.1,,.438,.069,.119,.106,.144,.563,,.386,.364,.263,.529,.391,.400,,.481,.917,,.000,0,,.289,.462,,1,0,lambdo01
260,Jeremy Lamb,SG,21,OKC,78,1538,.432,15.7,,.594,.182,.144,.131,.136,.406,,.483,.685,.375,.425,.386,.356,,.566,.898,,.034,21,,.271,.343,,3,0,lambje01
261,Carl Landry,PF,30,SAC,18,233,.517,10.6,,1.000,.217,.267,.150,.367,.000,,.517,.769,.375,.333,.545,,,.742,,,.083,5,,,,,0,0,landrca01
262,Shane Larkin,PG,21,DAL,48,489,.380,14.3,,.723,.161,.226,.124,.212,.277,,.404,.591,.452,.235,.310,.316,,.225,.833,,.000,0,,.158,.500,,0,0,larkish01
263,Ty Lawson,PG,26,DEN,62,2222,.431,13.8,,.749,.266,.118,.122,.244,.251,,.455,.575,.442,.398,.360,.356,,.120,.611,,.004,2,,.104,.429,,2,0,lawsoty01
264,Ricky Ledo,SG,21,DAL,11,33,.353,8.0,,.529,.000,.529,.000,.000,.471,,.333,,.333,,,.375,,.333,.667,,.000,0,,.000,,,0,0,ledori01
265,Courtney Lee,SG,28,TOT,79,1973,.480,15.3,,.684,.192,.107,.134,.251,.316,,.531,.669,.409,.451,.519,.371,,.498,.917,,.011,6,,.361,.371,,2,0,leeco01
265,Courtney Lee,SG,28,BOS,30,504,.492,15.1,,.716,.219,.093,.126,.279,.284,,.511,.575,.412,.565,.471,.442,,.463,.783,,.011,2,,.327,.471,,2,0,leeco01
265,Courtney Lee,SG,28,MEM,49,1469,.476,15.4,,.671,.181,.114,.137,.239,.329,,.540,.718,.408,.407,.544,.345,,.513,.980,,.012,4,,.373,.340,,0,0,leeco01
266,David Lee,PF,30,GSW,69,2288,.523,5.7,,.999,.466,.355,.078,.100,.001,,.523,.670,.408,.390,.357,.000,,.682,,,.075,70,,.000,,,0,0,leeda02
267,Alex Len,C,20,PHO,42,362,.423,6.7,,1.000,.474,.205,.218,.103,.000,,.423,.595,.375,.294,.000,,,.485,,,.141,10,,,,,0,0,lenal01
268,Kawhi Leonard,SF,22,SAS,66,1923,.522,12.5,,.718,.304,.147,.119,.147,.282,,.579,.694,.505,.468,.505,.379,,.519,.884,,.098,59,,.429,.372,,0,0,leonaka01
269,Meyers Leonard,C,21,POR,40,355,.451,10.9,,.934,.286,.253,.088,.308,.066,,.482,.615,.522,.375,.357,.000,,.902,,,.165,13,,.500,.000,,1,0,leoname01
270,Jon Leuer,PF,24,MEM,49,642,.492,12.4,,.801,.248,.195,.154,.203,.199,,.497,.656,.479,.421,.380,.469,,.694,1.000,,.073,16,,.061,.000,,0,0,leuerjo01
271,Rashard Lewis,SF,34,MIA,60,971,.415,17.1,,.432,.136,.157,.072,.068,.568,,.510,.750,.405,.529,.250,.343,,.577,1.000,,.017,4,,.642,.395,,0,0,lewisra02
272,DeAndre Liggins,SG,25,MIA,1,1,1.000,8.0,,1.000,.000,1.000,.000,.000,.000,,1.000,,1.000,,,,,.000,,,.000,0,,,,,0,0,liggide01
273,Damian Lillard,PG,23,POR,82,2937,.424,15.1,,.575,.289,.100,.055,.130,.425,,.447,.512,.290,.389,.447,.394,,.269,.596,,.021,22,,.094,.442,,1,0,lillada01
274,Jeremy Lin,PG,25,HOU,71,2054,.446,13.3,,.654,.287,.190,.065,.112,.346,,.492,.637,.389,.302,.405,.358,,.324,.854,,.006,4,,.175,.450,,0,0,linje01
275,Shaun Livingston,PG,28,BRK,76,1974,.483,7.5,,.988,.359,.281,.298,.049,.012,,.486,.566,.467,.448,.250,.167,,.329,1.000,,.113,50,,.667,.250,,0,0,livinsh01
276,Brook Lopez,C,25,BRK,17,533,.563,7.8,,.996,.328,.367,.135,.166,.004,,.566,.680,.500,.484,.553,.000,,.605,,,.057,12,,1.000,.000,,0,0,lopezbr01
277,Robin Lopez,C,25,POR,82,2603,.551,4.8,,.998,.573,.264,.101,.061,.002,,.552,.664,.406,.385,.410,.000,,.634,,,.116,75,,.000,,,1,0,lopezro01
278,Kevin Love,PF,25,MIN,77,2797,.457,14.3,,.645,.253,.167,.091,.134,.355,,.502,.669,.412,.354,.400,.376,,.572,.858,,.023,31,,.095,.396,,5,0,loveke01
279,Kyle Lowry,PG,27,TOR,79,2862,.423,16.4,,.537,.188,.162,.062,.126,.463,,.460,.611,.417,.328,.353,.380,,.281,.637,,.000,0,,.112,.357,,2,1,lowryky01
280,John Lucas III,PG,31,UTA,42,591,.326,17.3,,.558,.079,.153,.153,.174,.442,,.349,.733,.207,.172,.455,.298,,.378,1.000,,.000,0,,.345,.310,,0,0,lucasjo02
281,Shelvin Mack,PG,23,ATL,73,1490,.417,14.3,,.633,.250,.160,.078,.146,.367,,.464,.576,.350,.487,.384,.337,,.367,.694,,.000,0,,.239,.364,,0,0,macksh01
282,Ian Mahinmi,C,27,IND,77,1248,.481,5.1,,.995,.656,.153,.069,.116,.005,,.484,.548,.414,.385,.273,.000,,.659,,,.159,25,,.000,,,1,0,mahinia01
283,Shawn Marion,SF,35,DAL,76,2409,.482,10.0,,.771,.322,.294,.136,.020,.229,,.518,.689,.399,.417,.214,.358,,.795,1.000,,.092,62,,.512,.349,,1,0,mariosh01
284,Kendall Marshall,PG,22,LAL,54,1564,.406,16.5,,.575,.232,.093,.060,.191,.425,,.411,.536,.308,.400,.313,.399,,.212,.873,,.000,0,,.039,.429,,0,0,marshke01
285,Cartier Martin,SF,29,TOT,59,870,.420,18.5,,.428,.155,.061,.068,.144,.572,,.460,.634,.188,.444,.395,.391,,.827,.949,,.011,3,,.344,.365,,2,0,martica01
285,Cartier Martin,SF,29,ATL,53,822,.414,18.5,,.430,.160,.063,.066,.141,.570,,.455,.634,.188,.471,.361,.384,,.820,.946,,.012,3,,.322,.340,,2,0,martica01
285,Cartier Martin,SF,29,CHI,6,48,.625,20.9,,.375,.000,.000,.125,.250,.625,,.667,,,.000,1.000,.600,,1.000,1.000,,.000,0,,1.000,.600,,0,0,martica01
286,Kenyon Martin,PF,36,NYK,32,633,.512,6.6,,.992,.528,.187,.081,.195,.008,,.516,.708,.217,.300,.375,.000,,.683,,,.244,27,,.000,,,0,0,martike01
287,Kevin Martin,SG,30,MIN,68,2177,.430,14.5,,.710,.201,.135,.174,.199,.290,,.448,.631,.406,.326,.397,.387,,.585,.887,,.032,32,,.222,.394,,0,0,martike02
288,Roger Mason,SG,33,MIA,25,260,.373,22.2,,.284,.060,.000,.000,.224,.716,,.421,.000,,,.533,.354,,.625,.882,,.000,0,,.438,.381,,0,0,masonro01
289,Wesley Matthews,SG,27,POR,82,2780,.441,16.7,,.494,.188,.106,.092,.108,.506,,.490,.637,.393,.398,.404,.393,,.549,.940,,.019,17,,.344,.403,,1,0,matthwe02
290,Jason Maxiell,PF,30,ORL,34,488,.448,8.8,,1.000,.248,.362,.190,.200,.000,,.448,.462,.605,.350,.238,,,.702,,,.076,6,,,,,0,0,maxieja01
291,Eric Maynor,PG,26,TOT,31,327,.317,16.0,,.634,.069,.228,.198,.139,.366,,.313,.571,.217,.300,.357,.324,,.200,.917,,.000,0,,.054,.500,,1,0,maynoer01
291,Eric Maynor,PG,26,WAS,23,215,.292,16.5,,.653,.069,.236,.222,.125,.347,,.277,.400,.294,.250,.222,.320,,.231,.875,,.000,0,,.040,1.000,,1,0,maynoer01
291,Eric Maynor,PG,26,PHI,8,112,.379,15.0,,.586,.069,.207,.138,.172,.414,,.412,1.000,.000,.500,.600,.333,,.143,1.000,,.000,0,,.083,.000,,0,0,maynoer01
292,O.J. Mayo,SG,26,MIL,52,1346,.407,17.3,,.587,.151,.104,.120,.213,.413,,.433,.554,.333,.455,.385,.370,,.429,.786,,.004,1,,.141,.469,,2,0,mayooj01
293,Luc Mbah a Moute,PF-SF,27,TOT,64,1003,.451,8.2,,.912,.570,.093,.021,.228,.088,,.472,.564,.333,.000,.341,.235,,.699,1.000,,.073,11,,.824,.286,,0,0,mbahalu01
293,Luc Mbah a Moute,SF,27,SAC,9,196,.469,7.5,,.906,.531,.219,.000,.156,.094,,.483,.529,.143,,.800,.333,,.857,1.000,,.156,3,,1.000,.333,,0,0,mbahalu01
293,Luc Mbah a Moute,PF,27,MIN,55,807,.447,8.3,,.913,.578,.068,.025,.242,.087,,.469,.570,.455,.000,.282,.214,,.667,1.000,,.056,8,,.786,.273,,0,0,mbahalu01
294,Ray McCallum,PG,22,SAC,45,897,.377,13.8,,.803,.227,.153,.090,.330,.197,,.378,.588,.304,.370,.273,.373,,.363,.909,,.033,8,,.390,.391,,0,0,mccalra01
295,CJ McCollum,SG,22,POR,38,476,.416,17.3,,.551,.129,.140,.096,.185,.449,,.449,.435,.520,.588,.333,.375,,.364,.900,,.011,2,,.238,.579,,1,0,mccolcj01
296,JaVale McGee,C,26,DEN,5,79,.447,5.6,,1.000,.500,.289,.105,.105,.000,,.447,.632,.182,.750,.000,,,.647,,,.237,9,,,,,0,0,mcgeeja01
297,Ben McLemore,SG,20,SAC,82,2187,.376,16.6,,.563,.214,.109,.041,.200,.437,,.419,.607,.216,.393,.331,.320,,.619,.947,,.066,34,,.269,.425,,5,1,mclembe01
298,Josh McRoberts,PF,26,CHA,78,2360,.436,16.5,,.486,.251,.097,.034,.104,.514,,.516,.634,.400,.632,.305,.361,,.683,.981,,.064,31,,.082,.250,,0,0,mcrobjo01
299,Jodie Meeks,SG,26,LAL,77,2556,.463,14.8,,.547,.289,.111,.061,.086,.453,,.514,.678,.323,.333,.338,.401,,.741,.907,,.034,28,,.225,.418,,0,0,meeksjo01
300,Gal Mekel,PG,25,DAL,31,292,.349,11.8,,.767,.221,.279,.174,.093,.233,,.379,.632,.208,.333,.375,.250,,.360,1.000,,.000,0,,.350,.286,,0,0,mekelga01
301,Khris Middleton,SF,22,MIL,82,2460,.440,15.9,,.660,.170,.111,.133,.246,.340,,.454,.552,.316,.465,.443,.414,,.688,.958,,.011,9,,.324,.415,,2,0,middlkh01
302,C.J. Miles,SG,26,CLE,51,984,.435,17.6,,.484,.169,.098,.071,.147,.516,,.480,.609,.400,.414,.417,.393,,.674,.928,,.042,16,,.246,.462,,2,0,milescj01
303,Andre Miller,SG,37,TOT,58,982,.459,9.0,,.909,.368,.307,.117,.117,.091,,.452,.576,.338,.370,.444,.524,,.189,.909,,.000,0,,.143,1.000,,5,0,millean02
303,Andre Miller,SG,37,DEN,30,570,.458,10.4,,.875,.313,.306,.139,.118,.125,,.452,.556,.364,.400,.471,.500,,.193,.889,,.000,0,,.111,1.000,,4,0,millean02
303,Andre Miller,SG,37,WAS,28,412,.460,6.7,,.966,.460,.310,.080,.115,.034,,.452,.600,.296,.286,.400,.667,,.184,1.000,,.000,0,,.333,1.000,,1,0,millean02
304,Darius Miller,SF,23,NOP,45,723,.440,18.7,,.536,.048,.139,.120,.229,.464,,.539,.750,.435,.500,.579,.325,,.625,.920,,.012,2,,.351,.407,,2,0,milleda01
305,Mike Miller,SF,33,MEM,82,1707,.481,19.3,,.474,.104,.070,.047,.253,.526,,.505,.717,.355,.476,.464,.459,,.670,.972,,.002,1,,.223,.500,,0,0,millemi01
306,Quincy Miller,PF,21,DEN,52,789,.367,14.0,,.633,.289,.109,.078,.156,.367,,.395,.527,.393,.150,.275,.319,,.453,.933,,.059,13,,.447,.310,,0,0,millequ01
307,Patty Mills,PG,25,SAS,81,1527,.464,18.1,,.523,.132,.068,.074,.249,.477,,.500,.716,.467,.367,.434,.425,,.443,.726,,.000,0,,.302,.469,,1,0,millspa02
308,Paul Millsap,PF,28,ATL,74,2482,.461,10.4,,.798,.345,.239,.104,.110,.202,,.487,.620,.428,.385,.296,.358,,.641,.974,,.040,34,,.193,.366,,2,1,millspa01
309,Tony Mitchell,PF,21,DET,21,79,.417,7.4,,.917,.667,.000,.000,.250,.083,,.364,.500,,,.000,1.000,,.500,1.000,,.167,2,,.000,,,0,0,mitchto02
310,Tony Mitchell,SF,24,MIL,3,10,.600,8.8,,.800,.400,.400,.000,.000,.200,,.750,1.000,.500,,,.000,,.667,,,.200,1,,.000,,,0,0,mitchto03
311,Nazr Mohammed,C,36,CHI,80,562,.429,7.6,,1.000,.437,.206,.198,.159,.000,,.429,.564,.423,.240,.300,,,.556,,,.040,4,,,,,0,0,mohamna01
312,Greg Monroe,PF,23,DET,82,2690,.497,5.0,,.999,.524,.321,.060,.094,.001,,.497,.632,.368,.410,.242,.000,,.558,,,.038,35,,.000,,,1,0,monrogr01
313,E'Twaun Moore,SG,24,ORL,79,1506,.428,14.6,,.647,.208,.186,.112,.140,.353,,.468,.547,.471,.353,.438,.354,,.449,.930,,.011,5,,.236,.342,,0,0,mooreet01
314,Darius Morris,PG,23,TOT,27,313,.406,13.7,,.604,.198,.177,.094,.135,.396,,.466,.737,.471,.222,.231,.316,,.259,.500,,.000,0,,.184,.429,,0,0,morrida01
314,Darius Morris,PG,23,PHI,12,193,.433,12.9,,.642,.194,.224,.075,.149,.358,,.442,.692,.533,.000,.200,.417,,.211,.500,,.000,0,,.208,.600,,0,0,morrida01
314,Darius Morris,PG,23,LAC,10,54,.308,12.9,,.462,.308,.077,.077,.000,.538,,.667,1.000,.000,.000,,.000,,.750,,,.000,0,,.286,.000,,0,0,morrida01
314,Darius Morris,PG,23,MEM,5,66,.375,17.9,,.563,.125,.063,.188,.188,.438,,.444,.500,.000,.667,.333,.286,,.000,.500,,.000,0,,.000,,,0,0,morrida01
315,Marcus Morris,SF,24,PHO,82,1800,.442,16.5,,.601,.169,.077,.167,.187,.399,,.483,.655,.340,.486,.385,.381,,.439,.949,,.020,12,,.392,.373,,3,0,morrima03
316,Markieff Morris,PF,24,PHO,81,2153,.486,11.4,,.872,.288,.174,.220,.191,.128,,.512,.658,.401,.478,.429,.315,,.528,.882,,.076,62,,.111,.333,,5,0,morrima02
317,Anthony Morrow,SG,28,NOP,76,1426,.458,16.8,,.625,.085,.150,.179,.212,.375,,.462,.591,.487,.462,.391,.451,,.653,.932,,.000,0,,.385,.467,,0,0,morroan01
318,Donatas Motiejūnas,PF,23,HOU,62,952,.443,11.1,,.716,.304,.351,.034,.027,.284,,.519,.589,.471,.600,.250,.250,,.727,1.000,,.034,7,,.333,.357,,5,0,motiedo01
319,Arnett Moultrie,PF,23,PHI,12,187,.421,10.3,,1.000,.342,.105,.211,.342,.000,,.421,.615,.000,.250,.462,,,.750,,,.079,3,,,,,0,0,moultar01
320,Timofey Mozgov,C,27,DEN,82,1770,.523,5.2,,.956,.561,.301,.040,.053,.044,,.539,.637,.409,.409,.345,.167,,.754,1.000,,.206,95,,.167,.000,,0,0,mozgoti01
321,Shabazz Muhammad,SG,21,MIN,37,290,.460,8.9,,.911,.323,.282,.210,.097,.089,,.478,.475,.486,.500,.417,.273,,.537,1.000,,.073,7,,.273,.333,,0,0,muhamsh01
322,Byron Mullens,C,24,TOT,45,414,.442,17.3,,.461,.212,.079,.073,.097,.539,,.526,.714,.231,.500,.375,.371,,.600,.970,,.085,11,,.090,.250,,0,0,mulleby01
322,Byron Mullens,C,24,LAC,27,167,.406,18.6,,.391,.188,.078,.016,.109,.609,,.520,.583,.200,1.000,.571,.333,,.615,.923,,.094,4,,.077,.667,,0,0,mulleby01
322,Byron Mullens,C,24,PHI,18,247,.465,16.5,,.505,.228,.079,.109,.089,.495,,.529,.783,.250,.455,.222,.400,,.593,1.000,,.079,7,,.100,.000,,0,0,mulleby01
323,Erik Murphy,C,23,CHI,24,62,.231,14.6,,.769,.077,.308,.077,.308,.231,,.300,1.000,.250,.000,.250,.000,,1.000,,,.000,0,,.333,.000,,0,0,murpher01
324,Toure' Murry,PG,24,NYK,51,373,.434,10.8,,.907,.318,.202,.140,.248,.093,,.436,.561,.231,.389,.469,.417,,.353,.600,,.008,1,,.333,.250,,0,0,murryto01
325,Mike Muscala,PF,22,ATL,20,215,.425,10.8,,.959,.301,.178,.123,.356,.041,,.443,.500,.308,.333,.500,.000,,.839,,,.082,4,,.333,.000,,0,0,muscami01
326,Hamady N'Diaye,C,27,SAC,14,74,.333,8.0,,1.000,.000,1.000,.000,.000,.000,,.333,,.333,,,,,.667,,,.222,2,,,,,0,0,ndiayha01
327,Steve Nash*,PG,39,LAL,15,313,.383,15.7,,.745,.117,.085,.330,.213,.255,,.400,.455,.500,.387,.350,.333,,.143,.750,,.000,0,,.000,,,0,0,nashst01
328,Gary Neal,SG,29,TOT,52,1114,.410,17.3,,.618,.079,.132,.176,.231,.382,,.430,.595,.419,.422,.385,.378,,.472,.706,,.000,0,,.133,.417,,0,0,nealga01
328,Gary Neal,SG,29,MIL,30,607,.390,17.6,,.599,.072,.112,.202,.213,.401,,.410,.600,.387,.357,.407,.360,,.426,.700,,.000,0,,.126,.429,,0,0,nealga01
328,Gary Neal,SG,29,CHA,22,507,.438,16.9,,.644,.088,.160,.139,.258,.356,,.456,.588,.452,.556,.360,.406,,.526,.714,,.000,0,,.145,.400,,0,0,nealga01
329,Nemanja Nedović,SG,22,GSW,24,142,.205,17.7,,.538,.154,.077,.103,.205,.462,,.238,.333,.000,.250,.250,.167,,.400,.333,,.000,0,,.167,.333,,0,0,nedovne01
330,Jameer Nelson,PG,31,ORL,68,2179,.394,17.6,,.477,.195,.108,.052,.120,.523,,.444,.596,.383,.410,.267,.348,,.278,.515,,.000,0,,.090,.257,,0,0,nelsoja01
331,Andrew Nicholson,PF,24,ORL,76,1174,.429,14.5,,.788,.131,.240,.090,.326,.212,,.459,.727,.386,.368,.431,.315,,.586,.964,,.019,8,,.910,.321,,1,0,nichoan01
332,Joakim Noah,C,28,CHI,80,2820,.475,6.3,,.998,.516,.258,.041,.183,.003,,.476,.581,.345,.333,.397,.000,,.637,,,.070,52,,.500,.000,,1,0,noahjo01
333,Steve Novak,PF,30,TOR,54,540,.411,23.8,,.164,.007,.014,.007,.137,.836,,.333,.000,.000,.000,.400,.426,,.500,.923,,.000,0,,.287,.400,,0,0,novakst01
334,Dirk Nowitzki*,PF,35,DAL,80,2628,.497,16.7,,.742,.064,.071,.322,.285,.258,,.532,.778,.578,.485,.518,.398,,.500,.947,,.008,10,,.027,.111,,0,0,nowitdi01
335,James Nunnally,SF,23,TOT,13,165,.326,17.5,,.457,.174,.087,.043,.152,.543,,.333,.750,.000,.000,.143,.320,,.714,1.000,,.022,1,,.400,.400,,0,0,nunnaja01
335,James Nunnally,SF,23,ATL,4,54,.333,18.6,,.444,.167,.000,.056,.222,.556,,.375,.667,,.000,.250,.300,,1.000,1.000,,.056,1,,.600,.167,,0,0,nunnaja01
335,James Nunnally,SF,23,PHI,9,111,.321,16.7,,.464,.179,.143,.036,.107,.536,,.308,.800,.000,.000,.000,.333,,.500,1.000,,.000,0,,.267,.750,,0,0,nunnaja01
336,Jermaine O'Neal,PF,35,GSW,44,883,.504,5.8,,1.000,.379,.448,.133,.040,.000,,.504,.691,.387,.424,.300,,,.592,,,.113,28,,,,,0,0,onealje01
337,Kyle O'Quinn,C,23,ORL,69,1188,.501,10.4,,.992,.326,.164,.127,.375,.008,,.505,.702,.344,.511,.403,.000,,.677,,,.108,36,,.000,,,1,0,oquinky01
338,Greg Oden,C,26,MIA,23,212,.551,3.1,,1.000,.714,.245,.041,.000,.000,,.551,.686,.250,.000,,,,.778,,,.510,20,,,,,0,0,odengr01
339,Victor Oladipo,PG,21,ORL,80,2487,.419,12.4,,.759,.388,.092,.077,.202,.241,,.448,.554,.244,.333,.381,.327,,.236,.730,,.042,38,,.102,.304,,4,0,oladivi01
340,Kelly Olynyk,C,22,BOS,70,1400,.466,11.0,,.773,.402,.131,.090,.149,.227,,.500,.653,.303,.356,.347,.351,,.686,.975,,.020,10,,.096,.364,,0,0,olynyke01
341,Arinze Onuaku,PF,26,TOT,5,30,.200,2.0,,1.000,.800,.200,.000,.000,.000,,.200,.250,.000,,,,,.000,,,.000,0,,,,,0,0,onuakar01
341,Arinze Onuaku,PF,26,NOP,3,25,.250,1.7,,1.000,1.000,.000,.000,.000,.000,,.250,.250,,,,,,.000,,,.000,0,,,,,0,0,onuakar01
341,Arinze Onuaku,PF,26,CLE,2,5,.000,3.5,,1.000,.000,1.000,.000,.000,.000,,.000,,.000,,,,,,,,.000,0,,,,,0,0,onuakar01
342,Daniel Orton,C,23,PHI,22,251,.447,6.9,,1.000,.532,.170,.128,.170,.000,,.447,.480,.250,.333,.625,,,.762,,,.064,3,,,,,0,0,ortonda01
343,Travis Outlaw,SF,29,SAC,63,1065,.399,17.3,,.641,.098,.113,.153,.276,.359,,.426,.625,.432,.360,.389,.350,,.494,.927,,.034,10,,.256,.367,,0,0,outlatr01
344,Zaza Pachulia,C,29,MIL,53,1325,.427,6.4,,.997,.504,.198,.181,.115,.003,,.428,.506,.290,.397,.375,.000,,.624,,,.009,3,,.000,,,0,0,pachuza01
345,Jannero Pargo,PG,34,CHA,29,242,.441,21.1,,.492,.042,.017,.076,.356,.508,,.483,.000,1.000,.667,.476,.400,,.429,.667,,.000,0,,.150,.556,,1,0,pargoja01
346,Tony Parker*,PG,31,SAS,68,1997,.499,9.9,,.927,.329,.229,.117,.252,.073,,.509,.628,.426,.449,.457,.373,,.325,.960,,.000,0,,.597,.400,,0,0,parketo01
347,Chandler Parsons,SF,25,HOU,74,2783,.472,12.6,,.644,.333,.183,.064,.064,.356,,.528,.644,.420,.429,.333,.370,,.527,.946,,.061,53,,.214,.427,,0,0,parsoch01
348,Patrick Patterson,PF,24,TOT,65,1533,.460,14.4,,.691,.194,.168,.147,.182,.309,,.503,.632,.500,.458,.404,.364,,.729,.982,,.043,19,,.397,.383,,0,0,pattepa01
348,Patrick Patterson,PF,24,SAC,17,415,.410,13.9,,.680,.189,.213,.131,.148,.320,,.494,.652,.577,.375,.278,.231,,.756,1.000,,.025,2,,.308,.167,,0,0,pattepa01
348,Patrick Patterson,PF,24,TOR,48,1118,.477,14.6,,.695,.196,.153,.153,.193,.305,,.506,.625,.464,.482,.437,.411,,.721,.978,,.049,17,,.429,.438,,0,0,pattepa01
349,Chris Paul,PG,28,LAC,62,2171,.467,15.1,,.756,.125,.153,.255,.222,.244,,.498,.706,.481,.459,.440,.368,,.152,.487,,.001,1,,.099,.429,,1,0,paulch01
350,Nikola Peković,C,28,MIN,54,1663,.541,3.9,,1.000,.552,.379,.053,.014,.000,,.541,.638,.436,.270,.500,,,.604,,,.029,16,,,,,0,0,pekovni01
351,Kendrick Perkins,C,29,OKC,62,1207,.451,5.4,,.995,.415,.435,.088,.057,.005,,.453,.488,.440,.529,.182,.000,,.667,,,.052,9,,.000,,,0,0,perkike01
352,Paul Pierce*,SF,36,BRK,75,2098,.451,15.7,,.579,.237,.074,.129,.138,.421,,.507,.639,.340,.424,.449,.373,,.474,.946,,.031,19,,.073,.545,,0,0,piercpa01
353,Dexter Pittman,C,25,ATL,2,3,.000,1.4,,1.000,1.000,.000,.000,.000,.000,,.000,.000,,,,,,,,,.000,0,,,,,0,0,pittmde01
354,Mason Plumlee,C,23,BRK,70,1275,.659,2.9,,.990,.785,.189,.013,.003,.010,,.666,.759,.333,.000,.000,.000,,.814,,,.404,116,,.000,,,2,0,plumlma01
355,Miles Plumlee,C,25,PHO,80,1964,.517,4.5,,1.000,.515,.376,.081,.027,.000,,.517,.691,.341,.311,.267,,,.591,,,.221,103,,,,,0,0,plumlmi01
356,Quincy Pondexter,SG,25,MEM,15,270,.392,14.6,,.570,.291,.139,.076,.063,.430,,.444,.522,.455,.333,.200,.324,,.500,.909,,.076,6,,.353,.333,,0,0,pondequ01
357,Otto Porter Jr.,SF,20,WAS,37,319,.363,14.7,,.769,.198,.121,.121,.330,.231,,.414,.611,.364,.273,.367,.190,,.655,.750,,.011,1,,.476,.100,,0,0,porteot01
358,Josh Powell,PF,31,HOU,1,19,.333,8.0,,1.000,.000,1.000,.000,.000,.000,,.333,,.333,,,,,1.000,,,.000,0,,,,,0,0,poweljo01
359,Phil Pressey,PG,22,BOS,75,1132,.308,16.5,,.581,.229,.091,.059,.202,.419,,.340,.517,.174,.200,.255,.264,,.180,.857,,.008,2,,.066,.143,,1,0,pressph01
360,A.J. Price,SG,27,MIN,28,99,.413,19.7,,.522,.065,.043,.043,.370,.478,,.542,1.000,.500,1.000,.412,.273,,.231,.833,,.000,0,,.045,1.000,,0,0,priceaj01
361,Ronnie Price,SG,30,ORL,31,377,.304,18.3,,.533,.207,.054,.022,.250,.467,,.388,.368,.600,1.000,.304,.209,,.316,.667,,.054,4,,.163,.000,,1,0,pricero01
362,Pablo Prigioni,PG,36,NYK,66,1283,.461,20.4,,.267,.131,.063,.037,.037,.733,,.451,.640,.250,.143,.429,.464,,.304,.677,,.000,0,,.243,.471,,1,0,prigipa01
363,Tayshaun Prince,SF,33,MEM,76,1948,.407,13.8,,.860,.185,.177,.118,.380,.140,,.426,.758,.345,.328,.332,.290,,.667,1.000,,.049,23,,.768,.340,,0,0,princta01
364,Miroslav Raduljica,C,26,MIL,48,465,.540,3.9,,1.000,.571,.333,.056,.040,.000,,.540,.667,.429,.286,.000,,,.676,,,.040,5,,,,,0,0,radulmi01
365,Anthony Randolph,PF,24,DEN,43,527,.386,14.4,,.653,.267,.125,.045,.210,.347,,.435,.638,.318,.375,.270,.295,,.560,1.000,,.040,7,,.426,.346,,1,0,randoan01
366,Shavlik Randolph,PF,30,PHO,14,95,.500,3.7,,1.000,.500,.500,.000,.000,.000,,.500,.714,.286,,,,,.571,,,.071,1,,,,,0,0,randosh01
367,Zach Randolph,PF,32,MEM,79,2705,.467,7.9,,.983,.345,.346,.123,.170,.017,,.474,.569,.432,.422,.402,.100,,.461,1.000,,.007,7,,.100,.500,,3,0,randoza01
368,JJ Redick,SG,29,LAC,35,987,.455,18.9,,.535,.101,.063,.068,.304,.465,,.507,.725,.240,.370,.521,.395,,.833,.918,,.000,0,,.281,.500,,0,0,redicjj01
369,Glen Rice Jr.,SG,23,WAS,11,109,.297,18.4,,.541,.216,.054,.135,.135,.459,,.300,.625,.500,.000,.000,.294,,.667,1.000,,.108,4,,.118,.500,,1,0,ricegl02
370,Luke Ridnour,PG,32,TOT,61,1141,.385,17.4,,.670,.089,.098,.116,.367,.330,,.406,.483,.344,.316,.433,.343,,.258,.703,,.000,0,,.361,.436,,0,0,ridnolu01
370,Luke Ridnour,PG,32,MIL,36,763,.384,16.6,,.689,.110,.110,.132,.338,.311,,.391,.500,.417,.310,.378,.368,,.271,.680,,.000,0,,.397,.444,,0,0,ridnolu01
370,Luke Ridnour,PG,32,CHA,25,378,.389,19.1,,.630,.046,.074,.083,.426,.370,,.441,.400,.125,.333,.522,.300,,.233,.750,,.000,0,,.300,.417,,0,0,ridnolu01
371,Austin Rivers,PG,21,NOP,69,1339,.405,9.8,,.791,.386,.291,.055,.059,.209,,.416,.536,.319,.231,.286,.364,,.218,.972,,.015,7,,.222,.409,,5,0,riverau01
372,Andre Roberson,SG,22,OKC,40,399,.485,6.8,,.809,.676,.074,.015,.044,.191,,.564,.674,.000,.000,.000,.154,,.452,1.000,,.176,11,,.615,.250,,0,0,roberan03
373,Brian Roberts,PG,28,NOP,72,1667,.420,16.5,,.694,.108,.158,.143,.282,.306,,.447,.413,.435,.518,.433,.360,,.311,.688,,.000,0,,.202,.361,,5,0,roberbr01
374,Nate Robinson,PG,29,DEN,44,866,.428,15.9,,.598,.214,.104,.089,.191,.402,,.463,.671,.375,.206,.397,.377,,.274,.707,,.008,3,,.234,.500,,0,0,robinna01
375,Thomas Robinson,PF,22,POR,70,873,.481,6.6,,.997,.570,.133,.075,.218,.003,,.483,.641,.179,.273,.328,.000,,.617,,,.116,31,,1.000,.000,,0,0,robinth01
376,Rajon Rondo,PG,27,BOS,30,998,.403,11.9,,.743,.326,.211,.043,.163,.257,,.442,.544,.324,.400,.404,.289,,.200,.385,,.000,0,,.089,.250,,1,0,rondora01
377,Derrick Rose,PG,25,CHI,10,311,.354,12.3,,.713,.299,.226,.073,.116,.287,,.359,.531,.243,.417,.105,.340,,.405,.875,,.006,1,,.106,.400,,0,0,rosede01
378,Terrence Ross,SG,22,TOR,81,2159,.423,18.2,,.457,.125,.113,.097,.121,.543,,.458,.649,.459,.411,.297,.395,,.541,.950,,.039,25,,.331,.415,,5,1,rosste01
379,Ricky Rubio,PG,23,MIN,82,2638,.381,11.8,,.801,.407,.073,.069,.252,.199,,.393,.491,.347,.174,.308,.331,,.175,.977,,.000,0,,.195,.192,,1,0,rubiori01
380,Brandon Rush,SG,28,UTA,38,418,.333,19.0,,.478,.100,.078,.067,.233,.522,,.326,.333,.429,.333,.286,.340,,.357,.813,,.011,0,,.277,.462,,0,0,rushbr01
381,Robert Sacre,C,24,LAL,65,1089,.477,7.8,,1.000,.283,.377,.223,.117,.000,,.477,.682,.434,.358,.343,,,.818,,,.137,36,,,,,0,0,sacrero01
382,John Salmons,SG-SF,34,TOT,78,1726,.363,17.3,,.605,.104,.111,.123,.266,.395,,.348,.442,.304,.353,.327,.387,,.391,.937,,.005,1,,.411,.463,,1,0,salmojo01
382,John Salmons,SF,34,SAC,18,445,.350,16.1,,.641,.094,.171,.179,.197,.359,,.333,.545,.250,.333,.304,.381,,.480,.938,,.009,0,,.429,.444,,0,0,salmojo01
382,John Salmons,SG,34,TOR,60,1281,.368,17.8,,.591,.108,.088,.101,.294,.409,,.354,.406,.346,.367,.333,.388,,.355,.936,,.003,1,,.405,.469,,1,0,salmojo01
383,Larry Sanders,C,25,MIL,23,584,.469,3.9,,.994,.691,.185,.080,.037,.006,,.472,.571,.267,.231,.167,.000,,.566,,,.167,24,,.000,,,0,0,sandela01
384,Dennis Schröder,PG,20,ATL,49,641,.383,11.9,,.777,.309,.218,.080,.170,.223,,.425,.569,.366,.267,.313,.238,,.339,.900,,.000,0,,.214,.333,,2,0,schrode01
385,Luis Scola,PF,33,IND,82,1399,.470,12.2,,.988,.229,.175,.102,.482,.013,,.474,.594,.388,.439,.456,.143,,.763,1.000,,.005,3,,.571,.250,,1,0,scolalu01
386,Mike Scott,PF,25,ATL,80,1482,.479,12.8,,.682,.293,.196,.091,.102,.318,,.558,.712,.455,.368,.484,.310,,.858,1.000,,.041,22,,.240,.292,,2,0,scottmi01
387,Thabo Sefolosha,SG,29,OKC,61,1584,.415,14.3,,.553,.315,.068,.068,.103,.447,,.495,.626,.261,.304,.371,.316,,.548,.979,,.053,16,,.546,.337,,0,0,sefolth01
388,Kevin Séraphin,C,24,WAS,53,578,.505,7.7,,1.000,.273,.400,.209,.118,.000,,.505,.683,.500,.348,.385,,,.532,,,.055,12,,,,,0,0,serapke01
389,Ramon Sessions,PG,27,TOT,83,2214,.429,9.2,,.839,.446,.195,.081,.117,.161,,.457,.560,.327,.355,.356,.282,,.386,.886,,.017,13,,.169,.286,,0,0,sessira01
389,Ramon Sessions,PG,27,CHA,55,1305,.409,8.7,,.854,.460,.211,.075,.108,.146,,.441,.542,.316,.343,.320,.221,,.371,.867,,.015,7,,.147,.300,,0,0,sessira01
389,Ramon Sessions,PG,27,MIL,28,909,.461,9.9,,.816,.424,.171,.089,.132,.184,,.484,.589,.346,.370,.400,.357,,.408,.900,,.020,6,,.196,.273,,0,0,sessira01
390,Mustafa Shakur,PG,29,OKC,3,11,.000,6.2,,.667,.333,.333,.000,.000,.333,,.000,.000,.000,,,.000,,,,,.000,0,,.000,,,0,0,shakumu01
391,Tornike Shengelia,SF,22,TOT,26,154,.464,8.0,,.786,.571,.179,.000,.036,.214,,.591,.688,.400,,.000,.000,,.385,,,.107,3,,.167,.000,,0,0,shengto01
391,Tornike Shengelia,SF,22,BRK,17,137,.458,8.8,,.750,.542,.167,.000,.042,.250,,.611,.692,.500,,.000,.000,,.364,,,.083,2,,.167,.000,,0,0,shengto01
391,Tornike Shengelia,SF,22,CHI,9,17,.500,2.8,,1.000,.750,.250,.000,.000,.000,,.500,.667,.000,,,,,.500,,,.250,1,,,,,0,0,shengto01
392,Iman Shumpert,SG,23,NYK,74,1962,.378,17.1,,.529,.200,.062,.050,.217,.471,,.418,.536,.233,.292,.390,.333,,.271,.829,,.031,12,,.439,.390,,1,0,shumpim01
393,Alexey Shved,SG,25,MIN,63,664,.321,15.1,,.570,.300,.089,.063,.118,.430,,.341,.521,.238,.067,.107,.294,,.391,.633,,.030,7,,.127,.385,,1,0,shvedal01
394,Henry Sims,C,23,TOT,46,875,.474,7.4,,.996,.401,.266,.161,.168,.004,,.476,.573,.425,.432,.370,.000,,.592,,,.036,10,,.000,,,0,0,simshe01
394,Henry Sims,C,23,CLE,20,168,.400,8.0,,1.000,.378,.222,.178,.222,.000,,.400,.529,.500,.125,.300,,,.611,,,.022,1,,,,,0,0,simshe01
394,Henry Sims,C,23,PHI,26,707,.489,7.2,,.996,.406,.275,.157,.157,.004,,.491,.581,.413,.500,.389,.000,,.589,,,.039,9,,.000,,,0,0,simshe01
395,Kyle Singler,SF,25,DET,82,2337,.447,14.6,,.591,.272,.135,.058,.126,.409,,.492,.628,.358,.457,.355,.382,,.686,.979,,.023,13,,.553,.485,,4,0,singlky01
396,Chris Singleton,SF,24,WAS,25,250,.373,14.0,,.716,.239,.134,.119,.224,.284,,.375,.625,.111,.250,.333,.368,,.444,1.000,,.030,2,,.263,.000,,0,0,singlch01
397,Peyton Siva,SG,23,DET,24,224,.316,13.8,,.561,.404,.070,.018,.070,.439,,.344,.348,.250,1.000,.250,.280,,.091,.429,,.000,0,,.080,.000,,0,0,sivape01
398,Donald Sloan,SG,26,IND,48,392,.376,13.9,,.641,.256,.197,.043,.145,.359,,.453,.533,.348,.400,.471,.238,,.118,.900,,.000,0,,.286,.333,,0,0,sloando01
399,Chris Smith,PG,26,NYK,2,2,,,,,,,,,,,,,,,,,,,,,,0,,,,,0,0,smithch05
400,Greg Smith,C,23,HOU,11,100,.643,2.5,,1.000,.679,.321,.000,.000,.000,,.643,.789,.333,,,,,.444,,,.107,3,,,,,0,0,smithgr02
401,Ish Smith,PG,25,PHO,70,1006,.423,8.4,,.918,.388,.288,.100,.139,.082,,.457,.569,.370,.429,.359,.043,,.153,.000,,.004,1,,.348,.000,,0,0,smithis01
402,J.R. Smith,SF,28,NYK,74,2421,.415,19.3,,.497,.123,.066,.060,.249,.503,,.436,.607,.381,.368,.382,.394,,.198,.905,,.019,15,,.127,.426,,10,0,smithjr01
403,Jason Smith,PF,27,NOP,31,830,.465,14.0,,1.000,.170,.092,.124,.613,.000,,.465,.563,.385,.343,.474,,,.847,,,.018,5,,,,,0,0,smithja02
404,Josh Smith,SF,28,DET,77,2730,.419,12.5,,.785,.244,.247,.064,.230,.215,,.462,.711,.341,.342,.360,.264,,.544,.957,,.062,74,,.158,.262,,0,0,smithjo03
405,Tony Snell,SG,22,CHI,77,1231,.384,17.7,,.470,.146,.134,.042,.149,.530,,.456,.551,.378,.357,.460,.320,,.569,1.000,,.021,6,,.258,.304,,0,0,snellto01
406,James Southerland,SF,23,TOT,4,30,.333,14.5,,.600,.000,.267,.067,.267,.400,,.222,,.500,.000,.000,.500,,1.000,1.000,,.067,1,,.167,.000,,0,0,southja01
406,James Southerland,SF,23,CHA,1,3,.000,19.5,,.667,.000,.000,.000,.667,.333,,.000,,,,.000,.000,,,,,.000,0,,1.000,.000,,0,0,southja01
406,James Southerland,SF,23,NOP,3,27,.417,13.2,,.583,.000,.333,.083,.167,.417,,.286,,.500,.000,.000,.600,,1.000,1.000,,.083,1,,.000,,,0,0,southja01
407,Marreese Speights,C,26,GSW,79,982,.441,10.4,,.930,.342,.195,.095,.299,.070,,.455,.609,.419,.357,.333,.258,,.663,1.000,,.063,26,,.129,.000,,0,0,speigma01
408,Tiago Splitter,C,29,SAS,59,1271,.523,3.8,,.991,.598,.355,.014,.023,.009,,.528,.633,.366,.000,.625,.000,,.669,,,.107,32,,.333,.000,,1,0,splitti01
409,D.J. Stephens,SG,23,MIL,3,15,.429,8.0,,1.000,.000,1.000,.000,.000,.000,,.429,,.429,,,,,.000,,,.286,1,,,,,0,0,stephdj01
410,Lance Stephenson,SG,23,IND,78,2752,.491,12.2,,.720,.371,.144,.077,.128,.280,,.545,.693,.432,.299,.387,.352,,.328,.791,,.023,19,,.193,.489,,4,0,stephla01
411,Greg Stiemsma,C,28,NOP,55,1007,.574,5.2,,.992,.615,.180,.107,.090,.008,,.579,.707,.409,.154,.545,.000,,.700,,,.148,14,,.000,,,0,0,stiemgr01
412,Julyan Stone,SG,25,TOR,21,120,.412,13.8,,.529,.235,.294,.000,.000,.471,,.556,.500,.600,,,.250,,.200,1.000,,.059,1,,.250,.000,,0,0,stoneju01
413,Amar'e Stoudemire,C,31,NYK,65,1466,.557,7.7,,1.000,.430,.233,.073,.263,.000,,.557,.679,.500,.512,.422,,,.621,,,.147,76,,,,,0,0,stoudam01
414,Rodney Stuckey,SG,27,DET,73,1950,.436,10.8,,.897,.277,.239,.156,.225,.103,,.455,.648,.353,.406,.359,.273,,.405,1.000,,.002,2,,.557,.367,,4,0,stuckro01
415,Jared Sullinger,PF,21,BOS,74,2041,.427,11.4,,.769,.310,.245,.099,.115,.231,,.475,.599,.377,.348,.456,.269,,.473,1.000,,.024,19,,.096,.300,,3,0,sullija01
416,Jeff Taylor,SF,24,CHA,26,629,.376,12.6,,.693,.390,.069,.046,.188,.307,,.424,.600,.200,.100,.220,.269,,.719,1.000,,.110,22,,.537,.361,,1,0,tayloje03
417,Tyshawn Taylor,PG,23,BRK,23,270,.341,10.2,,.868,.341,.242,.121,.165,.132,,.354,.419,.409,.182,.267,.250,,.286,.667,,.022,2,,.083,.000,,0,0,tayloty01
418,Jeff Teague,PG,25,ATL,79,2542,.438,10.9,,.784,.308,.255,.117,.104,.216,,.469,.606,.381,.377,.380,.329,,.199,.595,,.009,8,,.111,.400,,2,0,teaguje01
419,Marquis Teague,SG,20,TOT,40,443,.319,10.0,,.849,.395,.210,.067,.176,.151,,.327,.447,.200,.375,.190,.278,,.212,.600,,.008,0,,.000,,,0,0,teaguma01
419,Marquis Teague,SG,20,CHI,19,242,.242,9.2,,.848,.439,.227,.061,.121,.152,,.250,.310,.200,.250,.125,.200,,.214,.500,,.015,0,,.000,,,0,0,teaguma01
419,Marquis Teague,SG,20,BRK,21,201,.415,11.0,,.849,.340,.189,.075,.245,.151,,.422,.667,.200,.500,.231,.375,,.211,.667,,.000,0,,.000,,,0,0,teaguma01
420,Mirza Teletović,SF,28,BRK,72,1396,.418,19.4,,.340,.151,.081,.049,.057,.660,,.472,.513,.442,.423,.467,.390,,.553,.971,,.021,8,,.143,.400,,4,0,teletmi01
421,Garrett Temple,SG,27,WAS,75,638,.362,14.4,,.794,.241,.078,.106,.369,.206,,.402,.588,.364,.267,.327,.207,,.511,.500,,.000,0,,.414,.167,,0,0,templga01
422,Jason Terry,PG,36,BRK,35,570,.362,21.1,,.322,.026,.079,.053,.164,.678,,.327,1.000,.167,.250,.320,.379,,.563,.846,,.000,0,,.320,.424,,1,0,terryja01
423,Hasheem Thabeet,C,26,OKC,23,192,.565,7.3,,1.000,.391,.217,.217,.174,.000,,.565,.667,.600,.400,.500,,,.846,,,.130,2,,,,,0,0,thabeha01
424,Adonis Thomas,SF,20,TOT,6,37,.429,17.6,,.643,.071,.214,.000,.357,.357,,.556,.000,1.000,,.400,.200,,.200,1.000,,.000,0,,.400,.000,,0,0,thomaad01
424,Adonis Thomas,SF,20,ORL,4,24,.333,16.1,,.667,.111,.222,.000,.333,.333,,.500,.000,1.000,,.333,.000,,.333,,,.000,0,,.667,.000,,0,0,thomaad01
424,Adonis Thomas,SF,20,PHI,2,13,.600,20.3,,.600,.000,.200,.000,.400,.400,,.667,,1.000,,.500,.500,,.000,1.000,,.000,0,,.000,,,0,0,thomaad01
425,Isaiah Thomas,PG,24,SAC,72,2497,.453,14.5,,.668,.185,.207,.129,.147,.332,,.504,.685,.414,.433,.466,.349,,.241,.528,,.000,0,,.082,.300,,0,0,thomais02
426,Lance Thomas,SF,25,NOP,5,42,.222,6.0,,1.000,.444,.333,.111,.111,.000,,.222,.000,.667,.000,.000,,,1.000,,,.000,0,,,,,0,0,thomala01
427,Malcolm Thomas,PF,25,TOT,8,63,.438,11.0,,.750,.375,.188,.000,.188,.250,,.500,1.000,.000,,.000,.250,,.333,1.000,,.250,4,,.000,,,0,0,thomama01
427,Malcolm Thomas,PF,25,SAS,1,15,.250,10.0,,1.000,.250,.250,.000,.500,.000,,.250,1.000,.000,,.000,,,.000,,,.000,0,,,,,0,0,thomama01
427,Malcolm Thomas,PF,25,UTA,7,48,.500,11.3,,.667,.417,.167,.000,.083,.333,,.625,1.000,.000,,.000,.250,,.400,1.000,,.333,4,,.000,,,0,0,thomama01
428,Hollis Thompson,SF,22,PHI,77,1742,.460,14.9,,.551,.301,.097,.048,.105,.449,,.507,.634,.250,.444,.410,.401,,.635,.940,,.043,13,,.299,.460,,1,0,thompho01
429,Jason Thompson,PF,27,SAC,82,2007,.506,7.8,,1.000,.335,.377,.097,.192,.000,,.506,.699,.433,.313,.411,,,.598,,,.107,51,,,,,0,0,thompja02
430,Klay Thompson,SG,23,GSW,81,2868,.444,17.2,,.575,.135,.088,.150,.202,.425,,.464,.641,.378,.376,.449,.417,,.622,.946,,.010,11,,.310,.458,,3,0,thompkl01
431,Tristan Thompson,PF,22,CLE,82,2594,.477,5.5,,.999,.435,.378,.139,.046,.001,,.478,.580,.420,.349,.371,.000,,.650,,,.150,100,,.000,,,1,0,thomptr01
432,Marcus Thornton,SG,26,TOT,72,1741,.394,17.0,,.505,.169,.138,.050,.149,.495,,.443,.565,.375,.500,.347,.345,,.497,.844,,.000,0,,.184,.379,,0,0,thornma01
432,Marcus Thornton,SG,26,SAC,46,1121,.381,17.1,,.520,.142,.161,.051,.166,.480,,.438,.660,.350,.421,.339,.318,,.541,.860,,.000,0,,.168,.300,,0,0,thornma01
432,Marcus Thornton,SG,26,BRK,26,620,.414,16.8,,.485,.207,.105,.049,.124,.515,,.450,.473,.429,.615,.364,.380,,.431,.827,,.000,0,,.204,.464,,0,0,thornma01
433,Jamaal Tinsley,PG,35,UTA,8,110,.200,20.5,,.250,.050,.150,.050,.000,.750,,.600,1.000,.333,1.000,,.067,,.000,1.000,,.000,0,,.133,.000,,0,0,tinslja01
434,Anthony Tolliver,PF,28,CHA,64,1298,.420,21.7,,.195,.085,.036,.020,.055,.805,,.450,.692,.182,.500,.235,.413,,.741,1.000,,.016,5,,.332,.390,,0,0,tollian01
435,P.J. Tucker,SF,28,PHO,81,2490,.431,11.5,,.689,.353,.185,.057,.094,.311,,.450,.535,.377,.371,.328,.387,,.492,.959,,.020,9,,.869,.410,,1,0,tuckepj01
436,Ronny Turiaf,C,31,MIN,31,606,.598,2.8,,1.000,.748,.206,.028,.019,.000,,.598,.713,.227,.333,.500,,,.672,,,.271,26,,,,,0,0,turiaro01
437,Hedo Türkoğlu,SF,34,LAC,38,392,.385,17.3,,.541,.138,.138,.073,.193,.459,,.339,.533,.267,.125,.333,.440,,.700,.909,,.009,1,,.160,.375,,0,0,turkohe01
438,Evan Turner,SF,25,TOT,81,2457,.425,11.6,,.847,.252,.193,.225,.178,.153,,.444,.584,.371,.391,.396,.321,,.409,.980,,.023,23,,.474,.378,,0,0,turneev01
438,Evan Turner,SF,25,PHI,54,1886,.428,11.7,,.841,.256,.179,.212,.194,.159,,.455,.573,.383,.409,.416,.288,,.440,.974,,.026,22,,.447,.322,,0,0,turneev01
438,Evan Turner,SF,25,IND,27,571,.411,10.8,,.874,.232,.253,.284,.111,.126,,.398,.636,.333,.333,.238,.500,,.258,1.000,,.005,1,,.625,.600,,0,0,turneev01
439,Jeremy Tyler,C,22,NYK,41,398,.517,6.4,,1.000,.440,.250,.207,.103,.000,,.517,.647,.414,.500,.250,,,.483,,,.155,16,,,,,0,0,tylerje01
440,Ekpe Udoh,PF,26,MIL,42,804,.399,6.9,,1.000,.343,.371,.140,.147,.000,,.399,.469,.321,.650,.190,,,.737,,,.056,8,,,,,0,0,udohek01
441,Beno Udrih,SG,31,TOT,41,643,.438,14.5,,.764,.197,.096,.225,.247,.236,,.434,.571,.412,.400,.364,.452,,.373,.947,,.000,0,,.357,.533,,0,0,udrihbe01
441,Beno Udrih,SG,31,NYK,31,588,.425,14.8,,.750,.188,.100,.213,.250,.250,,.425,.567,.438,.382,.350,.425,,.412,.941,,.000,0,,.375,.533,,0,0,udrihbe01
441,Beno Udrih,SG,31,MEM,10,55,.556,12.4,,.889,.278,.056,.333,.222,.111,,.500,.600,.000,.500,.500,1.000,,.125,1.000,,.000,0,,.000,,,0,0,udrihbe01
442,Jonas Valančiūnas,C,21,TOR,81,2282,.531,5.8,,.999,.417,.376,.120,.086,.001,,.532,.660,.488,.370,.328,.000,,.593,,,.127,80,,.000,,,0,0,valanjo01
443,Anderson Varejão,C,31,CLE,65,1800,.495,8.3,,.985,.383,.224,.187,.190,.015,,.502,.568,.408,.488,.494,.000,,.683,,,.037,15,,.143,.000,,1,0,varejan01
444,Jarvis Varnado,PF,25,TOT,24,339,.600,6.8,,1.000,.467,.183,.217,.133,.000,,.600,.714,.364,.462,.750,,,.806,,,.183,10,,,,,0,0,varnaja01
444,Jarvis Varnado,PF,25,CHI,1,2,,,,,,,,,,,,,,,,,,,,,,0,,,,,0,0,varnaja01
444,Jarvis Varnado,PF,25,PHI,23,337,.600,6.8,,1.000,.467,.183,.217,.133,.000,,.600,.714,.364,.462,.750,,,.806,,,.183,10,,,,,0,0,varnaja01
445,Greivis Vásquez,PG,27,TOT,79,1779,.421,16.1,,.561,.087,.307,.065,.102,.439,,.455,.596,.406,.419,.507,.377,,.214,.807,,.002,0,,.121,.314,,4,0,vasqugr01
445,Greivis Vásquez,PG,27,SAC,18,465,.433,15.1,,.667,.060,.400,.093,.113,.333,,.490,.778,.467,.357,.529,.320,,.224,.625,,.000,0,,.080,.250,,2,0,vasqugr01
445,Greivis Vásquez,PG,27,TOR,61,1314,.417,16.4,,.530,.094,.280,.057,.098,.470,,.442,.563,.380,.448,.500,.389,,.210,.839,,.002,0,,.130,.323,,2,0,vasqugr01
446,Jan Veselý,PF,23,TOT,54,776,.514,4.0,,1.000,.624,.283,.035,.058,.000,,.514,.639,.347,.000,.300,,,.730,,,.220,38,,,,,0,0,veselja01
446,Jan Veselý,PF,23,WAS,33,470,.522,4.2,,1.000,.620,.272,.033,.076,.000,,.522,.614,.440,.000,.286,,,.750,,,.250,23,,,,,0,0,veselja01
446,Jan Veselý,PF,23,DEN,21,306,.506,3.8,,1.000,.630,.296,.037,.037,.000,,.506,.667,.250,.000,.333,,,.707,,,.185,15,,,,,0,0,veselja01
447,Charlie Villanueva,PF,29,DET,20,180,.380,17.8,,.391,.163,.152,.054,.022,.609,,.583,.800,.500,.400,.000,.250,,.667,1.000,,.033,3,,.071,.000,,0,0,villach01
448,Nikola Vučević,C,23,ORL,57,1812,.507,8.4,,1.000,.395,.231,.112,.261,.000,,.507,.622,.435,.500,.401,,,.626,,,.043,27,,,,,0,0,vucevni01
449,Sasha Vujačić,SG,29,LAC,2,10,.400,18.4,,.600,.000,.200,.000,.400,.400,,.333,,.000,,.500,.500,,1.000,1.000,,.000,0,,.500,.000,,0,0,vujacsa01
450,Dwyane Wade*,SG,32,MIA,54,1775,.545,9.6,,.958,.353,.198,.158,.248,.042,,.557,.703,.517,.500,.418,.281,,.429,.778,,.053,40,,.281,.556,,0,0,wadedw01
451,Dion Waiters,SG,22,CLE,70,2072,.433,14.0,,.748,.284,.074,.099,.292,.252,,.455,.525,.288,.449,.431,.368,,.355,.870,,.035,29,,.204,.373,,1,0,waitedi01
452,Kemba Walker,PG,23,CHA,73,2614,.393,15.2,,.714,.221,.087,.149,.256,.286,,.417,.514,.340,.400,.369,.333,,.212,.670,,.001,0,,.070,.304,,9,0,walkeke02
453,John Wall,PG,23,WAS,82,2980,.433,14.4,,.770,.267,.079,.086,.338,.230,,.458,.669,.248,.348,.367,.351,,.176,.657,,.032,43,,.133,.293,,1,0,walljo01
454,Gerald Wallace,SF,31,BOS,58,1416,.504,9.4,,.722,.548,.113,.004,.057,.278,,.584,.659,.308,1.000,.385,.297,,.649,1.000,,.061,12,,.297,.579,,1,0,wallage01
455,Casper Ware,PG,24,PHI,9,116,.429,16.3,,.500,.143,.190,.048,.119,.500,,.524,1.000,.500,.000,.200,.333,,.455,.714,,.000,0,,.143,1.000,,1,1,wareca01
456,C.J. Watson,PG,29,IND,63,1193,.437,16.5,,.566,.234,.060,.063,.210,.434,,.492,.590,.350,.429,.443,.366,,.387,.830,,.000,0,,.310,.422,,1,0,watsocj01
457,Earl Watson,PG,34,POR,24,161,.273,20.5,,.364,.000,.182,.000,.182,.636,,.250,,.500,,.000,.286,,.000,1.000,,.000,0,,.429,.333,,0,0,watsoea01
458,Maalik Wayns,PG,22,LAC,2,9,.500,11.5,,1.000,.000,.500,.500,.000,.000,,.500,,.000,1.000,,,,1.000,,,.000,0,,,,,0,0,waynsma01
459,Martell Webster,SF,27,WAS,78,2157,.433,19.7,,.366,.138,.051,.041,.136,.634,,.502,.679,.400,.292,.425,.392,,.704,.938,,.055,30,,.352,.427,,5,0,webstma02
460,David West,PF,33,IND,80,2472,.488,10.6,,.984,.201,.294,.178,.311,.016,,.491,.614,.435,.395,.521,.267,,.665,1.000,,.021,18,,.400,.000,,0,0,westda01
461,Russell Westbrook,PG,25,OKC,46,1412,.437,12.9,,.729,.331,.091,.137,.171,.271,,.482,.592,.264,.444,.415,.318,,.302,.426,,.044,30,,.075,.375,,1,0,westbru01
462,D.J. White,PF,27,CHA,2,10,.000,15.8,,1.000,.000,.000,1.000,.000,.000,,.000,,,.000,,,,,,,.000,0,,,,,0,0,whitedj01
463,Royce White,PF,22,SAC,3,9,.000,14.1,,1.000,.000,.000,1.000,.000,.000,,.000,,,.000,,,,,,,.000,0,,,,,0,0,whitero03
464,Deron Williams,PG,29,BRK,64,2059,.450,15.9,,.626,.177,.149,.088,.211,.374,,.500,.646,.374,.365,.523,.366,,.290,.765,,.006,4,,.172,.391,,2,0,willide01
465,Derrick Williams,SF-PF,22,TOT,78,1820,.427,10.8,,.795,.334,.224,.100,.135,.205,,.470,.658,.333,.354,.323,.263,,.600,.846,,.124,53,,.313,.355,,0,0,willide02
465,Derrick Williams,PF,22,MIN,11,162,.352,12.3,,.722,.370,.130,.111,.111,.278,,.436,.550,.286,.333,.333,.133,,.706,1.000,,.056,3,,.267,.000,,0,0,willide02
465,Derrick Williams,SF,22,SAC,67,1658,.437,10.6,,.804,.329,.236,.098,.138,.196,,.474,.674,.337,.357,.322,.286,,.589,.833,,.133,50,,.321,.407,,0,0,willide02
466,Elliot Williams,SG,24,PHI,67,1157,.415,12.4,,.629,.395,.125,.030,.080,.371,,.486,.609,.214,.200,.407,.296,,.583,.865,,.083,26,,.208,.192,,0,0,williel01
467,Lou Williams,PG,27,ATL,60,1445,.400,17.3,,.531,.136,.138,.085,.172,.469,,.450,.672,.471,.262,.353,.342,,.373,.608,,.006,3,,.286,.348,,3,0,willilo02
468,Marvin Williams,PF,27,UTA,66,1674,.439,16.6,,.555,.194,.122,.061,.179,.445,,.503,.725,.406,.344,.383,.359,,.605,.988,,.029,13,,.226,.358,,4,0,willima02
469,Mo Williams,PG,31,POR,74,1834,.417,17.1,,.665,.101,.141,.121,.302,.335,,.441,.529,.411,.432,.429,.369,,.218,.771,,.000,0,,.209,.362,,2,0,willima01
470,Reggie Williams,SF,27,OKC,3,17,.556,12.4,,.667,.111,.333,.111,.111,.333,,.667,.000,.667,1.000,1.000,.333,,.500,1.000,,.000,0,,.333,1.000,,0,0,willire02
471,Shawne Williams,PF,27,LAL,36,751,.380,19.4,,.328,.151,.042,.016,.120,.672,,.492,.483,.250,.667,.565,.326,,.742,.952,,.010,1,,.395,.353,,1,0,willish03
472,Jeff Withey,C,23,NOP,58,684,.535,3.8,,.992,.659,.233,.078,.016,.008,,.539,.565,.400,.700,1.000,.000,,.826,,,.202,19,,.000,,,0,0,witheje01
473,Nate Wolters,PG,22,MIL,58,1309,.437,10.2,,.841,.347,.219,.144,.131,.159,,.465,.615,.306,.429,.373,.290,,.342,.778,,.000,0,,.145,.444,,0,0,woltena01
474,Metta World Peace,SF,34,NYK,29,388,.397,14.4,,.617,.241,.156,.071,.149,.383,,.448,.618,.318,.300,.381,.315,,.256,.824,,.014,2,,.370,.300,,0,0,artesro01
475,Brandan Wright,C,26,DAL,58,1077,.677,4.0,,1.000,.613,.275,.091,.021,.000,,.677,.793,.495,.500,.429,,,.875,,,.293,94,,,,,0,0,wrighbr03
476,Chris Wright,SF,25,MIL,8,126,.600,3.0,,.971,.800,.143,.000,.029,.029,,.618,.643,.400,,1.000,.000,,.714,,,.286,8,,1.000,.000,,0,0,wrighch01
477,Dorell Wright,SF,28,POR,68,984,.374,19.8,,.320,.114,.051,.034,.121,.680,,.442,.618,.467,.000,.389,.342,,.595,.971,,.024,7,,.460,.366,,0,0,wrighdo01
478,Tony Wroten,PG,20,PHI,72,1765,.427,8.6,,.767,.561,.183,.014,.010,.233,,.492,.565,.284,.455,.250,.213,,.380,.650,,.038,29,,.080,.133,,8,2,wroteto01
479,Nick Young,SG,28,LAL,64,1810,.435,16.8,,.606,.161,.091,.110,.244,.394,,.468,.650,.395,.408,.401,.386,,.476,.793,,.025,21,,.280,.439,,1,0,youngni01
480,Thaddeus Young,PF,25,PHI,79,2718,.454,10.3,,.772,.377,.223,.060,.112,.228,,.496,.645,.374,.338,.326,.308,,.559,.922,,.048,57,,.188,.309,,0,0,youngth01
481,Cody Zeller,C,21,CHA,82,1416,.426,8.4,,.998,.490,.134,.047,.327,.002,,.427,.571,.296,.368,.273,.000,,.651,,,.114,41,,.000,,,0,0,zelleco01
482,Tyler Zeller,C,24,CLE,70,1049,.538,6.3,,.997,.510,.238,.100,.148,.003,,.540,.649,.362,.517,.465,.000,,.795,,,.107,30,,.000,,,1,0,zellety01