,,,,,,,,,,% of FGA by Distance,% of FGA by Distance,% of FGA by Distance,% of FGA by Distance,% of FGA by Distance,% of FGA by Distance,,FG% by Distance,FG% by Distance,FG% by Distance,FG% by Distance,FG% by Distance,FG% by Distance,,% of FG Ast'd,% of FG Ast'd,,Dunks,Dunks,,Corner 3s,Corner 3s,,Heaves,Heaves,-additional
Rk,Player,Pos,Age,Tm,G,MP,FG%,Dist.,,2P,0-3,3-10,10-16,16-3P,3P,,2P,0-3,3-10,10-16,16-3P,3P,,2P,3P,,%FGA,#,,%3PA,3P%,,Att.,#,-9999
1,Quincy Acy,PF,24,NYK,68,1287,.459,12.4,,.819,.296,.094,.133,.296,.181,,.494,.673,.419,.409,.378,.300,,.724,1.000,,.106,33,,.383,.261,,1,0,acyqu01
2,Jordan Adams,SG,20,MEM,30,248,.407,12.5,,.709,.291,.151,.081,.186,.291,,.410,.560,.231,.714,.188,.400,,.600,.900,,.000,0,,.360,.222,,0,0,adamsjo01
3,Steven Adams,C,21,OKC,70,1771,.544,2.9,,.995,.604,.351,.038,.003,.005,,.547,.643,.407,.333,.000,.000,,.650,,,.213,72,,.000,,,1,0,adamsst01
4,Jeff Adrien,PF,28,MIN,17,215,.432,4.9,,1.000,.523,.250,.114,.114,.000,,.432,.522,.273,.400,.400,,,.632,,,.068,2,,,,,0,0,adrieje01
5,Arron Afflalo,SG,29,TOT,78,2502,.424,15.9,,.623,.124,.136,.161,.202,.377,,.466,.573,.375,.486,.447,.354,,.549,.958,,.000,0,,.387,.341,,0,0,afflaar01
5,Arron Afflalo,SG,29,DEN,53,1750,.428,15.7,,.630,.117,.148,.170,.195,.370,,.481,.571,.361,.500,.500,.337,,.543,.976,,.000,0,,.383,.355,,0,0,afflaar01
5,Arron Afflalo,SG,29,POR,25,752,.414,16.3,,.604,.145,.101,.132,.225,.396,,.423,.576,.435,.433,.314,.400,,.569,.917,,.000,0,,.400,.306,,0,0,afflaar01
6,Alexis Ajinça,C,26,NOP,68,957,.550,6.7,,1.000,.353,.340,.198,.106,.000,,.550,.603,.563,.508,.429,,,.613,,,.088,28,,,,,0,0,ajincal01
7,Furkan Aldemir,PF,23,PHI,41,540,.513,5.6,,.936,.628,.154,.013,.141,.064,,.548,.694,.083,1.000,.364,.000,,.450,,,.128,10,,.000,,,0,0,aldemfu01
8,Cole Aldrich,C,26,NYK,61,976,.478,4.3,,1.000,.359,.575,.060,.007,.000,,.478,.676,.376,.333,.000,,,.653,,,.093,26,,,,,0,0,aldrico01
9,LaMarcus Aldridge,PF,29,POR,71,2512,.466,12.3,,.926,.193,.163,.206,.365,.074,,.475,.700,.448,.392,.415,.352,,.468,.919,,.020,27,,.295,.355,,1,0,aldrila01
10,Lavoy Allen,C,25,IND,63,1070,.472,9.8,,1.000,.314,.217,.090,.378,.000,,.472,.702,.400,.259,.372,,,.674,,,.030,8,,,,,0,0,allenla01
11,Tony Allen,SG,33,MEM,63,1648,.495,4.3,,.936,.690,.165,.031,.051,.064,,.505,.564,.333,.500,.261,.345,,.595,1.000,,.053,22,,.621,.333,,0,0,allento01
12,Al-Farouq Aminu,SF,24,DAL,74,1366,.412,10.9,,.653,.412,.134,.036,.070,.347,,.485,.619,.250,.538,.120,.274,,.673,1.000,,.132,42,,.500,.306,,0,0,aminual01
13,Lou Amundson,PF,32,TOT,53,937,.427,4.9,,.996,.502,.318,.122,.055,.004,,.429,.477,.358,.387,.500,.000,,.670,,,.071,16,,.000,,,1,0,amundlo01
13,Lou Amundson,PF,32,CLE,12,79,.333,3.2,,1.000,.500,.500,.000,.000,.000,,.333,.333,.333,,,,,.750,,,.167,1,,,,,0,0,amundlo01
13,Lou Amundson,PF,32,NYK,41,858,.432,5.0,,.996,.502,.309,.128,.058,.004,,.434,.484,.360,.387,.500,.000,,.667,,,.066,15,,.000,,,1,0,amundlo01
14,Chris Andersen,C,36,MIA,60,1132,.580,5.2,,.937,.705,.087,.043,.101,.063,,.598,.671,.389,.333,.381,.308,,.784,1.000,,.271,52,,.538,.571,,3,0,anderch01
15,Alan Anderson,SG,32,BRK,74,1744,.443,15.6,,.523,.230,.111,.095,.084,.477,,.530,.683,.449,.452,.297,.348,,.541,.822,,.025,10,,.367,.429,,5,0,anderal01
16,Kyle Anderson,SF,21,SAS,33,358,.348,10.9,,.876,.258,.213,.180,.225,.124,,.359,.565,.316,.250,.250,.273,,.357,1.000,,.022,2,,.545,.500,,0,0,anderky01
17,Ryan Anderson,PF,26,NOP,61,1675,.399,16.5,,.508,.214,.092,.082,.119,.492,,.457,.558,.463,.333,.356,.340,,.379,.943,,.010,6,,.148,.340,,3,0,anderry01
18,Giannis Antetokounmpo,SG,20,MIL,81,2541,.491,7.2,,.944,.506,.178,.067,.192,.056,,.511,.646,.288,.423,.393,.159,,.519,.857,,.129,95,,.159,.143,,1,0,antetgi01
19,Carmelo Anthony,SF,30,NYK,40,1428,.444,13.9,,.778,.221,.089,.185,.283,.222,,.474,.584,.417,.409,.447,.341,,.380,.787,,.020,15,,.089,.625,,1,0,anthoca01
20,Joel Anthony,C,32,DET,49,406,.581,3.6,,1.000,.516,.371,.113,.000,.000,,.581,.813,.304,.429,,,,.722,,,.161,10,,,,,0,0,anthojo01
21,Pero Antić,C,32,ATL,63,1037,.365,17.3,,.416,.240,.034,.037,.105,.584,,.455,.549,.400,.273,.323,.301,,.714,1.000,,.020,6,,.173,.167,,0,0,anticpe01
22,Trevor Ariza,SF,29,HOU,82,2930,.402,17.2,,.390,.225,.047,.035,.081,.610,,.485,.615,.349,.188,.338,.350,,.581,.933,,.056,47,,.377,.421,,0,0,arizatr01
23,Darrell Arthur,PF,26,DEN,58,988,.404,16.3,,.714,.138,.063,.138,.375,.286,,.471,.623,.458,.434,.431,.236,,.791,.962,,.034,11,,.173,.158,,1,0,arthuda01
24,Ömer Aşık,C,28,NOP,76,1982,.517,1.4,,1.000,.896,.090,.012,.002,.000,,.517,.553,.216,.200,.000,,,.690,,,.223,81,,,,,0,0,asikom01
25,D.J. Augustin,PG,27,TOT,82,1964,.399,13.7,,.620,.250,.209,.057,.104,.380,,.436,.599,.319,.324,.343,.337,,.154,.590,,.000,0,,.179,.386,,6,0,augusdj01
25,D.J. Augustin,PG,27,DET,54,1287,.410,12.7,,.675,.282,.226,.054,.113,.325,,.450,.615,.337,.280,.346,.327,,.129,.490,,.000,0,,.140,.286,,4,0,augusdj01
25,D.J. Augustin,PG,27,OKC,28,677,.371,16.3,,.484,.172,.167,.065,.081,.516,,.389,.531,.258,.417,.333,.354,,.257,.735,,.000,0,,.240,.478,,2,0,augusdj01
26,Jeff Ayres,PF,27,SAS,51,383,.579,3.8,,1.000,.653,.189,.116,.042,.000,,.579,.710,.389,.273,.250,,,.727,,,.221,17,,,,,0,0,pendeje02
27,Luke Babbitt,SF,25,NOP,63,830,.479,17.8,,.401,.094,.135,.099,.073,.599,,.429,.556,.385,.368,.429,.513,,.515,1.000,,.005,1,,.426,.551,,0,0,babbilu01
28,Cameron Bairstow,PF,24,CHI,18,64,.214,9.9,,1.000,.357,.143,.071,.429,.000,,.214,.200,.000,.000,.333,,,.667,,,.000,0,,,,,0,0,bairsca01
29,Leandro Barbosa,SG,32,GSW,66,982,.474,11.7,,.710,.370,.137,.088,.114,.290,,.511,.650,.377,.294,.386,.384,,.643,.884,,.000,0,,.259,.483,,1,0,barbole01
30,J.J. Barea,PG,30,DAL,77,1362,.420,12.3,,.688,.257,.243,.088,.101,.312,,.463,.551,.415,.404,.407,.323,,.152,.648,,.000,0,,.156,.538,,1,0,bareajo01
31,Andrea Bargnani,C,29,NYK,29,785,.454,13.0,,.886,.152,.188,.211,.335,.114,,.466,.582,.441,.434,.446,.366,,.685,1.000,,.019,7,,.000,,,0,0,bargnan01
32,Harrison Barnes,SF,22,GSW,82,2318,.482,12.9,,.672,.309,.122,.081,.160,.328,,.519,.685,.325,.415,.400,.405,,.611,.977,,.104,66,,.526,.478,,1,0,barneha02
33,Matt Barnes,SF,34,LAC,76,2271,.444,16.0,,.397,.253,.099,.014,.030,.603,,.569,.684,.323,.444,.474,.362,,.723,.985,,.032,18,,.468,.375,,0,0,barnema02
34,Earl Barron,C,33,PHO,16,143,.308,12.4,,.897,.282,.051,.205,.359,.103,,.286,.091,.000,.500,.357,.500,,.900,1.000,,.000,0,,.250,1.000,,0,0,barroea01
35,Will Barton,SG,24,TOT,58,983,.425,10.8,,.759,.346,.210,.085,.119,.241,,.474,.615,.405,.133,.429,.271,,.472,.696,,.071,24,,.294,.240,,2,0,bartowi01
35,Will Barton,SG,24,POR,30,300,.380,10.1,,.820,.400,.170,.110,.140,.180,,.415,.625,.294,.000,.286,.222,,.588,.250,,.080,8,,.444,.250,,1,0,bartowi01
35,Will Barton,SG,24,DEN,28,683,.443,11.1,,.735,.324,.225,.075,.111,.265,,.500,.610,.439,.211,.500,.284,,.430,.789,,.067,16,,.254,.235,,1,0,bartowi01
36,Brandon Bass,PF,29,BOS,82,1929,.504,9.2,,.953,.369,.129,.183,.272,.047,,.515,.679,.330,.400,.457,.281,,.690,1.000,,.149,94,,.875,.321,,0,0,bassbr01
37,Nicolas Batum,SF,26,POR,71,2380,.400,17.4,,.485,.180,.040,.078,.187,.515,,.481,.694,.292,.404,.348,.324,,.564,.770,,.033,20,,.207,.359,,0,0,batumni01
38,Jerryd Bayless,PG,26,MIL,77,1717,.426,13.5,,.767,.242,.126,.078,.322,.233,,.462,.600,.385,.375,.410,.308,,.404,.973,,.029,15,,.425,.275,,1,0,bayleje01
39,Aron Baynes,C,28,SAS,70,1122,.566,4.6,,.988,.554,.272,.089,.073,.012,,.570,.635,.506,.448,.458,.250,,.793,1.000,,.131,40,,.250,.000,,0,0,baynear01
40,Kent Bazemore,SG,25,ATL,75,1324,.426,12.4,,.601,.329,.151,.057,.063,.399,,.467,.606,.320,.158,.381,.364,,.624,.938,,.066,17,,.485,.422,,0,0,bazemke01
41,Bradley Beal,SG,21,WAS,63,2107,.427,14.9,,.696,.206,.086,.125,.280,.304,,.434,.669,.288,.377,.332,.409,,.553,.858,,.041,34,,.259,.358,,0,0,bealbr01
42,Michael Beasley,PF,26,MIA,24,505,.434,12.1,,.840,.208,.184,.226,.222,.160,,.472,.614,.513,.458,.319,.235,,.357,1.000,,.033,7,,.294,.500,,0,0,beaslmi01
43,Marco Belinelli,SG,28,SAS,62,1388,.423,18.0,,.511,.130,.079,.077,.226,.489,,.471,.607,.270,.472,.462,.374,,.637,.919,,.004,2,,.235,.444,,1,0,belinma01
44,Jerrelle Benimon,PF,23,UTA,2,3,,,,,,,,,,,,,,,,,,,,,,0,,,,,0,0,benimje01
45,Anthony Bennett,PF,21,MIN,57,894,.421,12.3,,.923,.313,.067,.074,.468,.077,,.431,.677,.200,.227,.331,.304,,.754,1.000,,.111,32,,.261,.500,,0,0,bennean01
46,Patrick Beverley,PG,26,HOU,56,1727,.383,16.6,,.393,.179,.145,.038,.032,.607,,.426,.505,.390,.350,.235,.356,,.270,.939,,.002,0,,.399,.380,,0,0,beverpa01
47,Sim Bhullar,C,22,SAC,3,3,.500,10.0,,1.000,.000,.500,.500,.000,.000,,.500,,1.000,.000,,,,.000,,,.000,0,,,,,0,0,bhullsi01
48,Bismack Biyombo,C,22,CHO,64,1243,.543,2.0,,1.000,.737,.231,.022,.011,.000,,.543,.657,.233,.250,.000,,,.564,,,.242,43,,,,,0,0,biyombi01
49,Tarik Black,C,23,TOT,63,1196,.575,3.0,,.996,.692,.238,.018,.048,.004,,.577,.651,.477,.000,.231,.000,,.643,,,.231,57,,.000,,,1,0,blackta01
49,Tarik Black,C,23,HOU,25,393,.542,2.7,,.988,.735,.241,.000,.012,.012,,.549,.623,.350,,.000,.000,,.689,,,.145,11,,.000,,,1,0,blackta01
49,Tarik Black,C,23,LAL,38,803,.589,3.1,,1.000,.674,.237,.026,.063,.000,,.589,.664,.533,.000,.250,,,.625,,,.268,46,,,,,0,0,blackta01
50,DeJuan Blair,PF,25,WAS,29,180,.456,4.7,,1.000,.386,.474,.123,.018,.000,,.456,.545,.481,.143,.000,,,.692,,,.035,2,,,,,0,0,blairde01
51,Steve Blake,PG,34,POR,81,1529,.373,21.7,,.330,.067,.040,.058,.165,.670,,.417,.591,.154,.368,.426,.352,,.333,.753,,.000,0,,.288,.444,,8,0,blakest01
52,Eric Bledsoe,PG,25,PHO,81,2800,.447,12.2,,.740,.348,.120,.071,.203,.260,,.491,.640,.320,.351,.382,.324,,.211,.580,,.020,19,,.173,.340,,2,0,bledser01
53,Vander Blue,SG,22,LAL,2,74,.300,12.4,,.667,.400,.100,.000,.167,.333,,.350,.500,.000,,.200,.200,,.286,1.000,,.033,1,,.100,.000,,0,0,blueva01
54,Bojan Bogdanović,SF,25,BRK,78,1854,.453,14.1,,.556,.269,.130,.082,.075,.444,,.531,.710,.387,.362,.326,.355,,.635,.934,,.026,15,,.445,.439,,0,0,bogdabo02
55,Andrew Bogut,C,30,GSW,67,1583,.563,3.2,,1.000,.592,.346,.056,.006,.000,,.563,.643,.488,.250,.000,,,.660,,,.186,56,,,,,0,0,bogutan01
56,Matt Bonner,PF,34,SAS,72,935,.409,17.5,,.452,.048,.270,.070,.065,.548,,.462,.727,.452,.563,.200,.365,,.625,1.000,,.004,1,,.159,.350,,1,0,bonnema01
57,Trevor Booker,PF,27,UTA,79,1564,.487,9.9,,.819,.375,.209,.101,.134,.181,,.518,.724,.351,.404,.290,.345,,.569,.931,,.088,37,,.393,.303,,3,0,booketr01
58,Carlos Boozer,PF,33,LAL,71,1692,.499,8.1,,1.000,.376,.179,.214,.231,.000,,.499,.674,.338,.472,.366,,,.663,,,.013,9,,,,,0,0,boozeca01
59,Chris Bosh*,C,30,MIA,44,1556,.460,14.3,,.774,.166,.114,.199,.295,.226,,.485,.556,.471,.480,.455,.375,,.518,.984,,.024,17,,.119,.350,,0,0,boshch01
60,Avery Bradley,SG,24,BOS,77,2428,.429,16.8,,.652,.168,.050,.044,.389,.348,,.470,.612,.392,.356,.431,.352,,.661,.895,,.016,14,,.358,.389,,2,0,bradlav01
61,Elton Brand,C,35,ATL,36,486,.442,11.4,,.989,.168,.147,.337,.337,.011,,.447,.688,.357,.406,.406,.000,,.833,,,.011,1,,1.000,.000,,0,0,brandel01
62,Corey Brewer,SF,28,TOT,80,2087,.426,11.2,,.708,.381,.163,.056,.108,.292,,.491,.642,.313,.356,.299,.268,,.657,.968,,.065,50,,.626,.265,,7,0,breweco01
62,Corey Brewer,SF,28,MIN,24,680,.418,9.4,,.818,.458,.138,.062,.160,.182,,.467,.641,.226,.429,.194,.195,,.651,.875,,.084,18,,.634,.154,,1,0,breweco01
62,Corey Brewer,SF,28,HOU,56,1407,.429,11.8,,.666,.352,.172,.053,.088,.334,,.503,.642,.340,.323,.373,.284,,.660,.982,,.057,32,,.624,.289,,6,0,breweco01
63,Aaron Brooks,PG,30,CHI,82,1885,.421,13.6,,.617,.267,.180,.097,.073,.383,,.442,.523,.388,.430,.300,.387,,.126,.612,,.000,0,,.112,.314,,2,0,brookaa01
64,Jabari Brown,SG,22,LAL,19,568,.412,14.1,,.635,.276,.112,.094,.153,.365,,.435,.553,.316,.313,.385,.371,,.638,.913,,.024,3,,.145,.333,,0,0,brownja01
65,Lorenzo Brown,PG,24,MIN,29,549,.426,11.5,,.770,.369,.131,.148,.123,.230,,.489,.556,.438,.333,.533,.214,,.348,.667,,.041,4,,.143,.000,,1,0,brownlo01
66,Markel Brown,SG,23,BRK,47,781,.362,13.2,,.695,.290,.110,.090,.205,.305,,.404,.541,.348,.316,.279,.266,,.576,.941,,.062,10,,.406,.308,,1,0,brownma02
67,Shannon Brown,SG,29,MIA,5,89,.368,12.8,,.632,.421,.000,.053,.158,.368,,.333,.500,,.000,.000,.429,,.000,.333,,.158,3,,.286,1.000,,0,0,brownsh01
68,Kobe Bryant*,SG,36,LAL,35,1207,.373,15.2,,.742,.136,.129,.185,.292,.258,,.401,.567,.380,.311,.389,.293,,.278,.463,,.010,7,,.103,.474,,1,0,bryanko01
69,Chase Budinger,SF,26,MIN,67,1286,.433,13.5,,.633,.262,.136,.100,.136,.367,,.474,.637,.358,.359,.358,.364,,.667,1.000,,.036,13,,.280,.375,,0,0,budinch01
70,Reggie Bullock,SF,23,TOT,36,338,.343,19.3,,.343,.143,.043,.000,.157,.657,,.375,.700,.000,,.182,.326,,.778,1.000,,.000,0,,.435,.450,,0,0,bullore01
70,Reggie Bullock,SF,23,LAC,25,263,.426,20.3,,.278,.130,.019,.000,.130,.722,,.533,.857,.000,,.286,.385,,.875,1.000,,.000,0,,.487,.474,,0,0,bullore01
70,Reggie Bullock,SF,23,PHO,11,75,.063,15.9,,.563,.188,.125,.000,.250,.438,,.111,.333,.000,,.000,.000,,.000,,,.000,0,,.143,.000,,0,0,bullore01
71,Trey Burke,PG,22,UTA,76,2288,.368,16.0,,.612,.149,.156,.085,.222,.388,,.400,.493,.306,.412,.399,.318,,.211,.895,,.000,0,,.190,.419,,6,1,burketr01
72,Alec Burks,SG,23,UTA,27,899,.403,12.3,,.773,.290,.177,.083,.223,.227,,.409,.494,.340,.280,.403,.382,,.316,.769,,.033,9,,.250,.471,,2,0,burksal01
73,Caron Butler,SF,34,DET,78,1623,.407,20.4,,.447,.063,.033,.078,.273,.553,,.441,.520,.308,.484,.426,.379,,.679,.928,,.003,1,,.228,.480,,3,0,butleca01
74,Jimmy Butler,SG,25,CHI,65,2513,.462,11.8,,.788,.336,.121,.121,.212,.212,,.484,.624,.345,.427,.373,.378,,.569,.918,,.058,49,,.244,.447,,2,0,butleji01
75,Rasual Butler,SF,35,WAS,75,1505,.422,17.3,,.545,.141,.066,.104,.234,.455,,.450,.671,.412,.315,.388,.387,,.685,.934,,.043,21,,.426,.410,,0,0,butlera01
76,Dwight Buycks,PG,25,LAL,6,123,.450,13.1,,.725,.300,.075,.125,.225,.275,,.379,.417,.000,.800,.222,.636,,.091,.571,,.000,0,,.091,1.000,,0,0,buyckdw01
77,Will Bynum,SG,32,WAS,7,67,.323,14.8,,.710,.161,.161,.097,.290,.290,,.455,.400,1.000,.000,.333,.000,,.100,,,.000,0,,.000,,,0,0,bynumwi01
78,Bruno Caboclo,SF,19,TOR,8,23,.333,10.3,,.750,.250,.417,.000,.083,.250,,.222,.667,.000,,.000,.667,,1.000,1.000,,.083,1,,.333,1.000,,0,0,cabocbr01
79,Nick Calathes,SG,25,MEM,58,838,.421,9.0,,.826,.360,.263,.109,.093,.174,,.456,.618,.400,.296,.174,.256,,.452,.727,,.000,0,,.186,.125,,0,0,calatni01
80,José Calderón,PG,33,NYK,42,1270,.415,18.4,,.599,.102,.025,.102,.370,.401,,.415,.611,.333,.333,.389,.415,,.545,.864,,.000,0,,.197,.500,,0,0,caldejo01
81,Kentavious Caldwell-Pope,SG,21,DET,82,2587,.401,15.8,,.543,.226,.099,.080,.138,.457,,.449,.600,.260,.436,.343,.345,,.608,.863,,.036,30,,.241,.383,,4,0,caldwke01
82,Isaiah Canaan,PG,23,TOT,47,938,.386,18.6,,.349,.172,.079,.026,.071,.651,,.417,.462,.400,.300,.370,.370,,.218,.516,,.000,0,,.154,.368,,1,0,canaais01
82,Isaiah Canaan,PG,23,HOU,25,369,.405,17.8,,.359,.214,.061,.023,.061,.641,,.447,.536,.125,.333,.500,.381,,.286,.563,,.000,0,,.238,.300,,1,0,canaais01
82,Isaiah Canaan,PG,23,PHI,22,569,.377,19.0,,.344,.150,.089,.028,.077,.656,,.400,.405,.500,.286,.316,.364,,.176,.492,,.000,0,,.111,.444,,0,0,canaais01
83,Clint Capela,C,20,HOU,12,90,.483,1.6,,1.000,.724,.276,.000,.000,.000,,.483,.667,.000,,,,,.929,,,.379,10,,,,,0,0,capelca01
84,DeMarre Carroll,SF,28,ATL,70,2189,.487,13.8,,.534,.308,.121,.043,.063,.466,,.567,.657,.468,.357,.463,.395,,.727,.992,,.018,12,,.438,.444,,0,0,carrode01
85,Vince Carter,SG,38,MEM,66,1091,.333,18.8,,.429,.131,.074,.067,.158,.571,,.379,.472,.333,.407,.313,.297,,.242,.928,,.012,5,,.138,.375,,2,0,cartevi01
86,Michael Carter-Williams,PG,23,TOT,66,2149,.396,10.1,,.834,.333,.229,.096,.176,.166,,.428,.588,.338,.420,.247,.235,,.204,.917,,.032,27,,.124,.211,,2,0,cartemi01
86,Michael Carter-Williams,PG,23,PHI,41,1391,.380,11.0,,.795,.311,.223,.079,.183,.205,,.412,.626,.294,.313,.232,.256,,.210,.906,,.025,15,,.088,.182,,1,0,cartemi01
86,Michael Carter-Williams,PG,23,MIL,25,758,.429,8.4,,.909,.377,.240,.130,.162,.091,,.457,.526,.419,.550,.280,.143,,.195,1.000,,.045,12,,.286,.250,,1,0,cartemi01
87,Omri Casspi,SF,26,SAC,67,1416,.489,8.0,,.796,.382,.358,.035,.021,.204,,.512,.724,.340,.133,.222,.402,,.667,.914,,.063,25,,.149,.385,,0,0,casspom01
88,Mario Chalmers,PG,28,MIA,80,2368,.403,13.1,,.626,.306,.166,.065,.089,.374,,.467,.532,.418,.419,.373,.294,,.366,.932,,.006,4,,.375,.366,,7,1,chalmma01
89,Tyson Chandler,C,32,DAL,75,2286,.666,2.5,,1.000,.805,.086,.030,.080,.000,,.666,.746,.237,.462,.400,,,.727,,,.432,179,,,,,0,0,chandty01
90,Wilson Chandler,SF,27,DEN,78,2471,.429,13.8,,.584,.267,.175,.057,.084,.416,,.490,.642,.392,.339,.317,.342,,.452,.935,,.038,32,,.244,.343,,1,0,chandwi01
91,Will Cherry,PG,23,CLE,8,69,.263,13.7,,.526,.316,.158,.000,.053,.474,,.300,.333,.333,,.000,.222,,.333,1.000,,.000,0,,.333,.333,,0,0,cherrwi01
92,Patrick Christopher,SG,26,UTA,4,29,.250,15.6,,.667,.250,.083,.000,.333,.333,,.375,.333,.000,,.500,.000,,.000,,,.000,0,,.250,.000,,0,0,chrispa01
93,Earl Clark,PF,27,BRK,10,93,.367,18.7,,.533,.133,.000,.033,.367,.467,,.438,.750,,.000,.364,.286,,.571,1.000,,.000,0,,.143,.000,,0,0,clarkea01
94,Ian Clark,SG,23,TOT,30,192,.345,16.9,,.455,.164,.127,.073,.091,.545,,.360,.778,.143,.250,.000,.333,,.444,1.000,,.000,0,,.400,.500,,0,0,clarkia01
94,Ian Clark,SG,23,UTA,23,161,.341,17.3,,.432,.159,.114,.068,.091,.568,,.316,.714,.200,.000,.000,.360,,.500,1.000,,.000,0,,.400,.600,,0,0,clarkia01
94,Ian Clark,SG,23,DEN,7,31,.364,15.0,,.545,.182,.182,.091,.091,.455,,.500,1.000,.000,1.000,.000,.200,,.333,1.000,,.000,0,,.400,.000,,0,0,clarkia01
95,Jordan Clarkson,PG,22,LAL,59,1476,.448,11.8,,.797,.287,.183,.106,.221,.203,,.482,.661,.321,.476,.386,.314,,.279,.737,,.035,20,,.099,.333,,0,0,clarkjo01
96,Victor Claver,SF,26,POR,10,76,.450,15.7,,.450,.300,.050,.000,.100,.550,,.333,.333,.000,,.500,.545,,1.000,1.000,,.050,1,,.273,.667,,0,0,clavevi01
97,Norris Cole,PG,26,TOT,75,1831,.412,14.4,,.685,.244,.102,.093,.246,.315,,.458,.537,.316,.442,.445,.313,,.400,.836,,.004,2,,.295,.288,,1,0,coleno01
97,Norris Cole,PG,26,MIA,47,1148,.386,13.6,,.667,.297,.101,.069,.199,.333,,.446,.538,.323,.429,.377,.265,,.407,.852,,.003,1,,.284,.172,,0,0,coleno01
97,Norris Cole,PG,26,NOP,28,683,.444,15.4,,.706,.179,.103,.123,.302,.294,,.472,.533,.308,.452,.500,.378,,.393,.821,,.004,1,,.311,.435,,1,0,coleno01
98,Darren Collison,PG,27,SAC,45,1565,.473,14.2,,.707,.247,.093,.107,.260,.293,,.514,.684,.216,.475,.476,.373,,.225,.650,,.009,5,,.304,.469,,3,0,collida01
99,Nick Collison,PF,34,OKC,66,1101,.419,10.9,,.763,.379,.138,.047,.198,.237,,.466,.646,.371,.167,.260,.267,,.689,1.000,,.040,10,,.567,.294,,0,0,collini01
100,Mike Conley,PG,27,MEM,70,2225,.446,13.1,,.686,.277,.170,.098,.142,.314,,.473,.586,.433,.395,.352,.386,,.241,.720,,.000,0,,.159,.432,,3,0,conlemi01
101,Jack Cooley,C,23,UTA,16,87,.409,6.0,,1.000,.455,.318,.045,.182,.000,,.409,.600,.286,.000,.250,,,.667,,,.000,0,,,,,0,0,cooleja01
102,Chris Copeland,SF,30,IND,50,828,.361,16.0,,.461,.216,.145,.026,.074,.539,,.420,.552,.311,.250,.304,.311,,.317,.962,,.010,2,,.251,.381,,0,0,copelch01
103,Bryce Cotton,PG,22,UTA,15,159,.420,15.8,,.710,.087,.188,.101,.333,.290,,.449,.667,.538,.429,.348,.350,,.318,.714,,.029,2,,.100,.500,,0,0,cottobr01
104,DeMarcus Cousins,C,24,SAC,59,2013,.467,7.2,,.992,.428,.250,.078,.237,.008,,.469,.627,.316,.349,.383,.250,,.520,1.000,,.072,72,,.125,.000,,0,0,couside01
105,Robert Covington,SF,24,PHI,70,1956,.396,17.0,,.410,.206,.112,.033,.058,.590,,.426,.590,.271,.280,.227,.374,,.576,.910,,.012,8,,.188,.405,,2,0,covinro01
106,Allen Crabbe,SG,22,POR,51,683,.412,17.5,,.444,.203,.026,.059,.157,.556,,.485,.839,.500,.111,.167,.353,,.848,1.000,,.072,9,,.412,.400,,0,0,crabbal01
107,Jamal Crawford,SG,34,LAC,64,1703,.396,18.1,,.566,.079,.120,.118,.249,.434,,.448,.561,.465,.354,.450,.327,,.319,.748,,.001,1,,.198,.361,,8,0,crawfja01
108,Jae Crowder,SF,24,TOT,82,1647,.420,14.6,,.618,.279,.070,.097,.174,.382,,.499,.618,.395,.453,.368,.293,,.679,.967,,.031,14,,.255,.302,,2,0,crowdja01
108,Jae Crowder,SF,24,DAL,25,265,.434,16.7,,.500,.197,.039,.079,.184,.500,,.526,.667,.667,.333,.429,.342,,.450,.923,,.013,1,,.368,.500,,0,0,crowdja01
108,Jae Crowder,SF,24,BOS,57,1382,.418,14.3,,.638,.292,.075,.100,.173,.362,,.495,.613,.371,.468,.358,.282,,.709,.979,,.034,13,,.229,.231,,2,0,crowdja01
109,Dante Cunningham,PF,27,NOP,66,1652,.457,13.3,,.971,.245,.094,.071,.560,.029,,.468,.663,.281,.375,.426,.100,,.929,1.000,,.035,12,,.300,.000,,1,0,cunnida01
110,Jared Cunningham,SG,23,LAC,19,89,.364,13.8,,.606,.333,.061,.030,.182,.394,,.400,.364,.500,.000,.500,.308,,1.000,1.000,,.091,3,,.462,.333,,0,0,cunnija01
111,Seth Curry,PG,24,PHO,2,8,.000,22.3,,.667,.000,.000,.000,.667,.333,,.000,,,,.000,.000,,,,,.000,0,,.000,,,0,0,curryse01
112,Stephen Curry,PG,26,GSW,80,2613,.487,17.1,,.518,.186,.098,.072,.163,.482,,.528,.687,.458,.515,.394,.443,,.332,.584,,.003,4,,.122,.557,,8,0,curryst01
113,Samuel Dalembert,C,33,NYK,32,544,.438,6.8,,1.000,.377,.262,.238,.123,.000,,.438,.612,.294,.323,.438,,,.667,,,.154,19,,,,,0,0,dalemsa01
114,Troy Daniels,SG,23,TOT,47,397,.370,21.4,,.285,.061,.036,.030,.158,.715,,.383,.400,.333,.000,.462,.364,,.667,.767,,.000,0,,.220,.385,,0,0,danietr01
114,Troy Daniels,SG,23,HOU,17,108,.319,23.6,,.085,.021,.000,.000,.064,.915,,.500,1.000,,,.333,.302,,.500,.923,,.000,0,,.326,.357,,0,0,danietr01
114,Troy Daniels,SG,23,MIN,19,154,.322,20.4,,.339,.068,.068,.034,.169,.661,,.300,.000,.250,.000,.500,.333,,.667,.769,,.000,0,,.205,.500,,0,0,danietr01
114,Troy Daniels,SG,23,CHO,11,135,.458,20.7,,.390,.085,.034,.051,.220,.610,,.435,.600,.500,.000,.462,.472,,.700,.647,,.000,0,,.111,.250,,0,0,danietr01
115,Gigi Datome,SF,27,TOT,21,209,.483,17.2,,.551,.135,.079,.169,.169,.449,,.510,.667,.714,.400,.400,.450,,.600,.944,,.034,3,,.125,.200,,0,0,datomlu01
115,Gigi Datome,SF,27,DET,3,17,.417,12.3,,.667,.333,.083,.167,.083,.333,,.500,.500,1.000,.500,.000,.250,,.250,1.000,,.000,0,,.250,.000,,0,0,datomlu01
115,Gigi Datome,SF,27,BOS,18,192,.494,18.0,,.532,.104,.078,.169,.182,.468,,.512,.750,.667,.385,.429,.472,,.667,.941,,.039,3,,.111,.250,,0,0,datomlu01
116,Brandon Davies,PF,23,TOT,27,423,.401,11.1,,.752,.336,.182,.109,.124,.248,,.456,.478,.320,.533,.529,.235,,.660,.875,,.022,3,,.059,.000,,0,0,daviebr01
116,Brandon Davies,PF,23,PHI,20,379,.412,10.9,,.748,.345,.185,.101,.118,.252,,.472,.488,.318,.583,.571,.233,,.667,.857,,.025,3,,.033,.000,,0,0,daviebr01
116,Brandon Davies,PF,23,BRK,7,44,.333,12.3,,.778,.278,.167,.167,.167,.222,,.357,.400,.333,.333,.333,.250,,.600,1.000,,.000,0,,.250,.000,,0,0,daviebr01
117,Anthony Davis,PF,21,NOP,68,2455,.535,9.1,,.990,.352,.173,.177,.289,.010,,.540,.737,.430,.453,.419,.083,,.715,1.000,,.135,150,,.333,.000,,3,0,davisan02
118,Ed Davis,PF,25,LAL,79,1840,.601,2.2,,1.000,.721,.243,.036,.000,.000,,.601,.686,.386,.353,,,,.652,,,.181,80,,,,,0,0,davised01
119,Glen Davis,PF,29,LAC,74,904,.459,6.9,,.984,.490,.200,.110,.184,.016,,.466,.616,.451,.214,.234,.000,,.761,,,.020,5,,.000,,,1,0,davisgl01
120,Andre Dawkins,SG,23,MIA,4,22,.167,24.3,,.000,.000,.000,.000,.000,1.000,,,,,,,.167,,,1.000,,.000,0,,.167,.000,,0,0,dawkian01
121,Austin Daye,SF,26,TOT,34,344,.355,17.3,,.496,.092,.135,.128,.142,.504,,.371,.538,.263,.389,.350,.338,,.577,.958,,.007,1,,.296,.524,,0,0,dayeau01
121,Austin Daye,SF,26,SAS,26,268,.348,17.2,,.504,.070,.157,.130,.148,.496,,.362,.500,.278,.400,.353,.333,,.571,.947,,.009,1,,.281,.563,,0,0,dayeau01
121,Austin Daye,SF,26,ATL,8,76,.385,17.5,,.462,.192,.038,.115,.115,.538,,.417,.600,.000,.333,.333,.357,,.600,1.000,,.000,0,,.357,.400,,0,0,dayeau01
122,Dewayne Dedmon,C,25,ORL,59,845,.562,2.8,,.994,.679,.272,.019,.025,.006,,.565,.673,.341,.333,.250,.000,,.538,,,.309,40,,.000,,,0,0,dedmode01
123,Matthew Dellavedova,SG,24,CLE,67,1380,.362,17.6,,.456,.059,.202,.121,.075,.544,,.307,.389,.242,.351,.348,.407,,.326,.897,,.000,0,,.323,.315,,0,0,dellama01
124,Luol Deng,SF,29,MIA,72,2421,.469,12.5,,.720,.309,.122,.098,.192,.280,,.513,.646,.458,.377,.404,.355,,.595,.974,,.028,21,,.500,.436,,2,0,denglu01
125,DeMar DeRozan,SG,25,TOR,60,2100,.413,12.3,,.911,.193,.153,.228,.337,.089,,.426,.644,.391,.372,.353,.284,,.417,.960,,.033,29,,.659,.379,,1,0,derozde01
126,Boris Diaw,PF,32,SAS,81,1984,.460,11.1,,.733,.291,.282,.071,.089,.267,,.512,.598,.494,.400,.375,.320,,.540,.963,,.002,1,,.124,.143,,0,0,diawbo01
127,Gorgui Dieng,C,25,MIN,73,2193,.506,7.2,,.988,.406,.234,.213,.135,.012,,.510,.635,.350,.569,.319,.167,,.632,1.000,,.104,49,,.000,,,3,0,dienggo01
128,Spencer Dinwiddie,PG,21,DET,34,455,.302,14.9,,.615,.219,.154,.112,.130,.385,,.375,.459,.269,.316,.409,.185,,.128,.167,,.006,1,,.062,.250,,2,0,dinwisp01
129,Joey Dorsey,PF,31,HOU,69,854,.552,2.0,,.993,.772,.207,.007,.007,.007,,.556,.616,.367,.000,.000,.000,,.750,,,.262,31,,.000,,,1,0,dorsejo01
130,Toney Douglas,SG,28,NOP,12,177,.373,14.8,,.647,.176,.157,.137,.176,.353,,.424,1.000,.250,.000,.333,.278,,.071,1.000,,.000,0,,.278,.600,,0,0,douglto01
131,Chris Douglas-Roberts,SG,28,LAC,12,103,.238,10.3,,.667,.429,.143,.048,.048,.333,,.286,.444,.000,.000,.000,.143,,.500,1.000,,.048,1,,.857,.167,,0,0,douglch01
132,Goran Dragić,SG-PG,28,TOT,78,2640,.501,10.6,,.742,.415,.105,.126,.096,.258,,.555,.700,.381,.373,.354,.347,,.383,.756,,.001,1,,.320,.349,,0,0,dragigo01
132,Goran Dragić,SG,28,PHO,52,1735,.501,10.8,,.726,.405,.108,.118,.096,.274,,.556,.705,.356,.388,.354,.355,,.434,.758,,.001,1,,.366,.324,,0,0,dragigo01
132,Goran Dragić,PG,28,MIA,26,905,.502,10.0,,.774,.437,.099,.142,.096,.226,,.552,.688,.438,.348,.355,.329,,.283,.750,,.000,0,,.205,.467,,0,0,dragigo01
133,Zoran Dragić,SG,25,TOT,16,75,.367,13.5,,.533,.400,.033,.033,.067,.467,,.500,.667,.000,.000,.000,.214,,.500,1.000,,.067,2,,.357,.400,,0,0,dragizo01
133,Zoran Dragić,SG,25,PHO,6,13,.250,15.8,,.375,.375,.000,.000,.000,.625,,.667,.667,,,,.000,,.500,,,.125,1,,.400,.000,,0,0,dragizo01
133,Zoran Dragić,SG,25,MIA,10,62,.409,12.7,,.591,.409,.045,.045,.091,.409,,.462,.667,.000,.000,.000,.333,,.500,1.000,,.045,1,,.333,.667,,0,0,dragizo01
134,Larry Drew II,PG,24,PHI,12,219,.345,19.6,,.552,.086,.138,.034,.293,.448,,.500,1.000,.375,.000,.471,.154,,.375,.750,,.000,0,,.077,.500,,2,0,drewla02
135,Andre Drummond,C,21,DET,82,2502,.514,2.4,,.998,.687,.290,.019,.003,.002,,.515,.600,.344,.111,.000,.000,,.579,,,.196,166,,.000,,,2,0,drumman01
136,Jared Dudley,SG,29,MIL,72,1717,.468,16.8,,.546,.170,.050,.109,.217,.454,,.537,.667,.238,.543,.500,.385,,.782,1.000,,.005,2,,.359,.391,,0,0,dudleja01
137,Tim Duncan*,C,38,SAS,77,2227,.512,6.9,,.991,.355,.353,.138,.144,.009,,.514,.711,.453,.327,.356,.286,,.739,1.000,,.057,42,,.286,1.000,,2,0,duncati01
138,Mike Dunleavy,SF,34,CHI,63,1838,.435,18.0,,.453,.173,.064,.031,.185,.547,,.468,.566,.323,.267,.461,.407,,.765,.963,,.004,1,,.186,.449,,2,1,dunlemi02
139,Kevin Durant,SF,26,OKC,27,913,.510,14.4,,.660,.206,.109,.184,.161,.340,,.565,.802,.412,.535,.400,.403,,.511,.656,,.079,37,,.094,.533,,0,0,duranke01
140,Cleanthony Early,SF,23,NYK,39,647,.355,14.3,,.607,.280,.112,.051,.164,.393,,.415,.567,.292,.545,.200,.262,,.593,.909,,.065,11,,.310,.346,,0,0,earlycl01
141,Wayne Ellington,SG,27,LAL,65,1675,.412,17.1,,.606,.160,.057,.075,.314,.394,,.439,.616,.286,.370,.392,.370,,.579,.689,,.016,9,,.165,.300,,0,0,ellinwa01
142,Monta Ellis,SG,29,DAL,80,2699,.445,13.1,,.790,.250,.144,.090,.306,.210,,.487,.622,.395,.418,.440,.285,,.319,.704,,.010,13,,.204,.362,,1,0,ellismo01
143,James Ennis III,SF,24,MIA,62,1051,.409,12.7,,.615,.372,.105,.024,.113,.385,,.461,.587,.269,.333,.250,.326,,.600,.935,,.093,20,,.453,.349,,1,0,ennisja01
144,Tyler Ennis,PG,20,TOT,33,411,.361,12.3,,.701,.306,.181,.090,.125,.299,,.396,.455,.346,.462,.278,.279,,.325,.667,,.014,2,,.233,.300,,0,0,ennisty01
144,Tyler Ennis,PG,20,PHO,8,58,.429,11.8,,.714,.238,.286,.095,.095,.286,,.467,.600,.667,.000,.000,.333,,.429,.500,,.000,0,,.000,,,0,0,ennisty01
144,Tyler Ennis,PG,20,MIL,25,353,.350,12.4,,.699,.317,.163,.089,.130,.301,,.384,.436,.250,.545,.313,.270,,.303,.700,,.016,2,,.270,.300,,0,0,ennisty01
145,Jeremy Evans,SF,27,UTA,38,266,.552,6.1,,.914,.569,.155,.086,.103,.086,,.566,.788,.333,.200,.000,.400,,.633,1.000,,.172,9,,.600,.667,,0,0,evansje01
146,Reggie Evans,PF,34,SAC,47,764,.423,3.2,,.985,.555,.387,.036,.007,.015,,.430,.592,.226,.000,1.000,.000,,.603,,,.073,7,,.500,.000,,0,0,evansre01
147,Tyreke Evans,SG,25,NOP,79,2690,.447,8.6,,.805,.537,.135,.023,.110,.195,,.482,.558,.280,.333,.391,.304,,.252,.696,,.006,7,,.220,.340,,6,0,evansty01
148,Dante Exum,PG,19,UTA,82,1817,.349,18.4,,.365,.125,.111,.022,.108,.635,,.408,.731,.283,.111,.222,.314,,.468,.940,,.038,16,,.394,.327,,1,0,exumda01
149,Festus Ezeli,C,25,GSW,46,504,.547,4.1,,1.000,.518,.381,.065,.036,.000,,.547,.653,.491,.333,.000,,,.632,,,.237,28,,,,,0,0,ezelife01
150,Kenneth Faried,PF,25,DEN,75,2086,.507,3.9,,.989,.577,.323,.054,.034,.011,,.511,.631,.353,.325,.280,.125,,.642,.000,,.154,99,,.250,.500,,4,0,farieke01
151,Jordan Farmar,PG,28,LAC,36,529,.386,19.8,,.386,.108,.032,.051,.196,.614,,.426,.588,.200,.375,.387,.361,,.269,.714,,.000,0,,.206,.350,,0,0,farmajo01
152,Derrick Favors,PF,23,UTA,74,2280,.525,6.8,,.993,.442,.214,.204,.134,.007,,.527,.739,.327,.401,.341,.167,,.680,1.000,,.117,105,,.333,.500,,0,0,favorde01
153,Raymond Felton,PG,30,DAL,29,281,.406,14.6,,.679,.236,.113,.085,.245,.321,,.458,.600,.333,.444,.385,.294,,.242,.600,,.000,0,,.118,.000,,1,0,feltora01
154,Landry Fields,SF,26,TOR,26,216,.488,5.0,,.951,.463,.341,.146,.000,.049,,.487,.684,.214,.500,,.500,,.632,1.000,,.073,3,,1.000,.500,,0,0,fieldla01
155,Evan Fournier,SG,22,ORL,58,1661,.440,13.4,,.609,.339,.125,.040,.104,.391,,.480,.636,.250,.217,.350,.378,,.446,.776,,.037,19,,.196,.341,,3,0,fournev01
156,Randy Foye,SG,31,DEN,50,1087,.368,20.0,,.346,.100,.087,.020,.139,.654,,.388,.625,.286,.375,.286,.357,,.259,.819,,.002,1,,.198,.404,,3,0,foyera01
157,Jamaal Franklin,SG,23,DEN,3,13,.500,26.0,,.000,.000,.000,.000,.000,1.000,,,,,,,.500,,,1.000,,.000,0,,.000,,,0,0,frankja01
158,Tim Frazier,PG,24,TOT,11,239,.344,12.6,,.721,.246,.213,.131,.131,.279,,.364,.600,.154,.375,.250,.294,,.188,.800,,.000,0,,.000,,,0,0,fraziti01
158,Tim Frazier,PG,24,PHI,6,171,.302,13.0,,.744,.233,.186,.163,.163,.256,,.313,.400,.125,.429,.286,.273,,.200,.667,,.000,0,,.000,,,0,0,fraziti01
158,Tim Frazier,PG,24,POR,5,68,.444,11.6,,.667,.278,.278,.056,.056,.333,,.500,1.000,.200,.000,.000,.333,,.167,1.000,,.000,0,,.000,,,0,0,fraziti01
159,Jimmer Fredette,PG,25,NOP,50,509,.380,13.2,,.711,.217,.211,.133,.151,.289,,.458,.528,.457,.409,.400,.188,,.352,.889,,.000,0,,.250,.250,,0,0,fredeji01
160,Enes Freedom,C,22,TOT,75,2135,.519,6.9,,.952,.503,.177,.089,.182,.048,,.528,.666,.409,.410,.320,.356,,.528,1.000,,.039,30,,.778,.343,,0,0,kanteen01
160,Enes Freedom,C,22,UTA,49,1326,.491,7.9,,.930,.452,.175,.086,.216,.070,,.505,.673,.402,.360,.294,.317,,.538,1.000,,.045,20,,.756,.290,,0,0,kanteen01
160,Enes Freedom,C,22,OKC,26,809,.566,5.2,,.988,.590,.179,.095,.124,.012,,.564,.657,.419,.485,.395,.750,,.513,1.000,,.029,10,,1.000,.750,,0,0,kanteen01
161,Joel Freeland,C,27,POR,48,617,.490,8.6,,1.000,.325,.245,.166,.265,.000,,.490,.612,.514,.400,.375,,,.689,,,.060,9,,,,,0,0,freeljo01
162,Channing Frye,PF,31,ORL,75,1870,.392,21.4,,.290,.051,.055,.033,.150,.710,,.390,.360,.407,.313,.411,.393,,.636,.978,,.006,2,,.095,.333,,0,0,fryech01
163,Danilo Gallinari,SF,26,DEN,59,1426,.401,17.7,,.470,.171,.085,.048,.167,.530,,.453,.619,.292,.481,.358,.355,,.438,.879,,.030,15,,.216,.385,,4,1,gallida01
164,Langston Galloway,PG,23,NYK,45,1457,.399,15.7,,.656,.219,.088,.082,.266,.344,,.424,.500,.267,.357,.434,.352,,.472,.742,,.020,9,,.131,.304,,5,1,gallola01
165,Francisco García,SF,33,HOU,14,200,.270,20.3,,.286,.127,.048,.095,.016,.714,,.389,.750,.000,.167,.000,.222,,.571,.900,,.016,1,,.378,.294,,2,0,garcifr01
166,Kevin Garnett*,PF,38,TOT,47,952,.467,13.5,,.977,.147,.134,.170,.526,.023,,.475,.533,.390,.423,.497,.143,,.789,1.000,,.020,3,,.286,.000,,0,0,garneke01
166,Kevin Garnett*,PF,38,BRK,42,854,.455,13.3,,.978,.153,.145,.178,.502,.022,,.461,.500,.400,.429,.478,.167,,.766,1.000,,.022,3,,.333,.000,,0,0,garneke01
166,Kevin Garnett*,PF,38,MIN,5,98,.581,15.9,,.968,.097,.032,.097,.742,.032,,.600,1.000,.000,.333,.609,.000,,.944,,,.000,0,,.000,,,0,0,garneke01
167,Marc Gasol,C,30,MEM,81,2687,.494,9.6,,.984,.241,.281,.221,.242,.016,,.500,.698,.468,.430,.402,.176,,.628,.667,,.054,56,,.000,,,3,0,gasolma01
168,Pau Gasol*,PF,34,CHI,78,2681,.494,8.8,,.977,.319,.251,.167,.241,.023,,.495,.609,.433,.401,.475,.462,,.609,1.000,,.049,54,,.808,.524,,1,0,gasolpa01
169,Rudy Gay,SF,28,SAC,68,2408,.455,11.8,,.803,.203,.264,.167,.168,.197,,.479,.617,.437,.468,.388,.359,,.312,.734,,.060,60,,.223,.347,,1,0,gayru01
170,Alonzo Gee,SF,27,TOT,54,662,.468,7.1,,.812,.570,.129,.054,.059,.188,,.490,.623,.167,.100,.273,.371,,.473,1.000,,.188,33,,.829,.414,,0,0,geeal01
170,Alonzo Gee,SF,27,DEN,39,511,.482,6.8,,.825,.569,.153,.044,.058,.175,,.496,.654,.095,.167,.250,.417,,.518,1.000,,.204,27,,.833,.450,,0,0,geeal01
170,Alonzo Gee,SF,27,POR,15,151,.429,7.9,,.776,.571,.061,.082,.061,.224,,.474,.536,.667,.000,.333,.273,,.333,1.000,,.143,6,,.818,.333,,0,0,geeal01
171,Paul George,SF,24,IND,6,91,.367,16.4,,.551,.204,.041,.143,.163,.449,,.333,.400,.000,.429,.250,.409,,.333,.889,,.061,2,,.227,.200,,0,0,georgpa01
172,Taj Gibson,PF,29,CHI,62,1692,.502,5.1,,1.000,.555,.198,.168,.081,.000,,.502,.619,.350,.341,.415,,,.717,,,.144,67,,,,,0,0,gibsota01
173,Manu Ginóbili*,SG,37,SAS,70,1587,.426,13.9,,.562,.280,.151,.070,.061,.438,,.489,.594,.449,.366,.250,.345,,.451,.798,,.002,1,,.167,.465,,1,0,ginobma01
174,Rudy Gobert,C,22,UTA,82,2158,.604,1.7,,.995,.789,.185,.007,.014,.005,,.607,.709,.241,.000,.000,.000,,.597,,,.344,135,,.000,,,0,0,goberru01
175,Drew Gooden,PF,33,WAS,51,864,.399,14.9,,.786,.221,.094,.080,.391,.214,,.401,.459,.231,.455,.398,.390,,.655,.957,,.007,2,,.203,.500,,1,0,goodedr01
176,Archie Goodwin,SG,20,PHO,41,535,.393,9.2,,.796,.527,.124,.035,.109,.204,,.419,.528,.200,.143,.227,.293,,.358,.917,,.085,14,,.195,.375,,2,0,goodwar01
177,Aaron Gordon,PF,19,ORL,47,797,.447,9.1,,.769,.462,.149,.096,.063,.231,,.500,.635,.419,.100,.308,.271,,.488,.923,,.125,22,,.542,.346,,1,0,gordoaa01
178,Ben Gordon,SG,31,ORL,56,790,.437,16.3,,.671,.088,.149,.136,.298,.329,,.475,.500,.591,.400,.443,.361,,.330,.714,,.000,0,,.186,.611,,0,0,gordobe01
179,Drew Gordon,PF,24,PHI,9,71,.421,8.9,,.842,.474,.158,.053,.158,.158,,.500,.667,.667,.000,.000,.000,,.875,,,.053,1,,.000,,,0,0,gordodr01
180,Eric Gordon,SG,26,NOP,61,2018,.411,15.7,,.546,.200,.148,.063,.133,.454,,.380,.460,.320,.273,.380,.448,,.361,.943,,.000,0,,.156,.429,,2,0,gordoer01
181,Marcin Gortat,C,30,WAS,82,2453,.566,5.6,,.996,.475,.274,.186,.062,.004,,.569,.739,.410,.438,.354,.000,,.768,,,.077,58,,.000,,,0,0,gortama01
182,Danny Granger,SF,31,MIA,30,613,.401,17.6,,.481,.154,.049,.093,.185,.519,,.449,.560,.500,.400,.367,.357,,.571,.933,,.006,1,,.298,.400,,0,0,grangda01
183,Jerami Grant,SF,20,PHI,65,1377,.352,13.6,,.557,.321,.131,.037,.068,.443,,.383,.540,.109,.231,.250,.314,,.613,.980,,.082,27,,.276,.372,,0,0,grantje01
184,Danny Green,SG,27,SAS,81,2312,.436,18.0,,.381,.169,.058,.056,.098,.619,,.466,.584,.465,.317,.347,.418,,.649,.937,,.007,4,,.328,.467,,1,0,greenda02
185,Draymond Green,PF,24,GSW,79,2490,.443,13.6,,.570,.335,.115,.051,.069,.430,,.523,.680,.205,.462,.340,.337,,.737,1.000,,.051,36,,.085,.286,,0,0,greendr01
186,Erick Green,PG,23,DEN,43,410,.377,16.7,,.710,.074,.130,.136,.370,.290,,.409,.667,.476,.318,.367,.298,,.489,.929,,.019,3,,.340,.375,,0,0,greener01
187,Gerald Green,SG,29,PHO,74,1446,.416,17.5,,.503,.132,.072,.130,.168,.497,,.478,.660,.411,.446,.389,.354,,.385,.737,,.040,28,,.266,.359,,3,0,greenge01
188,JaMychal Green,PF,24,TOT,24,164,.574,8.4,,.872,.574,.085,.000,.213,.128,,.659,.741,1.000,,.300,.000,,.593,,,.128,6,,.500,.000,,0,0,greenja01
188,JaMychal Green,PF,24,SAS,4,25,.571,10.5,,.714,.571,.000,.000,.143,.286,,.800,1.000,,,.000,.000,,.500,,,.000,0,,.500,.000,,0,0,greenja01
188,JaMychal Green,PF,24,MEM,20,139,.575,8.1,,.900,.575,.100,.000,.225,.100,,.639,.696,1.000,,.333,.000,,.609,,,.150,6,,.500,.000,,0,0,greenja01
189,Jeff Green,SF,28,TOT,78,2454,.430,12.6,,.698,.266,.208,.100,.124,.302,,.473,.623,.433,.361,.308,.332,,.498,.856,,.069,55,,.267,.423,,5,0,greenje02
189,Jeff Green,SF,28,BOS,33,1093,.434,13.3,,.676,.236,.196,.116,.128,.324,,.495,.643,.484,.364,.361,.305,,.503,.894,,.061,27,,.214,.394,,2,0,greenje02
189,Jeff Green,SF,28,MEM,45,1361,.427,11.8,,.720,.295,.220,.085,.120,.280,,.452,.607,.389,.357,.254,.362,,.494,.820,,.077,28,,.326,.444,,3,0,greenje02
190,Willie Green,SG,33,ORL,52,951,.386,15.7,,.605,.196,.124,.049,.235,.395,,.411,.600,.211,.200,.403,.347,,.408,.833,,.023,7,,.372,.400,,1,0,greenwi01
191,Blake Griffin,PF,25,LAC,67,2356,.502,10.0,,.978,.332,.185,.082,.378,.022,,.504,.708,.396,.383,.404,.400,,.672,.800,,.080,84,,.240,.500,,1,0,griffbl01
192,Jorge Gutiérrez,PG,26,TOT,20,175,.537,9.8,,.927,.390,.146,.073,.317,.073,,.579,.688,.500,.667,.462,.000,,.682,,,.000,0,,.333,.000,,0,0,gutiejo01
192,Jorge Gutiérrez,PG,26,BRK,10,44,.500,11.0,,.929,.286,.214,.071,.357,.071,,.538,1.000,.333,.000,.400,.000,,.286,,,.000,0,,.000,,,0,0,gutiejo01
192,Jorge Gutiérrez,PG,26,MIL,10,131,.556,9.2,,.926,.444,.111,.074,.296,.074,,.600,.583,.667,1.000,.500,.000,,.867,,,.000,0,,.500,.000,,0,0,gutiejo01
193,P.J. Hairston,SG,22,CHO,45,687,.323,18.7,,.394,.171,.067,.048,.108,.606,,.358,.348,.389,.538,.276,.301,,.553,.939,,.007,0,,.147,.417,,2,0,hairspj02
194,Jordan Hamilton,SF,24,LAC,14,122,.400,18.8,,.400,.086,.143,.086,.086,.600,,.286,.667,.200,.333,.000,.476,,.250,.800,,.000,0,,.095,1.000,,0,0,hamiljo02
195,Justin Hamilton,C,24,TOT,41,712,.478,8.8,,.826,.438,.191,.079,.118,.174,,.510,.615,.412,.429,.333,.323,,.747,1.000,,.079,13,,.161,.200,,0,0,hamilju01
195,Justin Hamilton,C,24,MIA,24,289,.415,11.2,,.708,.338,.200,.046,.123,.292,,.457,.682,.231,.333,.250,.316,,.762,1.000,,.031,2,,.158,.333,,0,0,hamilju01
195,Justin Hamilton,C,24,MIN,17,423,.513,7.5,,.894,.496,.186,.097,.115,.106,,.535,.589,.524,.455,.385,.333,,.741,1.000,,.106,11,,.167,.000,,0,0,hamilju01
196,Tyler Hansbrough,PF,29,TOR,74,1058,.521,3.5,,.958,.648,.248,.024,.036,.042,,.538,.570,.488,.250,.500,.143,,.765,1.000,,.127,21,,1.000,.143,,0,0,hansbty01
197,Tim Hardaway Jr.,SG,22,NYK,70,1681,.389,16.9,,.506,.191,.093,.059,.163,.494,,.435,.606,.269,.286,.385,.342,,.519,.893,,.015,11,,.192,.279,,3,0,hardati02
198,James Harden,SG,25,HOU,81,2981,.440,13.5,,.622,.311,.106,.074,.131,.378,,.480,.615,.295,.431,.337,.375,,.166,.510,,.023,33,,.108,.467,,1,0,hardeja01
199,Maurice Harkless,SF,21,ORL,45,674,.399,10.5,,.646,.506,.108,.013,.019,.354,,.520,.588,.353,.000,.000,.179,,.623,1.000,,.196,29,,.536,.200,,2,0,harklma01
200,Devin Harris,PG,31,DAL,76,1685,.418,16.0,,.492,.240,.103,.046,.103,.508,,.481,.619,.389,.167,.389,.357,,.226,.811,,.002,1,,.177,.596,,5,1,harride01
201,Gary Harris,SG,20,DEN,55,719,.304,15.8,,.525,.230,.078,.088,.129,.475,,.395,.480,.294,.368,.321,.204,,.511,.905,,.055,10,,.330,.147,,0,0,harriga01
202,Joe Harris,SG,23,CLE,51,493,.400,18.9,,.300,.125,.067,.042,.067,.700,,.472,.533,.375,.400,.500,.369,,.765,.968,,.000,0,,.536,.378,,0,0,harrijo01
203,Tobias Harris,SF,22,ORL,68,2369,.466,11.5,,.748,.296,.201,.115,.136,.252,,.500,.683,.382,.367,.388,.364,,.558,.966,,.052,46,,.427,.451,,2,0,harrito02
204,Udonis Haslem,PF,34,MIA,62,995,.448,8.3,,.958,.444,.117,.117,.280,.042,,.459,.566,.464,.286,.358,.200,,.695,1.000,,.067,14,,1.000,.200,,0,0,hasleud01
205,Spencer Hawes,PF,26,LAC,73,1274,.393,14.8,,.576,.198,.193,.070,.116,.424,,.452,.598,.350,.414,.396,.313,,.759,1.000,,.031,12,,.165,.276,,1,0,hawessp01
206,Chuck Hayes,C,31,TOR,29,255,.478,3.1,,1.000,.565,.413,.022,.000,.000,,.478,.462,.474,1.000,,,,.909,,,.000,0,,,,,0,0,hayesch01
207,Gordon Hayward,SF,24,UTA,76,2618,.445,13.8,,.696,.209,.172,.119,.197,.304,,.481,.634,.358,.426,.458,.364,,.299,.858,,.046,50,,.142,.426,,1,0,haywago01
208,Brendan Haywood,C,35,CLE,22,119,.467,6.2,,1.000,.167,.667,.133,.033,.000,,.467,.800,.350,.500,1.000,,,.786,,,.067,2,,,,,0,0,haywobr01
209,Gerald Henderson,SG,27,CHO,80,2315,.437,13.2,,.839,.208,.106,.189,.336,.161,,.457,.636,.356,.406,.407,.331,,.517,.956,,.044,36,,.493,.418,,0,0,hendege02
210,Xavier Henry,SF,23,LAL,9,86,.231,9.5,,1.000,.385,.077,.231,.308,.000,,.231,.200,.000,.333,.250,,,.667,,,.000,0,,,,,0,0,henryxa01
211,John Henson,C,24,MIL,67,1228,.566,2.5,,1.000,.642,.332,.023,.003,.000,,.566,.644,.461,.000,.000,,,.765,,,.176,55,,,,,0,0,hensojo01
212,Roy Hibbert,C,28,IND,76,1926,.446,8.5,,.997,.220,.394,.172,.211,.003,,.448,.558,.443,.328,.440,.000,,.603,,,.049,29,,.000,,,0,0,hibbero01
213,J.J. Hickson,C,26,DEN,73,1411,.475,4.3,,.996,.558,.294,.096,.048,.004,,.477,.609,.341,.250,.227,.000,,.670,,,.163,68,,.500,.000,,1,0,hicksjj01
214,Nenê,PF,32,WAS,67,1693,.511,7.8,,.992,.423,.158,.191,.220,.008,,.513,.697,.337,.383,.402,.200,,.699,1.000,,.106,63,,.600,.000,,0,0,hilarne01
215,George Hill,PG,28,IND,43,1267,.477,14.5,,.639,.226,.140,.123,.150,.361,,.544,.702,.427,.500,.450,.358,,.237,.725,,.019,9,,.223,.326,,2,0,hillge01
216,Jordan Hill,C,27,LAL,70,1874,.459,10.5,,.986,.250,.227,.138,.372,.014,,.462,.691,.398,.336,.394,.273,,.619,.333,,.058,42,,.545,.333,,0,0,hilljo01
217,Solomon Hill,SF,23,IND,82,2381,.396,12.0,,.672,.352,.142,.084,.095,.328,,.430,.502,.333,.377,.350,.327,,.350,.971,,.060,30,,.346,.375,,1,0,hillso01
218,Kirk Hinrich,SG,34,CHI,66,1610,.373,17.5,,.559,.110,.118,.052,.278,.441,,.394,.571,.333,.300,.368,.345,,.452,.931,,.000,0,,.375,.381,,1,0,hinriki01
219,Jrue Holiday,PG,24,NOP,40,1303,.446,12.1,,.747,.264,.176,.172,.135,.253,,.469,.560,.436,.457,.347,.378,,.160,.549,,.004,2,,.259,.400,,0,0,holidjr01
220,Justin Holiday,SG,25,GSW,59,657,.387,16.7,,.536,.200,.072,.072,.191,.464,,.444,.553,.294,.529,.356,.321,,.750,.943,,.064,13,,.239,.462,,1,0,holidju01
221,Ryan Hollins,C,30,SAC,46,441,.646,4.5,,1.000,.573,.244,.061,.122,.000,,.646,.809,.450,.400,.400,,,.642,,,.293,23,,,,,0,0,holliry01
222,Rodney Hood,SG,22,UTA,50,1064,.414,16.4,,.545,.128,.182,.099,.136,.455,,.456,.667,.382,.486,.333,.365,,.323,.855,,.016,6,,.206,.286,,2,0,hoodro01
223,Al Horford,C,28,ATL,76,2318,.538,10.2,,.963,.288,.211,.111,.352,.037,,.547,.748,.407,.458,.494,.306,,.789,.909,,.088,81,,.806,.379,,0,0,horfoal01
224,Dwight Howard,C,29,HOU,41,1223,.593,2.7,,.995,.624,.364,.002,.005,.005,,.594,.723,.377,.000,.500,.500,,.612,1.000,,.265,104,,.000,,,1,0,howardw01
225,Lester Hudson,SG,30,LAC,5,56,.429,15.1,,.571,.214,.143,.071,.143,.429,,.375,.667,.500,.000,.000,.500,,.333,.667,,.000,0,,.500,.333,,0,0,hudsole01
226,Robbie Hummel,SF,25,MIN,45,742,.459,16.0,,.703,.174,.076,.041,.413,.297,,.521,.900,.154,.429,.437,.314,,.794,1.000,,.012,2,,.471,.333,,0,0,hummero01
227,Kris Humphries,PF,29,WAS,64,1345,.473,10.4,,.984,.325,.110,.164,.386,.016,,.481,.614,.265,.479,.430,.000,,.791,,,.096,43,,.714,.000,,0,0,humphkr01
228,Serge Ibaka,PF,25,OKC,64,2116,.476,13.9,,.739,.202,.127,.118,.291,.261,,.511,.679,.430,.505,.432,.376,,.741,.987,,.064,46,,.180,.405,,0,0,ibakase01
229,Andre Iguodala,SF,31,GSW,77,2069,.466,14.8,,.573,.290,.071,.079,.133,.427,,.553,.750,.286,.359,.379,.349,,.643,.905,,.141,64,,.377,.325,,6,0,iguodan01
230,Ersan İlyasova,PF,27,MIL,58,1319,.472,13.4,,.659,.345,.066,.054,.194,.341,,.515,.594,.270,.400,.491,.389,,.714,.973,,.007,3,,.126,.500,,0,0,ilyaser01
231,Joe Ingles,SF,27,UTA,79,1673,.415,18.4,,.429,.119,.093,.051,.167,.571,,.493,.738,.273,.556,.424,.356,,.293,.931,,.014,5,,.317,.453,,1,0,inglejo01
232,Kyrie Irving,PG,22,CLE,75,2730,.468,12.9,,.694,.273,.148,.137,.136,.306,,.491,.611,.344,.420,.482,.415,,.219,.618,,.003,4,,.206,.474,,2,1,irvinky01
233,Jarrett Jack,PG,31,BRK,80,2241,.439,13.7,,.821,.131,.214,.204,.272,.179,,.477,.607,.503,.395,.455,.267,,.191,.872,,.001,1,,.295,.465,,7,0,jackja01
234,Reggie Jackson,PG,24,TOT,77,2268,.434,12.1,,.758,.271,.197,.119,.171,.242,,.477,.615,.418,.429,.359,.299,,.131,.486,,.024,22,,.091,.227,,3,0,jacksre01
234,Reggie Jackson,PG,24,OKC,50,1398,.432,13.0,,.726,.236,.186,.099,.205,.274,,.490,.596,.505,.491,.356,.278,,.146,.500,,.030,15,,.114,.222,,0,0,jacksre01
234,Reggie Jackson,PG,24,DET,27,870,.436,10.9,,.802,.319,.212,.148,.124,.198,,.460,.634,.315,.371,.365,.337,,.110,.464,,.017,7,,.048,.250,,3,0,jacksre01
235,Bernard James,C,29,DAL,16,158,.444,1.3,,1.000,.815,.185,.000,.000,.000,,.444,.545,.000,,,,,.833,,,.185,5,,,,,0,0,jamesbe01
236,LeBron James,SF,30,CLE,69,2493,.488,12.1,,.735,.334,.125,.116,.159,.265,,.536,.721,.413,.356,.377,.354,,.315,.467,,.072,88,,.115,.385,,1,0,jamesle01
237,Al Jefferson,C,30,CHO,65,1992,.481,7.7,,.995,.282,.363,.218,.132,.005,,.482,.639,.447,.391,.391,.400,,.597,.500,,.015,15,,.200,1.000,,0,0,jeffeal01
238,Cory Jefferson,PF,24,BRK,50,531,.449,9.5,,.910,.347,.216,.162,.186,.090,,.480,.586,.389,.519,.355,.133,,.534,1.000,,.174,21,,.333,.400,,1,0,jeffeco01
239,Richard Jefferson,SF,34,DAL,74,1244,.444,14.6,,.522,.253,.136,.040,.093,.478,,.462,.634,.295,.077,.400,.426,,.577,.924,,.080,21,,.413,.438,,0,0,jefferi01
240,John Jenkins,SG,23,ATL,24,297,.495,19.0,,.475,.121,.020,.040,.293,.525,,.596,.917,.000,.250,.552,.404,,.786,.905,,.000,0,,.308,.438,,0,0,jenkijo01
241,Brandon Jennings,PG,25,DET,41,1173,.401,14.1,,.611,.280,.118,.087,.127,.389,,.428,.520,.313,.340,.391,.360,,.261,.461,,.006,3,,.147,.516,,1,0,jennibr01
242,Jonas Jerebko,PF,27,TOT,75,1230,.446,13.4,,.631,.296,.150,.034,.150,.369,,.481,.652,.281,.154,.421,.386,,.687,1.000,,.034,12,,.264,.486,,0,0,jerebjo01
242,Jonas Jerebko,PF,27,DET,46,703,.460,14.3,,.616,.273,.131,.025,.187,.384,,.516,.593,.500,.200,.459,.368,,.683,1.000,,.015,3,,.237,.389,,0,0,jerebjo01
242,Jonas Jerebko,PF,27,BOS,29,527,.431,12.4,,.646,.320,.171,.044,.110,.354,,.444,.707,.097,.125,.350,.406,,.692,1.000,,.055,9,,.297,.579,,0,0,jerebjo01
243,Grant Jerrett,PF,21,TOT,8,51,.269,17.5,,.423,.038,.231,.038,.115,.577,,.545,1.000,.667,1.000,.000,.067,,.500,1.000,,.000,0,,.267,.000,,0,0,jerregr01
243,Grant Jerrett,PF,21,OKC,5,25,.176,20.8,,.235,.059,.059,.000,.118,.765,,.500,1.000,1.000,,.000,.077,,.500,1.000,,.000,0,,.308,.000,,0,0,jerregr01
243,Grant Jerrett,PF,21,UTA,3,26,.444,11.3,,.778,.000,.556,.111,.111,.222,,.571,,.600,1.000,.000,.000,,.500,,,.000,0,,.000,,,0,0,jerregr01
244,Amir Johnson,PF,27,TOR,75,1979,.574,5.5,,.911,.489,.353,.025,.044,.089,,.590,.701,.464,.385,.478,.413,,.685,1.000,,.089,42,,.196,.333,,0,0,johnsam01
245,Chris Johnson,SF,24,TOT,29,526,.403,16.5,,.383,.247,.065,.032,.039,.617,,.576,.658,.400,.600,.333,.295,,.735,.929,,.013,2,,.526,.260,,0,0,johnsch04
245,Chris Johnson,SF,24,PHI,9,187,.317,18.4,,.350,.200,.050,.033,.067,.650,,.429,.417,.667,.500,.250,.256,,.667,.900,,.000,0,,.308,.333,,0,0,johnsch04
245,Chris Johnson,SF,24,UTA,12,211,.484,14.9,,.406,.266,.109,.031,.000,.594,,.692,.882,.286,.500,,.342,,.833,.923,,.031,2,,.789,.267,,0,0,johnsch04
245,Chris Johnson,SF,24,MIL,8,128,.400,16.3,,.400,.300,.000,.033,.067,.600,,.583,.556,,1.000,.500,.278,,.571,1.000,,.000,0,,.444,.125,,0,0,johnsch04
246,James Johnson,PF,27,TOR,70,1370,.589,6.3,,.874,.532,.238,.042,.062,.126,,.643,.763,.510,.235,.400,.216,,.458,1.000,,.126,50,,.471,.292,,0,0,johnsja01
247,Joe Johnson,SG,33,BRK,80,2791,.435,14.5,,.671,.098,.279,.136,.159,.329,,.472,.570,.524,.410,.374,.359,,.231,.893,,.001,1,,.285,.333,,2,0,johnsjo02
248,Nick Johnson,SG,22,HOU,28,262,.347,9.7,,.720,.427,.240,.027,.027,.280,,.389,.469,.333,.000,.000,.238,,.476,.800,,.067,4,,.333,.286,,0,0,johnsni01
249,Tyler Johnson,SG,22,MIA,32,603,.419,13.0,,.713,.293,.174,.066,.180,.287,,.437,.592,.310,.455,.300,.375,,.442,.944,,.084,10,,.250,.417,,1,0,johnsty01
250,Wesley Johnson,SF,27,LAL,76,2245,.414,16.8,,.625,.156,.052,.109,.308,.375,,.451,.704,.444,.387,.347,.351,,.651,.923,,.055,35,,.336,.368,,1,0,johnswe01
251,Dahntay Jones,SF,34,LAC,33,123,.286,12.3,,.810,.286,.095,.238,.190,.190,,.353,.833,.000,.000,.250,.000,,1.000,,,.000,0,,1.000,.000,,0,0,jonesda02
252,James Jones,SF,34,CLE,57,669,.368,23.0,,.129,.015,.015,.035,.065,.871,,.423,.667,.333,.143,.538,.360,,.818,.984,,.000,0,,.349,.311,,0,0,jonesja02
253,Perry Jones,SF,23,OKC,43,631,.397,13.1,,.674,.201,.293,.071,.109,.326,,.476,.676,.426,.538,.200,.233,,.644,.929,,.043,8,,.250,.133,,2,0,jonespe01
254,Terrence Jones,PF,23,HOU,33,889,.528,6.3,,.876,.508,.298,.037,.033,.124,,.553,.691,.416,.091,.200,.351,,.600,1.000,,.100,30,,.054,.000,,1,0,joneste01
255,DeAndre Jordan,C,26,LAC,82,2820,.710,0.9,,.993,.919,.071,.002,.000,.007,,.713,.739,.368,1.000,,.250,,.690,.000,,.532,252,,.000,,,0,0,jordade01
256,Jerome Jordan,C,28,BRK,44,383,.532,3.0,,1.000,.798,.074,.053,.074,.000,,.532,.587,.286,.400,.286,,,.680,,,.234,19,,,,,0,0,jordaje01
257,Cory Joseph,PG,23,SAS,79,1444,.504,9.4,,.893,.392,.185,.134,.182,.107,,.520,.602,.474,.436,.453,.364,,.403,.938,,.002,0,,.568,.360,,3,0,josepco01
258,Chris Kaman,C,32,POR,74,1398,.515,7.3,,1.000,.366,.268,.179,.188,.000,,.515,.667,.395,.459,.447,,,.629,,,.027,15,,,,,0,0,kamanch01
259,Sergey Karasev,SG,21,BRK,33,555,.403,13.8,,.597,.284,.149,.060,.104,.403,,.475,.553,.450,.375,.357,.296,,.737,1.000,,.000,0,,.426,.217,,1,0,karasse01
260,Ryan Kelly,PF,23,LAL,52,1233,.337,15.9,,.566,.146,.142,.152,.126,.434,,.337,.644,.205,.255,.231,.336,,.678,.978,,.029,9,,.216,.552,,1,0,kellyry01
261,Michael Kidd-Gilchrist,SF,21,CHO,55,1587,.465,7.6,,1.000,.477,.156,.071,.297,.000,,.465,.578,.280,.500,.371,,,.714,,,.056,26,,,,,0,0,kiddgmi01
262,Sean Kilpatrick,SG,25,MIN,4,72,.350,17.6,,.350,.250,.000,.050,.050,.650,,.429,.400,,.000,1.000,.308,,.333,1.000,,.050,1,,.154,.500,,0,0,kilpase01
263,Andrei Kirilenko,SF,33,BRK,7,36,.000,2.0,,1.000,.600,.400,.000,.000,.000,,.000,.000,.000,,,,,,,,.000,0,,,,,0,0,kirilan01
264,Alex Kirk,C,23,CLE,5,14,.250,9.8,,1.000,.500,.000,.000,.500,.000,,.250,.500,,,.000,,,.000,,,.000,0,,,,,0,0,kirkal01
265,Brandon Knight,PG-SG,23,TOT,63,2035,.422,14.6,,.639,.273,.073,.072,.221,.361,,.441,.579,.277,.313,.367,.389,,.296,.656,,.020,17,,.196,.413,,0,0,knighbr03
265,Brandon Knight,PG,23,MIL,52,1688,.435,14.1,,.659,.295,.067,.077,.220,.341,,.448,.582,.260,.298,.378,.409,,.295,.635,,.020,14,,.209,.377,,0,0,knighbr03
265,Brandon Knight,SG,23,PHO,11,347,.357,17.3,,.531,.154,.105,.049,.224,.469,,.395,.545,.333,.429,.313,.313,,.300,.762,,.021,3,,.149,.600,,0,0,knighbr03
266,Kyle Korver,SG,33,ATL,75,2418,.487,21.7,,.252,.047,.022,.035,.148,.748,,.470,.679,.231,.429,.449,.492,,.915,.964,,.005,3,,.247,.541,,0,0,korveky01
267,Kosta Koufos,C,25,MEM,81,1348,.508,4.9,,1.000,.447,.394,.101,.059,.000,,.508,.619,.454,.333,.333,,,.753,,,.059,18,,,,,0,0,koufoko01
268,Ognjen Kuzmić,C,24,GSW,16,72,.667,7.3,,1.000,.500,.000,.333,.167,.000,,.667,.667,,.500,1.000,,,.875,,,.083,1,,,,,0,0,kuzmiog01
269,Jeremy Lamb,SG,22,OKC,47,633,.416,16.0,,.556,.160,.148,.108,.140,.444,,.475,.750,.459,.259,.343,.342,,.394,.763,,.020,5,,.135,.267,,2,0,lambje01
270,Carl Landry,PF,31,SAC,70,1192,.515,8.8,,1.000,.352,.203,.125,.320,.000,,.515,.700,.320,.565,.415,,,.716,,,.068,24,,,,,0,0,landrca01
271,Shane Larkin,PG,22,NYK,76,1865,.433,12.9,,.731,.282,.148,.086,.215,.269,,.481,.607,.344,.432,.430,.302,,.474,.800,,.000,0,,.086,.200,,0,0,larkish01
272,Joffrey Lauvergne,C,23,DEN,24,268,.404,7.9,,.820,.506,.180,.056,.079,.180,,.452,.667,.125,.000,.143,.188,,.636,1.000,,.112,9,,.438,.000,,1,0,lauvejo01
273,Zach LaVine,PG,19,MIN,77,1902,.422,13.6,,.753,.278,.117,.066,.292,.247,,.449,.633,.316,.333,.354,.341,,.349,.789,,.062,39,,.144,.375,,3,0,lavinza01
274,Ty Lawson,PG,27,DEN,75,2665,.436,13.3,,.779,.251,.120,.164,.244,.221,,.463,.642,.351,.447,.345,.341,,.147,.614,,.001,0,,.093,.421,,6,0,lawsoty01
275,Ricky Ledo,SG,22,TOT,17,244,.333,11.2,,.719,.313,.260,.010,.135,.281,,.319,.467,.160,.000,.308,.370,,.409,.800,,.010,0,,.000,,,0,0,ledori01
275,Ricky Ledo,SG,22,DAL,5,11,.000,14.2,,.500,.167,.333,.000,.000,.500,,.000,.000,.000,,,.000,,,,,.000,0,,.000,,,0,0,ledori01
275,Ricky Ledo,SG,22,NYK,12,233,.356,11.0,,.733,.322,.256,.011,.144,.267,,.333,.483,.174,.000,.308,.417,,.409,.800,,.011,0,,.000,,,0,0,ledori01
276,Courtney Lee,SG,29,MEM,77,2354,.448,15.7,,.652,.156,.103,.145,.249,.348,,.473,.650,.273,.452,.456,.402,,.601,.989,,.002,1,,.353,.392,,2,0,leeco01
277,David Lee,PF,31,GSW,49,904,.511,5.6,,.994,.482,.326,.080,.105,.006,,.514,.689,.314,.560,.303,.000,,.706,,,.077,23,,.000,,,1,0,leeda02
278,Malcolm Lee,SG,24,PHI,1,2,.000,5.0,,1.000,.000,1.000,.000,.000,.000,,.000,,.000,,,,,,,,.000,0,,,,,0,0,leema01
279,Alex Len,C,21,PHO,69,1518,.507,5.8,,.992,.544,.164,.167,.116,.008,,.509,.677,.293,.288,.341,.333,,.663,1.000,,.204,66,,.333,1.000,,0,0,lenal01
280,Kawhi Leonard,SF,23,SAS,64,2033,.479,12.7,,.766,.212,.180,.187,.187,.234,,.519,.724,.426,.481,.416,.349,,.450,.970,,.066,49,,.385,.459,,0,0,leonaka01
281,Meyers Leonard,C,22,POR,55,847,.510,15.3,,.543,.212,.147,.082,.102,.457,,.586,.731,.528,.450,.480,.420,,.795,.936,,.102,22,,.232,.577,,1,0,leoname01
282,Jon Leuer,PF,25,MEM,63,824,.443,10.8,,.894,.319,.143,.150,.282,.106,,.467,.701,.256,.439,.325,.241,,.781,1.000,,.062,15,,.345,.400,,0,0,leuerjo01
283,Damian Lillard,PG,24,POR,82,2925,.434,14.9,,.579,.285,.089,.058,.147,.421,,.500,.642,.264,.443,.390,.343,,.241,.510,,.024,30,,.119,.353,,2,0,lillada01
284,Jeremy Lin,PG,26,LAL,74,1907,.424,12.8,,.731,.280,.148,.119,.183,.269,,.444,.607,.330,.385,.325,.369,,.297,.585,,.000,0,,.091,.375,,1,0,linje01
285,Shaun Livingston,PG,29,GSW,78,1468,.500,8.3,,.995,.270,.237,.417,.071,.005,,.503,.701,.362,.461,.464,.000,,.460,,,.111,40,,.000,,,1,0,livinsh01
286,Brook Lopez,C,26,BRK,72,2100,.513,7.9,,.990,.314,.337,.151,.187,.010,,.517,.658,.459,.470,.422,.100,,.648,1.000,,.040,37,,.400,.000,,0,0,lopezbr01
287,Robin Lopez,C,26,POR,59,1638,.535,4.5,,.998,.542,.286,.098,.071,.002,,.537,.650,.408,.395,.387,.000,,.705,,,.094,38,,.000,,,0,0,lopezro01
288,Kevin Love,PF,26,CLE,75,2532,.434,14.3,,.588,.213,.181,.080,.114,.412,,.480,.611,.366,.408,.468,.367,,.691,.986,,.030,27,,.321,.365,,0,0,loveke01
289,Kyle Lowry,PG,28,TOR,70,2414,.412,15.1,,.625,.201,.138,.097,.188,.375,,.457,.629,.403,.317,.388,.338,,.262,.576,,.000,0,,.151,.339,,2,0,lowryky01
290,Kalin Lucas,PG,25,MEM,1,6,.000,14.0,,1.000,.000,.000,1.000,.000,.000,,.000,,,.000,,,,,,,.000,0,,,,,0,0,lucaska01
291,John Lucas III,PG,32,DET,21,272,.404,16.8,,.721,.077,.135,.163,.346,.279,,.440,.500,.286,.471,.472,.310,,.182,.778,,.000,0,,.138,.500,,0,0,lucasjo02
292,Shelvin Mack,PG,24,ATL,55,833,.401,15.4,,.565,.199,.137,.092,.137,.435,,.467,.569,.375,.444,.425,.315,,.442,.800,,.000,0,,.165,.476,,0,0,macksh01
293,Ian Mahinmi,C,28,IND,61,1146,.552,3.6,,1.000,.585,.302,.038,.075,.000,,.552,.694,.391,.375,.188,,,.607,,,.156,29,,,,,0,0,mahinia01
294,Devyn Marble,SG,22,ORL,16,208,.318,14.2,,.500,.273,.136,.045,.045,.500,,.455,.333,.667,.500,.500,.182,,.500,1.000,,.045,2,,.545,.083,,0,0,marblde01
295,Shawn Marion,SF,36,CLE,57,1101,.446,7.6,,.828,.404,.315,.094,.015,.172,,.484,.611,.393,.320,.000,.261,,.766,1.000,,.101,26,,.761,.286,,0,0,mariosh01
296,Kendall Marshall,PG,23,MIL,28,417,.455,15.2,,.545,.218,.129,.099,.099,.455,,.509,.682,.308,.500,.400,.391,,.357,.722,,.000,0,,.196,.111,,0,0,marshke01
297,Cartier Martin,SF,30,DET,23,198,.283,20.4,,.377,.094,.075,.019,.189,.623,,.450,.600,.250,.000,.500,.182,,.667,.833,,.000,0,,.303,.100,,1,0,martica01
298,Kenyon Martin,PF,37,MIL,11,104,.409,6.1,,1.000,.500,.227,.045,.227,.000,,.409,.455,.400,.000,.400,,,.889,,,.182,3,,,,,0,0,martike01
299,Kevin Martin,SG,31,MIN,39,1302,.427,15.9,,.694,.101,.117,.179,.296,.306,,.442,.651,.356,.455,.405,.393,,.547,.853,,.013,8,,.194,.568,,0,0,martike02
300,Wesley Matthews,SG,28,POR,60,2024,.448,17.6,,.408,.146,.105,.070,.086,.592,,.534,.600,.570,.453,.446,.389,,.451,.873,,.013,10,,.290,.403,,0,0,matthwe02
301,Jason Maxiell,PF,31,CHO,61,878,.422,7.1,,1.000,.349,.302,.229,.120,.000,,.422,.552,.431,.273,.304,,,.753,,,.078,11,,,,,0,0,maxieja01
302,O.J. Mayo,SG,27,MIL,71,1697,.422,15.2,,.605,.197,.111,.110,.187,.395,,.465,.630,.410,.403,.359,.357,,.624,.919,,.013,9,,.430,.437,,1,0,mayooj01
303,Luc Mbah a Moute,PF,28,PHI,67,1916,.395,13.8,,.682,.305,.086,.038,.253,.318,,.435,.562,.236,.292,.373,.307,,.630,.968,,.027,15,,.163,.333,,1,0,mbahalu01
304,James Michael McAdoo,PF,22,GSW,15,137,.545,2.2,,1.000,.705,.250,.023,.023,.000,,.545,.710,.091,1.000,.000,,,.833,,,.295,11,,,,,0,0,mcadoja01
305,Ray McCallum,PG,23,SAC,68,1436,.438,11.5,,.764,.313,.177,.106,.168,.236,,.479,.633,.373,.440,.329,.306,,.355,.794,,.030,11,,.441,.245,,1,0,mccalra01
306,CJ McCollum,SG,23,POR,62,973,.436,14.8,,.619,.214,.118,.115,.173,.381,,.460,.551,.465,.429,.365,.396,,.288,.855,,.016,5,,.338,.404,,0,0,mccolcj01
307,K.J. McDaniels,SG,21,TOT,62,1352,.396,11.7,,.654,.376,.131,.065,.083,.346,,.454,.577,.316,.214,.306,.287,,.519,.977,,.113,42,,.193,.310,,0,0,mcdankj01
307,K.J. McDaniels,SG,21,PHI,52,1319,.399,11.7,,.649,.377,.134,.062,.076,.351,,.456,.570,.321,.192,.344,.293,,.524,.977,,.115,41,,.197,.310,,0,0,mcdankj01
307,K.J. McDaniels,SG,21,HOU,10,33,.333,12.0,,.800,.333,.067,.133,.267,.200,,.417,.800,.000,.500,.000,.000,,.400,,,.067,1,,.000,,,0,0,mcdankj01
308,Doug McDermott,SF,23,CHI,36,321,.402,12.8,,.617,.402,.075,.028,.112,.383,,.455,.558,.125,.000,.417,.317,,.767,.923,,.028,2,,.171,.286,,0,0,mcderdo01
309,Mitch McGary,PF,22,OKC,32,485,.533,5.1,,.988,.558,.206,.152,.073,.012,,.540,.685,.353,.400,.250,.000,,.739,,,.097,14,,.500,.000,,0,0,mcgarmi01
310,JaVale McGee,C,27,TOT,23,256,.532,4.1,,1.000,.557,.266,.127,.051,.000,,.532,.727,.429,.100,.000,,,.810,,,.266,18,,,,,0,0,mcgeeja01
310,JaVale McGee,C,27,DEN,17,195,.557,3.1,,1.000,.590,.311,.082,.016,.000,,.557,.694,.421,.200,.000,,,.824,,,.262,13,,,,,0,0,mcgeeja01
310,JaVale McGee,C,27,PHI,6,61,.444,7.6,,1.000,.444,.111,.278,.167,.000,,.444,.875,.500,.000,.000,,,.750,,,.278,5,,,,,0,0,mcgeeja01
311,Ben McLemore,SG,21,SAC,82,2670,.437,15.7,,.529,.217,.123,.048,.142,.471,,.507,.711,.294,.425,.407,.358,,.628,.914,,.079,60,,.366,.413,,5,0,mclembe01
312,Jerel McNeal,PG,27,PHO,6,36,.273,12.0,,.818,.182,.364,.091,.182,.182,,.222,.000,.250,1.000,.000,.500,,.500,1.000,,.000,0,,.000,,,0,0,mcneaje01
313,Josh McRoberts,PF,27,MIA,17,296,.528,11.3,,.642,.415,.132,.038,.057,.358,,.588,.682,.571,.500,.000,.421,,.600,.875,,.151,8,,.000,,,0,0,mcrobjo01
314,Jodie Meeks,SG,27,DET,60,1462,.416,15.3,,.603,.189,.137,.101,.176,.397,,.460,.614,.342,.481,.372,.349,,.845,.932,,.007,4,,.217,.348,,0,0,meeksjo01
315,Gal Mekel,PG,26,NOP,4,43,.150,10.9,,.850,.200,.300,.150,.200,.150,,.176,.500,.167,.000,.000,.000,,.333,,,.000,0,,.333,.000,,0,0,mekelga01
316,Khris Middleton,SF,23,MIL,79,2378,.467,14.8,,.692,.176,.112,.159,.245,.308,,.494,.621,.474,.449,.441,.407,,.596,.982,,.018,16,,.399,.523,,0,0,middlkh01
317,C.J. Miles,SG,27,IND,70,1841,.398,18.3,,.461,.141,.067,.086,.167,.539,,.459,.650,.309,.394,.391,.345,,.634,.909,,.045,32,,.251,.366,,5,0,milescj01
318,Andre Miller,PG,38,TOT,81,1253,.500,8.8,,.883,.362,.266,.162,.093,.117,,.539,.629,.468,.404,.630,.206,,.290,.714,,.000,0,,.147,.200,,2,0,millean02
318,Andre Miller,PG,38,WAS,51,631,.542,6.6,,.944,.479,.246,.141,.077,.056,,.567,.632,.457,.500,.636,.125,,.276,1.000,,.000,0,,.000,,,1,0,millean02
318,Andre Miller,PG,38,SAC,30,622,.459,10.8,,.824,.250,.284,.182,.108,.176,,.508,.622,.476,.333,.625,.231,,.306,.667,,.000,0,,.192,.200,,1,0,millean02
319,Darius Miller,SF,24,NOP,5,43,.143,14.9,,.857,.000,.286,.286,.286,.143,,.167,,.500,.000,.000,.000,,.000,,,.000,0,,.000,,,0,0,milleda01
320,Mike Miller,SF,34,CLE,52,701,.325,23.3,,.140,.018,.018,.044,.061,.860,,.313,1.000,.500,.000,.286,.327,,.200,1.000,,.000,0,,.347,.353,,0,0,millemi01
321,Quincy Miller,PF,22,TOT,10,119,.237,15.9,,.526,.184,.184,.000,.158,.474,,.300,.286,.286,,.333,.167,,.333,1.000,,.000,0,,.167,.333,,0,0,millequ01
321,Quincy Miller,PF,22,SAC,6,61,.222,14.1,,.611,.222,.222,.000,.167,.389,,.273,.500,.250,,.000,.143,,.333,1.000,,.000,0,,.429,.333,,0,0,millequ01
321,Quincy Miller,PF,22,DET,4,58,.250,17.7,,.450,.150,.150,.000,.150,.550,,.333,.000,.333,,.667,.182,,.333,1.000,,.000,0,,.000,,,0,0,millequ01
322,Patty Mills,PG,26,SAS,51,801,.381,18.6,,.458,.122,.063,.057,.217,.542,,.429,.561,.286,.263,.438,.341,,.515,.855,,.000,0,,.253,.370,,1,0,millspa02
323,Elijah Millsap,SG,27,UTA,47,924,.340,13.1,,.622,.315,.160,.067,.080,.378,,.358,.467,.289,.188,.211,.311,,.340,.964,,.025,5,,.333,.367,,2,0,millsel01
324,Paul Millsap,PF,29,ATL,73,2390,.476,9.8,,.768,.377,.214,.086,.090,.232,,.513,.638,.427,.275,.417,.356,,.590,.948,,.057,44,,.241,.442,,0,0,millspa01
325,Nikola Mirotić,PF,23,CHI,82,1654,.405,15.6,,.498,.264,.077,.063,.095,.502,,.495,.648,.188,.333,.424,.316,,.545,.909,,.027,15,,.291,.330,,1,0,mirotni01
326,Nazr Mohammed,C,37,CHI,23,128,.433,7.3,,1.000,.400,.167,.200,.200,.000,,.433,.667,.400,.167,.167,,,.615,,,.033,1,,,,,0,0,mohamna01
327,Greg Monroe,PF,24,DET,69,2137,.496,3.5,,1.000,.531,.393,.033,.043,.000,,.496,.614,.367,.321,.351,,,.499,,,.027,22,,,,,0,0,monrogr01
328,E'Twaun Moore,SG,25,CHI,56,504,.446,12.7,,.727,.201,.230,.173,.122,.273,,.485,.607,.531,.417,.294,.342,,.490,.846,,.007,1,,.421,.375,,0,0,mooreet01
329,Eric Moreland,PF,23,SAC,3,2,1.000,5.0,,1.000,.000,1.000,.000,.000,.000,,1.000,,1.000,,,,,.000,,,.000,0,,,,,0,0,moreler01
330,Darius Morris,PG,24,BRK,38,299,.340,12.7,,.689,.311,.123,.132,.123,.311,,.397,.545,.385,.214,.231,.212,,.241,.857,,.009,1,,.333,.091,,0,0,morrida01
331,Marcus Morris,PF,25,PHO,81,2045,.434,16.2,,.590,.155,.096,.155,.185,.410,,.487,.593,.384,.483,.454,.358,,.443,.902,,.014,10,,.329,.408,,7,1,morrima03
332,Markieff Morris,PF,25,PHO,82,2581,.465,12.0,,.837,.229,.163,.246,.199,.163,,.494,.611,.436,.502,.397,.318,,.523,.982,,.053,48,,.145,.269,,2,0,morrima02
333,Anthony Morrow,SG,29,OKC,74,1806,.463,17.6,,.472,.088,.104,.146,.132,.528,,.497,.630,.500,.433,.481,.434,,.590,.972,,.000,0,,.357,.500,,0,0,morroan01
334,Donatas Motiejūnas,PF,24,HOU,71,2037,.504,8.4,,.810,.280,.466,.051,.013,.190,,.536,.643,.500,.361,.222,.368,,.595,.980,,.026,17,,.436,.362,,1,0,motiedo01
335,Timofey Mozgov,C,28,TOT,81,2045,.555,4.5,,.989,.597,.212,.065,.115,.011,,.557,.692,.333,.270,.431,.333,,.756,1.000,,.253,128,,.833,.400,,0,0,mozgoti01
335,Timofey Mozgov,C,28,DEN,35,897,.504,5.7,,.974,.543,.185,.099,.147,.026,,.509,.635,.395,.174,.412,.333,,.704,1.000,,.194,37,,.833,.400,,0,0,mozgoti01
335,Timofey Mozgov,C,28,CLE,46,1148,.590,3.7,,1.000,.635,.231,.042,.093,.000,,.590,.726,.299,.429,.452,,,.787,,,.293,91,,,,,0,0,mozgoti01
336,Shabazz Muhammad,SG,22,MIN,38,866,.489,8.6,,.872,.365,.267,.131,.108,.128,,.503,.676,.443,.288,.326,.392,,.638,.950,,.108,38,,.431,.409,,0,0,muhamsh01
337,Toure' Murry,SG-PG,25,TOT,5,18,.400,9.2,,1.000,.400,.200,.000,.400,.000,,.400,1.000,.000,,.000,,,.500,,,.200,1,,,,,0,0,murryto01
337,Toure' Murry,PG,25,UTA,1,1,.000,20.0,,1.000,.000,.000,.000,1.000,.000,,.000,,,,.000,,,,,,.000,0,,,,,0,0,murryto01
337,Toure' Murry,SG,25,WAS,4,17,.500,6.5,,1.000,.500,.250,.000,.250,.000,,.500,1.000,.000,,.000,,,.500,,,.250,1,,,,,0,0,murryto01
338,Mike Muscala,PF,23,ATL,40,502,.550,10.1,,.854,.364,.139,.126,.225,.146,,.574,.673,.429,.632,.471,.409,,.730,1.000,,.106,13,,.409,.444,,0,0,muscami01
339,Shabazz Napier,PG,23,MIA,51,1012,.382,18.1,,.482,.154,.061,.053,.215,.518,,.400,.457,.143,.500,.408,.364,,.182,.791,,.000,0,,.254,.367,,1,0,napiesh01
340,Gary Neal,SG,30,TOT,54,1193,.374,16.3,,.674,.109,.133,.141,.290,.326,,.407,.364,.328,.521,.404,.305,,.377,.580,,.000,0,,.122,.250,,0,0,nealga01
340,Gary Neal,SG,30,CHO,43,931,.359,16.0,,.666,.126,.148,.138,.254,.334,,.392,.320,.339,.509,.396,.293,,.317,.590,,.000,0,,.113,.200,,0,0,nealga01
340,Gary Neal,SG,30,MIN,11,262,.429,17.6,,.705,.048,.076,.152,.429,.295,,.459,.800,.250,.563,.422,.355,,.559,.545,,.000,0,,.161,.400,,0,0,nealga01
341,Jameer Nelson,PG,32,TOT,63,1407,.407,17.8,,.488,.149,.105,.050,.185,.512,,.472,.693,.321,.440,.387,.345,,.259,.551,,.000,0,,.097,.480,,0,0,nelsoja01
341,Jameer Nelson,PG,32,DAL,23,584,.374,18.7,,.368,.117,.129,.012,.110,.632,,.383,.737,.286,.000,.167,.369,,.304,.579,,.000,0,,.126,.231,,0,0,nelsoja01
341,Jameer Nelson,PG,32,BOS,6,121,.220,18.9,,.390,.146,.073,.049,.122,.610,,.250,.333,.333,.000,.200,.200,,.000,.400,,.000,0,,.040,.000,,0,0,nelsoja01
341,Jameer Nelson,PG,32,DEN,34,702,.450,17.1,,.567,.167,.097,.070,.233,.433,,.524,.720,.345,.524,.457,.354,,.258,.543,,.000,0,,.085,.818,,0,0,nelsoja01
342,Andrew Nicholson,PF,25,ORL,40,492,.437,14.0,,.784,.147,.221,.116,.300,.216,,.470,.750,.357,.364,.456,.317,,.743,.923,,.037,7,,.317,.231,,0,0,nichoan01
343,Joakim Noah,C,29,CHI,67,2049,.445,5.4,,.995,.621,.176,.019,.180,.005,,.447,.506,.360,.500,.325,.000,,.637,,,.063,25,,.000,,,2,0,noahjo01
344,Nerlens Noel,C,20,PHI,75,2311,.462,5.1,,1.000,.462,.329,.124,.084,.000,,.462,.662,.288,.309,.273,,,.672,,,.193,118,,,,,0,0,noelne01
345,Lucas Nogueira,C,22,TOR,6,23,.250,4.8,,1.000,.625,.125,.125,.125,.000,,.250,.400,.000,.000,.000,,,1.000,,,.375,2,,,,,0,0,noguelu01
346,Steve Novak,SF-PF,31,TOT,35,197,.393,24.0,,.143,.000,.000,.000,.143,.857,,.375,,,,.375,.396,,1.000,1.000,,.000,0,,.271,.385,,0,0,novakst01
346,Steve Novak,SF,31,UTA,22,109,.457,24.6,,.057,.000,.000,.000,.057,.943,,.000,,,,.000,.485,,,1.000,,.000,0,,.182,.500,,0,0,novakst01
346,Steve Novak,PF,31,OKC,13,88,.286,22.9,,.286,.000,.000,.000,.286,.714,,.500,,,,.500,.200,,1.000,1.000,,.000,0,,.467,.286,,0,0,novakst01
347,Dirk Nowitzki*,PF,36,DAL,77,2282,.459,16.4,,.742,.066,.070,.283,.323,.258,,.486,.700,.365,.478,.475,.380,,.640,.981,,.004,4,,.040,.364,,0,0,nowitdi01
348,Jusuf Nurkić,C,20,DEN,62,1103,.446,4.5,,.995,.486,.397,.023,.089,.005,,.449,.575,.316,.333,.382,.000,,.673,,,.055,17,,.500,.000,,0,0,nurkiju01
349,Johnny O'Bryant,PF,21,MIL,34,368,.367,10.3,,1.000,.292,.150,.150,.408,.000,,.367,.543,.278,.333,.286,,,.750,,,.008,1,,,,,0,0,obryajo01
350,Kyle O'Quinn,PF,24,ORL,51,824,.492,11.4,,.822,.285,.202,.103,.231,.178,,.538,.768,.490,.400,.357,.279,,.626,1.000,,.054,13,,.140,.500,,1,0,oquinky01
351,Victor Oladipo,SG,22,ORL,72,2573,.436,10.8,,.772,.424,.104,.080,.164,.228,,.464,.567,.265,.402,.354,.339,,.316,.726,,.046,45,,.214,.340,,1,0,oladivi01
352,Kelly Olynyk,C,23,BOS,64,1423,.475,12.2,,.669,.356,.131,.076,.106,.331,,.538,.681,.348,.475,.339,.349,,.642,.951,,.044,23,,.109,.368,,1,0,olynyke01
353,Arinze Onuaku,C,27,MIN,6,68,.857,2.0,,1.000,.643,.357,.000,.000,.000,,.857,.889,.800,,,,,.750,,,.286,4,,,,,0,0,onuakar01
354,Zaza Pachulia,C,30,MIL,73,1730,.454,7.5,,.994,.427,.132,.287,.147,.006,,.456,.558,.257,.493,.269,.000,,.742,,,.023,12,,.000,,,0,0,pachuza01
355,Kostas Papanikolaou,SF,24,HOU,43,795,.350,15.0,,.462,.274,.102,.046,.041,.538,,.418,.556,.200,.222,.250,.292,,.632,.968,,.036,6,,.396,.310,,0,0,papanko01
356,Jannero Pargo,PG,35,CHO,9,73,.429,23.1,,.371,.029,.000,.029,.314,.629,,.462,1.000,,1.000,.364,.409,,.333,1.000,,.000,0,,.136,1.000,,2,0,pargoja01
357,Jabari Parker,PF,19,MIL,25,738,.490,7.7,,.939,.430,.202,.137,.171,.061,,.506,.717,.245,.444,.333,.250,,.536,.750,,.171,43,,.313,.400,,0,0,parkeja01
358,Tony Parker*,PG,32,SAS,68,1953,.486,11.0,,.893,.255,.224,.129,.286,.107,,.493,.599,.522,.421,.408,.427,,.243,.947,,.000,0,,.764,.397,,0,0,parketo01
359,Chandler Parsons,SF,26,DAL,66,2186,.462,13.1,,.581,.316,.145,.049,.071,.419,,.521,.634,.392,.268,.458,.380,,.446,.909,,.031,24,,.265,.359,,0,0,parsoch01
360,Patrick Patterson,PF,25,TOR,81,2156,.449,16.4,,.471,.159,.144,.095,.073,.529,,.536,.553,.597,.529,.385,.371,,.533,1.000,,.017,7,,.353,.410,,1,0,pattepa01
361,Chris Paul,PG,29,LAC,82,2857,.485,16.0,,.702,.096,.105,.232,.269,.298,,.523,.634,.496,.520,.495,.398,,.117,.424,,.001,1,,.135,.340,,0,0,paulch01
362,Adreian Payne,PF,23,TOT,32,739,.414,10.1,,.959,.264,.250,.145,.300,.041,,.427,.517,.400,.344,.409,.111,,.633,1.000,,.095,16,,.111,.000,,0,0,paynead01
362,Adreian Payne,PF,23,ATL,3,19,.286,7.9,,.857,.429,.286,.000,.143,.143,,.333,.333,.000,,1.000,.000,,1.000,,,.000,0,,.000,,,0,0,paynead01
362,Adreian Payne,PF,23,MIN,29,720,.418,10.2,,.962,.258,.249,.150,.305,.038,,.429,.527,.415,.344,.400,.125,,.625,1.000,,.099,16,,.125,.000,,0,0,paynead01
363,Elfrid Payton,PG,20,ORL,82,2489,.425,6.4,,.941,.458,.301,.103,.078,.059,,.435,.515,.376,.329,.345,.262,,.179,.909,,.041,27,,.310,.385,,0,0,paytoel01
364,Nikola Peković,C,29,MIN,31,815,.424,3.7,,1.000,.463,.460,.073,.003,.000,,.424,.546,.311,.333,1.000,,,.647,,,.003,1,,,,,0,0,pekovni01
365,Kendrick Perkins,C,30,TOT,68,1148,.449,4.2,,.996,.401,.511,.075,.009,.004,,.451,.604,.353,.353,.000,.000,,.676,,,.101,21,,.000,,,1,0,perkike01
365,Kendrick Perkins,C,30,OKC,51,981,.441,4.3,,.995,.387,.527,.075,.005,.005,,.443,.597,.357,.286,.000,.000,,.671,,,.097,16,,.000,,,1,0,perkike01
365,Kendrick Perkins,C,30,CLE,17,167,.488,3.9,,1.000,.463,.439,.073,.024,.000,,.488,.632,.333,.667,.000,,,.700,,,.122,5,,,,,0,0,perkike01
366,Paul Pierce*,SF,37,WAS,73,1914,.447,16.6,,.538,.197,.056,.111,.174,.462,,.496,.620,.405,.411,.439,.389,,.571,1.000,,.020,12,,.191,.431,,0,0,piercpa01
367,Mason Plumlee,C,24,BRK,82,1743,.573,2.2,,.994,.744,.233,.012,.004,.006,,.576,.646,.377,.167,.500,.000,,.682,,,.243,108,,.000,,,3,0,plumlma01
368,Miles Plumlee,C,26,TOT,73,1194,.535,3.2,,1.000,.610,.291,.087,.012,.000,,.535,.639,.365,.364,.667,,,.654,,,.193,43,,,,,0,0,plumlmi01
368,Miles Plumlee,C,26,PHO,54,1005,.549,3.4,,1.000,.600,.297,.087,.015,.000,,.549,.650,.379,.412,.667,,,.607,,,.185,33,,,,,0,0,plumlmi01
368,Miles Plumlee,C,26,MIL,19,189,.492,2.6,,1.000,.644,.271,.085,.000,.000,,.492,.605,.313,.200,,,,.828,,,.220,10,,,,,0,0,plumlmi01
369,Quincy Pondexter,SF-SG,26,TOT,75,1793,.421,16.1,,.454,.242,.101,.047,.065,.546,,.478,.583,.311,.381,.414,.373,,.629,.912,,.038,16,,.414,.465,,2,0,pondequ01
369,Quincy Pondexter,SG,26,MEM,30,540,.356,16.0,,.459,.259,.089,.030,.081,.541,,.500,.543,.250,.500,.636,.233,,.613,.882,,.044,6,,.411,.333,,1,0,pondequ01
369,Quincy Pondexter,SF,26,NOP,45,1253,.449,16.1,,.452,.234,.106,.054,.058,.548,,.468,.603,.333,.353,.278,.433,,.636,.919,,.035,10,,.415,.521,,1,0,pondequ01
370,Otto Porter Jr.,SF,21,WAS,74,1432,.450,14.0,,.734,.225,.133,.084,.292,.266,,.491,.750,.327,.455,.377,.337,,.759,.943,,.056,22,,.433,.356,,1,0,porteot01
371,Dwight Powell,PF,23,TOT,29,236,.463,11.0,,.836,.358,.104,.075,.299,.164,,.500,.708,.000,.800,.350,.273,,.714,1.000,,.104,5,,.273,.333,,0,0,poweldw01
371,Dwight Powell,PF,23,BOS,5,9,.800,0.6,,1.000,1.000,.000,.000,.000,.000,,.800,.800,,,,,,.500,,,.200,1,,,,,0,0,poweldw01
371,Dwight Powell,PF,23,DAL,24,227,.435,11.9,,.823,.306,.113,.081,.323,.177,,.471,.684,.000,.800,.350,.273,,.750,1.000,,.097,4,,.273,.333,,0,0,poweldw01
372,Phil Pressey,PG,23,BOS,50,600,.368,13.4,,.626,.328,.121,.057,.121,.374,,.440,.491,.381,.300,.429,.246,,.146,.500,,.000,0,,.046,.000,,1,0,pressph01
373,A.J. Price,PG,28,TOT,26,324,.372,17.8,,.584,.044,.139,.175,.226,.416,,.450,.333,.526,.417,.452,.263,,.111,.667,,.000,0,,.123,.143,,0,0,priceaj01
373,A.J. Price,PG,28,IND,10,193,.438,18.3,,.562,.034,.146,.169,.213,.438,,.480,.333,.385,.533,.526,.385,,.083,.667,,.000,0,,.077,.333,,0,0,priceaj01
373,A.J. Price,PG,28,CLE,11,87,.265,15.7,,.676,.088,.176,.206,.206,.324,,.391,.333,.833,.143,.286,.000,,.222,,,.000,0,,.091,.000,,0,0,priceaj01
373,A.J. Price,PG,28,PHO,5,44,.214,20.0,,.500,.000,.000,.143,.357,.500,,.429,,,.500,.400,.000,,.000,,,.000,0,,.429,.000,,0,0,priceaj01
374,Ronnie Price,PG,31,LAL,43,982,.345,16.9,,.511,.197,.090,.063,.161,.489,,.404,.614,.200,.500,.222,.284,,.261,.871,,.027,6,,.174,.368,,1,0,pricero01
375,Pablo Prigioni,PG,37,TOT,67,1197,.399,20.5,,.272,.118,.048,.053,.053,.728,,.548,.630,.364,.500,.583,.343,,.471,.807,,.000,0,,.157,.308,,2,0,prigipa01
375,Pablo Prigioni,PG,37,NYK,43,795,.422,20.4,,.286,.130,.031,.050,.075,.714,,.543,.571,.400,.500,.583,.374,,.480,.837,,.000,0,,.157,.278,,1,0,prigipa01
375,Pablo Prigioni,PG,37,HOU,24,402,.343,20.8,,.239,.090,.090,.060,.000,.761,,.563,.833,.333,.500,,.275,,.444,.714,,.000,0,,.157,.375,,1,0,prigipa01
376,Tayshaun Prince,SF,34,TOT,58,1397,.440,13.6,,.833,.177,.149,.157,.351,.167,,.436,.592,.333,.365,.433,.463,,.596,.968,,.030,10,,.701,.511,,0,0,princta01
376,Tayshaun Prince,SF,34,MEM,26,628,.410,13.3,,.820,.186,.164,.158,.311,.180,,.400,.471,.433,.310,.386,.455,,.567,.933,,.033,5,,.727,.500,,0,0,princta01
376,Tayshaun Prince,SF,34,BOS,9,198,.559,13.3,,.864,.169,.153,.237,.305,.136,,.549,.900,.444,.357,.556,.625,,.429,1.000,,.017,1,,.500,.750,,0,0,princta01
376,Tayshaun Prince,SF,34,DET,23,571,.431,14.1,,.838,.169,.131,.125,.413,.163,,.433,.630,.143,.450,.439,.423,,.707,1.000,,.031,4,,.731,.474,,0,0,princta01
377,Miroslav Raduljica,C,27,MIN,5,23,.375,4.4,,1.000,.250,.625,.125,.000,.000,,.375,.500,.400,.000,,,,1.000,,,.000,0,,,,,0,0,radulmi01
378,Julius Randle,PF,20,LAL,1,14,.333,9.0,,1.000,.333,.333,.000,.333,.000,,.333,.000,1.000,,.000,,,.000,,,.000,0,,,,,0,0,randlju01
379,Shavlik Randolph,PF,31,TOT,21,126,.257,8.0,,.857,.286,.486,.029,.057,.143,,.300,.500,.118,1.000,.500,.000,,.444,,,.029,1,,.000,,,0,0,randosh01
379,Shavlik Randolph,PF,31,PHO,16,101,.240,8.8,,.840,.280,.440,.040,.080,.160,,.286,.429,.091,1.000,.500,.000,,.333,,,.000,0,,.000,,,0,0,randosh01
379,Shavlik Randolph,PF,31,BOS,5,25,.300,5.9,,.900,.300,.600,.000,.000,.100,,.333,.667,.167,,,.000,,.667,,,.100,1,,.000,,,0,0,randosh01
380,Zach Randolph,PF,33,MEM,71,2304,.487,7.2,,.979,.409,.282,.122,.165,.021,,.490,.646,.403,.325,.377,.350,,.477,.857,,.011,8,,.100,.000,,5,2,randoza01
381,JJ Redick,SG,30,LAC,78,2409,.477,19.0,,.512,.091,.049,.068,.304,.488,,.515,.624,.413,.469,.509,.437,,.887,.960,,.000,0,,.286,.443,,0,0,redicjj01
382,Glen Rice Jr.,SG,24,WAS,5,43,.200,14.7,,.533,.200,.200,.067,.067,.467,,.250,.667,.000,.000,.000,.143,,.500,1.000,,.000,0,,.286,.500,,0,0,ricegl02
383,Jason Richardson,SG,34,PHI,19,416,.348,17.7,,.461,.163,.073,.090,.135,.539,,.378,.483,.462,.313,.250,.323,,.452,.774,,.006,1,,.198,.368,,0,0,richaja01
384,Luke Ridnour,PG,33,ORL,47,683,.426,17.6,,.642,.085,.091,.097,.369,.358,,.487,.467,.250,.471,.554,.317,,.164,.750,,.000,0,,.333,.429,,0,0,ridnolu01
385,Austin Rivers,SG,22,TOT,76,1563,.409,11.4,,.736,.290,.236,.081,.129,.264,,.449,.590,.410,.275,.313,.298,,.378,.897,,.026,12,,.282,.378,,0,0,riverau01
385,Austin Rivers,SG,22,NOP,35,772,.387,10.4,,.775,.329,.243,.086,.117,.225,,.419,.548,.389,.263,.231,.280,,.333,1.000,,.023,5,,.260,.231,,0,0,riverau01
385,Austin Rivers,SG,22,LAC,41,791,.427,12.2,,.704,.259,.230,.077,.139,.296,,.477,.634,.429,.286,.368,.309,,.413,.840,,.029,7,,.296,.458,,0,0,riverau01
386,Andre Roberson,SG,23,OKC,67,1286,.458,11.0,,.577,.507,.055,.010,.005,.423,,.612,.667,.182,.500,.000,.247,,.761,.952,,.149,29,,.553,.319,,2,0,roberan03
387,Brian Roberts,PG,29,CHO,72,1330,.389,18.1,,.573,.100,.086,.106,.281,.427,,.440,.511,.436,.396,.433,.321,,.404,.710,,.000,0,,.135,.423,,2,0,roberbr01
388,Glenn Robinson III,SG-SF,21,TOT,35,261,.388,12.8,,.716,.254,.179,.090,.194,.284,,.438,.706,.250,.500,.231,.263,,.524,1.000,,.060,4,,.316,.333,,0,0,robingl02
388,Glenn Robinson III,SG,21,MIN,25,108,.333,12.8,,.750,.208,.208,.083,.250,.250,,.389,1.000,.200,.500,.000,.167,,.571,1.000,,.042,1,,.167,.000,,0,0,robingl02
388,Glenn Robinson III,SF,21,PHI,10,153,.419,12.8,,.698,.279,.163,.093,.163,.302,,.467,.583,.286,.500,.429,.308,,.500,1.000,,.070,3,,.385,.400,,0,0,robingl02
389,Nate Robinson,PG,30,TOT,42,591,.345,16.7,,.561,.153,.102,.106,.200,.439,,.399,.513,.346,.481,.294,.277,,.298,.677,,.000,0,,.170,.316,,0,0,robinna01
389,Nate Robinson,PG,30,DEN,33,465,.348,16.5,,.549,.162,.118,.093,.176,.451,,.420,.515,.375,.474,.333,.261,,.277,.667,,.000,0,,.185,.294,,0,0,robinna01
389,Nate Robinson,PG,30,LAC,9,126,.333,17.6,,.608,.118,.039,.157,.294,.392,,.323,.500,.000,.500,.200,.350,,.400,.714,,.000,0,,.100,.500,,0,0,robinna01
390,Thomas Robinson,PF,23,TOT,54,798,.485,5.5,,.992,.565,.204,.092,.131,.008,,.488,.592,.453,.250,.265,.000,,.563,,,.123,30,,.000,,,2,0,robinth01
390,Thomas Robinson,PF,23,POR,32,391,.516,5.0,,1.000,.604,.143,.088,.165,.000,,.516,.636,.308,.250,.400,,,.638,,,.242,21,,,,,0,0,robinth01
390,Thomas Robinson,PF,23,PHI,22,407,.467,5.8,,.988,.544,.237,.095,.112,.012,,.473,.565,.500,.250,.158,.000,,.519,,,.059,9,,.000,,,2,0,robinth01
391,Rajon Rondo,PG,28,TOT,68,2018,.426,10.9,,.867,.309,.205,.060,.293,.133,,.444,.633,.348,.385,.323,.314,,.262,.778,,.006,4,,.326,.357,,1,0,rondora01
391,Rajon Rondo,PG,28,BOS,22,699,.405,11.2,,.840,.315,.185,.070,.270,.160,,.435,.571,.324,.429,.352,.250,,.219,.625,,.005,1,,.031,.000,,0,0,rondora01
391,Rajon Rondo,PG,28,DAL,46,1319,.436,10.8,,.879,.306,.213,.056,.303,.121,,.448,.662,.358,.360,.311,.352,,.280,.842,,.007,3,,.500,.370,,1,0,rondora01
392,Derrick Rose,PG,26,CHI,51,1530,.405,13.6,,.675,.262,.154,.104,.154,.325,,.465,.553,.519,.287,.380,.280,,.248,.684,,.006,5,,.041,.273,,6,1,rosede01
393,Terrence Ross,SF,23,TOR,82,2092,.410,17.5,,.482,.134,.094,.104,.150,.518,,.452,.584,.324,.423,.434,.372,,.579,.931,,.050,33,,.346,.407,,2,0,rosste01
394,Ricky Rubio,PG,24,MIN,22,692,.356,16.1,,.767,.178,.014,.100,.475,.233,,.387,.333,.000,.455,.404,.255,,.354,.769,,.000,0,,.216,.091,,0,0,rubiori01
395,Damjan Rudež,SF,28,IND,68,1047,.452,20.2,,.354,.095,.023,.042,.194,.646,,.538,.640,.333,.545,.510,.406,,.760,.957,,.011,3,,.371,.508,,0,0,rudezda01
396,Brandon Rush,SG,29,GSW,33,271,.204,17.5,,.500,.167,.093,.056,.185,.500,,.296,.333,.400,.000,.300,.111,,.250,1.000,,.019,0,,.222,.167,,0,0,rushbr01
397,Robert Sacre,C,25,LAL,67,1133,.412,9.9,,.997,.157,.301,.297,.242,.003,,.413,.646,.348,.352,.419,.000,,.683,,,.029,7,,.000,,,0,0,sacrero01
398,John Salmons,SF,35,NOP,21,270,.333,19.4,,.458,.042,.063,.146,.208,.542,,.364,.500,.333,.571,.200,.308,,.500,.875,,.021,1,,.346,.222,,0,0,salmojo01
399,JaKarr Sampson,SF,21,PHI,74,1131,.422,11.4,,.633,.373,.188,.046,.029,.367,,.525,.643,.400,.250,.200,.244,,.470,.968,,.075,23,,.362,.217,,2,0,sampsja02
400,Larry Sanders,C,26,MIL,27,586,.500,2.4,,1.000,.733,.174,.076,.017,.000,,.500,.579,.267,.385,.000,,,.628,,,.203,28,,,,,0,0,sandela01
401,Dennis Schröder,PG,21,ATL,77,1516,.427,10.9,,.777,.379,.155,.066,.177,.223,,.449,.544,.340,.341,.381,.351,,.207,.673,,.009,4,,.101,.200,,1,0,schrode01
402,Luis Scola,PF,34,IND,81,1659,.467,9.4,,.969,.375,.181,.070,.343,.031,,.474,.610,.388,.333,.400,.250,,.647,.800,,.006,4,,.550,.364,,3,0,scolalu01
403,Mike Scott,PF,26,ATL,68,1123,.444,15.2,,.576,.183,.166,.117,.110,.424,,.517,.699,.427,.415,.460,.344,,.881,1.000,,.038,15,,.198,.421,,2,0,scottmi01
404,Thabo Sefolosha,SF,30,ATL,52,976,.418,10.8,,.687,.418,.124,.040,.100,.313,,.462,.567,.419,.300,.160,.321,,.684,.960,,.044,9,,.551,.326,,0,0,sefolth01
405,Kevin Séraphin,C,25,WAS,79,1235,.513,8.0,,.996,.238,.384,.242,.131,.004,,.516,.701,.468,.440,.458,.000,,.593,,,.062,26,,.000,,,1,0,serapke01
406,Ramon Sessions,PG,28,TOT,64,1188,.374,9.8,,.820,.308,.296,.093,.123,.180,,.387,.524,.323,.226,.317,.317,,.443,.789,,.009,3,,.183,.364,,0,0,sessira01
406,Ramon Sessions,PG,28,SAC,36,642,.344,10.3,,.847,.235,.350,.087,.175,.153,,.368,.512,.313,.250,.344,.214,,.439,.833,,.005,1,,.143,.000,,0,0,sessira01
406,Ramon Sessions,PG,28,WAS,28,546,.411,9.1,,.788,.397,.232,.099,.060,.212,,.412,.533,.343,.200,.222,.406,,.449,.769,,.013,2,,.219,.571,,0,0,sessira01
407,Iman Shumpert,SG,24,TOT,62,1545,.410,16.2,,.584,.187,.068,.104,.225,.416,,.458,.568,.250,.408,.453,.342,,.492,.940,,.064,20,,.403,.316,,1,0,shumpim01
407,Iman Shumpert,SG,24,NYK,24,625,.409,15.2,,.693,.205,.070,.153,.265,.307,,.436,.545,.267,.333,.456,.348,,.538,.913,,.065,9,,.197,.385,,1,0,shumpim01
407,Iman Shumpert,SG,24,CLE,38,920,.410,17.1,,.492,.172,.066,.063,.191,.508,,.484,.591,.235,.563,.449,.338,,.443,.955,,.063,11,,.508,.303,,0,0,shumpim01
408,Alexey Shved,SG,26,TOT,42,767,.397,14.1,,.585,.337,.101,.048,.099,.415,,.439,.584,.206,.125,.333,.338,,.302,.681,,.012,4,,.065,.333,,3,0,shvedal01
408,Alexey Shved,SG,26,PHI,17,285,.400,15.5,,.562,.308,.062,.038,.154,.438,,.479,.575,.250,.400,.400,.298,,.257,.647,,.015,2,,.088,.400,,2,0,shvedal01
408,Alexey Shved,SG,26,HOU,9,59,.333,15.7,,.500,.292,.042,.083,.083,.500,,.333,.571,.000,.000,.000,.333,,.500,1.000,,.042,1,,.083,1.000,,0,0,shvedal01
408,Alexey Shved,SG,26,NYK,16,423,.403,12.8,,.613,.365,.138,.050,.061,.387,,.423,.591,.200,.000,.273,.371,,.319,.654,,.006,1,,.043,.000,,1,0,shvedal01
409,Henry Sims,C,24,PHI,73,1399,.474,9.9,,.956,.317,.179,.175,.285,.044,,.488,.623,.411,.409,.434,.182,,.709,1.000,,.030,14,,.227,.000,,0,0,simshe01
410,Kyle Singler,SF,26,TOT,80,1743,.386,17.1,,.460,.152,.110,.076,.121,.540,,.371,.588,.163,.353,.296,.398,,.605,.969,,.016,6,,.390,.415,,0,0,singlky01
410,Kyle Singler,SF,26,DET,54,1287,.400,17.2,,.466,.151,.111,.069,.134,.534,,.393,.642,.179,.333,.319,.406,,.609,.961,,.014,5,,.369,.420,,0,0,singlky01
410,Kyle Singler,SF,26,OKC,26,456,.333,16.8,,.438,.156,.104,.104,.073,.563,,.286,.400,.100,.400,.143,.370,,.583,1.000,,.021,1,,.463,.400,,0,0,singlky01
411,Donald Sloan,PG,27,IND,53,1107,.408,13.6,,.631,.287,.149,.065,.130,.369,,.464,.588,.434,.348,.283,.313,,.106,.683,,.006,1,,.122,.250,,2,0,sloando01
412,Marcus Smart,PG,20,BOS,67,1808,.367,17.5,,.430,.176,.090,.071,.092,.570,,.410,.560,.256,.382,.295,.335,,.393,.901,,.015,6,,.176,.396,,4,0,smartma01
413,Greg Smith,PF,24,DAL,42,363,.612,1.7,,1.000,.816,.163,.020,.000,.000,,.612,.625,.625,.000,,,,.900,,,.163,5,,,,,0,0,smithgr02
414,Ish Smith,PG,26,TOT,55,832,.390,7.8,,.837,.322,.417,.076,.022,.163,,.407,.551,.346,.214,.125,.300,,.200,.722,,.005,2,,.217,.154,,0,0,smithis01
414,Ish Smith,PG,26,OKC,30,155,.333,6.0,,.889,.444,.400,.022,.022,.111,,.350,.500,.222,.000,.000,.200,,.286,1.000,,.022,1,,.200,.000,,0,0,smithis01
414,Ish Smith,PG,26,PHI,25,677,.398,8.1,,.829,.304,.419,.084,.022,.171,,.416,.561,.363,.222,.143,.309,,.189,.706,,.003,1,,.218,.167,,0,0,smithis01
415,J.R. Smith,SG,29,TOT,70,2080,.417,19.4,,.436,.106,.058,.062,.209,.564,,.462,.563,.409,.340,.462,.383,,.401,.791,,.023,13,,.192,.402,,3,0,smithjr01
415,J.R. Smith,SG,29,NYK,24,619,.402,17.3,,.641,.131,.076,.092,.343,.359,,.429,.545,.474,.217,.430,.356,,.348,.656,,.012,2,,.111,.400,,2,0,smithjr01
415,J.R. Smith,SG,29,CLE,46,1461,.425,20.4,,.333,.093,.050,.048,.143,.667,,.494,.574,.360,.458,.500,.390,,.446,.824,,.028,11,,.214,.403,,1,0,smithjr01
416,Jason Smith,C,28,NYK,82,1785,.434,13.5,,.929,.145,.132,.206,.446,.071,,.440,.488,.359,.475,.432,.357,,.727,1.000,,.008,5,,.857,.417,,0,0,smithja02
417,Josh Smith,PF,29,TOT,83,2300,.419,10.7,,.769,.297,.291,.037,.144,.231,,.451,.635,.348,.324,.310,.316,,.579,.958,,.047,42,,.232,.434,,0,0,smithjo03
417,Josh Smith,PF,29,DET,28,896,.391,9.5,,.905,.297,.322,.028,.258,.095,,.407,.586,.310,.182,.347,.243,,.611,.889,,.033,10,,.189,.571,,0,0,smithjo03
417,Josh Smith,PF,29,HOU,55,1404,.438,11.4,,.680,.297,.270,.044,.069,.320,,.489,.667,.379,.385,.220,.330,,.556,.968,,.055,32,,.241,.413,,0,0,smithjo03
418,Russ Smith,PG,23,TOT,12,65,.320,16.7,,.560,.200,.160,.160,.040,.440,,.429,.400,.750,.250,.000,.182,,.000,1.000,,.000,0,,.091,.000,,1,0,smithru01
418,Russ Smith,PG,23,NOP,6,29,.200,18.3,,.400,.200,.100,.100,.000,.600,,.250,.500,.000,.000,,.167,,.000,1.000,,.000,0,,.000,,,0,0,smithru01
418,Russ Smith,PG,23,MEM,6,36,.400,15.7,,.667,.200,.200,.200,.067,.333,,.500,.333,1.000,.333,.000,.200,,.000,1.000,,.000,0,,.200,.000,,1,0,smithru01
419,Tony Snell,SF,23,CHI,72,1412,.429,16.2,,.469,.226,.111,.030,.102,.531,,.494,.667,.317,.273,.368,.371,,.535,.932,,.051,17,,.289,.421,,1,0,snellto01
420,Marreese Speights,C,27,GSW,76,1207,.492,10.6,,.972,.316,.141,.102,.413,.028,,.498,.632,.418,.500,.423,.278,,.776,.800,,.056,33,,.222,.250,,2,0,speigma01
421,Tiago Splitter,C,30,SAS,52,1030,.558,2.7,,1.000,.624,.356,.017,.003,.000,,.558,.598,.509,.200,.000,,,.692,,,.043,12,,,,,0,0,splitti01
422,Nik Stauskas,SG,21,SAC,73,1127,.365,17.1,,.497,.179,.084,.061,.172,.503,,.408,.528,.240,.389,.373,.322,,.467,.917,,.014,4,,.255,.289,,0,0,stausni01
423,Lance Stephenson,SG,24,CHO,61,1573,.376,12.5,,.809,.295,.124,.122,.269,.191,,.425,.568,.324,.418,.318,.171,,.280,.833,,.005,2,,.086,.111,,2,0,stephla01
424,Greg Stiemsma,C,29,TOR,17,66,.750,3.5,,1.000,.625,.250,.125,.000,.000,,.750,.800,.500,1.000,,,,.833,,,.125,1,,,,,0,0,stiemgr01
425,David Stockton,PG,23,SAC,3,33,.333,11.0,,.667,.333,.333,.000,.000,.333,,.250,.500,.000,,,.500,,.000,1.000,,.000,0,,.000,,,0,0,stockda01
426,Jarnell Stokes,PF,21,MEM,19,126,.568,3.2,,1.000,.703,.189,.081,.027,.000,,.568,.654,.286,.667,.000,,,.571,,,.108,3,,,,,0,0,stokeja01
427,Amar'e Stoudemire,PF,32,TOT,59,1245,.557,5.3,,.992,.514,.278,.073,.127,.008,,.562,.687,.485,.389,.323,.000,,.469,,,.127,57,,.000,,,1,0,stoudam01
427,Amar'e Stoudemire,PF,32,NYK,36,865,.543,4.7,,.990,.553,.270,.074,.093,.010,,.549,.669,.440,.348,.310,.000,,.426,,,.141,42,,.000,,,0,0,stoudam01
427,Amar'e Stoudemire,PF,32,DAL,23,380,.581,6.4,,.994,.447,.291,.073,.184,.006,,.584,.725,.558,.462,.333,.000,,.538,,,.101,15,,.000,,,1,0,stoudam01
428,Rodney Stuckey,PG,28,IND,71,1874,.440,12.1,,.813,.257,.166,.156,.233,.187,,.452,.572,.416,.415,.369,.390,,.390,.800,,.001,0,,.305,.442,,2,0,stuckro01
429,Jared Sullinger,PF,22,BOS,58,1566,.439,11.9,,.740,.270,.222,.109,.140,.260,,.494,.623,.420,.351,.475,.283,,.521,.981,,.017,12,,.054,.400,,1,0,sullija01
430,Jeff Taylor,SF,25,CHO,29,430,.395,12.7,,.684,.307,.123,.053,.202,.316,,.436,.657,.071,.333,.348,.306,,.647,1.000,,.088,9,,.444,.375,,0,0,tayloje03
431,Jeff Teague,PG,26,ATL,73,2228,.460,10.0,,.767,.364,.234,.085,.083,.233,,.496,.619,.365,.413,.405,.343,,.193,.690,,.024,20,,.116,.333,,0,0,teaguje01
432,Mirza Teletović,PF,29,BRK,40,892,.382,17.5,,.395,.201,.103,.022,.069,.605,,.476,.531,.424,.286,.455,.321,,.633,.984,,.016,5,,.088,.588,,1,0,teletmi01
433,Sebastian Telfair,PG,29,OKC,16,327,.368,15.5,,.520,.200,.168,.024,.128,.480,,.431,.400,.429,.667,.438,.300,,.143,.500,,.000,0,,.200,.333,,0,0,telfase01
434,Garrett Temple,SG,28,WAS,52,735,.400,16.8,,.482,.218,.065,.053,.147,.518,,.427,.595,.000,.444,.360,.375,,.514,.879,,.012,2,,.409,.389,,1,0,templga01
435,Jason Terry,SG,37,HOU,77,1641,.422,20.2,,.276,.070,.070,.054,.083,.724,,.504,.548,.516,.458,.486,.390,,.468,.937,,.002,1,,.446,.493,,1,0,terryja01
436,Isaiah Thomas,PG,25,TOT,67,1726,.420,14.9,,.566,.253,.112,.080,.120,.434,,.457,.584,.315,.375,.375,.373,,.257,.690,,.000,0,,.118,.390,,2,0,thomais02
436,Isaiah Thomas,PG,25,PHO,46,1181,.426,14.7,,.596,.225,.133,.104,.135,.404,,.449,.600,.353,.377,.348,.391,,.241,.753,,.000,0,,.164,.353,,1,0,thomais02
436,Isaiah Thomas,PG,25,BOS,21,545,.411,15.1,,.512,.305,.074,.039,.095,.488,,.473,.563,.190,.364,.444,.345,,.290,.583,,.000,0,,.050,.571,,1,0,thomais02
437,Lance Thomas,PF-SF,26,TOT,62,1490,.412,11.1,,.950,.217,.213,.183,.337,.050,,.417,.594,.351,.432,.336,.318,,.646,1.000,,.029,10,,.864,.368,,0,0,thomala01
437,Lance Thomas,SF,26,OKC,22,450,.357,9.6,,.992,.254,.262,.151,.325,.008,,.360,.469,.303,.526,.244,.000,,.644,,,.032,2,,.000,,,0,0,thomala01
437,Lance Thomas,PF,26,NYK,40,1040,.434,11.7,,.934,.203,.193,.196,.342,.066,,.441,.656,.377,.403,.370,.333,,.646,1.000,,.028,8,,.905,.368,,0,0,thomala01
438,Malcolm Thomas,PF,26,PHI,17,194,.450,7.4,,.825,.500,.225,.025,.075,.175,,.545,.750,.222,.000,.333,.000,,.667,,,.100,4,,.143,.000,,0,0,thomama01
439,Tyrus Thomas,PF,28,MEM,2,7,1.000,12.0,,1.000,.000,.000,1.000,.000,.000,,1.000,,,1.000,,,,1.000,,,.000,0,,,,,0,0,thomaty01
440,Hollis Thompson,SG,23,PHI,71,1776,.413,16.7,,.471,.175,.133,.061,.103,.529,,.426,.579,.319,.515,.250,.401,,.670,.983,,.011,4,,.199,.421,,0,0,thompho01
441,Jason Thompson,PF,28,SAC,81,1991,.470,8.4,,.998,.313,.329,.098,.257,.002,,.471,.604,.447,.381,.373,.000,,.667,,,.098,34,,.000,,,1,0,thompja02
442,Klay Thompson,SG,24,GSW,77,2455,.463,16.1,,.580,.172,.107,.131,.171,.420,,.481,.682,.345,.418,.414,.439,,.556,.908,,.019,21,,.229,.520,,3,0,thompkl01
443,Tristan Thompson,PF,23,CLE,82,2194,.547,2.8,,1.000,.668,.244,.072,.016,.000,,.547,.647,.353,.314,.375,,,.715,,,.260,117,,,,,0,0,thomptr01
444,Marcus Thornton,SG,27,TOT,48,721,.406,15.4,,.586,.223,.130,.046,.186,.414,,.426,.494,.467,.125,.391,.378,,.488,.870,,.000,0,,.147,.429,,1,0,thornma01
444,Marcus Thornton,SG,27,BOS,39,640,.416,15.3,,.593,.230,.131,.046,.187,.407,,.414,.500,.450,.071,.368,.419,,.480,.865,,.000,0,,.145,.500,,1,0,thornma01
444,Marcus Thornton,SG,27,PHO,9,81,.325,16.2,,.525,.175,.125,.050,.175,.475,,.524,.429,.600,.500,.571,.105,,.545,1.000,,.000,0,,.158,.000,,0,0,thornma01
445,Anthony Tolliver,PF,29,TOT,76,1432,.410,19.5,,.262,.153,.043,.013,.053,.738,,.534,.650,.353,.600,.333,.366,,.764,1.000,,.015,6,,.369,.421,,0,0,tollian01
445,Anthony Tolliver,PF,29,PHO,24,272,.351,22.0,,.162,.068,.027,.000,.068,.838,,.167,.400,.000,,.000,.387,,1.000,1.000,,.000,0,,.323,.550,,0,0,tollian01
445,Anthony Tolliver,PF,29,DET,52,1160,.423,19.0,,.285,.172,.047,.016,.050,.715,,.582,.673,.400,.600,.438,.360,,.755,1.000,,.019,6,,.382,.391,,0,0,tollian01
446,P.J. Tucker,SF,29,PHO,78,2383,.438,13.9,,.577,.267,.141,.049,.121,.423,,.506,.679,.345,.276,.403,.345,,.397,.874,,.015,9,,.611,.357,,0,0,tuckepj01
447,Ronny Turiaf,C,32,MIN,2,19,,,,,,,,,,,,,,,,,,,,,,0,,,,,0,0,turiaro01
448,Hedo Türkoğlu,SF,35,LAC,62,705,.441,21.1,,.261,.074,.032,.032,.122,.739,,.469,.714,.333,.500,.348,.432,,.565,.900,,.005,1,,.230,.563,,0,0,turkohe01
449,Evan Turner,SG,26,BOS,82,2260,.429,11.8,,.840,.248,.126,.263,.204,.160,,.458,.584,.309,.449,.408,.277,,.244,.818,,.032,19,,.319,.342,,0,0,turneev01
450,Ekpe Udoh,PF,27,LAC,33,128,.458,7.8,,1.000,.208,.333,.417,.042,.000,,.458,.800,.250,.500,.000,,,.727,,,.042,1,,,,,0,0,udohek01
451,Beno Udrih,PG,32,MEM,79,1494,.487,13.7,,.808,.210,.083,.212,.303,.192,,.539,.679,.262,.561,.503,.268,,.423,.885,,.000,0,,.227,.364,,2,0,udrihbe01
452,Jonas Valančiūnas,C,22,TOR,80,2096,.572,4.1,,.998,.505,.380,.063,.051,.002,,.573,.669,.500,.390,.394,.000,,.534,,,.113,63,,.000,,,0,0,valanjo01
453,Anderson Varejão,C,32,CLE,26,636,.555,6.4,,.990,.455,.245,.150,.140,.010,,.561,.670,.429,.433,.571,.000,,.883,,,.020,4,,.000,,,0,0,varejan01
454,Greivis Vásquez,PG,28,TOR,82,1991,.408,16.3,,.516,.112,.228,.076,.101,.484,,.436,.568,.370,.455,.425,.379,,.399,.812,,.003,1,,.131,.457,,3,0,vasqugr01
455,Charlie Villanueva,PF,30,DAL,64,678,.414,17.3,,.390,.157,.122,.058,.052,.610,,.475,.526,.432,.381,.526,.376,,.672,.988,,.022,6,,.249,.345,,0,0,villach01
456,Noah Vonleh,PF,19,CHO,25,259,.395,8.1,,.829,.447,.250,.066,.066,.171,,.397,.471,.316,.400,.200,.385,,.360,.800,,.039,3,,.000,,,0,0,vonleno01
457,Nikola Vučević,C,24,ORL,74,2529,.523,8.6,,.995,.308,.276,.153,.257,.005,,.524,.664,.450,.470,.468,.333,,.655,1.000,,.053,56,,.000,,,0,0,vucevni01
458,Dwyane Wade*,SG,33,MIA,62,1971,.470,11.5,,.906,.230,.189,.204,.283,.094,,.489,.683,.488,.425,.378,.284,,.342,.483,,.024,25,,.176,.333,,1,0,wadedw01
459,Dion Waiters,SG,23,TOT,80,2208,.396,12.6,,.740,.335,.089,.055,.261,.260,,.431,.508,.286,.423,.385,.297,,.371,.849,,.024,20,,.447,.336,,0,0,waitedi01
459,Dion Waiters,SG,23,CLE,33,786,.404,12.6,,.749,.342,.085,.035,.287,.251,,.453,.556,.345,.417,.367,.256,,.491,.864,,.023,6,,.442,.395,,0,0,waitedi01
459,Dion Waiters,SG,23,OKC,47,1422,.392,12.5,,.735,.331,.091,.066,.247,.265,,.419,.480,.255,.425,.396,.319,,.296,.843,,.025,14,,.450,.306,,0,0,waitedi01
460,Henry Walker,SF,27,MIA,24,628,.345,20.6,,.214,.107,.060,.030,.018,.786,,.361,.556,.000,.400,.333,.341,,.538,.956,,.024,3,,.189,.240,,1,0,walkebi01
461,Kemba Walker,PG,24,CHO,62,2119,.385,13.8,,.715,.258,.115,.130,.211,.285,,.418,.494,.381,.297,.420,.304,,.259,.659,,.000,0,,.089,.280,,4,0,walkeke02
462,John Wall,PG,24,WAS,79,2837,.445,13.0,,.814,.288,.077,.127,.322,.186,,.478,.616,.411,.419,.395,.300,,.200,.646,,.032,37,,.198,.256,,7,0,walljo01
463,Gerald Wallace,SF,32,BOS,32,286,.412,5.8,,.912,.706,.147,.000,.059,.088,,.419,.458,.400,,.000,.333,,.615,1.000,,.029,1,,.333,1.000,,1,0,wallage01
464,T.J. Warren,SF,21,PHO,40,614,.528,7.5,,.902,.444,.252,.117,.089,.098,,.560,.705,.481,.320,.368,.238,,.620,1.000,,.051,11,,.333,.143,,1,0,warretj01
465,C.J. Watson,PG,30,IND,57,1422,.434,16.6,,.580,.177,.089,.086,.228,.420,,.459,.608,.324,.417,.411,.400,,.315,.771,,.000,0,,.269,.340,,2,0,watsocj01
466,David Wear,PF,24,SAC,2,7,.000,12.0,,.500,.500,.000,.000,.000,.500,,.000,.000,,,,.000,,,,,.000,0,,.000,,,0,0,wearda01
467,Travis Wear,SF,24,NYK,51,672,.402,15.1,,.856,.124,.077,.234,.421,.144,,.408,.385,.625,.429,.364,.367,,.493,.818,,.005,0,,.300,.333,,0,0,weartr01
468,Martell Webster,SF,28,WAS,32,352,.264,17.3,,.527,.165,.044,.055,.264,.473,,.292,.400,.250,.200,.250,.233,,.357,.900,,.044,2,,.186,.125,,0,0,webstma02
469,David West,PF,34,IND,66,1895,.471,12.3,,.971,.159,.198,.157,.456,.029,,.479,.642,.419,.324,.502,.200,,.740,1.000,,.006,3,,.150,.333,,0,0,westda01
470,Russell Westbrook,PG,26,OKC,67,2302,.426,11.3,,.804,.349,.103,.170,.183,.196,,.457,.579,.305,.400,.364,.299,,.185,.512,,.036,48,,.052,.267,,2,0,westbru01
471,Hassan Whiteside,C,25,MIA,48,1142,.628,3.7,,1.000,.530,.354,.093,.023,.000,,.628,.761,.482,.500,.333,,,.584,,,.235,86,,,,,0,0,whiteha01
472,Shayne Whittington,PF,23,IND,20,108,.452,9.3,,.857,.310,.286,.024,.238,.143,,.500,.615,.333,.000,.600,.167,,.722,1.000,,.071,3,,.333,.500,,0,0,whittsh01
473,Andrew Wiggins,SF,19,MIN,82,2969,.437,10.3,,.889,.312,.192,.162,.225,.111,,.453,.662,.344,.380,.305,.310,,.489,.872,,.077,79,,.246,.419,,1,0,wiggian01
474,C.J. Wilcox,SG,24,LAC,21,101,.421,18.9,,.500,.132,.053,.053,.263,.500,,.474,.800,.500,1.000,.200,.368,,.667,.857,,.000,0,,.263,.400,,0,0,wilcocj01
475,Deron Williams,PG,30,BRK,68,2114,.387,13.9,,.693,.213,.179,.106,.196,.307,,.395,.457,.377,.390,.351,.367,,.199,.782,,.001,0,,.156,.459,,3,0,willide01
476,Derrick Williams,PF,23,SAC,74,1462,.447,11.9,,.678,.342,.142,.060,.134,.322,,.511,.687,.304,.345,.354,.314,,.685,.918,,.151,65,,.308,.396,,0,0,willide02
477,Elliot Williams,SG,25,TOT,13,119,.378,17.8,,.514,.189,.027,.054,.243,.486,,.316,.571,.000,.000,.222,.444,,.500,.875,,.027,1,,.167,.667,,0,0,williel01
477,Elliot Williams,SG,25,UTA,5,42,.462,17.7,,.462,.154,.077,.077,.154,.538,,.167,.500,.000,.000,.000,.714,,1.000,1.000,,.000,0,,.143,1.000,,0,0,williel01
477,Elliot Williams,SG,25,NOP,8,77,.333,17.9,,.542,.208,.000,.042,.292,.458,,.385,.600,,.000,.286,.273,,.400,.667,,.042,1,,.182,.500,,0,0,williel01
478,Lou Williams,SG,28,TOR,80,2016,.404,17.4,,.518,.112,.125,.124,.157,.482,,.464,.529,.483,.409,.445,.340,,.283,.559,,.006,6,,.230,.485,,1,0,willilo02
479,Marvin Williams,PF,28,CHO,78,2035,.424,18.0,,.465,.154,.087,.036,.188,.535,,.500,.684,.349,.333,.452,.358,,.748,.979,,.022,9,,.257,.471,,1,0,willima02
480,Mo Williams,PG,32,TOT,68,1980,.397,18.9,,.595,.067,.069,.100,.359,.405,,.434,.483,.424,.465,.417,.342,,.275,.580,,.000,0,,.083,.345,,5,0,willima01
480,Mo Williams,PG,32,MIN,41,1149,.403,18.6,,.620,.060,.078,.107,.374,.380,,.437,.556,.343,.479,.425,.347,,.306,.542,,.000,0,,.071,.500,,2,0,willima01
480,Mo Williams,PG,32,CHO,27,831,.390,19.2,,.569,.075,.058,.092,.344,.431,,.430,.419,.542,.447,.408,.337,,.238,.617,,.000,0,,.096,.235,,3,0,willima01
481,Reggie Williams,SF,28,SAS,20,105,.385,14.9,,.513,.256,.128,.051,.077,.487,,.600,.700,.600,.500,.333,.158,,.583,.667,,.000,0,,.263,.000,,0,0,willire02
482,Shawne Williams,SF,28,TOT,63,1087,.403,18.3,,.407,.157,.033,.057,.160,.593,,.467,.511,.300,.412,.479,.360,,.632,.984,,.010,3,,.483,.360,,0,0,willish03
482,Shawne Williams,SF,28,MIA,44,924,.425,18.8,,.367,.142,.029,.054,.142,.633,,.477,.559,.429,.385,.441,.395,,.595,.983,,.008,2,,.487,.378,,0,0,willish03
482,Shawne Williams,SF,28,DET,19,163,.317,16.1,,.567,.217,.050,.067,.233,.433,,.441,.385,.000,.500,.571,.154,,.733,1.000,,.017,1,,.462,.250,,0,0,willish03
483,Jeff Withey,C,24,NOP,37,259,.500,3.8,,1.000,.563,.281,.109,.047,.000,,.500,.611,.278,.429,.667,,,.844,,,.141,8,,,,,0,0,witheje01
484,Nate Wolters,PG,23,TOT,21,247,.351,8.1,,.877,.333,.351,.088,.105,.123,,.400,.526,.300,.400,.333,.000,,.500,,,.000,0,,.429,.000,,0,0,woltena01
484,Nate Wolters,PG,23,MIL,11,142,.387,9.1,,.839,.258,.355,.097,.129,.161,,.462,.625,.455,.333,.250,.000,,.500,,,.000,0,,.600,.000,,0,0,woltena01
484,Nate Wolters,PG,23,NOP,10,105,.308,6.9,,.923,.423,.346,.077,.077,.077,,.333,.455,.111,.500,.500,.000,,.500,,,.000,0,,.000,,,0,0,woltena01
485,Brandan Wright,PF,27,TOT,75,1449,.642,3.4,,.992,.592,.325,.058,.017,.008,,.647,.781,.449,.429,.500,.000,,.738,,,.273,95,,.333,.000,,1,0,wrighbr03
485,Brandan Wright,PF,27,DAL,27,505,.748,2.1,,1.000,.704,.267,.022,.007,.000,,.748,.853,.500,.333,1.000,,,.762,,,.326,41,,,,,0,0,wrighbr03
485,Brandan Wright,PF,27,BOS,8,86,.571,2.5,,1.000,.571,.429,.000,.000,.000,,.571,.750,.333,,,,,.917,,,.286,6,,,,,0,0,wrighbr03
485,Brandan Wright,PF,27,PHO,40,858,.580,4.3,,.986,.522,.353,.087,.024,.014,,.588,.722,.438,.444,.400,.000,,.700,,,.237,48,,.333,.000,,1,0,wrighbr03
486,Dorell Wright,SF,29,POR,48,592,.379,17.4,,.432,.158,.126,.037,.111,.568,,.378,.600,.333,.286,.143,.380,,.387,.976,,.032,6,,.333,.361,,1,0,wrighdo01
487,Tony Wroten,PG,21,PHI,30,895,.403,10.1,,.673,.507,.145,.014,.007,.327,,.473,.555,.254,.000,.000,.261,,.370,.703,,.037,14,,.063,.222,,6,0,wroteto01
488,James Young,SG,19,BOS,31,332,.353,19.8,,.353,.098,.049,.020,.186,.647,,.528,.800,.400,.500,.421,.258,,.842,.941,,.020,2,,.197,.154,,0,0,youngja01
489,Nick Young,SG,29,LAL,42,1000,.366,18.2,,.527,.101,.067,.139,.221,.473,,.363,.625,.094,.318,.352,.369,,.308,.602,,.006,2,,.196,.455,,2,0,youngni01
490,Thaddeus Young,PF,26,TOT,76,2434,.466,8.1,,.881,.400,.277,.080,.124,.119,,.484,.615,.410,.364,.300,.330,,.557,.921,,.030,26,,.165,.263,,1,0,youngth01
490,Thaddeus Young,PF,26,MIN,48,1605,.451,8.4,,.899,.378,.267,.098,.154,.101,,.469,.579,.439,.381,.303,.292,,.556,.947,,.027,14,,.185,.167,,1,0,youngth01
490,Thaddeus Young,PF,26,BRK,28,829,.495,7.5,,.847,.443,.297,.043,.064,.153,,.516,.676,.361,.286,.286,.380,,.559,.895,,.037,12,,.140,.429,,0,0,youngth01
491,Cody Zeller,C,22,CHO,62,1487,.461,8.4,,.997,.509,.075,.040,.373,.003,,.460,.574,.286,.333,.353,1.000,,.848,1.000,,.142,48,,.000,,,0,0,zelleco01
492,Tyler Zeller,C,25,BOS,82,1731,.549,5.3,,1.000,.460,.346,.057,.134,.000,,.549,.632,.463,.600,.482,,,.791,,,.063,34,,,,,0,0,zellety01