,,,,,,,,,,% of FGA by Distance,% of FGA by Distance,% of FGA by Distance,% of FGA by Distance,% of FGA by Distance,% of FGA by Distance,,FG% by Distance,FG% by Distance,FG% by Distance,FG% by Distance,FG% by Distance,FG% by Distance,,% of FG Ast'd,% of FG Ast'd,,Dunks,Dunks,,Corner 3s,Corner 3s,,Heaves,Heaves,-additional
Rk,Player,Pos,Age,Tm,G,MP,FG%,Dist.,,2P,0-3,3-10,10-16,16-3P,3P,,2P,0-3,3-10,10-16,16-3P,3P,,2P,3P,,%FGA,#,,%3PA,3P%,,Att.,#,-9999
1,Quincy Acy,PF,25,SAC,59,876,.556,9.7,,.771,.458,.121,.037,.154,.229,,.606,.735,.385,.500,.424,.388,,.710,.947,,.215,43,,.347,.529,,0,0,acyqu01
2,Jordan Adams,SG,21,MEM,2,15,.333,10.8,,.833,.333,.000,.500,.000,.167,,.400,.500,,.333,,.000,,.500,,,.000,0,,.000,,,0,0,adamsjo01
3,Steven Adams,C,22,OKC,80,2014,.613,2.2,,1.000,.721,.258,.016,.005,.000,,.613,.655,.500,.571,.500,,,.762,,,.277,101,,,,,0,0,adamsst01
4,Arron Afflalo,SG,30,NYK,71,2371,.443,14.8,,.702,.115,.178,.193,.217,.298,,.469,.609,.458,.455,.416,.382,,.490,.912,,.003,2,,.424,.446,,0,0,afflaar01
5,Alexis Ajinça,C,27,NOP,59,861,.476,9.4,,.997,.283,.257,.108,.346,.003,,.478,.674,.346,.324,.468,.000,,.767,,,.098,27,,.000,,,0,0,ajincal01
6,Cole Aldrich,C,27,LAC,60,800,.596,2.8,,1.000,.560,.427,.013,.000,.000,,.596,.667,.521,.000,,,,.776,,,.093,17,,,,,0,0,aldrico01
7,LaMarcus Aldridge,PF,30,SAS,74,2261,.513,10.0,,.985,.279,.191,.211,.303,.015,,.521,.733,.465,.427,.426,.000,,.660,,,.047,47,,.500,.000,,0,0,aldrila01
8,Cliff Alexander,PF,20,POR,8,36,.500,7.4,,1.000,.400,.300,.100,.200,.000,,.500,1.000,.000,.000,.500,,,.400,,,.200,2,,,,,0,0,alexacl01
9,Lavoy Allen,PF,26,IND,79,1599,.516,7.6,,1.000,.381,.273,.103,.243,.000,,.516,.709,.446,.289,.389,,,.691,,,.081,28,,,,,0,0,allenla01
10,Tony Allen,SG,34,MEM,64,1620,.458,6.3,,.910,.582,.168,.047,.113,.090,,.468,.575,.203,.364,.358,.357,,.580,.933,,.051,23,,.714,.367,,0,0,allento01
11,Al-Farouq Aminu,SF,25,POR,82,2341,.416,14.9,,.515,.252,.121,.047,.095,.485,,.468,.597,.299,.382,.382,.361,,.595,.921,,.061,42,,.410,.392,,1,0,aminual01
12,Lou Amundson,PF,33,NYK,29,204,.358,4.8,,1.000,.566,.226,.113,.094,.000,,.358,.533,.167,.000,.200,,,.632,,,.038,2,,,,,0,0,amundlo01
13,Chris Andersen,C,37,TOT,27,402,.528,7.6,,.806,.639,.056,.028,.083,.194,,.586,.674,.000,.000,.500,.286,,.676,1.000,,.097,7,,.071,.000,,0,0,anderch01
13,Chris Andersen,C,37,MIA,7,36,.400,15.2,,.500,.300,.100,.000,.100,.500,,.400,.667,.000,,.000,.400,,.000,1.000,,.100,1,,.000,,,0,0,anderch01
13,Chris Andersen,C,37,MEM,20,366,.548,6.4,,.855,.694,.048,.032,.081,.145,,.604,.674,.000,.000,.600,.222,,.719,1.000,,.097,6,,.111,.000,,0,0,anderch01
14,Alan Anderson,SG,33,WAS,13,192,.356,18.7,,.373,.153,.085,.102,.034,.627,,.409,.556,.200,.333,.500,.324,,.333,1.000,,.000,0,,.216,.375,,1,0,anderal01
15,James Anderson,SG,26,SAC,51,721,.376,14.8,,.517,.253,.152,.051,.062,.483,,.478,.622,.407,.000,.455,.267,,.523,.870,,.039,6,,.198,.412,,1,0,anderja01
16,Justin Anderson,SF,22,DAL,55,647,.406,14.9,,.526,.251,.097,.063,.114,.474,,.533,.773,.235,.455,.300,.265,,.449,.909,,.097,17,,.410,.294,,0,0,anderju01
17,Kyle Anderson,SF,22,SAS,78,1245,.468,11.5,,.875,.217,.200,.251,.210,.125,,.488,.609,.373,.500,.452,.324,,.484,1.000,,.034,9,,.865,.375,,0,0,anderky01
18,Ryan Anderson,PF,27,NOP,66,2008,.427,15.3,,.615,.227,.097,.112,.179,.385,,.466,.521,.433,.375,.470,.366,,.444,.924,,.020,16,,.165,.322,,5,0,anderry01
19,Giannis Antetokounmpo,PG,21,MIL,80,2823,.506,7.5,,.892,.509,.180,.058,.143,.108,,.537,.684,.346,.288,.359,.257,,.485,.821,,.143,141,,.321,.343,,4,0,antetgi01
20,Thanasis Antetokounmpo,SF,23,NYK,2,6,.750,7.0,,.750,.750,.000,.000,.000,.250,,1.000,1.000,,,,.000,,.333,,,.500,2,,.000,,,0,0,antetth01
21,Carmelo Anthony,SF,31,NYK,72,2530,.434,14.0,,.763,.213,.087,.208,.255,.237,,.463,.540,.404,.423,.453,.339,,.273,.743,,.018,19,,.103,.375,,1,0,anthoca01
22,Joel Anthony,C,33,DET,19,96,.600,4.4,,1.000,.500,.200,.300,.000,.000,,.600,.800,.000,.667,,,,.667,,,.200,2,,,,,0,0,anthojo01
23,Keith Appling,PG,23,ORL,5,27,.250,14.9,,.625,.250,.000,.125,.250,.375,,.400,1.000,,.000,.000,.000,,.000,,,.000,0,,.667,.000,,0,0,applike01
24,Trevor Ariza,SF,30,HOU,81,2859,.416,16.2,,.419,.255,.054,.035,.077,.581,,.478,.594,.283,.267,.318,.371,,.599,.914,,.068,55,,.415,.430,,1,0,arizatr01
25,Darrell Arthur,PF,27,DEN,70,1516,.452,14.6,,.761,.209,.096,.115,.342,.239,,.473,.569,.362,.446,.455,.385,,.784,1.000,,.045,19,,.282,.364,,2,0,arthuda01
26,Ömer Aşık,C,29,NOP,68,1178,.533,1.5,,1.000,.851,.133,.015,.005,.000,,.533,.590,.231,.000,.000,,,.712,,,.231,43,,,,,0,0,asikom01
27,D.J. Augustin,PG,28,TOT,62,1178,.423,15.4,,.520,.260,.106,.071,.080,.480,,.440,.516,.270,.480,.393,.405,,.175,.632,,.000,0,,.220,.514,,3,1,augusdj01
27,D.J. Augustin,PG,28,OKC,34,519,.380,15.7,,.496,.256,.099,.033,.107,.504,,.367,.452,.250,.000,.385,.393,,.227,.750,,.000,0,,.246,.400,,1,0,augusdj01
27,D.J. Augustin,PG,28,DEN,28,659,.445,15.3,,.533,.262,.109,.092,.066,.467,,.475,.550,.280,.571,.400,.411,,.155,.568,,.000,0,,.206,.591,,2,1,augusdj01
28,Jeff Ayres,C,28,LAC,17,107,.522,6.7,,.957,.478,.217,.130,.130,.043,,.545,.636,.000,1.000,.667,.000,,.750,,,.087,1,,.000,,,0,0,pendeje02
29,Luke Babbitt,SF,26,NOP,47,845,.422,12.9,,.623,.218,.263,.104,.038,.377,,.433,.429,.447,.400,.455,.404,,.538,.955,,.010,3,,.220,.292,,0,0,babbilu01
30,Cameron Bairstow,C,25,CHI,18,103,.325,10.3,,.875,.275,.250,.150,.200,.125,,.343,.273,.300,.500,.375,.200,,.667,1.000,,.000,0,,.600,.333,,0,0,bairsca01
31,Leandro Barbosa,SG,33,GSW,68,1079,.462,11.8,,.703,.368,.127,.073,.132,.297,,.508,.632,.255,.296,.531,.355,,.682,.974,,.003,1,,.309,.500,,1,0,barbole01
32,J.J. Barea,PG,31,DAL,74,1667,.446,13.5,,.634,.193,.243,.113,.086,.366,,.481,.591,.405,.525,.393,.385,,.189,.570,,.000,0,,.146,.342,,1,0,bareajo01
33,Andrea Bargnani,C,30,BRK,46,634,.455,13.8,,.943,.140,.122,.194,.487,.057,,.471,.462,.471,.593,.426,.188,,.863,1.000,,.000,0,,.000,,,1,0,bargnan01
34,Harrison Barnes,SF,23,GSW,66,2042,.466,13.9,,.662,.227,.147,.104,.183,.338,,.508,.625,.409,.394,.509,.383,,.634,.988,,.093,54,,.444,.358,,0,0,barneha02
35,Matt Barnes,SF,35,MEM,76,2190,.381,15.4,,.466,.270,.107,.029,.061,.534,,.449,.561,.311,.400,.214,.322,,.634,.941,,.013,8,,.284,.305,,3,0,barnema02
36,Will Barton,SG,25,DEN,82,2353,.432,12.6,,.669,.297,.181,.091,.103,.331,,.476,.599,.399,.393,.327,.345,,.387,.795,,.048,46,,.138,.333,,5,0,bartowi01
37,Brandon Bass,PF,30,LAL,66,1342,.549,5.1,,.994,.596,.132,.151,.114,.006,,.552,.667,.381,.396,.361,.000,,.764,,,.287,86,,.000,,,0,0,bassbr01
38,Nicolas Batum,SF,27,CHO,70,2448,.426,17.2,,.543,.151,.055,.120,.215,.457,,.492,.697,.396,.438,.404,.348,,.429,.784,,.025,21,,.108,.372,,1,0,batumni01
39,Jerryd Bayless,SG,27,MIL,52,1505,.423,17.5,,.471,.149,.101,.069,.156,.529,,.408,.492,.295,.400,.397,.437,,.393,.901,,.011,4,,.286,.439,,2,0,bayleje01
40,Aron Baynes,C,29,DET,81,1233,.505,5.4,,.995,.456,.318,.117,.104,.005,,.508,.606,.434,.400,.425,.000,,.753,,,.112,39,,.500,.000,,0,0,baynear01
41,Kent Bazemore,SF,26,ATL,75,2083,.441,12.7,,.579,.390,.080,.026,.083,.421,,.502,.594,.276,.368,.333,.357,,.536,.927,,.029,15,,.384,.410,,1,0,bazemke01
42,Bradley Beal,SG,22,WAS,55,1708,.449,14.5,,.661,.229,.114,.139,.179,.339,,.481,.639,.451,.405,.357,.387,,.429,.800,,.029,21,,.155,.429,,2,0,bealbr01
43,Michael Beasley,PF,27,HOU,20,363,.522,8.9,,.956,.361,.205,.161,.229,.044,,.531,.649,.476,.455,.447,.333,,.567,1.000,,.049,10,,.667,.333,,0,0,beaslmi01
44,Marco Belinelli,SG,29,SAC,68,1672,.386,19.7,,.532,.068,.052,.066,.346,.468,,.456,.767,.303,.405,.427,.306,,.805,.912,,.008,5,,.152,.400,,5,0,belinma01
45,Anthony Bennett,PF,22,TOR,19,84,.296,14.7,,.481,.296,.074,.074,.000,.519,,.385,.625,.000,.000,,.214,,.200,1.000,,.074,2,,.286,.500,,0,0,bennean01
46,Patrick Beverley,PG,27,HOU,71,2041,.434,15.3,,.478,.197,.175,.059,.047,.522,,.472,.581,.365,.457,.429,.400,,.351,.839,,.003,2,,.416,.403,,0,0,beverpa01
47,Bismack Biyombo,C,23,TOR,82,1808,.542,3.5,,.997,.656,.205,.101,.035,.003,,.544,.640,.322,.448,.300,.000,,.737,,,.299,78,,.000,,,0,0,biyombi01
48,Nemanja Bjelica,PF,27,MIN,60,1075,.468,15.0,,.468,.281,.136,.013,.038,.532,,.564,.727,.344,.333,.222,.384,,.677,.896,,.026,6,,.096,.500,,0,0,bjeline01
49,Tarik Black,C,24,LAL,39,496,.548,2.8,,1.000,.702,.240,.038,.029,.000,,.548,.658,.320,.250,.000,,,.737,,,.346,31,,,,,0,0,blackta01
50,DeJuan Blair,C,26,WAS,29,218,.412,8.2,,.985,.382,.250,.221,.132,.015,,.418,.538,.294,.400,.333,.000,,.821,,,.000,0,,.000,,,1,0,blairde01
51,Steve Blake,PG,35,DET,58,986,.388,21.0,,.371,.104,.050,.058,.158,.629,,.461,.720,.250,.214,.447,.344,,.195,.712,,.000,0,,.258,.462,,8,0,blakest01
52,Eric Bledsoe,PG,26,PHO,31,1059,.453,12.8,,.738,.264,.161,.093,.220,.262,,.482,.585,.367,.543,.417,.372,,.143,.479,,.010,4,,.109,.143,,0,0,bledser01
53,Bojan Bogdanović,SF,26,BRK,79,2115,.433,14.3,,.549,.258,.147,.076,.069,.451,,.474,.601,.336,.316,.462,.382,,.590,.907,,.024,17,,.402,.426,,0,0,bogdabo02
54,Andrew Bogut,C,31,GSW,70,1451,.627,2.7,,.996,.677,.258,.047,.014,.004,,.626,.757,.375,.231,.250,1.000,,.764,.000,,.297,78,,.000,,,0,0,bogutan01
55,Matt Bonner,C,35,SAS,30,206,.509,19.2,,.404,.123,.105,.070,.105,.596,,.609,.429,.833,.750,.500,.441,,.714,1.000,,.000,0,,.147,.400,,1,0,bonnema01
56,Devin Booker,SG,19,PHO,76,2108,.423,14.6,,.667,.212,.129,.106,.219,.333,,.464,.641,.411,.370,.368,.343,,.455,.788,,.012,9,,.194,.375,,1,0,bookede01
57,Trevor Booker,PF,28,UTA,79,1632,.490,5.8,,.894,.601,.186,.039,.070,.106,,.513,.635,.306,.133,.222,.293,,.596,1.000,,.168,61,,.780,.344,,1,0,booketr01
58,Chris Bosh*,PF,31,MIA,53,1778,.467,14.5,,.711,.206,.086,.149,.270,.289,,.508,.715,.364,.456,.425,.365,,.606,.975,,.034,25,,.257,.386,,0,0,boshch01
59,Avery Bradley,SG,25,BOS,76,2536,.447,16.4,,.601,.216,.034,.042,.309,.399,,.505,.718,.400,.349,.387,.361,,.647,.912,,.025,25,,.329,.313,,0,0,bradlav01
60,Elton Brand,C,36,PHI,17,225,.431,10.9,,.986,.153,.125,.514,.194,.014,,.437,.727,.444,.270,.643,.000,,.839,,,.000,0,,1.000,.000,,0,0,brandel01
61,Corey Brewer,SF,29,HOU,82,1669,.384,13.1,,.594,.330,.149,.051,.065,.406,,.460,.593,.268,.393,.278,.272,,.682,.951,,.029,15,,.625,.293,,9,0,breweco01
62,Aaron Brooks,PG,31,CHI,69,1108,.401,14.4,,.606,.237,.186,.102,.083,.394,,.430,.468,.425,.396,.359,.357,,.090,.576,,.000,0,,.086,.375,,4,0,brookaa01
63,Anthony Brown,SF,23,LAL,29,599,.310,18.1,,.444,.143,.063,.087,.151,.556,,.339,.389,.125,.455,.316,.286,,.684,.950,,.008,1,,.314,.318,,0,0,brownan02
64,Lorenzo Brown,PG,25,PHO,8,61,.320,15.8,,.680,.200,.080,.160,.240,.320,,.412,.600,.500,.250,.333,.125,,.286,1.000,,.000,0,,.000,,,1,0,brownlo01
65,Markel Brown,SG,24,BRK,62,982,.394,14.6,,.624,.255,.109,.040,.220,.376,,.443,.573,.314,.385,.366,.314,,.528,.842,,.056,16,,.322,.436,,0,0,brownma02
66,Kobe Bryant*,SF,37,LAL,66,1863,.358,17.3,,.580,.093,.102,.173,.213,.420,,.410,.644,.398,.411,.312,.285,,.328,.692,,.004,5,,.126,.322,,1,0,bryanko01
67,Chase Budinger,SF,27,TOT,66,929,.435,11.9,,.640,.364,.142,.063,.071,.360,,.523,.678,.324,.400,.235,.279,,.600,.958,,.059,14,,.430,.270,,0,0,budinch01
67,Chase Budinger,SF,27,IND,49,729,.418,12.3,,.644,.330,.155,.072,.088,.356,,.488,.656,.333,.357,.235,.290,,.607,.950,,.062,12,,.420,.276,,0,0,budinch01
67,Chase Budinger,SF,27,PHO,17,200,.511,10.3,,.622,.511,.089,.022,.000,.378,,.679,.739,.250,1.000,,.235,,.579,1.000,,.044,2,,.471,.250,,0,0,budinch01
68,Reggie Bullock,SF,24,DET,37,429,.439,16.6,,.459,.204,.051,.112,.092,.541,,.467,.550,.400,.364,.444,.415,,.619,1.000,,.020,2,,.491,.500,,0,0,bullore01
69,Trey Burke,PG,23,UTA,64,1366,.413,16.2,,.596,.159,.117,.118,.202,.404,,.460,.525,.392,.480,.438,.344,,.144,.909,,.000,0,,.215,.345,,6,0,burketr01
70,Alec Burks,SG,24,UTA,31,797,.410,12.1,,.763,.278,.168,.132,.186,.237,,.412,.570,.321,.341,.306,.405,,.238,.625,,.024,8,,.354,.429,,2,0,burksal01
71,Caron Butler,SF,35,SAC,17,176,.424,18.8,,.695,.034,.051,.153,.458,.305,,.537,.500,.667,.667,.481,.167,,.636,1.000,,.000,0,,.278,.200,,1,0,butleca01
72,Jimmy Butler,SG,26,CHI,67,2474,.454,12.0,,.802,.313,.120,.131,.236,.198,,.489,.673,.363,.360,.385,.312,,.441,.719,,.071,69,,.176,.361,,6,1,butleji01
73,Rasual Butler,SF,36,SAS,46,432,.471,16.0,,.529,.183,.115,.106,.135,.471,,.618,.789,.250,.455,.786,.306,,.676,1.000,,.029,3,,.388,.316,,0,0,butlera01
74,Bruno Caboclo,SF,20,TOR,6,43,.083,18.9,,.417,.000,.167,.083,.167,.583,,.000,,.000,.000,.000,.143,,,1.000,,.000,0,,.714,.200,,0,0,cabocbr01
75,José Calderón,PG,34,NYK,72,2024,.459,18.4,,.554,.099,.029,.114,.312,.446,,.496,.644,.538,.404,.479,.414,,.304,.869,,.000,0,,.133,.481,,0,0,caldejo01
76,Kentavious Caldwell-Pope,SG,22,DET,76,2789,.420,14.8,,.616,.228,.116,.107,.166,.384,,.489,.639,.333,.476,.396,.309,,.481,.842,,.027,23,,.266,.378,,5,0,caldwke01
77,Isaiah Canaan,SG,24,PHI,77,1966,.360,19.0,,.328,.130,.096,.047,.057,.672,,.354,.489,.261,.294,.244,.363,,.417,.744,,.000,0,,.198,.406,,0,0,canaais01
78,Clint Capela,C,21,HOU,77,1471,.582,1.7,,.997,.786,.209,.000,.003,.003,,.583,.660,.301,,.000,.000,,.667,,,.277,98,,.000,,,1,0,capelca01
79,DeMarre Carroll,SF,29,TOR,26,786,.389,14.3,,.563,.219,.207,.063,.074,.437,,.388,.576,.286,.235,.250,.390,,.542,.957,,.019,5,,.220,.385,,0,0,carrode01
80,Vince Carter,SG,39,MEM,60,1005,.388,16.9,,.507,.207,.093,.073,.134,.493,,.425,.535,.313,.360,.370,.349,,.500,.864,,.052,16,,.172,.345,,4,2,cartevi01
81,Michael Carter-Williams,PG,24,MIL,54,1649,.452,8.6,,.901,.351,.270,.135,.144,.099,,.472,.569,.460,.347,.375,.273,,.360,.733,,.050,24,,.255,.357,,1,0,cartemi01
82,Omri Casspi,PF,27,SAC,69,1880,.481,13.0,,.559,.280,.256,.023,.003,.441,,.537,.661,.440,.214,.000,.409,,.663,.857,,.050,29,,.168,.435,,1,0,casspom01
83,Willie Cauley-Stein,C,22,SAC,66,1412,.563,3.7,,.994,.602,.271,.065,.056,.006,,.567,.667,.457,.364,.263,.000,,.759,,,.286,81,,1.000,.000,,0,0,caulewi01
84,Mario Chalmers,PG,29,TOT,61,1373,.410,12.3,,.664,.320,.203,.056,.086,.336,,.461,.528,.411,.360,.395,.309,,.213,.739,,.002,0,,.255,.263,,4,0,chalmma01
84,Mario Chalmers,PG,29,MIA,6,120,.313,13.3,,.656,.313,.188,.031,.125,.344,,.429,.500,.167,1.000,.500,.091,,.222,1.000,,.000,0,,.636,.143,,1,0,chalmma01
84,Mario Chalmers,PG,29,MEM,55,1253,.417,12.2,,.665,.320,.204,.058,.083,.335,,.464,.530,.429,.333,.382,.326,,.213,.733,,.002,0,,.225,.290,,3,0,chalmma01
85,Tyson Chandler,C,33,PHO,66,1618,.583,2.8,,.997,.768,.124,.038,.067,.003,,.585,.685,.333,.167,.143,.000,,.667,,,.373,103,,.000,,,1,0,chandty01
86,Rakeem Christmas,PF,24,IND,1,6,1.000,0.5,,1.000,1.000,.000,.000,.000,.000,,1.000,1.000,,,,,,1.000,,,.000,0,,,,,0,0,chrisra01
87,Ian Clark,SG,24,GSW,66,578,.441,14.5,,.584,.238,.139,.114,.094,.416,,.500,.625,.357,.391,.526,.357,,.492,.933,,.005,1,,.333,.321,,0,0,clarkia01
88,Coty Clarke,SF,23,BOS,3,6,.500,17.0,,.500,.000,.250,.000,.250,.500,,.000,,.000,,.000,1.000,,,1.000,,.000,0,,.500,1.000,,0,0,clarkco01
89,Jordan Clarkson,SG,23,LAL,79,2552,.433,12.6,,.709,.261,.195,.106,.149,.291,,.468,.540,.477,.379,.384,.347,,.305,.757,,.026,23,,.191,.295,,2,0,clarkjo01
90,Norris Cole,PG,27,NOP,45,1198,.405,14.1,,.789,.209,.124,.105,.351,.211,,.427,.495,.400,.431,.394,.324,,.258,.879,,.010,5,,.186,.474,,0,0,coleno01
91,Darren Collison,PG,28,SAC,74,2219,.486,13.3,,.720,.272,.133,.094,.222,.280,,.519,.645,.398,.493,.448,.401,,.345,.770,,.005,4,,.300,.462,,2,0,collida01
92,Nick Collison,PF,35,OKC,59,699,.459,5.0,,.982,.523,.294,.073,.092,.018,,.467,.509,.406,.500,.400,.000,,.660,,,.046,4,,.500,.000,,0,0,collini01
93,Mike Conley,PG,28,MEM,56,1761,.422,13.5,,.691,.261,.139,.115,.175,.309,,.449,.544,.402,.400,.377,.363,,.273,.782,,.001,1,,.177,.421,,2,0,conlemi01
94,Pat Connaughton,SG,23,POR,34,143,.265,14.2,,.571,.286,.122,.061,.102,.429,,.286,.429,.167,.000,.200,.238,,.500,.800,,.000,0,,.143,.000,,0,0,connapa01
95,Chris Copeland,PF,31,MIL,24,156,.333,19.2,,.294,.137,.078,.020,.059,.706,,.467,.714,.500,.000,.000,.278,,.571,1.000,,.000,0,,.222,.125,,0,0,copelch01
96,Bryce Cotton,PG,23,TOT,8,39,.400,15.5,,.700,.100,.200,.000,.400,.300,,.571,.000,.500,,.750,.000,,.250,,,.000,0,,.000,,,0,0,cottobr01
96,Bryce Cotton,PG,23,PHO,3,33,.250,15.3,,.625,.125,.250,.000,.250,.375,,.400,.000,.500,,.500,.000,,.500,,,.000,0,,.000,,,0,0,cottobr01
96,Bryce Cotton,PG,23,MEM,5,6,1.000,16.5,,1.000,.000,.000,.000,1.000,.000,,1.000,,,,1.000,,,.000,,,.000,0,,,,,0,0,cottobr01
97,DeMarcus Cousins,C,25,SAC,65,2246,.451,9.2,,.842,.360,.286,.035,.161,.158,,.473,.595,.412,.255,.358,.333,,.550,1.000,,.062,73,,.033,.286,,1,0,couside01
98,Robert Covington,SF,25,PHI,67,1903,.385,18.5,,.323,.190,.083,.027,.024,.677,,.452,.593,.237,.211,.353,.353,,.558,.947,,.015,9,,.137,.333,,3,1,covinro01
99,Allen Crabbe,SG,23,POR,81,2105,.459,17.2,,.580,.133,.069,.109,.270,.420,,.506,.711,.362,.514,.443,.393,,.769,.964,,.019,11,,.302,.430,,1,0,crabbal01
100,Jamal Crawford,SG,35,LAC,79,2126,.404,16.8,,.634,.099,.134,.160,.241,.366,,.440,.613,.468,.387,.389,.340,,.260,.735,,.001,1,,.230,.418,,6,0,crawfja01
101,Jae Crowder,SF,25,BOS,73,2308,.443,15.1,,.554,.274,.075,.064,.139,.446,,.529,.704,.246,.346,.416,.336,,.756,.943,,.023,19,,.226,.329,,1,0,crowdja01
102,Dante Cunningham,SF,28,NOP,80,1971,.451,14.5,,.578,.296,.083,.039,.163,.422,,.550,.705,.235,.500,.433,.316,,.855,1.000,,.066,24,,.615,.336,,2,0,cunnida01
103,Jared Cunningham,SG,24,TOT,44,410,.343,12.5,,.629,.362,.124,.029,.114,.371,,.364,.579,.000,.333,.083,.308,,.667,1.000,,.086,7,,.487,.421,,1,0,cunnija01
103,Jared Cunningham,SG,24,CLE,40,355,.352,11.9,,.648,.385,.110,.033,.121,.352,,.373,.571,.000,.333,.091,.313,,.682,1.000,,.099,7,,.500,.438,,0,0,cunnija01
103,Jared Cunningham,SG,24,MIL,4,55,.286,16.1,,.500,.214,.214,.000,.071,.500,,.286,.667,.000,,.000,.286,,.500,1.000,,.000,0,,.429,.333,,1,0,cunnija01
104,Seth Curry,PG,25,SAC,44,692,.455,17.7,,.504,.089,.147,.071,.196,.496,,.460,.700,.394,.563,.364,.450,,.423,.780,,.000,0,,.243,.556,,1,0,curryse01
105,Stephen Curry,PG,27,GSW,79,2700,.504,17.4,,.446,.225,.084,.048,.088,.554,,.566,.696,.422,.447,.443,.454,,.372,.547,,.004,7,,.129,.482,,11,2,curryst01
106,Troy Daniels,SG,24,CHO,43,476,.476,21.2,,.348,.037,.053,.064,.193,.652,,.462,.571,.400,.250,.528,.484,,.800,.949,,.000,0,,.254,.613,,0,0,danietr01
107,Anthony Davis,C,22,NOP,61,2164,.493,10.3,,.905,.299,.195,.165,.246,.095,,.511,.697,.396,.420,.434,.324,,.728,.943,,.146,147,,.213,.261,,2,0,davisan02
108,Ed Davis,PF,26,POR,81,1684,.611,2.0,,1.000,.748,.240,.012,.000,.000,,.611,.659,.469,.500,,,,.583,,,.131,40,,,,,0,0,davised01
109,Branden Dawson,PF,22,LAC,6,29,.400,2.8,,1.000,.600,.400,.000,.000,.000,,.400,.333,.500,,,,,.500,,,.000,0,,,,,0,0,dawsobr01
110,Dewayne Dedmon,C,26,ORL,58,705,.559,4.3,,1.000,.599,.232,.090,.079,.000,,.559,.651,.415,.500,.357,,,.778,,,.249,38,,,,,0,0,dedmode01
111,Bryce Dejean-Jones,SG,23,NOP,14,279,.406,15.3,,.536,.319,.014,.058,.145,.464,,.432,.455,.000,.250,.500,.375,,.375,.833,,.101,4,,.188,.333,,0,0,dejeabr01
112,Sam Dekker,PF,21,HOU,3,6,,,,,,,,,,,,,,,,,,,,,,0,,,,,0,0,dekkesa01
113,Matthew Dellavedova,PG,25,CLE,76,1867,.405,15.9,,.532,.092,.241,.135,.065,.468,,.401,.489,.398,.304,.485,.410,,.321,.806,,.000,0,,.172,.488,,0,0,dellama01
114,Luol Deng,PF,30,MIA,74,2394,.455,13.0,,.656,.305,.136,.059,.160,.344,,.513,.670,.446,.205,.378,.344,,.622,1.000,,.035,26,,.539,.362,,1,0,denglu01
115,DeMar DeRozan,SG,26,TOR,78,2804,.446,11.2,,.899,.226,.213,.214,.247,.101,,.458,.630,.433,.415,.359,.338,,.252,.830,,.029,36,,.424,.441,,3,0,derozde01
116,Boris Diaw,PF,33,SAS,76,1386,.527,8.7,,.820,.394,.277,.073,.076,.180,,.564,.662,.547,.250,.414,.362,,.480,.960,,.000,0,,.072,.200,,1,0,diawbo01
117,Gorgui Dieng,C,26,MIN,82,2220,.532,8.2,,.965,.387,.197,.157,.223,.035,,.540,.710,.395,.462,.434,.300,,.712,1.000,,.131,69,,.650,.385,,0,0,dienggo01
118,Spencer Dinwiddie,PG,22,DET,12,159,.352,9.9,,.815,.333,.185,.148,.130,.185,,.409,.611,.100,.375,.429,.100,,.111,.000,,.019,1,,.000,,,0,0,dinwisp01
119,Toney Douglas,PG,29,NOP,61,1262,.411,16.1,,.544,.200,.101,.106,.139,.456,,.421,.584,.333,.234,.403,.399,,.402,.679,,.000,0,,.187,.526,,1,0,douglto01
120,Goran Dragić,PG,29,MIA,72,2363,.477,11.3,,.766,.328,.142,.169,.127,.234,,.527,.666,.387,.426,.459,.312,,.252,.750,,.001,1,,.244,.260,,0,0,dragigo01
121,Andre Drummond,C,22,DET,81,2666,.521,3.1,,.994,.592,.358,.042,.004,.006,,.522,.612,.409,.227,.250,.333,,.533,.000,,.125,115,,.000,,,4,1,drumman01
122,Jared Dudley,PF,30,WAS,81,2098,.478,18.7,,.511,.127,.027,.057,.298,.489,,.534,.758,.385,.464,.469,.420,,.872,1.000,,.000,0,,.244,.483,,0,0,dudleja01
123,Duje Dukan,SF,24,SAC,1,24,.200,20.4,,.500,.000,.100,.000,.400,.500,,.000,,.000,,.000,.400,,,1.000,,.000,0,,.400,.000,,0,0,dukandu01
124,Tim Duncan*,C,39,SAS,61,1536,.488,7.2,,.995,.324,.406,.088,.179,.005,,.490,.671,.458,.385,.278,.000,,.684,,,.011,4,,.000,,,1,0,duncati01
125,Mike Dunleavy,SF,35,CHI,31,703,.410,15.8,,.473,.277,.053,.048,.096,.527,,.427,.596,.100,.111,.278,.394,,.763,1.000,,.005,1,,.222,.409,,0,0,dunlemi02
126,Kevin Durant,SF,27,OKC,72,2578,.505,14.6,,.652,.212,.098,.182,.161,.348,,.569,.737,.437,.542,.455,.387,,.518,.640,,.081,106,,.037,.389,,0,0,duranke01
127,Cleanthony Early,SF,24,NYK,17,154,.300,15.3,,.625,.250,.075,.025,.275,.375,,.320,.500,.333,.000,.182,.267,,.625,1.000,,.000,0,,.400,.000,,0,0,earlycl01
128,Jarell Eddie,SF,24,WAS,26,147,.308,22.1,,.277,.046,.077,.031,.123,.723,,.278,.000,.200,.000,.500,.319,,.800,.933,,.000,0,,.213,.300,,1,0,eddieja01
129,Wayne Ellington,SG,28,BRK,76,1615,.389,18.3,,.522,.123,.045,.061,.294,.478,,.416,.609,.320,.353,.364,.358,,.574,.865,,.011,6,,.332,.393,,1,0,ellinwa01
130,Monta Ellis,SG,30,IND,81,2734,.427,14.4,,.724,.236,.088,.109,.292,.276,,.472,.593,.478,.441,.383,.309,,.221,.724,,.006,6,,.287,.383,,5,0,ellismo01
131,James Ennis III,SF,25,TOT,22,329,.478,14.3,,.487,.372,.044,.009,.062,.513,,.509,.595,.200,.000,.286,.448,,.714,.885,,.097,10,,.276,.563,,0,0,ennisja01
131,James Ennis III,SF,25,MIA,3,7,,,,,,,,,,,,,,,,,,,,,,0,,,,,0,0,ennisja01
131,James Ennis III,SF,25,MEM,10,40,.308,18.1,,.385,.231,.000,.000,.154,.615,,.400,.667,,,.000,.250,,.500,1.000,,.077,1,,.125,1.000,,0,0,ennisja01
131,James Ennis III,SF,25,NOP,9,282,.500,13.8,,.500,.390,.050,.010,.050,.500,,.520,.590,.200,.000,.400,.480,,.731,.875,,.100,9,,.300,.533,,0,0,ennisja01
132,Tyler Ennis,PG,21,MIL,46,654,.449,10.5,,.791,.380,.144,.187,.080,.209,,.480,.563,.296,.486,.400,.333,,.338,1.000,,.000,0,,.179,.714,,1,0,ennisty01
133,Jeremy Evans,SF,28,DAL,30,251,.542,10.3,,.667,.521,.063,.021,.063,.333,,.688,.760,.333,.000,.667,.250,,.864,1.000,,.271,12,,.438,.143,,0,0,evansje01
134,Tyreke Evans,SG,26,NOP,25,765,.433,10.3,,.729,.513,.070,.016,.127,.271,,.450,.509,.227,.000,.400,.388,,.204,.545,,.003,1,,.059,.000,,0,0,evansty01
135,Festus Ezeli,C,26,GSW,46,770,.548,2.9,,1.000,.649,.272,.061,.018,.000,,.548,.682,.339,.143,.250,,,.816,,,.342,68,,,,,0,0,ezelife01
136,Kenneth Faried,PF,26,DEN,67,1694,.558,3.5,,.997,.645,.251,.045,.056,.003,,.558,.634,.452,.321,.343,.500,,.684,1.000,,.166,96,,.500,1.000,,1,0,farieke01
137,Jordan Farmar,PG,29,MEM,12,291,.420,15.8,,.550,.200,.100,.090,.160,.450,,.473,.550,.300,.333,.563,.356,,.192,.438,,.000,0,,.244,.364,,0,0,farmajo01
138,Derrick Favors,PF,24,UTA,62,1983,.515,7.7,,.995,.380,.210,.249,.157,.005,,.518,.714,.453,.391,.331,.000,,.646,,,.107,85,,.000,,,2,0,favorde01
139,Cristiano Felício,C,23,CHI,31,321,.556,7.0,,.944,.583,.097,.028,.236,.056,,.588,.619,.571,.500,.529,.000,,.800,,,.139,9,,.000,,,0,0,feliccr01
140,Raymond Felton,PG,31,DAL,80,2192,.406,13.8,,.688,.217,.198,.073,.199,.312,,.463,.635,.400,.380,.368,.282,,.207,.733,,.000,0,,.178,.263,,2,0,feltora01
141,Evan Fournier,SF,23,ORL,79,2566,.462,14.1,,.580,.300,.125,.053,.103,.420,,.506,.634,.405,.388,.313,.400,,.473,.865,,.011,9,,.200,.397,,4,0,fournev01
142,Randy Foye,SG,32,TOT,81,1642,.351,17.3,,.481,.195,.079,.029,.178,.519,,.405,.553,.289,.286,.314,.300,,.255,.693,,.002,1,,.264,.303,,2,0,foyera01
142,Randy Foye,SG,32,DEN,54,1070,.351,17.2,,.492,.198,.087,.027,.180,.508,,.409,.530,.276,.222,.367,.296,,.254,.640,,.003,1,,.213,.333,,2,0,foyera01
142,Randy Foye,SG,32,OKC,27,572,.349,17.5,,.456,.188,.060,.034,.174,.544,,.397,.607,.333,.400,.192,.309,,.259,.800,,.000,0,,.370,.267,,0,0,foyera01
143,Tim Frazier,PG,25,TOT,51,741,.419,12.3,,.790,.284,.144,.148,.218,.210,,.442,.569,.364,.294,.420,.333,,.288,.563,,.004,1,,.042,.000,,0,0,fraziti01
143,Tim Frazier,PG,25,POR,35,272,.333,12.6,,.717,.300,.150,.100,.183,.283,,.395,.444,.444,.333,.273,.176,,.471,.667,,.017,1,,.059,.000,,0,0,fraziti01
143,Tim Frazier,PG,25,NOP,16,469,.450,12.2,,.817,.278,.142,.166,.231,.183,,.457,.617,.333,.286,.462,.419,,.238,.538,,.000,0,,.032,.000,,0,0,fraziti01
144,Jimmer Fredette,SG,26,TOT,6,18,.400,13.8,,.600,.200,.400,.000,.000,.400,,.333,1.000,.000,,,.500,,1.000,1.000,,.000,0,,.000,,,0,0,fredeji01
144,Jimmer Fredette,SG,26,NOP,4,13,.250,11.0,,.750,.250,.500,.000,.000,.250,,.333,1.000,.000,,,.000,,1.000,,,.000,0,,.000,,,0,0,fredeji01
144,Jimmer Fredette,SG,26,NYK,2,5,1.000,25.0,,.000,.000,.000,.000,.000,1.000,,,,,,,1.000,,,1.000,,.000,0,,.000,,,0,0,fredeji01
145,Enes Freedom,C,23,OKC,82,1721,.576,4.9,,.971,.620,.159,.120,.072,.029,,.579,.650,.447,.512,.365,.476,,.594,1.000,,.065,42,,.762,.500,,1,0,kanteen01
146,Channing Frye,PF-C,32,TOT,70,1200,.438,19.4,,.323,.112,.069,.037,.098,.677,,.545,.641,.500,.462,.500,.387,,.738,.989,,.035,11,,.221,.365,,0,0,fryech01
146,Channing Frye,PF,32,ORL,44,754,.435,19.2,,.349,.140,.059,.022,.124,.651,,.508,.615,.364,.500,.478,.397,,.758,.979,,.048,8,,.215,.346,,0,0,fryech01
146,Channing Frye,C,32,CLE,26,446,.441,19.7,,.292,.081,.081,.056,.068,.708,,.596,.692,.615,.444,.545,.377,,.714,1.000,,.019,3,,.228,.385,,0,0,fryech01
147,Danilo Gallinari,SF,27,DEN,53,1839,.410,14.5,,.659,.297,.071,.061,.226,.341,,.434,.538,.240,.302,.399,.364,,.460,.885,,.061,40,,.121,.345,,3,1,gallida01
148,Langston Galloway,PG,24,NYK,82,2033,.393,15.4,,.619,.235,.097,.060,.228,.381,,.423,.580,.421,.371,.276,.344,,.468,.844,,.003,2,,.263,.475,,6,0,gallola01
149,Kevin Garnett*,PF,39,MIN,38,556,.470,13.6,,.991,.157,.122,.139,.574,.009,,.474,.667,.500,.313,.455,.000,,.944,,,.017,1,,1.000,.000,,0,0,garneke01
150,Marc Gasol,C,31,MEM,52,1791,.464,10.2,,.996,.164,.328,.240,.263,.004,,.463,.595,.448,.424,.435,.667,,.690,1.000,,.031,19,,.333,.000,,0,0,gasolma01
151,Pau Gasol*,C,35,CHI,72,2291,.469,11.1,,.931,.245,.192,.167,.327,.069,,.478,.566,.435,.452,.452,.348,,.668,.958,,.025,24,,.362,.320,,0,0,gasolpa01
152,Rudy Gay,SF,29,SAC,70,2379,.463,11.1,,.786,.267,.248,.135,.136,.214,,.495,.651,.384,.471,.416,.344,,.528,.824,,.088,78,,.279,.400,,1,0,gayru01
153,Alonzo Gee,SF,28,NOP,73,1632,.518,8.2,,.765,.561,.082,.035,.078,.235,,.590,.699,.286,.111,.350,.283,,.687,1.000,,.282,65,,.900,.296,,0,0,geeal01
154,Paul George,SF,25,IND,81,2819,.418,16.2,,.609,.168,.081,.118,.242,.391,,.447,.602,.415,.351,.397,.371,,.319,.710,,.024,32,,.239,.415,,0,0,georgpa01
155,Taj Gibson,PF,30,CHI,73,1936,.526,5.8,,.994,.524,.188,.160,.124,.006,,.529,.630,.447,.388,.403,.000,,.643,,,.152,71,,.000,,,0,0,gibsota01
156,Manu Ginóbili*,SG,38,SAS,58,1134,.453,13.9,,.589,.278,.138,.087,.085,.411,,.496,.537,.450,.395,.541,.391,,.543,.914,,.005,2,,.128,.522,,1,0,ginobma01
157,Rudy Gobert,C,23,UTA,61,1932,.559,1.8,,1.000,.802,.175,.006,.017,.000,,.559,.641,.226,.000,.333,,,.626,,,.297,96,,,,,0,0,goberru01
158,Drew Gooden,PF,34,WAS,30,305,.320,15.3,,.602,.243,.087,.107,.175,.398,,.419,.480,.333,.364,.389,.171,,.423,1.000,,.019,1,,.146,.333,,0,0,goodedr01
159,Archie Goodwin,PG,21,PHO,57,1114,.417,8.9,,.765,.526,.130,.021,.088,.235,,.474,.577,.145,.444,.351,.232,,.346,.696,,.064,24,,.162,.125,,1,0,goodwar01
160,Aaron Gordon,PF,20,ORL,78,1863,.473,10.3,,.755,.454,.105,.086,.112,.245,,.531,.654,.344,.340,.338,.296,,.517,.976,,.131,72,,.380,.315,,5,0,gordoaa01
161,Eric Gordon,SG,27,NOP,45,1481,.418,16.3,,.467,.225,.096,.033,.116,.533,,.457,.524,.358,.500,.391,.384,,.441,.850,,.022,10,,.153,.289,,0,0,gordoer01
162,Marcin Gortat,C,31,WAS,75,2256,.567,5.3,,.999,.452,.313,.195,.039,.001,,.567,.704,.490,.403,.433,.000,,.794,,,.067,48,,.000,,,0,0,gortama01
163,Andrew Goudelock,PG,27,HOU,8,50,.450,18.0,,.550,.000,.200,.150,.200,.450,,.727,,.500,1.000,.750,.111,,.125,.000,,.000,0,,.222,.000,,0,0,goudean01
164,Jerami Grant,PF,21,PHI,77,2066,.419,8.4,,.756,.491,.184,.047,.035,.244,,.477,.619,.209,.179,.286,.240,,.685,1.000,,.137,73,,.500,.288,,0,0,grantje01
165,Jerian Grant,PG,23,NYK,76,1265,.394,11.3,,.744,.368,.138,.107,.130,.256,,.454,.521,.426,.381,.353,.220,,.333,.727,,.015,6,,.110,.455,,1,0,grantje02
166,Danny Green,SG,28,SAS,79,2062,.376,18.3,,.378,.166,.050,.064,.094,.622,,.448,.602,.250,.361,.340,.332,,.716,.966,,.018,6,,.312,.294,,3,0,greenda02
167,Draymond Green,PF,25,GSW,81,2808,.490,10.0,,.685,.488,.144,.023,.029,.315,,.537,.618,.339,.368,.292,.388,,.618,.960,,.061,47,,.093,.417,,1,0,greendr01
168,Erick Green,PG,24,TOT,9,42,.385,17.5,,.615,.000,.154,.154,.308,.385,,.500,,.500,.500,.500,.200,,.000,1.000,,.000,0,,.000,,,0,0,greener01
168,Erick Green,PG,24,DEN,3,7,.000,24.0,,.000,.000,.000,.000,.000,1.000,,,,,,,.000,,,,,.000,0,,.000,,,0,0,greener01
168,Erick Green,PG,24,UTA,6,35,.417,17.0,,.667,.000,.167,.167,.333,.333,,.500,,.500,.500,.500,.250,,.000,1.000,,.000,0,,.000,,,0,0,greener01
169,Gerald Green,SG,30,MIA,69,1557,.392,16.8,,.557,.148,.075,.135,.199,.443,,.446,.586,.318,.494,.359,.323,,.527,.929,,.046,22,,.335,.333,,1,0,greenge01
170,JaMychal Green,PF,25,MEM,78,1446,.465,8.6,,.909,.481,.137,.067,.224,.091,,.478,.563,.353,.455,.378,.333,,.665,1.000,,.133,53,,.644,.379,,1,0,greenja01
171,Jeff Green,SF,29,TOT,80,2253,.430,11.3,,.742,.308,.218,.090,.125,.258,,.470,.602,.344,.486,.350,.315,,.401,.896,,.063,47,,.343,.329,,4,0,greenje02
171,Jeff Green,SF,29,MEM,53,1544,.431,11.3,,.756,.314,.206,.102,.133,.244,,.470,.583,.383,.491,.324,.309,,.399,.833,,.072,35,,.287,.333,,4,0,greenje02
171,Jeff Green,SF,29,LAC,27,709,.427,11.4,,.712,.296,.243,.064,.109,.288,,.468,.646,.277,.471,.414,.325,,.404,1.000,,.045,12,,.442,.324,,0,0,greenje02
172,Blake Griffin,PF,26,LAC,35,1170,.499,11.2,,.970,.292,.151,.070,.458,.030,,.504,.739,.484,.357,.384,.333,,.641,.667,,.061,36,,.167,.000,,0,0,griffbl01
173,Jorge Gutiérrez,PG,27,CHO,12,63,.545,12.5,,.818,.273,.091,.091,.364,.182,,.667,1.000,1.000,.000,.500,.000,,.167,,,.000,0,,.500,.000,,0,0,gutiejo01
174,P.J. Hairston,SF,23,TOT,66,1313,.355,17.2,,.409,.218,.069,.042,.081,.591,,.449,.596,.286,.235,.303,.290,,.613,.971,,.020,5,,.257,.306,,0,0,hairspj02
174,P.J. Hairston,SF,23,CHO,48,938,.359,17.8,,.377,.207,.054,.036,.080,.623,,.433,.544,.200,.300,.364,.314,,.756,.981,,.014,2,,.273,.340,,0,0,hairspj02
174,P.J. Hairston,SF,23,MEM,18,375,.348,16.0,,.477,.242,.098,.053,.083,.523,,.476,.688,.385,.143,.182,.232,,.400,.938,,.030,3,,.217,.200,,0,0,hairspj02
175,Jordan Hamilton,SF,25,NOP,11,304,.422,14.0,,.612,.293,.121,.086,.112,.388,,.507,.647,.357,.300,.462,.289,,.389,.769,,.017,2,,.156,.143,,0,0,hamiljo02
176,Tyler Hansbrough,PF,30,CHO,44,343,.451,3.5,,.958,.606,.310,.028,.014,.042,,.441,.581,.182,.500,.000,.667,,.567,1.000,,.141,9,,.000,,,0,0,hansbty01
177,Tim Hardaway Jr.,SG,23,ATL,51,864,.430,17.0,,.464,.226,.057,.042,.140,.536,,.537,.700,.333,.455,.378,.338,,.697,.938,,.034,9,,.296,.357,,2,0,hardati02
178,James Harden,SG,26,HOU,82,3125,.439,14.4,,.594,.246,.124,.105,.120,.406,,.494,.650,.328,.426,.402,.359,,.181,.521,,.011,16,,.094,.274,,0,0,hardeja01
179,Maurice Harkless,SF,22,POR,78,1457,.474,9.7,,.659,.501,.117,.012,.029,.341,,.576,.660,.292,.400,.333,.279,,.558,.949,,.170,61,,.486,.265,,1,0,harklma01
180,Justin Harper,PF,26,DET,5,35,.400,24.5,,.100,.000,.000,.000,.100,.900,,.000,,,,.000,.444,,,1.000,,.000,0,,.000,,,0,0,harpeju01
181,Montrezl Harrell,PF,22,HOU,39,379,.644,3.4,,.989,.667,.233,.022,.067,.011,,.652,.750,.524,.000,.333,.000,,.638,,,.311,26,,.000,,,0,0,harremo01
182,Devin Harris,PG,32,DAL,64,1280,.447,14.3,,.578,.316,.104,.051,.107,.422,,.532,.653,.333,.474,.400,.329,,.470,.923,,.000,0,,.392,.419,,6,0,harride01
183,Gary Harris,SG,21,DEN,76,2439,.469,13.1,,.612,.358,.080,.075,.099,.388,,.543,.613,.410,.456,.461,.354,,.622,.943,,.058,41,,.343,.343,,1,0,harriga01
184,Joe Harris,SG,24,CLE,5,15,.250,25.0,,.000,.000,.000,.000,.000,1.000,,,,,,,.250,,,1.000,,.000,0,,.250,1.000,,0,0,harrijo01
185,Tobias Harris,PF,23,TOT,76,2513,.469,10.5,,.731,.375,.187,.076,.094,.269,,.518,.631,.410,.353,.417,.335,,.561,.938,,.057,49,,.351,.310,,0,0,harrito02
185,Tobias Harris,PF,23,ORL,49,1610,.464,10.4,,.721,.403,.165,.061,.092,.279,,.523,.624,.427,.242,.440,.311,,.588,.915,,.085,45,,.397,.300,,0,0,harrito02
185,Tobias Harris,PF,23,DET,27,903,.477,10.7,,.747,.330,.221,.101,.098,.253,,.512,.643,.390,.457,.382,.375,,.519,.970,,.014,4,,.273,.333,,0,0,harrito02
186,Aaron Harrison,SG,21,CHO,21,93,.263,17.2,,.474,.211,.053,.000,.211,.526,,.222,.500,.000,,.000,.300,,1.000,.667,,.000,0,,.400,.250,,0,0,harriaa01
187,Udonis Haslem,PF,35,MIA,37,260,.377,13.1,,.852,.197,.115,.213,.328,.148,,.423,.667,.571,.385,.250,.111,,.909,1.000,,.016,1,,.667,.167,,0,0,hasleud01
188,Spencer Hawes,PF,27,CHO,57,1035,.405,12.6,,.667,.281,.173,.134,.078,.333,,.422,.558,.358,.317,.250,.373,,.616,1.000,,.033,10,,.255,.423,,0,0,hawessp01
189,Chuck Hayes,C,32,HOU,2,24,.500,5.0,,1.000,.500,.500,.000,.000,.000,,.500,1.000,.000,,,,,1.000,,,.000,0,,,,,0,0,hayesch01
190,Gordon Hayward,SF,25,UTA,80,2893,.433,13.6,,.659,.209,.182,.128,.140,.341,,.477,.622,.438,.409,.375,.349,,.320,.797,,.051,52,,.234,.385,,2,0,haywago01
191,Gerald Henderson,SG,28,POR,72,1431,.439,14.9,,.743,.157,.096,.183,.304,.257,,.468,.747,.314,.412,.410,.353,,.500,.958,,.043,22,,.529,.444,,0,0,hendege02
192,John Henson,C,25,MIL,57,960,.564,3.3,,.997,.536,.405,.041,.014,.003,,.566,.647,.475,.583,.000,.000,,.756,,,.120,30,,.000,,,0,0,hensojo01
193,Mario Hezonja,SF,20,ORL,79,1413,.433,16.9,,.541,.203,.081,.050,.206,.459,,.504,.659,.412,.476,.395,.349,,.526,.836,,.053,19,,.182,.429,,4,0,hezonma01
194,Roy Hibbert,C,29,LAL,81,1878,.443,8.3,,.995,.297,.299,.146,.253,.005,,.445,.623,.341,.383,.394,.000,,.610,,,.085,33,,.000,,,0,0,hibbero01
195,J.J. Hickson,C,27,TOT,35,436,.516,5.0,,.994,.561,.213,.135,.084,.006,,.519,.690,.303,.286,.308,.000,,.713,,,.187,29,,.000,,,0,0,hicksjj01
195,J.J. Hickson,C,27,DEN,20,305,.505,4.7,,1.000,.587,.183,.147,.083,.000,,.505,.672,.250,.188,.444,,,.764,,,.211,23,,,,,0,0,hicksjj01
195,J.J. Hickson,C,27,WAS,15,131,.543,5.7,,.978,.500,.283,.109,.087,.022,,.556,.739,.385,.600,.000,.000,,.600,,,.130,6,,.000,,,0,0,hicksjj01
196,Nenê,PF,33,WAS,57,1094,.544,6.9,,.992,.474,.180,.125,.214,.008,,.549,.698,.449,.396,.390,.000,,.641,,,.112,39,,.667,.000,,0,0,hilarne01
197,George Hill,PG,29,IND,74,2524,.441,15.3,,.575,.222,.099,.103,.153,.425,,.466,.622,.397,.342,.363,.408,,.338,.820,,.016,12,,.379,.445,,0,0,hillge01
198,Jordan Hill,C,28,IND,73,1513,.506,8.0,,.998,.332,.281,.148,.237,.002,,.507,.659,.474,.506,.338,.000,,.561,,,.067,35,,1.000,.000,,0,0,hilljo01
199,Solomon Hill,SF,24,IND,59,866,.447,12.1,,.644,.341,.163,.091,.053,.356,,.515,.648,.353,.368,.364,.324,,.493,1.000,,.063,12,,.365,.444,,2,0,hillso01
200,Darrun Hilliard,SG,22,DET,38,383,.397,15.9,,.618,.214,.099,.076,.237,.382,,.407,.571,.077,.400,.387,.380,,.424,.895,,.015,2,,.400,.350,,3,0,hillida01
201,Kirk Hinrich,PG,35,TOT,46,631,.380,16.2,,.519,.194,.109,.070,.147,.481,,.373,.480,.286,.000,.474,.387,,.440,.708,,.000,0,,.258,.438,,0,0,hinriki01
201,Kirk Hinrich,PG,35,CHI,35,555,.398,16.3,,.525,.186,.119,.059,.161,.475,,.387,.500,.286,.000,.474,.411,,.417,.696,,.000,0,,.250,.429,,0,0,hinriki01
201,Kirk Hinrich,PG,35,ATL,11,76,.182,15.5,,.455,.273,.000,.182,.000,.545,,.200,.333,,.000,,.167,,1.000,1.000,,.000,0,,.333,.500,,0,0,hinriki01
202,Jrue Holiday,PG,25,NOP,65,1831,.439,12.3,,.723,.290,.164,.149,.121,.277,,.478,.576,.418,.446,.363,.336,,.207,.517,,.011,10,,.127,.212,,2,1,holidjr01
203,Justin Holiday,SG,26,TOT,53,773,.386,14.9,,.539,.263,.088,.061,.127,.461,,.423,.483,.250,.214,.517,.343,,.692,.972,,.053,12,,.362,.368,,0,0,holidju01
203,Justin Holiday,SG,26,ATL,26,263,.329,16.4,,.384,.233,.068,.027,.055,.616,,.500,.471,.400,.500,.750,.222,,.786,1.000,,.055,4,,.578,.231,,0,0,holidju01
203,Justin Holiday,SG,26,CHI,27,510,.413,14.2,,.613,.277,.097,.077,.161,.387,,.400,.488,.200,.167,.480,.433,,.658,.962,,.052,8,,.200,.667,,0,0,holidju01
204,Ryan Hollins,C,31,TOT,37,460,.620,2.8,,1.000,.633,.304,.038,.025,.000,,.620,.700,.458,1.000,.000,,,.714,,,.354,24,,,,,0,0,holliry01
204,Ryan Hollins,C,31,WAS,5,48,.571,6.3,,1.000,.429,.286,.143,.143,.000,,.571,.667,.500,1.000,.000,,,.750,,,.143,1,,,,,0,0,holliry01
204,Ryan Hollins,C,31,MEM,32,412,.625,2.4,,1.000,.653,.306,.028,.014,.000,,.625,.702,.455,1.000,.000,,,.711,,,.375,23,,,,,0,0,holliry01
205,Rondae Hollis-Jefferson,SF,21,BRK,29,615,.457,9.2,,.899,.449,.138,.080,.232,.101,,.476,.581,.158,.636,.406,.286,,.576,.750,,.065,9,,.357,.200,,0,0,holliro01
206,Richaun Holmes,PF,22,PHI,51,702,.514,7.7,,.802,.572,.126,.072,.032,.198,,.596,.724,.214,.375,.286,.182,,.717,1.000,,.212,46,,.091,.250,,2,0,holmeri01
207,Rodney Hood,SG,23,UTA,79,2541,.420,16.0,,.538,.111,.200,.130,.098,.462,,.472,.611,.448,.421,.432,.359,,.206,.752,,.012,10,,.218,.367,,2,0,hoodro01
208,Al Horford,C,29,ATL,82,2631,.505,12.3,,.756,.300,.136,.089,.231,.244,,.557,.745,.385,.355,.492,.344,,.776,1.000,,.084,84,,.227,.259,,0,0,horfoal01
209,Dwight Howard,C,30,HOU,71,2280,.620,2.6,,.990,.658,.322,.008,.003,.010,,.626,.752,.378,.400,.000,.000,,.710,,,.318,176,,.000,,,2,0,howardw01
210,Marcelo Huertas,PG,32,LAL,53,869,.422,13.0,,.735,.187,.283,.157,.109,.265,,.479,.605,.477,.389,.400,.262,,.284,.813,,.000,0,,.131,.125,,6,0,huertma01
211,Josh Huestis,PF,24,OKC,5,55,.417,17.4,,.500,.083,.167,.083,.167,.500,,.167,1.000,.000,.000,.000,.667,,1.000,1.000,,.083,1,,.333,.500,,0,0,huestjo01
212,Kris Humphries,PF,30,TOT,53,835,.410,14.8,,.634,.224,.125,.085,.200,.366,,.465,.621,.216,.440,.458,.315,,.782,.941,,.064,18,,.167,.278,,1,0,humphkr01
212,Kris Humphries,PF,30,WAS,28,466,.405,15.7,,.576,.222,.101,.076,.177,.424,,.451,.629,.125,.333,.464,.343,,.756,.913,,.051,7,,.164,.273,,1,0,humphkr01
212,Kris Humphries,PF,30,PHO,4,74,.278,12.9,,.722,.306,.139,.028,.250,.278,,.269,.364,.000,.000,.333,.300,,.857,1.000,,.083,3,,.200,.500,,0,0,humphkr01
212,Kris Humphries,PF,30,ATL,21,295,.465,14.1,,.693,.198,.158,.119,.218,.307,,.557,.750,.375,.583,.500,.258,,.795,1.000,,.079,8,,.161,.200,,0,0,humphkr01
213,R.J. Hunter,SG,22,BOS,36,315,.367,19.6,,.357,.133,.061,.010,.153,.643,,.486,.615,.333,1.000,.400,.302,,.647,.842,,.031,3,,.365,.261,,0,0,hunterj01
214,Serge Ibaka,PF,26,OKC,78,2500,.479,13.6,,.788,.196,.129,.123,.341,.212,,.520,.671,.500,.486,.453,.326,,.837,.983,,.075,61,,.527,.351,,0,0,ibakase01
215,Andre Iguodala,SF,32,GSW,65,1732,.478,14.5,,.582,.310,.063,.073,.136,.418,,.570,.728,.348,.407,.400,.351,,.631,.944,,.141,49,,.377,.431,,3,0,iguodan01
216,Ersan İlyasova,PF,28,TOT,74,1881,.424,14.0,,.608,.292,.124,.050,.144,.392,,.458,.570,.317,.394,.368,.371,,.641,.927,,.003,1,,.131,.353,,0,0,ilyaser01
216,Ersan İlyasova,PF,28,DET,52,1434,.425,14.6,,.577,.266,.126,.049,.136,.423,,.471,.593,.297,.440,.406,.363,,.638,.936,,.002,0,,.140,.333,,0,0,ilyaser01
216,Ersan İlyasova,PF,28,ORL,22,447,.418,11.8,,.712,.379,.118,.052,.170,.288,,.422,.517,.389,.250,.269,.409,,.652,.889,,.007,1,,.091,.500,,0,0,ilyaser01
217,Joe Ingles,SF,28,UTA,81,1241,.426,20.1,,.278,.120,.031,.017,.110,.722,,.531,.743,.333,.800,.313,.386,,.372,.901,,.007,2,,.367,.494,,1,0,inglejo01
218,Damien Inglis,SF,20,MIL,20,156,.351,13.7,,.649,.351,.081,.135,.081,.351,,.417,.615,.333,.200,.000,.231,,.700,.667,,.054,2,,.385,.400,,1,0,inglida01
219,Kyrie Irving,PG,23,CLE,53,1667,.448,13.2,,.702,.243,.164,.131,.166,.298,,.502,.584,.403,.504,.473,.321,,.206,.595,,.001,1,,.218,.386,,0,0,irvinky01
220,Jarrett Jack,PG,32,BRK,32,1027,.391,15.4,,.715,.109,.201,.098,.307,.285,,.426,.615,.319,.343,.455,.304,,.174,.548,,.000,0,,.235,.333,,2,0,jackja01
221,Reggie Jackson,PG,25,DET,79,2424,.434,11.9,,.732,.280,.219,.122,.109,.268,,.464,.575,.381,.480,.331,.353,,.064,.415,,.011,13,,.117,.385,,2,0,jacksre01
222,LeBron James,SF,31,CLE,76,2709,.520,9.6,,.801,.459,.119,.093,.129,.199,,.573,.722,.361,.348,.404,.309,,.378,.598,,.083,111,,.117,.273,,0,0,jamesle01
223,Al Jefferson,C,31,CHO,47,1096,.485,7.9,,1.000,.271,.341,.250,.139,.000,,.485,.642,.407,.405,.514,,,.555,,,.028,13,,,,,0,0,jeffeal01
224,Cory Jefferson,PF,25,PHO,8,50,.409,5.2,,.955,.591,.227,.045,.091,.045,,.429,.615,.000,1.000,.000,.000,,.778,,,.227,5,,.000,,,0,0,jeffeco01
225,Richard Jefferson,SF,35,CLE,74,1326,.458,16.1,,.446,.231,.080,.054,.080,.554,,.554,.750,.320,.353,.360,.382,,.714,.955,,.054,15,,.486,.440,,0,0,jefferi01
226,John Jenkins,SG,24,TOT,43,480,.444,15.6,,.681,.169,.119,.056,.338,.319,,.505,.704,.368,.333,.481,.314,,.600,.875,,.000,0,,.294,.467,,0,0,jenkijo01
226,John Jenkins,SG,24,DAL,21,193,.414,15.4,,.729,.129,.157,.071,.371,.271,,.510,.778,.455,.400,.462,.158,,.615,1.000,,.000,0,,.263,.200,,0,0,jenkijo01
226,John Jenkins,SG,24,PHO,22,287,.467,15.7,,.644,.200,.089,.044,.311,.356,,.500,.667,.250,.250,.500,.406,,.586,.846,,.000,0,,.313,.600,,0,0,jenkijo01
227,Brandon Jennings,PG,26,TOT,48,868,.368,17.4,,.490,.155,.118,.066,.148,.510,,.409,.574,.361,.400,.289,.329,,.246,.608,,.000,0,,.181,.321,,3,0,jennibr01
227,Brandon Jennings,PG,26,DET,23,416,.371,17.2,,.462,.189,.140,.028,.098,.538,,.439,.593,.400,.250,.286,.312,,.345,.375,,.000,0,,.169,.308,,3,0,jennibr01
227,Brandon Jennings,PG,26,ORL,25,452,.366,17.5,,.516,.124,.099,.099,.193,.484,,.386,.550,.313,.438,.290,.346,,.156,.815,,.000,0,,.192,.333,,0,0,jennibr01
228,Jonas Jerebko,PF,28,BOS,78,1176,.413,13.0,,.622,.343,.136,.035,.108,.378,,.421,.531,.308,.300,.258,.398,,.693,1.000,,.035,8,,.343,.405,,1,0,jerebjo01
229,Amir Johnson,PF,28,BOS,79,1800,.585,5.2,,.899,.547,.305,.035,.014,.101,,.624,.712,.508,.400,.333,.233,,.665,1.000,,.134,56,,.233,.500,,1,0,johnsam01
230,Chris Johnson,SF,25,UTA,70,857,.371,15.4,,.490,.247,.088,.072,.082,.510,,.474,.667,.118,.286,.438,.273,,.489,.963,,.021,3,,.606,.267,,1,0,johnsch04
231,James Johnson,PF,28,TOR,57,926,.475,9.3,,.725,.475,.167,.029,.054,.275,,.540,.632,.400,.286,.308,.303,,.340,1.000,,.067,16,,.515,.265,,1,0,johnsja01
232,Joe Johnson,SF,34,TOT,81,2703,.439,15.5,,.636,.075,.246,.156,.159,.364,,.471,.594,.474,.507,.372,.383,,.206,.892,,.000,0,,.339,.415,,3,0,johnsjo02
232,Joe Johnson,SF,34,BRK,57,1934,.406,16.0,,.623,.063,.232,.156,.173,.377,,.427,.579,.426,.474,.333,.371,,.241,.906,,.000,0,,.279,.422,,2,0,johnsjo02
232,Joe Johnson,SF,34,MIA,24,769,.518,14.2,,.665,.104,.279,.155,.127,.335,,.569,.615,.571,.590,.500,.417,,.147,.857,,.000,0,,.500,.405,,1,0,johnsjo02
233,Orlando Johnson,SG,26,TOT,7,101,.265,12.6,,.706,.382,.088,.059,.176,.294,,.292,.385,.333,.000,.167,.200,,.571,1.000,,.000,0,,.500,.400,,0,0,johnsor01
233,Orlando Johnson,SG,26,PHO,2,47,.294,11.9,,.706,.471,.059,.059,.118,.294,,.333,.500,.000,.000,.000,.200,,.500,1.000,,.000,0,,.600,.333,,0,0,johnsor01
233,Orlando Johnson,SG,26,NOP,5,54,.235,13.3,,.706,.294,.118,.059,.235,.294,,.250,.200,.500,.000,.250,.200,,.667,1.000,,.000,0,,.400,.500,,0,0,johnsor01
234,Stanley Johnson,SF,19,DET,73,1687,.375,13.2,,.658,.255,.173,.117,.113,.342,,.410,.569,.308,.357,.265,.307,,.346,.889,,.020,10,,.400,.378,,3,0,johnsst04
235,Tyler Johnson,SG,23,MIA,36,863,.486,13.0,,.708,.329,.111,.070,.198,.292,,.529,.625,.407,.529,.438,.380,,.462,.963,,.045,6,,.310,.545,,3,0,johnsty01
236,Wesley Johnson,SF,28,LAC,80,1666,.404,18.9,,.400,.140,.037,.047,.177,.600,,.510,.708,.474,.458,.374,.333,,.867,.981,,.045,20,,.424,.420,,0,0,johnswe01
237,Nikola Jokić,C,20,DEN,80,1733,.512,7.6,,.860,.418,.293,.078,.068,.140,,.541,.622,.477,.447,.415,.333,,.595,.929,,.018,11,,.143,.333,,0,0,jokicni01
238,Dahntay Jones,SF,35,CLE,1,42,.429,11.1,,.857,.286,.214,.143,.214,.143,,.417,.000,.667,.500,.667,.500,,.400,1.000,,.000,0,,.500,1.000,,0,0,jonesda02
239,James Jones,SF,35,CLE,48,463,.408,21.7,,.268,.035,.021,.106,.113,.732,,.447,.800,.667,.333,.438,.394,,.765,.927,,.007,1,,.212,.455,,0,0,jonesja02
240,Terrence Jones,PF,24,HOU,50,1044,.452,8.5,,.785,.444,.270,.027,.044,.215,,.490,.638,.293,.200,.375,.316,,.716,.920,,.093,29,,.203,.250,,1,0,joneste01
241,Tyus Jones,PG,19,MIN,37,573,.359,13.5,,.660,.205,.231,.096,.128,.340,,.388,.531,.389,.200,.300,.302,,.275,.625,,.000,0,,.189,.300,,0,0,jonesty01
242,DeAndre Jordan,C,27,LAC,77,2598,.703,1.2,,.998,.839,.154,.006,.000,.002,,.704,.765,.385,.333,,.000,,.782,,,.488,227,,.000,,,0,0,jordade01
243,Cory Joseph,SG,24,TOR,80,2046,.439,10.9,,.812,.297,.239,.111,.164,.188,,.478,.615,.400,.385,.406,.273,,.189,.967,,.000,0,,.309,.441,,1,0,josepco01
244,Chris Kaman,C,33,POR,16,112,.465,12.3,,.907,.209,.140,.186,.372,.093,,.487,.556,.667,.250,.500,.250,,.737,1.000,,.000,0,,.250,.000,,0,0,kamanch01
245,Frank Kaminsky,C,22,CHO,81,1708,.410,12.6,,.615,.331,.187,.040,.057,.385,,.455,.523,.408,.238,.367,.337,,.578,.985,,.034,15,,.129,.269,,1,0,kaminfr01
246,Sergey Karasev,SF,22,BRK,40,399,.405,17.2,,.500,.203,.068,.081,.149,.500,,.514,.600,.800,.167,.455,.297,,.632,1.000,,.000,0,,.270,.200,,1,0,karasse01
247,Sasha Kaun,C,30,CLE,25,95,.529,2.1,,1.000,.765,.235,.000,.000,.000,,.529,.692,.000,,,,,.667,,,.059,1,,,,,0,0,kaunsa01
248,Ryan Kelly,PF,24,LAL,36,470,.369,12.9,,.752,.242,.188,.134,.188,.248,,.446,.500,.393,.300,.536,.135,,.720,1.000,,.027,3,,.216,.125,,1,0,kellyry01
249,Michael Kidd-Gilchrist,SF,22,CHO,7,205,.541,6.8,,.885,.574,.131,.082,.098,.115,,.556,.657,.250,.400,.500,.429,,.533,1.000,,.082,5,,.429,.333,,0,0,kiddgmi01
250,Sean Kilpatrick,SG,26,TOT,31,616,.456,14.2,,.578,.252,.148,.081,.096,.422,,.538,.691,.375,.500,.423,.342,,.571,.872,,.015,3,,.333,.395,,0,0,kilpase01
250,Sean Kilpatrick,SG,26,DEN,8,82,.381,19.9,,.190,.095,.095,.000,.000,.810,,1.000,1.000,1.000,,,.235,,.250,1.000,,.000,0,,.471,.250,,0,0,kilpase01
250,Sean Kilpatrick,SG,26,BRK,23,534,.462,13.7,,.610,.265,.153,.088,.104,.390,,.526,.682,.342,.500,.423,.361,,.588,.857,,.016,3,,.309,.433,,0,0,kilpase01
251,Brandon Knight,SG,24,PHO,52,1870,.415,15.5,,.608,.199,.132,.068,.210,.392,,.461,.624,.407,.361,.372,.342,,.251,.608,,.006,5,,.134,.468,,1,0,knighbr03
252,Kyle Korver,SG,34,ATL,80,2401,.435,20.7,,.356,.058,.021,.054,.222,.644,,.502,.639,.308,.576,.467,.398,,.864,.975,,.002,1,,.224,.449,,0,0,korveky01
253,Kosta Koufos,C,26,SAC,78,1482,.532,4.4,,1.000,.376,.541,.077,.005,.000,,.532,.695,.450,.324,.000,,,.742,,,.063,27,,,,,0,0,koufoko01
254,Jeremy Lamb,SG,23,CHO,66,1227,.451,13.7,,.645,.292,.118,.096,.137,.355,,.529,.631,.450,.367,.500,.309,,.466,.786,,.027,11,,.138,.320,,1,0,lambje01
255,Carl Landry,PF,32,PHI,36,569,.556,10.3,,.948,.368,.112,.116,.352,.052,,.561,.750,.357,.552,.432,.462,,.759,1.000,,.048,12,,.154,.500,,0,0,landrca01
256,Shane Larkin,PG,23,BRK,78,1751,.442,11.9,,.785,.319,.149,.100,.217,.215,,.464,.600,.427,.340,.349,.361,,.339,.590,,.000,0,,.194,.286,,0,0,larkish01
257,Joffrey Lauvergne,C,24,DEN,59,1041,.513,8.4,,.861,.405,.247,.053,.155,.139,,.557,.643,.489,.350,.508,.245,,.714,.923,,.116,37,,.377,.200,,0,0,lauvejo01
258,Zach LaVine,SG,20,MIN,82,2294,.452,14.3,,.670,.277,.090,.055,.249,.330,,.482,.677,.349,.302,.351,.389,,.416,.732,,.059,52,,.149,.468,,0,0,lavinza01
259,Ty Lawson,PG,28,TOT,66,1411,.393,14.5,,.695,.237,.102,.121,.234,.305,,.419,.571,.389,.395,.289,.333,,.214,.806,,.000,0,,.194,.381,,3,0,lawsoty01
259,Ty Lawson,PG,28,HOU,53,1176,.387,14.9,,.672,.216,.111,.111,.233,.328,,.415,.581,.344,.406,.299,.330,,.238,.839,,.000,0,,.191,.389,,2,0,lawsoty01
259,Ty Lawson,PG,28,IND,13,235,.418,12.7,,.791,.328,.060,.164,.239,.209,,.434,.545,.750,.364,.250,.357,,.130,.600,,.000,0,,.214,.333,,1,0,lawsoty01
260,Courtney Lee,SG,30,TOT,79,2334,.454,15.2,,.660,.191,.091,.136,.243,.340,,.493,.607,.466,.414,.458,.378,,.606,1.000,,.006,3,,.369,.325,,1,0,leeco01
260,Courtney Lee,SG,30,MEM,51,1489,.458,15.0,,.671,.172,.105,.153,.241,.329,,.502,.597,.568,.406,.465,.370,,.631,1.000,,.010,3,,.399,.255,,0,0,leeco01
260,Courtney Lee,SG,30,CHO,28,845,.445,15.5,,.641,.227,.064,.105,.245,.359,,.475,.620,.143,.435,.444,.392,,.552,1.000,,.000,0,,.316,.480,,1,0,leeco01
261,David Lee,PF,32,TOT,55,903,.531,4.0,,.997,.606,.281,.054,.057,.003,,.533,.635,.383,.389,.316,.000,,.674,,,.093,30,,.000,,,0,0,leeda02
261,David Lee,PF,32,BOS,30,470,.453,4.6,,.995,.557,.302,.068,.068,.005,,.455,.533,.379,.385,.231,.000,,.609,,,.057,10,,.000,,,0,0,leeda02
261,David Lee,PF,32,DAL,25,433,.636,3.2,,1.000,.671,.252,.035,.042,.000,,.636,.750,.389,.400,.500,,,.736,,,.140,20,,,,,0,0,leeda02
262,Alex Len,C,22,PHO,78,1821,.423,6.9,,.989,.442,.224,.128,.192,.011,,.426,.572,.279,.300,.350,.143,,.669,1.000,,.160,89,,.571,.250,,0,0,lenal01
263,Kawhi Leonard,SF,24,SAS,72,2380,.506,13.3,,.733,.207,.148,.201,.178,.267,,.528,.730,.472,.498,.376,.443,,.450,.860,,.061,64,,.220,.484,,0,0,leonaka01
264,Meyers Leonard,PF,23,POR,61,1333,.448,18.0,,.476,.103,.097,.124,.149,.524,,.527,.533,.548,.500,.523,.377,,.752,1.000,,.025,9,,.127,.345,,2,0,leoname01
265,Jon Leuer,PF,26,PHO,67,1255,.481,11.3,,.764,.305,.180,.137,.142,.236,,.511,.725,.345,.422,.348,.382,,.604,1.000,,.088,38,,.145,.188,,1,0,leuerjo01
266,Damian Lillard,PG,25,POR,75,2676,.419,15.0,,.586,.260,.110,.072,.145,.414,,.450,.546,.315,.368,.423,.375,,.203,.472,,.009,11,,.056,.382,,3,0,lillada01
267,Jeremy Lin,SG,27,CHO,78,2048,.412,13.0,,.690,.305,.130,.088,.166,.310,,.446,.568,.379,.344,.331,.336,,.348,.816,,.001,1,,.102,.391,,0,0,linje01
268,Shaun Livingston,PG,30,GSW,78,1520,.536,9.2,,.968,.259,.201,.404,.106,.032,,.548,.724,.434,.523,.425,.167,,.473,1.000,,.106,36,,.667,.250,,1,0,livinsh01
269,Kevon Looney,PF,19,GSW,5,21,.571,12.1,,.714,.286,.143,.286,.000,.286,,.600,1.000,.000,.500,,.500,,.333,1.000,,.143,1,,.000,,,0,0,looneke01
270,Brook Lopez,C,27,BRK,73,2457,.511,7.8,,.988,.324,.323,.189,.152,.012,,.515,.637,.476,.452,.415,.143,,.591,1.000,,.050,53,,.214,.000,,0,0,lopezbr01
271,Robin Lopez,C,27,NYK,82,2219,.539,4.6,,.998,.456,.394,.100,.048,.002,,.540,.619,.529,.333,.313,.000,,.524,,,.069,44,,1.000,.000,,0,0,lopezro01
272,Kevin Love,PF,27,CLE,77,2424,.419,15.2,,.551,.173,.190,.084,.104,.449,,.467,.550,.452,.341,.451,.360,,.602,.987,,.023,20,,.303,.398,,0,0,loveke01
273,Kyle Lowry,PG,29,TOR,77,2851,.427,15.6,,.543,.216,.141,.070,.117,.457,,.461,.602,.355,.357,.386,.388,,.170,.684,,.000,0,,.101,.491,,2,1,lowryky01
274,Trey Lyles,PF,20,UTA,80,1382,.438,12.8,,.706,.236,.181,.126,.165,.294,,.461,.573,.392,.418,.403,.383,,.585,.959,,.039,15,,.547,.443,,1,0,lylestr01
275,Shelvin Mack,PG,25,TOT,52,1058,.439,12.2,,.699,.217,.280,.092,.113,.301,,.493,.689,.440,.395,.319,.312,,.294,.667,,.000,0,,.304,.395,,0,0,macksh01
275,Shelvin Mack,PG,25,ATL,24,179,.421,12.4,,.716,.242,.211,.116,.147,.284,,.529,.739,.500,.455,.286,.148,,.361,.500,,.000,0,,.259,.286,,0,0,macksh01
275,Shelvin Mack,PG,25,UTA,28,879,.444,12.2,,.694,.209,.300,.084,.103,.306,,.482,.672,.427,.370,.333,.357,,.271,.686,,.000,0,,.316,.419,,0,0,macksh01
276,Ian Mahinmi,C,29,IND,71,1816,.589,3.8,,1.000,.627,.248,.040,.085,.000,,.589,.690,.486,.222,.316,,,.758,,,.123,51,,,,,0,0,mahinia01
277,Devyn Marble,SG,23,ORL,28,249,.296,15.8,,.549,.239,.070,.070,.169,.451,,.333,.529,.400,.000,.167,.250,,.462,1.000,,.000,0,,.250,.375,,0,0,marblde01
278,Boban Marjanović,C,27,SAS,54,508,.603,4.6,,1.000,.483,.345,.132,.040,.000,,.603,.738,.500,.391,.571,,,.619,,,.201,32,,,,,0,0,marjabo01
279,Kendall Marshall,PG,24,PHI,30,400,.364,16.4,,.585,.169,.127,.119,.169,.415,,.391,.550,.267,.429,.300,.327,,.296,.875,,.000,0,,.224,.364,,1,0,marshke01
280,Jarell Martin,PF,21,MEM,27,380,.466,7.8,,.983,.466,.172,.129,.216,.017,,.474,.574,.350,.600,.280,.000,,.574,,,.052,5,,.000,,,1,0,martija01
281,Kevin Martin,SG,32,TOT,55,1095,.372,15.1,,.675,.160,.126,.158,.234,.325,,.378,.582,.340,.288,.316,.360,,.542,.939,,.033,13,,.162,.500,,0,0,martike02
281,Kevin Martin,SG,32,MIN,39,834,.377,15.2,,.692,.153,.123,.156,.260,.308,,.381,.608,.341,.308,.310,.369,,.557,.947,,.039,12,,.146,.467,,0,0,martike02
281,Kevin Martin,SG,32,SAS,16,261,.353,14.9,,.612,.188,.141,.165,.129,.388,,.365,.500,.333,.214,.364,.333,,.474,.909,,.012,1,,.212,.571,,0,0,martike02
282,Wesley Matthews,SF,29,DAL,78,2644,.388,18.5,,.385,.105,.093,.081,.107,.615,,.432,.500,.342,.406,.462,.360,,.415,.884,,.002,2,,.288,.424,,0,0,matthwe02
283,O.J. Mayo,SG,28,MIL,41,1090,.371,17.4,,.495,.150,.081,.100,.165,.505,,.421,.479,.192,.375,.509,.321,,.522,.962,,.000,0,,.278,.244,,0,0,mayooj01
284,Luc Mbah a Moute,PF,29,LAC,75,1274,.454,8.2,,.807,.536,.116,.029,.126,.193,,.485,.541,.458,.000,.385,.325,,.901,1.000,,.063,10,,.900,.333,,0,0,mbahalu01
285,James Michael McAdoo,PF,23,GSW,41,262,.536,3.8,,.976,.643,.226,.060,.048,.024,,.537,.648,.105,.800,.750,.500,,.773,1.000,,.190,15,,.000,,,0,0,mcadoja01
286,Ray McCallum,PG,24,TOT,41,475,.377,13.9,,.712,.226,.089,.178,.219,.288,,.385,.606,.154,.346,.281,.357,,.450,.933,,.007,1,,.310,.308,,0,0,mccalra01
286,Ray McCallum,PG,24,SAS,31,256,.403,12.1,,.761,.299,.090,.224,.149,.239,,.431,.600,.167,.400,.300,.313,,.455,1.000,,.015,1,,.500,.375,,0,0,mccalra01
286,Ray McCallum,PG,24,MEM,10,219,.354,15.5,,.671,.165,.089,.139,.278,.329,,.340,.615,.143,.273,.273,.385,,.444,.900,,.000,0,,.192,.200,,0,0,mccalra01
287,CJ McCollum,SG,24,POR,80,2780,.448,14.7,,.670,.174,.149,.147,.201,.330,,.463,.522,.408,.476,.443,.417,,.203,.721,,.008,10,,.214,.436,,0,0,mccolcj01
288,T.J. McConnell,PG,23,PHI,81,1606,.470,12.4,,.808,.190,.244,.241,.134,.192,,.499,.580,.478,.500,.419,.348,,.198,.613,,.000,0,,.180,.438,,5,0,mccontj01
289,Chris McCullough,PF,20,BRK,24,362,.404,14.0,,.688,.303,.092,.055,.229,.312,,.413,.545,.300,.167,.360,.382,,.710,.923,,.119,11,,.235,.250,,1,0,mcculch01
290,K.J. McDaniels,SF,22,HOU,37,235,.403,11.0,,.653,.403,.139,.056,.056,.347,,.468,.552,.400,.250,.250,.280,,.545,.857,,.153,10,,.360,.333,,0,0,mcdankj01
291,Doug McDermott,SF,24,CHI,81,1861,.452,14.5,,.598,.242,.126,.093,.137,.402,,.470,.577,.370,.467,.375,.425,,.757,.982,,.019,12,,.282,.411,,0,0,mcderdo01
292,Mitch McGary,PF,23,OKC,20,72,.478,10.1,,.826,.391,.130,.087,.217,.174,,.579,.667,.333,.500,.600,.000,,.545,,,.087,2,,.500,.000,,0,0,mcgarmi01
293,JaVale McGee,C,28,DAL,34,370,.575,3.6,,.993,.664,.179,.067,.082,.007,,.579,.719,.250,.111,.545,.000,,.701,,,.388,49,,.000,,,0,0,mcgeeja01
294,Ben McLemore,SG,22,SAC,68,1443,.429,14.2,,.593,.262,.138,.053,.141,.407,,.474,.689,.238,.500,.297,.362,,.680,.925,,.053,21,,.389,.347,,0,0,mclembe01
295,Jordan McRae,PG,24,TOT,22,195,.436,12.2,,.718,.295,.141,.179,.103,.282,,.429,.609,.182,.429,.250,.455,,.208,.500,,.026,2,,.227,.400,,0,0,mcraejo01
295,Jordan McRae,PG,24,PHO,7,82,.423,14.6,,.577,.308,.038,.115,.115,.423,,.533,.625,.000,.667,.333,.273,,.250,.667,,.077,2,,.273,.333,,0,0,mcraejo01
295,Jordan McRae,PG,24,CLE,15,113,.442,11.0,,.788,.288,.192,.212,.096,.212,,.390,.600,.200,.364,.200,.636,,.188,.429,,.000,0,,.182,.500,,0,0,mcraejo01
296,Josh McRoberts,PF,28,MIA,42,595,.372,13.4,,.669,.264,.176,.088,.142,.331,,.434,.564,.423,.154,.381,.245,,.581,1.000,,.061,8,,.082,.250,,1,0,mcrobjo01
297,Jodie Meeks,SG,28,DET,3,43,.350,15.6,,.550,.150,.150,.150,.100,.450,,.273,.333,.000,.667,.000,.444,,1.000,.500,,.000,0,,.222,.000,,0,0,meeksjo01
298,Salah Mejri,C,29,DAL,34,397,.628,1.7,,.987,.859,.103,.000,.026,.013,,.636,.716,.125,,.000,.000,,.755,,,.423,31,,.000,,,0,0,mejrisa01
299,Jordan Mickey,PF,21,BOS,16,57,.364,3.7,,1.000,.682,.136,.091,.091,.000,,.364,.467,.000,.500,.000,,,.500,,,.136,2,,,,,0,0,mickejo01
300,Khris Middleton,SG,24,MIL,79,2852,.444,15.2,,.684,.146,.123,.189,.226,.316,,.466,.635,.397,.440,.415,.396,,.415,.888,,.020,22,,.224,.432,,2,0,middlkh01
301,C.J. Miles,SF,28,IND,64,1464,.409,18.5,,.390,.158,.071,.055,.104,.610,,.474,.560,.378,.486,.409,.367,,.487,.915,,.027,12,,.155,.467,,2,0,milescj01
302,Andre Miller,PG,39,TOT,39,461,.557,8.4,,.925,.462,.179,.208,.075,.075,,.582,.612,.579,.500,.625,.250,,.333,1.000,,.000,0,,.125,.000,,3,0,millean02
302,Andre Miller,PG,39,MIN,26,280,.621,8.5,,.931,.534,.138,.190,.069,.069,,.648,.677,.625,.545,.750,.250,,.371,1.000,,.000,0,,.000,,,3,0,millean02
302,Andre Miller,PG,39,SAS,13,181,.479,8.4,,.917,.375,.229,.229,.083,.083,,.500,.500,.545,.455,.500,.250,,.273,1.000,,.000,0,,.250,.000,,0,0,millean02
303,Mike Miller,SF,35,DEN,47,373,.355,22.2,,.161,.032,.065,.032,.032,.839,,.300,.500,.250,.500,.000,.365,,.667,.842,,.000,0,,.192,.400,,0,0,millemi01
304,Patty Mills,PG,27,SAS,81,1662,.425,18.7,,.477,.142,.028,.034,.273,.523,,.469,.655,.294,.429,.395,.384,,.438,.846,,.000,0,,.253,.370,,2,0,millspa02
305,Elijah Millsap,SG,28,UTA,20,173,.282,9.4,,.692,.513,.128,.000,.051,.308,,.370,.500,.000,,.000,.083,,.500,1.000,,.026,0,,.500,.167,,0,0,millsel01
306,Paul Millsap,PF,30,ATL,81,2647,.470,9.9,,.782,.363,.205,.131,.084,.218,,.512,.630,.385,.464,.378,.319,,.644,.973,,.046,40,,.181,.190,,1,0,millspa01
307,Nikola Mirotić,PF,24,CHI,66,1646,.407,17.3,,.432,.210,.074,.053,.095,.568,,.430,.602,.222,.156,.362,.390,,.690,.948,,.021,11,,.228,.443,,2,0,mirotni01
308,Nazr Mohammed,C,38,OKC,5,19,.600,10.0,,1.000,.400,.000,.200,.400,.000,,.600,1.000,,1.000,.000,,,.333,,,.000,0,,,,,0,0,mohamna01
309,Greg Monroe,C,25,MIL,79,2314,.522,4.1,,.999,.542,.324,.067,.065,.001,,.522,.596,.446,.429,.393,.000,,.570,,,.021,19,,.000,,,0,0,monrogr01
310,Luis Montero,SG,22,POR,12,42,.263,18.3,,.526,.211,.105,.000,.211,.474,,.400,.500,.000,,.500,.111,,.250,.000,,.000,0,,.111,.000,,1,0,montelu01
311,E'Twaun Moore,SG,26,CHI,59,1263,.481,12.9,,.733,.177,.260,.131,.165,.267,,.491,.652,.485,.412,.391,.452,,.436,.915,,.015,6,,.452,.468,,0,0,mooreet01
312,Eric Moreland,PF,24,SAC,8,48,.500,2.5,,1.000,.500,.500,.000,.000,.000,,.500,1.000,.000,,,,,1.000,,,.333,2,,,,,0,0,moreler01
313,Marcus Morris,SF,26,DET,80,2856,.434,15.0,,.685,.158,.106,.213,.211,.315,,.467,.671,.340,.383,.457,.362,,.348,.926,,.016,15,,.285,.329,,2,0,morrima03
314,Markieff Morris,PF,26,TOT,64,1629,.425,12.5,,.784,.258,.142,.182,.202,.216,,.458,.600,.353,.435,.372,.303,,.605,.979,,.075,49,,.142,.318,,2,1,morrima02
314,Markieff Morris,PF,26,PHO,37,917,.397,11.6,,.824,.283,.165,.181,.195,.176,,.420,.549,.310,.410,.333,.289,,.523,1.000,,.063,23,,.079,.167,,1,0,morrima02
314,Markieff Morris,PF,26,WAS,27,712,.467,14.0,,.725,.220,.108,.185,.213,.275,,.524,.698,.452,.472,.426,.316,,.716,.960,,.094,26,,.203,.375,,1,1,morrima02
315,Anthony Morrow,SG,30,OKC,68,926,.408,19.1,,.387,.060,.093,.114,.117,.613,,.442,.500,.484,.342,.487,.387,,.526,.911,,.000,0,,.412,.393,,0,0,morroan01
316,Donatas Motiejūnas,PF,25,HOU,37,547,.439,10.8,,.722,.205,.400,.098,.020,.278,,.500,.595,.488,.350,.500,.281,,.716,1.000,,.010,2,,.368,.143,,0,0,motiedo01
317,Timofey Mozgov,C,29,CLE,76,1326,.565,4.7,,.981,.610,.178,.103,.089,.019,,.574,.689,.391,.297,.469,.143,,.851,1.000,,.251,78,,.857,.167,,0,0,mozgoti01
318,Emmanuel Mudiay,PG,19,DEN,68,2068,.364,12.7,,.744,.293,.117,.146,.186,.256,,.379,.475,.292,.311,.339,.319,,.286,.730,,.018,14,,.078,.278,,1,0,mudiaem01
319,Shabazz Muhammad,SF,23,MIN,82,1682,.465,9.6,,.777,.373,.232,.094,.078,.223,,.516,.650,.418,.359,.358,.289,,.615,1.000,,.093,60,,.421,.406,,1,0,muhamsh01
320,Xavier Munford,SG,23,MEM,14,244,.416,13.5,,.701,.156,.273,.130,.143,.299,,.426,.500,.429,.300,.455,.391,,.304,.778,,.013,1,,.217,.400,,0,0,munfoxa02
321,Mike Muscala,C,24,ATL,60,565,.500,11.9,,.743,.342,.125,.092,.184,.257,,.566,.673,.632,.286,.464,.308,,.797,1.000,,.046,6,,.308,.250,,1,0,muscami01
322,Larry Nance Jr.,PF,23,LAL,63,1266,.527,8.1,,.967,.463,.150,.097,.257,.033,,.541,.683,.467,.345,.403,.100,,.739,1.000,,.197,53,,.500,.200,,2,0,nancela02
323,Shabazz Napier,PG,24,ORL,55,600,.338,18.1,,.483,.134,.070,.065,.214,.517,,.351,.259,.357,.385,.395,.327,,.206,.647,,.000,0,,.154,.250,,0,0,napiesh01
324,Gary Neal,SG,31,WAS,40,807,.465,16.3,,.692,.071,.160,.157,.305,.308,,.489,.652,.538,.412,.465,.410,,.473,.659,,.000,0,,.190,.368,,0,0,nealga01
325,Jameer Nelson,PG,33,DEN,39,1036,.368,17.3,,.531,.150,.107,.052,.221,.469,,.429,.630,.273,.375,.382,.299,,.200,.512,,.000,0,,.076,.273,,0,0,nelsoja01
326,Raul Neto,PG,23,UTA,81,1499,.431,14.1,,.612,.237,.153,.115,.108,.388,,.453,.586,.328,.354,.444,.395,,.233,.797,,.002,1,,.370,.417,,3,0,netora01
327,Andrew Nicholson,PF,26,ORL,56,823,.471,12.7,,.632,.210,.294,.087,.042,.368,,.536,.708,.484,.370,.385,.360,,.362,.976,,.061,17,,.167,.421,,0,0,nichoan01
328,Joakim Noah,C,30,CHI,29,635,.383,2.9,,.992,.737,.195,.015,.045,.008,,.386,.439,.192,.500,.333,.000,,.588,,,.075,9,,.000,,,0,0,noahjo01
329,Nerlens Noel,C,21,PHI,67,1965,.521,5.1,,.997,.545,.228,.106,.118,.003,,.521,.716,.306,.306,.232,.500,,.669,1.000,,.278,151,,.000,,,0,0,noelne01
330,Lucas Nogueira,C,23,TOR,29,225,.636,3.1,,.932,.818,.068,.023,.023,.068,,.659,.722,.333,.000,.000,.333,,.963,1.000,,.409,17,,.000,,,0,0,noguelu01
331,Steve Novak,PF,32,TOT,10,44,.444,23.2,,.167,.000,.000,.056,.111,.833,,.333,,,1.000,.000,.467,,.000,1.000,,.000,0,,.400,.667,,0,0,novakst01
331,Steve Novak,PF,32,OKC,7,24,.500,22.3,,.250,.000,.000,.083,.167,.750,,.333,,,1.000,.000,.556,,.000,1.000,,.000,0,,.556,.600,,0,0,novakst01
331,Steve Novak,PF,32,MIL,3,20,.333,25.0,,.000,.000,.000,.000,.000,1.000,,,,,,,.333,,,1.000,,.000,0,,.167,1.000,,0,0,novakst01
332,Dirk Nowitzki*,PF,37,DAL,75,2364,.448,16.6,,.692,.075,.068,.261,.289,.308,,.483,.735,.329,.476,.461,.368,,.632,.984,,.004,5,,.102,.314,,0,0,nowitdi01
333,Jusuf Nurkić,C,21,DEN,32,547,.417,4.5,,.988,.483,.397,.041,.066,.012,,.423,.496,.344,.300,.438,.000,,.743,,,.045,11,,.000,,,0,0,nurkiju01
334,J.J. O'Brien,SF,23,UTA,2,6,.000,9.0,,1.000,.000,1.000,.000,.000,.000,,.000,,.000,,,,,,,,.000,0,,,,,0,0,obriejj01
335,Johnny O'Bryant,PF,22,MIL,66,857,.411,9.3,,.995,.344,.177,.096,.378,.005,,.409,.472,.351,.200,.430,1.000,,.729,1.000,,.053,10,,1.000,1.000,,0,0,obryajo01
336,Kyle O'Quinn,PF,25,NYK,65,764,.476,10.6,,.919,.299,.166,.151,.303,.081,,.498,.630,.378,.488,.439,.227,,.637,.600,,.026,7,,.136,.000,,0,0,oquinky01
337,Jahlil Okafor,C,20,PHI,53,1591,.508,6.3,,.992,.394,.327,.192,.079,.008,,.511,.675,.463,.353,.274,.167,,.412,1.000,,.058,40,,.167,.000,,0,0,okafoja01
338,Victor Oladipo,SG,23,ORL,72,2379,.438,13.5,,.709,.298,.082,.100,.230,.291,,.475,.574,.313,.402,.435,.348,,.388,.806,,.042,33,,.262,.405,,4,0,oladivi01
339,Kelly Olynyk,C,24,BOS,69,1395,.455,12.8,,.622,.356,.113,.056,.097,.378,,.486,.657,.238,.323,.241,.405,,.619,.953,,.018,10,,.110,.609,,0,0,olynyke01
340,Kelly Oubre Jr.,SF,20,WAS,63,671,.427,11.6,,.626,.417,.142,.024,.043,.374,,.492,.591,.333,.600,.000,.316,,.523,1.000,,.109,19,,.291,.304,,1,0,oubreke01
341,Zaza Pachulia,C,31,DAL,76,2004,.466,5.9,,.994,.523,.200,.147,.123,.006,,.469,.589,.383,.290,.310,.000,,.680,,,.030,13,,.000,,,3,0,pachuza01
342,Kostas Papanikolaou,SF,25,DEN,26,294,.364,15.7,,.515,.288,.061,.076,.091,.485,,.412,.579,.000,.200,.333,.313,,.571,.900,,.015,1,,.250,.250,,1,0,papanko01
343,Jabari Parker,PF,20,MIL,76,2408,.493,7.7,,.961,.461,.150,.140,.210,.039,,.502,.657,.356,.397,.339,.257,,.719,.778,,.154,129,,.514,.278,,0,0,parkeja01
344,Tony Parker*,PG,33,SAS,72,1980,.493,10.5,,.908,.311,.173,.141,.285,.092,,.501,.615,.431,.420,.455,.415,,.279,.815,,.000,0,,.692,.356,,0,0,parketo01
345,Chandler Parsons,SF,27,DAL,61,1799,.492,13.6,,.614,.300,.138,.052,.126,.386,,.540,.713,.322,.412,.415,.414,,.481,.865,,.034,22,,.175,.500,,3,0,parsoch01
346,Lamar Patterson,SG,24,ATL,35,395,.350,17.3,,.388,.250,.025,.050,.063,.613,,.516,.650,.500,.250,.200,.245,,.750,.917,,.000,0,,.265,.385,,0,0,pattela01
347,Patrick Patterson,PF,26,TOR,79,2020,.414,17.2,,.406,.124,.152,.087,.043,.594,,.490,.525,.560,.349,.429,.362,,.500,.991,,.037,16,,.386,.372,,0,0,pattepa01
348,Chris Paul,PG,30,LAC,74,2420,.462,15.8,,.705,.121,.121,.184,.278,.295,,.501,.615,.504,.527,.432,.371,,.115,.336,,.002,2,,.116,.342,,1,0,paulch01
349,Adreian Payne,PF,24,MIN,52,486,.366,12.6,,.779,.228,.214,.076,.262,.221,,.389,.606,.258,.273,.342,.281,,.591,.889,,.069,9,,.250,.250,,0,0,paynead01
350,Cameron Payne,PG,21,OKC,57,698,.410,15.3,,.601,.129,.194,.162,.115,.399,,.467,.472,.426,.489,.500,.324,,.141,.778,,.004,1,,.279,.355,,1,0,payneca01
351,Elfrid Payton,PG,21,ORL,73,2145,.436,8.8,,.874,.411,.212,.104,.147,.126,,.451,.583,.381,.355,.252,.326,,.285,.933,,.016,9,,.283,.308,,1,0,paytoel01
352,Nikola Peković,C,30,MIN,12,156,.380,4.5,,1.000,.360,.600,.040,.000,.000,,.380,.500,.300,.500,,,,.842,,,.000,0,,,,,0,0,pekovni01
353,Kendrick Perkins,C,31,NOP,37,542,.533,6.3,,1.000,.347,.453,.067,.133,.000,,.533,.654,.529,.200,.400,,,.850,,,.027,2,,,,,0,0,perkike01
354,Paul Pierce*,SF,38,LAC,68,1231,.363,19.6,,.390,.068,.055,.121,.146,.610,,.445,.407,.318,.438,.517,.310,,.493,.960,,.003,1,,.112,.222,,0,0,piercpa01
355,Tibor Pleiß,C,26,UTA,12,82,.440,6.1,,.920,.520,.240,.040,.120,.080,,.478,.462,.167,1.000,1.000,.000,,.909,,,.120,3,,.500,.000,,0,0,pleisti01
356,Mason Plumlee,C,25,POR,82,2084,.516,3.6,,.992,.619,.282,.058,.033,.008,,.520,.631,.342,.333,.294,.000,,.689,,,.184,86,,.000,,,2,0,plumlma01
357,Miles Plumlee,C,27,MIL,61,870,.601,2.6,,1.000,.687,.258,.043,.013,.000,,.601,.638,.550,.500,.000,,,.750,,,.305,64,,,,,0,0,plumlmi01
358,Otto Porter Jr.,SF,22,WAS,75,2276,.473,15.2,,.628,.244,.077,.084,.225,.372,,.536,.674,.364,.450,.472,.367,,.680,.969,,.028,18,,.360,.385,,2,0,porteot01
359,Bobby Portis,PF,20,CHI,62,1102,.427,10.5,,.881,.321,.197,.110,.250,.119,,.443,.586,.372,.250,.404,.308,,.629,.938,,.069,24,,.154,.000,,1,0,portibo01
360,Kristaps Porziņģis,PF,20,NYK,72,2047,.421,13.2,,.726,.216,.184,.167,.159,.274,,.454,.576,.356,.405,.454,.333,,.586,.988,,.064,52,,.099,.292,,1,0,porzikr01
361,Dwight Powell,PF,24,DAL,69,992,.493,8.4,,.946,.473,.108,.071,.294,.054,,.514,.714,.250,.333,.333,.125,,.889,1.000,,.149,38,,.375,.333,,0,0,poweldw01
362,Norman Powell,SG,22,TOR,49,725,.424,13.7,,.611,.279,.109,.083,.144,.389,,.436,.609,.120,.316,.394,.404,,.344,.944,,.061,14,,.461,.512,,0,0,powelno01
363,Phil Pressey,PG,24,TOT,23,283,.385,10.1,,.769,.462,.115,.051,.141,.231,,.433,.583,.111,.500,.182,.222,,.115,.500,,.038,1,,.056,.000,,1,0,pressph01
363,Phil Pressey,PG,24,PHI,14,170,.382,10.4,,.764,.455,.127,.055,.127,.236,,.405,.560,.000,.333,.286,.308,,.176,.500,,.036,1,,.077,.000,,1,0,pressph01
363,Phil Pressey,PG,24,PHO,9,113,.391,9.3,,.783,.478,.087,.043,.174,.217,,.500,.636,.500,1.000,.000,.000,,.000,,,.043,0,,.000,,,0,0,pressph01
364,Ronnie Price,PG,32,PHO,62,1211,.384,19.1,,.351,.142,.060,.046,.106,.649,,.453,.628,.278,.429,.313,.347,,.083,.868,,.020,6,,.276,.463,,1,0,pricero01
365,Pablo Prigioni,PG,38,LAC,59,823,.374,19.2,,.354,.190,.068,.075,.020,.646,,.519,.643,.400,.273,.667,.295,,.148,.571,,.000,0,,.116,.455,,4,0,prigipa01
366,Tayshaun Prince,SF,35,MIN,77,1462,.445,14.5,,.900,.127,.140,.127,.507,.100,,.476,.759,.375,.483,.431,.174,,.745,1.000,,.022,5,,.957,.182,,0,0,princta01
367,Julius Randle,PF,21,LAL,81,2286,.429,6.7,,.957,.474,.248,.079,.156,.043,,.436,.568,.362,.227,.254,.278,,.451,.700,,.077,60,,.111,.000,,0,0,randlju01
368,Zach Randolph,PF,34,MEM,68,2016,.475,8.6,,.971,.314,.310,.103,.245,.029,,.482,.604,.423,.462,.410,.231,,.478,.833,,.001,1,,.077,.500,,3,0,randoza01
369,JJ Redick,SG,31,LAC,75,2097,.480,19.5,,.522,.074,.060,.050,.339,.478,,.484,.631,.453,.364,.473,.475,,.833,.940,,.000,0,,.159,.552,,0,0,redicjj01
370,Willie Reed,C,25,BRK,39,426,.571,3.7,,1.000,.609,.286,.060,.045,.000,,.571,.704,.421,.250,.167,,,.684,,,.211,24,,,,,0,0,reedwi02
371,Josh Richardson,SG,22,MIA,52,1107,.452,14.9,,.577,.228,.107,.110,.132,.423,,.446,.613,.310,.267,.417,.461,,.414,.962,,.055,14,,.348,.550,,0,0,richajo01
372,Austin Rivers,SG,23,LAC,67,1464,.438,13.4,,.641,.277,.165,.079,.120,.359,,.495,.615,.447,.341,.387,.335,,.341,.823,,.006,2,,.216,.400,,1,0,riverau01
373,Andre Roberson,SG,24,OKC,70,1553,.496,9.8,,.624,.533,.077,.007,.007,.376,,.608,.637,.524,.000,.000,.311,,.712,.969,,.157,40,,.748,.364,,1,0,roberan03
374,Brian Roberts,PG,30,TOT,51,470,.448,14.9,,.745,.188,.115,.091,.352,.255,,.480,.645,.368,.333,.466,.357,,.356,.667,,.000,0,,.167,.286,,0,0,roberbr01
374,Brian Roberts,PG,30,CHO,30,333,.443,14.8,,.765,.191,.104,.096,.374,.235,,.477,.591,.417,.273,.488,.333,,.357,.556,,.000,0,,.111,.000,,0,0,roberbr01
374,Brian Roberts,PG,30,POR,21,137,.460,15.1,,.700,.180,.140,.080,.300,.300,,.486,.778,.286,.500,.400,.400,,.353,.833,,.000,0,,.267,.500,,0,0,roberbr01
375,Glenn Robinson III,SF,22,IND,45,508,.430,11.9,,.755,.331,.139,.060,.225,.245,,.447,.580,.476,.222,.294,.378,,.627,.929,,.113,15,,.405,.400,,0,0,robingl02
376,Nate Robinson,PG,31,NOP,2,23,.000,24.0,,.000,.000,.000,.000,.000,1.000,,,,,,,.000,,,,,.000,0,,.000,,,0,0,robinna01
377,Thomas Robinson,PF,24,BRK,71,917,.447,4.8,,.997,.588,.210,.127,.072,.003,,.448,.608,.230,.189,.238,.000,,.531,,,.124,32,,.000,,,1,0,robinth01
378,Rajon Rondo,PG,29,SAC,72,2537,.454,10.9,,.783,.344,.207,.046,.185,.217,,.479,.639,.377,.306,.338,.365,,.191,.710,,.008,5,,.341,.448,,2,0,rondora01
379,Derrick Rose,PG,27,CHI,66,2097,.427,10.7,,.857,.300,.205,.160,.191,.143,,.449,.510,.423,.476,.360,.293,,.223,.909,,.001,1,,.147,.318,,2,0,rosede01
380,Terrence Ross,SF,24,TOR,73,1747,.431,18.9,,.458,.086,.061,.123,.190,.542,,.484,.704,.474,.468,.395,.386,,.540,.947,,.035,22,,.295,.380,,2,0,rosste01
381,Terry Rozier,PG,21,BOS,39,311,.274,12.4,,.745,.292,.142,.132,.179,.255,,.291,.355,.200,.214,.316,.222,,.261,1.000,,.000,0,,.333,.333,,0,0,roziete01
382,Ricky Rubio,PG,25,MIN,76,2323,.374,15.8,,.676,.205,.053,.082,.336,.324,,.396,.517,.258,.229,.386,.326,,.268,.903,,.000,0,,.195,.432,,1,0,rubiori01
383,Damjan Rudež,SF,29,MIN,33,277,.403,20.3,,.194,.161,.016,.016,.000,.806,,.667,.800,.000,.000,,.340,,.750,1.000,,.016,1,,.240,.250,,1,0,rudezda01
384,Brandon Rush,SG,30,GSW,72,1055,.427,17.6,,.396,.196,.062,.042,.096,.604,,.447,.549,.250,.273,.440,.414,,.891,.908,,.038,8,,.420,.364,,0,0,rushbr01
385,D'Angelo Russell,PG,19,LAL,80,2259,.410,15.3,,.613,.189,.129,.144,.151,.387,,.447,.586,.463,.341,.361,.351,,.271,.692,,.002,2,,.143,.358,,7,0,russeda01
386,Robert Sacre,C,26,LAL,25,320,.413,7.1,,1.000,.280,.373,.213,.133,.000,,.413,.619,.143,.625,.400,,,.710,,,.067,5,,,,,0,0,sacrero01
387,JaKarr Sampson,SF,22,TOT,73,1160,.442,8.0,,.801,.451,.256,.057,.041,.199,,.496,.657,.284,.333,.231,.222,,.563,.857,,.107,26,,.444,.214,,0,0,sampsja02
387,JaKarr Sampson,SF,22,PHI,47,691,.426,7.4,,.832,.441,.302,.054,.035,.168,,.476,.697,.246,.182,.143,.176,,.525,.667,,.079,11,,.412,.143,,0,0,sampsja02
387,JaKarr Sampson,SF,22,DEN,26,469,.470,9.1,,.748,.470,.174,.061,.052,.252,,.535,.593,.400,.571,.333,.276,,.630,1.000,,.157,15,,.483,.286,,0,0,sampsja02
388,Dennis Schröder,PG,22,ATL,80,1621,.421,12.6,,.694,.371,.078,.063,.182,.306,,.465,.528,.344,.388,.415,.322,,.230,.727,,.005,2,,.109,.346,,4,0,schrode01
389,Luis Scola,PF,35,TOR,76,1636,.450,11.6,,.731,.268,.249,.074,.140,.269,,.467,.613,.403,.341,.369,.404,,.603,.985,,.002,1,,.497,.475,,0,0,scolalu01
390,Mike Scott,PF,27,ATL,75,1146,.468,13.7,,.580,.263,.157,.093,.066,.420,,.523,.636,.458,.571,.160,.392,,.851,.968,,.064,16,,.222,.286,,0,0,scottmi01
391,Thabo Sefolosha,SF,31,ATL,75,1758,.505,12.1,,.667,.417,.067,.048,.137,.333,,.589,.665,.440,.444,.471,.339,,.705,.952,,.043,16,,.508,.444,,2,1,sefolth01
392,Kevin Séraphin,C,26,NYK,48,526,.410,9.2,,.990,.200,.337,.283,.171,.010,,.414,.537,.435,.328,.371,.000,,.607,,,.044,7,,.000,,,1,0,serapke01
393,Ramon Sessions,PG,29,WAS,82,1667,.473,8.6,,.813,.434,.216,.105,.057,.188,,.507,.576,.375,.468,.559,.324,,.426,.889,,.029,15,,.243,.407,,0,0,sessira01
394,Iman Shumpert,SG,25,CLE,54,1316,.374,16.7,,.521,.197,.069,.072,.184,.479,,.447,.600,.143,.227,.482,.295,,.507,.977,,.056,12,,.404,.288,,3,0,shumpim01
395,Jonathon Simmons,SG,26,SAS,55,813,.504,8.4,,.806,.479,.194,.054,.074,.194,,.533,.664,.340,.385,.333,.383,,.558,1.000,,.124,26,,.447,.524,,2,0,simmojo02
396,Henry Sims,C,25,BRK,14,263,.429,7.8,,1.000,.416,.195,.195,.182,.000,,.429,.531,.400,.333,.357,,,.879,,,.039,3,,,,,0,0,simshe01
397,Kyle Singler,SF,27,OKC,68,977,.389,14.1,,.561,.213,.204,.068,.077,.439,,.452,.553,.400,.533,.235,.309,,.732,1.000,,.018,4,,.598,.293,,1,0,singlky01
398,Donald Sloan,PG,28,BRK,61,1318,.440,11.8,,.717,.391,.103,.057,.166,.283,,.462,.562,.333,.250,.379,.384,,.310,.868,,.003,1,,.283,.429,,2,0,sloando01
399,Marcus Smart,PG,21,BOS,61,1667,.348,14.4,,.544,.291,.146,.053,.055,.456,,.427,.513,.312,.393,.310,.253,,.390,.738,,.013,5,,.245,.203,,4,0,smartma01
400,Greg Smith,PF,25,MIN,18,192,.563,1.4,,1.000,.844,.156,.000,.000,.000,,.563,.593,.400,,,,,.778,,,.219,5,,,,,0,0,smithgr02
401,Ish Smith,PG,27,TOT,77,2239,.411,10.8,,.824,.333,.188,.104,.199,.176,,.428,.550,.341,.356,.344,.329,,.188,.589,,.009,7,,.118,.400,,1,0,smithis01
401,Ish Smith,PG,27,NOP,27,617,.430,9.5,,.855,.382,.206,.079,.189,.145,,.451,.598,.340,.389,.302,.303,,.159,.700,,.004,1,,.242,.375,,0,0,smithis01
401,Ish Smith,PG,27,PHI,50,1622,.405,11.2,,.815,.318,.183,.112,.202,.185,,.420,.532,.341,.349,.356,.336,,.198,.565,,.011,6,,.088,.417,,1,0,smithis01
402,J.R. Smith,SG,30,CLE,77,2362,.415,19.1,,.400,.081,.109,.073,.135,.600,,.438,.623,.398,.387,.391,.400,,.430,.926,,.013,11,,.241,.390,,1,0,smithjr01
403,Jason Smith,C,29,ORL,76,1181,.485,15.0,,.968,.137,.058,.121,.652,.032,,.493,.580,.379,.574,.470,.250,,.888,1.000,,.008,4,,.438,.429,,0,0,smithja02
404,Josh Smith,PF,30,TOT,55,880,.364,13.6,,.590,.238,.229,.040,.083,.410,,.417,.627,.300,.214,.241,.287,,.605,.951,,.049,14,,.133,.263,,2,0,smithjo03
404,Josh Smith,PF,30,LAC,32,459,.383,12.3,,.678,.283,.233,.050,.111,.322,,.418,.608,.333,.111,.250,.310,,.627,.944,,.078,11,,.069,.500,,1,0,smithjo03
404,Josh Smith,PF,30,HOU,23,421,.343,15.1,,.497,.189,.225,.030,.053,.503,,.417,.656,.263,.400,.222,.271,,.571,.957,,.018,3,,.176,.200,,1,0,smithjo03
405,Russ Smith,PG,24,MEM,15,66,.318,8.6,,.773,.455,.227,.045,.045,.227,,.353,.500,.000,.000,1.000,.200,,.167,1.000,,.045,1,,.200,1.000,,0,0,smithru01
406,Tony Snell,SF,24,CHI,64,1301,.372,15.6,,.543,.204,.162,.035,.142,.457,,.380,.478,.273,.667,.292,.361,,.457,.946,,.038,10,,.232,.306,,1,0,snellto01
407,Marreese Speights,C,28,GSW,72,832,.432,12.5,,.864,.252,.147,.079,.386,.136,,.439,.513,.358,.278,.455,.387,,.803,.917,,.050,17,,.097,.333,,1,0,speigma01
408,Tiago Splitter,C,31,ATL,36,579,.523,3.0,,.987,.748,.194,.013,.032,.013,,.529,.595,.333,.000,.400,.000,,.753,,,.077,12,,.500,.000,,1,0,splitti01
409,Nik Stauskas,SG,22,PHI,73,1809,.385,16.8,,.404,.251,.057,.026,.070,.596,,.473,.547,.290,.357,.395,.326,,.558,.915,,.039,18,,.323,.343,,0,0,stausni01
410,Lance Stephenson,SF,25,TOT,69,1372,.481,10.1,,.835,.386,.154,.101,.194,.165,,.500,.661,.315,.396,.380,.385,,.253,.733,,.027,11,,.321,.280,,1,0,stephla01
410,Lance Stephenson,SF,25,LAC,43,680,.494,12.3,,.717,.367,.078,.084,.187,.283,,.529,.705,.308,.357,.355,.404,,.270,.789,,.036,5,,.447,.333,,1,0,stephla01
410,Lance Stephenson,SF,25,MEM,26,692,.474,8.9,,.899,.396,.195,.110,.198,.101,,.487,.639,.317,.412,.393,.355,,.244,.636,,.023,6,,.129,.000,,0,0,stephla01
411,Alex Stepheson,PF,28,TOT,8,73,.333,4.1,,1.000,.556,.296,.111,.037,.000,,.333,.467,.125,.333,.000,,,.333,,,.000,0,,,,,0,0,stephal01
411,Alex Stepheson,PF,28,LAC,4,12,1.000,0.0,,1.000,1.000,.000,.000,.000,.000,,1.000,1.000,,,,,,.000,,,.000,0,,,,,0,0,stephal01
411,Alex Stepheson,PF,28,MEM,4,61,.308,4.2,,1.000,.538,.308,.115,.038,.000,,.308,.429,.125,.333,.000,,,.375,,,.000,0,,,,,0,0,stephal01
412,Jarnell Stokes,C,22,TOT,7,18,.600,8.2,,1.000,.400,.200,.000,.400,.000,,.600,1.000,1.000,,.000,,,.667,,,.000,0,,,,,0,0,stokeja01
412,Jarnell Stokes,C,22,MEM,2,4,,,,,,,,,,,,,,,,,,,,,,0,,,,,0,0,stokeja01
412,Jarnell Stokes,C,22,MIA,5,14,.600,8.2,,1.000,.400,.200,.000,.400,.000,,.600,1.000,1.000,,.000,,,.667,,,.000,0,,,,,0,0,stokeja01
413,Amar'e Stoudemire,C,33,MIA,52,762,.566,4.8,,1.000,.624,.163,.063,.149,.000,,.566,.623,.472,.500,.455,,,.712,,,.158,34,,,,,0,0,stoudam01
414,Rodney Stuckey,PG,29,IND,58,1275,.413,12.4,,.813,.287,.129,.129,.271,.187,,.453,.575,.368,.404,.383,.241,,.405,.850,,.002,0,,.410,.206,,3,0,stuckro01
415,Jared Sullinger,PF,23,BOS,81,1915,.435,11.3,,.872,.292,.202,.092,.287,.128,,.458,.591,.399,.351,.398,.282,,.609,1.000,,.009,7,,.019,.500,,2,0,sullija01
416,Edy Tavares,C,23,ATL,11,73,.579,2.8,,1.000,.737,.158,.053,.053,.000,,.579,.714,.333,.000,.000,,,.636,,,.316,5,,,,,0,0,tavarwa01
417,Jeff Teague,PG,27,ATL,79,2255,.439,11.0,,.722,.372,.156,.098,.094,.278,,.454,.563,.338,.412,.269,.400,,.167,.636,,.005,4,,.105,.448,,0,0,teaguje01
418,Mirza Teletović,PF,30,PHO,79,1686,.427,17.9,,.408,.129,.134,.069,.076,.592,,.476,.670,.413,.370,.356,.393,,.536,.950,,.013,10,,.096,.364,,1,0,teletmi01
419,Garrett Temple,SF,29,WAS,80,1951,.398,15.7,,.489,.261,.071,.046,.113,.511,,.453,.561,.306,.348,.333,.345,,.571,.944,,.026,13,,.457,.364,,1,0,templga01
420,Jason Terry,SG,38,HOU,72,1258,.402,19.6,,.306,.072,.093,.072,.069,.694,,.504,.704,.514,.407,.385,.356,,.397,.903,,.000,0,,.418,.376,,1,0,terryja01
421,Isaiah Thomas,PG,26,BOS,82,2644,.428,12.2,,.664,.340,.135,.104,.084,.336,,.462,.581,.289,.382,.362,.359,,.337,.647,,.000,0,,.142,.470,,0,0,thomais02
422,Lance Thomas,PF,27,NYK,59,1313,.442,13.4,,.715,.217,.183,.105,.209,.285,,.458,.578,.357,.450,.425,.404,,.592,.909,,.026,10,,.541,.390,,1,0,thomala01
423,Hollis Thompson,SG,24,PHI,77,2154,.397,17.8,,.424,.146,.103,.062,.112,.576,,.420,.576,.371,.357,.303,.380,,.645,.973,,.004,3,,.306,.450,,1,0,thompho01
424,Jason Thompson,C,29,TOT,47,471,.481,8.2,,.861,.398,.269,.111,.083,.139,,.505,.651,.414,.250,.444,.333,,.660,1.000,,.074,8,,.133,.000,,0,0,thompja02
424,Jason Thompson,C,29,GSW,28,179,.476,5.7,,1.000,.405,.381,.167,.048,.000,,.476,.647,.313,.429,.500,,,.600,,,.095,4,,,,,0,0,thompja02
424,Jason Thompson,C,29,TOR,19,292,.485,9.7,,.773,.394,.197,.076,.106,.227,,.529,.654,.538,.000,.429,.333,,.704,1.000,,.061,4,,.133,.000,,0,0,thompja02
425,Klay Thompson,SG,25,GSW,80,2666,.470,16.5,,.531,.182,.082,.131,.138,.469,,.510,.687,.336,.423,.455,.425,,.725,.920,,.013,15,,.246,.419,,4,0,thompkl01
426,Tristan Thompson,PF,24,CLE,82,2269,.588,2.4,,1.000,.695,.260,.036,.010,.000,,.588,.671,.413,.400,.000,,,.700,,,.255,98,,,,,0,0,thomptr01
427,Marcus Thornton,SG,28,TOT,61,1109,.399,16.4,,.502,.192,.116,.079,.113,.498,,.460,.587,.333,.419,.410,.337,,.424,.857,,.000,0,,.211,.386,,4,0,thornma01
427,Marcus Thornton,SG,28,HOU,47,885,.400,16.2,,.503,.193,.120,.078,.113,.497,,.461,.560,.346,.353,.490,.338,,.416,.849,,.000,0,,.204,.409,,3,0,thornma01
427,Marcus Thornton,SG,28,WAS,14,224,.393,17.1,,.495,.187,.103,.084,.112,.505,,.453,.700,.273,.667,.083,.333,,.458,.889,,.000,0,,.241,.308,,1,0,thornma01
428,Anthony Tolliver,PF,30,DET,72,1341,.386,21.3,,.181,.099,.021,.021,.042,.819,,.500,.667,.143,.429,.286,.360,,.767,.990,,.018,6,,.320,.379,,0,0,tollian01
429,Axel Toupane,SF,23,DEN,21,305,.357,16.5,,.429,.229,.043,.043,.114,.571,,.400,.563,.000,.000,.375,.325,,.917,1.000,,.014,1,,1.000,.325,,0,0,toupaax01
430,Karl-Anthony Towns,C,20,MIN,82,2627,.542,9.8,,.924,.342,.211,.091,.279,.076,,.559,.701,.465,.410,.506,.341,,.667,.900,,.069,72,,.102,.222,,1,0,townska01
431,P.J. Tucker,SF,30,PHO,82,2540,.411,11.4,,.646,.368,.172,.029,.077,.354,,.455,.533,.350,.412,.333,.330,,.357,.971,,.012,6,,.699,.340,,1,0,tuckepj01
432,Evan Turner,SG,27,BOS,81,2271,.456,10.6,,.890,.264,.162,.311,.153,.110,,.482,.638,.418,.427,.391,.241,,.303,.950,,.013,8,,.494,.341,,1,0,turneev01
433,Myles Turner,C,19,IND,60,1367,.498,10.8,,.974,.292,.130,.189,.364,.026,,.506,.690,.464,.400,.425,.214,,.797,1.000,,.053,26,,.143,.500,,0,0,turnemy01
434,Beno Udrih,PG,33,TOT,44,707,.434,14.7,,.778,.187,.051,.247,.288,.222,,.461,.514,.400,.531,.386,.341,,.352,.933,,.000,0,,.318,.500,,2,0,udrihbe01
434,Beno Udrih,PG,33,MEM,8,120,.435,14.0,,.761,.239,.065,.174,.283,.239,,.457,.455,.667,.500,.385,.364,,.438,1.000,,.000,0,,.455,.600,,0,0,udrihbe01
434,Beno Udrih,PG,33,MIA,36,587,.434,14.9,,.783,.171,.046,.270,.289,.217,,.462,.538,.286,.537,.386,.333,,.327,.909,,.000,0,,.273,.444,,2,0,udrihbe01
435,Jonas Valančiūnas,C,23,TOR,60,1557,.565,4.2,,1.000,.543,.312,.084,.062,.000,,.565,.646,.473,.489,.424,,,.611,,,.112,53,,,,,0,0,valanjo01
436,Anderson Varejão,C,33,TOT,53,496,.427,8.2,,.992,.379,.202,.194,.218,.008,,.431,.511,.400,.500,.259,.000,,.717,,,.008,1,,.000,,,0,0,varejan01
436,Anderson Varejão,C,33,CLE,31,310,.421,9.3,,.987,.289,.224,.250,.224,.013,,.427,.545,.294,.474,.353,.000,,.750,,,.000,0,,.000,,,0,0,varejan01
436,Anderson Varejão,C,33,GSW,22,186,.438,6.5,,1.000,.521,.167,.104,.208,.000,,.438,.480,.625,.600,.100,,,.667,,,.021,1,,,,,0,0,varejan01
437,Greivis Vásquez,PG,29,MIL,23,460,.326,16.9,,.471,.174,.130,.072,.094,.529,,.415,.458,.278,.600,.385,.247,,.444,.667,,.000,0,,.137,.200,,2,0,vasqugr01
438,Rashad Vaughn,SG,19,MIL,70,1001,.305,17.2,,.447,.154,.094,.083,.117,.553,,.319,.341,.240,.227,.419,.293,,.789,1.000,,.008,1,,.449,.258,,0,0,vaughra01
439,Charlie Villanueva,PF,31,DAL,62,665,.382,15.5,,.474,.190,.202,.046,.037,.526,,.503,.629,.424,.467,.333,.273,,.564,.979,,.012,4,,.163,.357,,0,0,villach01
440,Noah Vonleh,PF,20,POR,78,1174,.421,9.3,,.835,.417,.191,.054,.173,.165,,.457,.603,.283,.467,.292,.239,,.528,1.000,,.129,33,,.304,.286,,0,0,vonleno01
441,Nikola Vučević,C,25,ORL,65,2037,.510,9.8,,.991,.247,.279,.166,.299,.009,,.512,.616,.500,.431,.482,.222,,.610,.500,,.032,29,,.000,,,1,0,vucevni01
442,Sasha Vujačić,SG,31,NYK,61,908,.383,19.2,,.484,.112,.022,.065,.285,.516,,.403,.548,.000,.167,.430,.364,,.704,.942,,.000,0,,.217,.323,,0,0,vujacsa01
443,Dwyane Wade*,SG,34,MIA,74,2258,.456,9.6,,.963,.295,.230,.179,.259,.037,,.468,.648,.430,.340,.386,.159,,.278,.714,,.030,36,,.136,.333,,3,1,wadedw01
444,Dion Waiters,SG,24,OKC,78,2152,.399,13.9,,.660,.286,.076,.065,.229,.340,,.421,.515,.333,.435,.333,.358,,.306,.872,,.025,16,,.400,.385,,0,0,waitedi01
445,Kemba Walker,PG,25,CHO,81,2885,.427,14.8,,.632,.250,.092,.091,.200,.368,,.459,.598,.336,.380,.376,.371,,.189,.599,,.000,0,,.106,.404,,4,1,walkeke02
446,John Wall,PG,25,WAS,77,2784,.424,13.7,,.757,.290,.064,.094,.310,.243,,.448,.598,.302,.370,.359,.351,,.188,.670,,.032,40,,.116,.368,,2,0,walljo01
447,T.J. Warren,SF,22,PHO,47,1070,.501,10.8,,.841,.274,.202,.204,.161,.159,,.520,.678,.438,.489,.394,.400,,.653,.929,,.043,19,,.543,.447,,2,0,warretj01
448,C.J. Watson,PG,31,ORL,33,656,.343,15.8,,.650,.197,.102,.102,.248,.350,,.371,.481,.357,.571,.206,.292,,.424,.929,,.000,0,,.292,.643,,2,0,watsocj01
449,Briante Weber,PG,23,TOT,7,169,.359,13.2,,.872,.103,.256,.231,.282,.128,,.412,.750,.200,.333,.545,.000,,.214,,,.000,0,,.000,,,0,0,weberbr01
449,Briante Weber,PG,23,MEM,6,166,.342,13.4,,.868,.105,.237,.237,.289,.132,,.394,.750,.111,.333,.545,.000,,.231,,,.000,0,,.000,,,0,0,weberbr01
449,Briante Weber,PG,23,MIA,1,3,1.000,5.0,,1.000,.000,1.000,.000,.000,.000,,1.000,,1.000,,,,,.000,,,.000,0,,,,,0,0,weberbr01
450,Sonny Weems,SG-SF,29,TOT,43,499,.382,14.6,,.627,.255,.118,.127,.127,.373,,.391,.500,.385,.143,.429,.366,,.630,1.000,,.036,4,,.390,.375,,0,0,weemsso01
450,Sonny Weems,SG,29,PHO,36,421,.393,14.9,,.640,.247,.101,.135,.157,.360,,.386,.500,.333,.167,.429,.406,,.591,1.000,,.034,3,,.406,.462,,0,0,weemsso01
450,Sonny Weems,SF,29,PHI,7,78,.333,13.4,,.571,.286,.190,.095,.000,.429,,.417,.500,.500,.000,,.222,,.800,1.000,,.048,1,,.333,.000,,0,0,weemsso01
451,David West,PF,35,SAS,78,1404,.545,10.1,,.984,.257,.230,.152,.346,.016,,.546,.713,.485,.500,.484,.429,,.784,1.000,,.029,11,,.143,.000,,0,0,westda01
452,Russell Westbrook,PG,27,OKC,80,2750,.454,10.9,,.764,.377,.110,.171,.106,.236,,.503,.596,.409,.429,.392,.296,,.177,.426,,.054,69,,.100,.265,,1,0,westbru01
453,Hassan Whiteside,C,26,MIA,73,2125,.606,4.7,,1.000,.503,.317,.104,.075,.000,,.606,.773,.435,.437,.431,,,.659,,,.224,148,,,,,0,0,whiteha01
454,Shayne Whittington,PF,24,IND,7,41,.455,7.1,,.818,.636,.091,.000,.091,.182,,.556,.714,.000,,.000,.000,,.400,,,.000,0,,.000,,,0,0,whittsh01
455,Andrew Wiggins,SF,20,MIN,81,2845,.459,10.9,,.853,.321,.158,.132,.243,.147,,.486,.648,.456,.386,.347,.300,,.510,.825,,.070,84,,.158,.400,,1,0,wiggian01
456,C.J. Wilcox,SG,25,LAC,23,167,.394,16.9,,.652,.152,.061,.091,.348,.348,,.395,.700,.000,.333,.348,.391,,.647,.889,,.015,1,,.130,1.000,,0,0,wilcocj01
457,Alan Williams,PF,23,PHO,10,68,.417,2.9,,1.000,.583,.375,.042,.000,.000,,.417,.429,.444,.000,,,,.500,,,.000,0,,,,,0,0,willial03
458,Deron Williams,PG,31,DAL,65,2106,.414,14.8,,.636,.164,.183,.111,.178,.364,,.454,.591,.401,.407,.413,.344,,.241,.804,,.001,1,,.184,.481,,2,0,willide01
459,Derrick Williams,SF,24,NYK,80,1435,.450,11.3,,.735,.391,.096,.094,.154,.265,,.506,.633,.296,.453,.345,.293,,.590,.864,,.087,47,,.353,.415,,2,0,willide02
460,Elliot Williams,PG,26,MEM,5,45,.200,19.0,,.600,.000,.100,.000,.500,.400,,.167,,.000,,.200,.250,,1.000,.000,,.000,0,,.250,.000,,0,0,williel01
461,Lou Williams,SG,29,LAL,67,1907,.408,16.3,,.538,.153,.126,.121,.140,.462,,.464,.594,.437,.345,.443,.344,,.295,.655,,.009,4,,.259,.361,,1,0,willilo02
462,Marvin Williams,PF,29,CHO,81,2338,.452,16.0,,.494,.214,.124,.048,.106,.506,,.504,.538,.527,.556,.392,.402,,.591,.993,,.020,12,,.270,.461,,1,0,willima02
463,Mo Williams,PG,33,CLE,41,748,.437,17.0,,.662,.093,.096,.146,.328,.338,,.480,.536,.379,.409,.525,.353,,.240,.833,,.000,0,,.275,.357,,1,1,willima01
464,Justise Winslow,SF,19,MIA,78,2232,.422,10.5,,.749,.392,.175,.039,.145,.251,,.471,.575,.383,.278,.358,.276,,.589,.969,,.045,19,,.716,.277,,2,0,winslju01
465,Jeff Withey,C,25,UTA,51,658,.537,4.2,,.988,.586,.259,.086,.056,.012,,.544,.653,.405,.429,.222,.000,,.805,,,.198,27,,.000,,,1,0,witheje01
466,Christian Wood,PF,20,PHI,17,145,.415,9.0,,.792,.453,.170,.075,.094,.208,,.429,.625,.111,.500,.000,.364,,.667,.750,,.151,6,,.182,.500,,0,0,woodch01
467,Metta World Peace,SF,36,LAL,35,590,.311,15.0,,.525,.254,.107,.062,.102,.475,,.312,.333,.211,.273,.389,.310,,.414,.923,,.006,1,,.381,.313,,0,0,artesro01
468,Brandan Wright,PF,28,MEM,12,212,.673,4.2,,1.000,.519,.346,.058,.077,.000,,.673,.815,.556,.000,.750,,,.714,,,.269,13,,,,,0,0,wrighbr03
469,Delon Wright,PG,23,TOR,27,229,.450,8.2,,.838,.513,.188,.063,.088,.163,,.463,.561,.333,.200,.286,.385,,.161,.200,,.013,1,,.154,.000,,0,0,wrighde01
470,Tony Wroten,PG,22,PHI,8,144,.338,8.4,,.738,.569,.123,.031,.015,.262,,.396,.486,.000,.000,1.000,.176,,.158,1.000,,.000,0,,.059,.000,,0,0,wroteto01
471,James Young,SG,20,BOS,29,199,.306,20.2,,.278,.139,.056,.083,.000,.722,,.500,.400,1.000,.333,,.231,,.600,1.000,,.000,0,,.423,.091,,2,0,youngja01
472,Joe Young,PG,23,IND,41,384,.367,14.7,,.728,.207,.136,.071,.320,.272,,.423,.571,.304,.333,.389,.217,,.173,.700,,.030,4,,.196,.222,,0,0,youngjo01
473,Nick Young,SG,30,LAL,54,1033,.339,21.0,,.363,.038,.022,.099,.204,.637,,.363,.429,.250,.405,.342,.325,,.490,.805,,.003,0,,.224,.415,,0,0,youngni01
474,Thaddeus Young,PF,27,BRK,73,2407,.514,6.6,,.969,.388,.388,.053,.139,.031,,.523,.612,.497,.333,.418,.233,,.559,.714,,.030,27,,.300,.111,,2,0,youngth01
475,Cody Zeller,C,23,CHO,73,1774,.529,4.9,,.977,.648,.151,.041,.137,.023,,.539,.640,.439,.222,.267,.100,,.787,1.000,,.195,78,,.200,.500,,0,0,zelleco01
476,Tyler Zeller,C,26,BOS,60,710,.476,7.0,,1.000,.434,.252,.072,.241,.000,,.476,.675,.301,.190,.386,,,.783,,,.066,16,,,,,0,0,zellety01