,,,,,,,,,,% of FGA by Distance,% of FGA by Distance,% of FGA by Distance,% of FGA by Distance,% of FGA by Distance,% of FGA by Distance,,FG% by Distance,FG% by Distance,FG% by Distance,FG% by Distance,FG% by Distance,FG% by Distance,,% of FG Ast'd,% of FG Ast'd,,Dunks,Dunks,,Corner 3s,Corner 3s,,Heaves,Heaves,-additional
Rk,Player,Pos,Age,Tm,G,MP,FG%,Dist.,,2P,0-3,3-10,10-16,16-3P,3P,,2P,0-3,3-10,10-16,16-3P,3P,,2P,3P,,%FGA,#,,%3PA,3P%,,Att.,#,-9999
1,Álex Abrines,SG,24,OKC,75,1134,.395,20.3,,.241,.127,.041,.027,.041,.759,,.443,.595,.250,.625,.083,.380,,.548,1.000,,.034,9,,.253,.375,,1,0,abrinal01
2,Quincy Acy,PF,27,BRK,70,1359,.356,20.7,,.200,.115,.027,.025,.033,.800,,.384,.500,.000,.333,.333,.349,,.857,.990,,.036,9,,.305,.404,,0,0,acyqu01
3,Steven Adams,C,24,OKC,76,2487,.629,2.6,,.997,.708,.233,.052,.004,.003,,.631,.688,.494,.514,.000,.000,,.690,,,.242,150,,.000,,,2,0,adamsst01
4,Bam Adebayo,C,20,MIA,69,1368,.512,4.3,,.979,.624,.232,.082,.041,.021,,.523,.642,.329,.321,.214,.000,,.701,,,.294,91,,.000,,,4,0,adebaba01
5,Arron Afflalo,SG,32,ORL,53,682,.401,17.1,,.568,.093,.123,.154,.198,.432,,.413,.733,.450,.360,.281,.386,,.632,.926,,.000,0,,.414,.276,,0,0,afflaar01
6,Cole Aldrich,C,29,MIN,21,49,.333,3.2,,1.000,.533,.467,.000,.000,.000,,.333,.250,.429,,,,,.800,,,.067,1,,,,,0,0,aldrico01
7,LaMarcus Aldridge,C,32,SAS,75,2509,.510,9.8,,.932,.275,.212,.256,.189,.068,,.526,.735,.446,.438,.431,.293,,.502,.963,,.036,46,,.163,.467,,1,0,aldrila01
8,Jarrett Allen,C,19,BRK,72,1441,.589,3.7,,.962,.668,.232,.038,.023,.038,,.599,.698,.380,.333,.333,.333,,.843,1.000,,.353,117,,.867,.385,,2,1,allenja01
9,Kadeem Allen,PG,25,BOS,18,107,.273,14.4,,.500,.318,.091,.091,.000,.500,,.545,.571,.500,.500,,.000,,.500,,,.045,1,,.364,.000,,0,0,allenka01
10,Tony Allen,SF,36,NOP,22,273,.484,6.1,,.868,.659,.154,.000,.055,.132,,.506,.567,.357,,.200,.333,,.700,1.000,,.022,2,,.333,.750,,1,0,allento01
11,Al-Farouq Aminu,PF,27,POR,69,2072,.395,16.5,,.418,.215,.120,.026,.057,.582,,.432,.608,.314,.133,.152,.369,,.486,.960,,.041,23,,.280,.474,,0,0,aminual01
12,Justin Anderson,SF,24,PHI,38,519,.431,14.8,,.490,.302,.104,.040,.045,.510,,.535,.672,.238,.375,.444,.330,,.679,.941,,.104,17,,.291,.300,,1,0,anderju01
13,Kyle Anderson,SF,24,SAS,74,1978,.527,8.4,,.870,.388,.249,.128,.105,.130,,.556,.688,.459,.482,.391,.333,,.514,.947,,.039,15,,.649,.405,,1,0,anderky01
14,Ryan Anderson,PF,29,HOU,66,1725,.431,20.4,,.294,.142,.044,.040,.069,.706,,.539,.647,.143,.579,.545,.386,,.342,.992,,.019,9,,.109,.405,,0,0,anderry01
15,Ike Anigbogu,C,19,IND,11,30,.444,10.4,,1.000,.222,.111,.333,.333,.000,,.444,.500,.000,.333,.667,,,.500,,,.222,1,,,,,0,0,anigbik01
16,Giannis Antetokounmpo,PF,23,MIL,75,2756,.529,8.4,,.900,.454,.173,.114,.160,.100,,.554,.756,.355,.350,.339,.307,,.429,.907,,.122,161,,.107,.333,,1,0,antetgi01
17,Carmelo Anthony,PF,33,OKC,78,2501,.404,17.1,,.594,.120,.063,.184,.228,.406,,.437,.571,.329,.456,.380,.357,,.376,.876,,.020,17,,.116,.327,,0,0,anthoca01
18,OG Anunoby,SF,20,TOR,74,1481,.471,14.5,,.431,.353,.049,.014,.014,.569,,.604,.697,.235,.200,.000,.371,,.711,.945,,.136,42,,.528,.452,,0,0,anunoog01
19,Ryan Arcidiacono,PG,23,CHI,24,304,.415,21.1,,.244,.098,.098,.000,.049,.756,,.800,1.000,.500,,1.000,.290,,.500,.889,,.000,0,,.323,.600,,1,0,arcidry01
20,Trevor Ariza,SF,32,HOU,67,2269,.412,18.0,,.290,.220,.052,.008,.011,.710,,.519,.636,.176,.000,.143,.368,,.592,.953,,.029,19,,.392,.431,,2,0,arizatr01
21,Darrell Arthur,PF,29,DEN,19,141,.468,17.8,,.511,.128,.064,.149,.170,.489,,.583,1.000,.000,.286,.750,.348,,.929,1.000,,.021,1,,.174,.250,,0,0,arthuda01
22,Jamel Artis,SG,25,ORL,15,279,.392,14.6,,.633,.152,.228,.076,.177,.367,,.460,.667,.444,.333,.357,.276,,.696,.875,,.013,0,,.310,.222,,0,0,artisja01
23,Ömer Aşık,C,31,TOT,18,182,.409,2.9,,1.000,.818,.091,.045,.045,.000,,.409,.389,.500,1.000,.000,,,1.000,,,.045,1,,,,,0,0,asikom01
23,Ömer Aşık,C,31,NOP,14,121,.438,3.3,,1.000,.813,.063,.063,.063,.000,,.438,.385,1.000,1.000,.000,,,1.000,,,.063,1,,,,,0,0,asikom01
23,Ömer Aşık,C,31,CHI,4,61,.333,1.7,,1.000,.833,.167,.000,.000,.000,,.333,.400,.000,,,,,1.000,,,.000,0,,,,,0,0,asikom01
24,D.J. Augustin,PG,30,ORL,75,1760,.452,15.6,,.496,.241,.146,.054,.054,.504,,.485,.569,.367,.414,.517,.419,,.231,.675,,.000,0,,.154,.357,,2,0,augusdj01
25,Luke Babbitt,SF,28,TOT,50,715,.423,20.9,,.274,.042,.056,.102,.074,.726,,.525,.444,.667,.455,.563,.385,,.548,.983,,.009,2,,.276,.395,,0,0,babbilu01
25,Luke Babbitt,SF,28,ATL,37,570,.476,20.0,,.339,.054,.071,.125,.089,.661,,.544,.444,.667,.476,.600,.441,,.548,.980,,.012,2,,.270,.433,,0,0,babbilu01
25,Luke Babbitt,SF,28,MIA,13,145,.234,24.2,,.043,.000,.000,.021,.021,.957,,.000,,,.000,.000,.244,,,1.000,,.000,0,,.289,.308,,0,0,babbilu01
26,Dwayne Bacon,SG,22,CHO,53,713,.375,14.3,,.776,.182,.104,.193,.302,.224,,.409,.629,.400,.324,.328,.256,,.525,1.000,,.026,3,,.372,.375,,0,0,bacondw01
27,Ron Baker,SG,24,NYK,29,385,.339,15.9,,.441,.288,.068,.000,.085,.559,,.346,.471,.000,,.200,.333,,.556,.727,,.000,0,,.333,.364,,0,0,bakerro01
28,Wade Baldwin,PG,21,POR,7,80,.667,10.7,,.762,.286,.238,.190,.048,.238,,.625,.833,.800,.250,.000,.800,,.000,1.000,,.048,1,,.000,,,0,0,baldwwa01
29,Lonzo Ball,PG,20,LAL,52,1780,.360,16.1,,.477,.273,.092,.053,.059,.523,,.420,.494,.269,.400,.333,.305,,.327,.744,,.030,15,,.115,.235,,3,0,balllo01
30,J.J. Barea,PG,33,DAL,69,1603,.439,15.6,,.546,.168,.184,.117,.077,.454,,.499,.664,.449,.420,.377,.367,,.154,.626,,.000,0,,.067,.238,,3,0,bareajo01
31,Harrison Barnes,PF,25,DAL,77,2634,.445,13.2,,.724,.210,.205,.136,.172,.276,,.478,.630,.440,.354,.438,.357,,.366,.832,,.031,34,,.255,.412,,3,0,barneha02
32,Will Barton,SG,27,DEN,81,2683,.452,13.3,,.589,.284,.201,.057,.047,.411,,.510,.661,.377,.407,.292,.370,,.392,.731,,.040,38,,.090,.421,,3,0,bartowi01
33,Nicolas Batum,SG,29,CHO,64,1981,.415,17.5,,.578,.109,.063,.197,.209,.422,,.473,.704,.439,.445,.390,.336,,.388,.848,,.015,10,,.109,.267,,1,0,batumni01
34,Jerryd Bayless,SG,29,PHI,39,925,.416,17.0,,.443,.168,.118,.050,.107,.557,,.474,.682,.419,.308,.286,.370,,.727,.963,,.004,1,,.329,.396,,0,0,bayleje01
35,Aron Baynes,C,31,BOS,81,1485,.471,7.9,,.953,.399,.195,.188,.170,.047,,.487,.562,.379,.464,.461,.143,,.744,1.000,,.126,40,,.571,.083,,0,0,baynear01
36,Kent Bazemore,SG,28,ATL,65,1789,.420,14.7,,.595,.226,.139,.080,.149,.405,,.438,.608,.266,.333,.396,.394,,.472,.833,,.031,19,,.285,.436,,1,0,bazemke01
37,Bradley Beal,SG,24,WAS,82,2977,.460,15.2,,.643,.206,.104,.146,.187,.357,,.507,.682,.394,.463,.414,.375,,.355,.784,,.034,42,,.098,.404,,3,0,bealbr01
38,Malik Beasley,SG,21,DEN,62,583,.410,14.6,,.539,.242,.163,.051,.084,.461,,.469,.605,.345,.333,.400,.341,,.711,.929,,.056,10,,.354,.310,,0,0,beaslma01
39,Michael Beasley,PF,29,NYK,74,1653,.507,9.0,,.893,.328,.268,.171,.124,.107,,.520,.675,.463,.428,.370,.395,,.467,.912,,.052,37,,.267,.304,,1,0,beaslmi01
40,Marco Belinelli,SG,31,TOT,80,1947,.441,18.9,,.483,.126,.050,.064,.242,.517,,.509,.667,.342,.510,.465,.377,,.803,.879,,.008,4,,.144,.404,,2,0,belinma01
40,Marco Belinelli,SG,31,ATL,52,1210,.410,18.9,,.491,.122,.045,.074,.247,.509,,.450,.576,.273,.472,.417,.372,,.738,.837,,.010,3,,.150,.432,,2,0,belinma01
40,Marco Belinelli,SG,31,PHI,28,737,.495,19.0,,.470,.133,.057,.047,.233,.530,,.618,.811,.438,.615,.554,.385,,.889,.947,,.004,1,,.135,.350,,0,0,belinma01
41,Jordan Bell,C,23,GSW,57,809,.627,4.0,,.978,.703,.130,.103,.043,.022,,.641,.700,.417,.632,.375,.000,,.733,,,.292,44,,.000,,,0,0,belljo01
42,DeAndre' Bembry,SF,23,ATL,26,455,.414,8.7,,.766,.500,.148,.109,.008,.234,,.429,.516,.211,.286,1.000,.367,,.405,1.000,,.070,9,,.333,.400,,0,0,bembrde01
43,Dragan Bender,PF,20,PHO,82,2069,.386,17.8,,.335,.180,.099,.025,.031,.665,,.426,.575,.313,.167,.133,.366,,.507,.992,,.021,9,,.255,.378,,0,0,bendedr01
44,Dāvis Bertāns,PF,25,SAS,77,1086,.440,19.7,,.311,.137,.068,.057,.049,.689,,.588,.800,.440,.524,.278,.373,,.836,1.000,,.033,12,,.143,.500,,1,0,bertada01
45,Patrick Beverley,SG,29,LAC,11,334,.403,15.3,,.496,.227,.151,.067,.050,.504,,.407,.593,.333,.250,.000,.400,,.250,.792,,.000,0,,.183,.273,,0,0,beverpa01
46,Khem Birch,C,25,ORL,42,578,.540,4.2,,1.000,.587,.238,.159,.016,.000,,.540,.662,.433,.300,.000,,,.706,,,.246,24,,,,,0,0,birchkh01
47,Jabari Bird,SG,23,BOS,13,115,.577,8.4,,.731,.615,.038,.038,.038,.269,,.632,.750,.000,.000,.000,.429,,.750,1.000,,.154,4,,.286,1.000,,0,0,birdja01
48,Bismack Biyombo,C,25,ORL,82,1495,.520,4.2,,.997,.534,.310,.122,.031,.003,,.521,.713,.303,.302,.273,.000,,.803,,,.247,81,,.000,,,0,0,biyombi01
49,Nemanja Bjelica,PF,29,MIN,67,1371,.461,14.4,,.507,.261,.194,.024,.024,.493,,.505,.660,.375,.333,.111,.415,,.600,.934,,.022,7,,.246,.400,,0,0,bjeline01
50,Tarik Black,C,26,HOU,51,536,.591,4.3,,.913,.717,.173,.000,.024,.087,,.638,.736,.318,,.000,.091,,.824,1.000,,.315,36,,.273,.333,,1,0,blackta01
51,Antonio Blakeney,SG,21,CHI,19,314,.371,15.6,,.636,.168,.119,.119,.231,.364,,.418,.625,.176,.412,.394,.288,,.500,.667,,.049,7,,.327,.412,,0,0,blakean01
52,Eric Bledsoe,PG,28,TOT,74,2322,.473,13.7,,.636,.295,.122,.098,.122,.364,,.545,.702,.372,.474,.388,.347,,.280,.744,,.019,18,,.167,.400,,1,0,bledser01
52,Eric Bledsoe,PG,28,PHO,3,83,.400,11.9,,.675,.350,.125,.100,.100,.325,,.444,.643,.200,.250,.250,.308,,.000,.000,,.000,0,,.154,.000,,0,0,bledser01
52,Eric Bledsoe,PG,28,MIL,71,2239,.476,13.8,,.634,.293,.122,.098,.123,.366,,.550,.705,.379,.484,.393,.349,,.290,.769,,.020,18,,.167,.414,,1,0,bledser01
53,Vander Blue,SG,25,LAL,5,45,.200,10.4,,.600,.600,.000,.000,.000,.400,,.333,.333,,,,.000,,.000,,,.000,0,,.000,,,0,0,blueva01
54,Bogdan Bogdanović,SG,25,SAC,78,2175,.446,16.7,,.574,.144,.128,.127,.175,.426,,.485,.613,.394,.500,.437,.392,,.358,.760,,.004,3,,.122,.475,,7,0,bogdabo01
55,Bojan Bogdanović,SF,28,IND,80,2464,.474,14.7,,.547,.262,.123,.096,.066,.453,,.534,.632,.448,.463,.411,.402,,.530,.942,,.016,13,,.272,.457,,0,0,bogdabo02
56,Andrew Bogut,C,33,LAL,24,216,.680,2.8,,1.000,.720,.160,.080,.040,.000,,.680,.778,.500,.000,1.000,,,.353,,,.200,4,,,,,0,0,bogutan01
57,Joel Bolomboy,PF,24,MIL,6,38,.500,6.5,,.833,.667,.000,.167,.000,.167,,.600,.500,,1.000,,.000,,1.000,,,.333,2,,.000,,,0,0,bolomjo01
58,Devin Booker,SG,21,PHO,54,1865,.432,15.1,,.636,.180,.143,.176,.137,.364,,.460,.611,.351,.400,.451,.383,,.338,.612,,.013,13,,.112,.419,,4,0,bookede01
59,Trevor Booker,PF,30,TOT,68,1158,.516,6.6,,.904,.411,.379,.076,.038,.096,,.545,.674,.469,.346,.308,.242,,.598,1.000,,.023,7,,.273,.222,,0,0,booketr01
59,Trevor Booker,PF,30,BRK,18,395,.513,5.9,,.920,.387,.447,.060,.027,.080,,.536,.655,.463,.444,.250,.250,,.514,1.000,,.020,2,,.417,.400,,0,0,booketr01
59,Trevor Booker,PF,30,PHI,33,494,.560,5.8,,.936,.477,.339,.092,.028,.064,,.578,.769,.459,.200,.000,.286,,.780,1.000,,.028,3,,.286,.000,,0,0,booketr01
59,Trevor Booker,PF,30,IND,17,269,.464,8.7,,.833,.369,.310,.083,.071,.167,,.514,.548,.500,.429,.500,.214,,.472,1.000,,.024,2,,.143,.000,,0,0,booketr01
60,Chris Boucher,PF,25,GSW,1,1,.000,22.0,,.000,.000,.000,.000,.000,1.000,,,,,,,.000,,,,,.000,0,,1.000,.000,,0,0,bouchch01
61,Avery Bradley,SG,27,TOT,46,1433,.414,14.3,,.675,.227,.130,.099,.219,.325,,.436,.599,.346,.355,.358,.369,,.685,.920,,.026,13,,.335,.426,,0,0,bradlav01
61,Avery Bradley,SG,27,DET,40,1268,.409,14.6,,.660,.221,.125,.098,.216,.340,,.423,.571,.338,.375,.341,.381,,.704,.919,,.025,11,,.314,.459,,0,0,bradlav01
61,Avery Bradley,SG,27,LAC,6,165,.473,11.2,,.836,.291,.182,.109,.255,.164,,.543,.813,.400,.167,.500,.111,,.560,1.000,,.036,2,,.778,.143,,0,0,bradlav01
62,Tony Bradley,C,20,UTA,9,29,.273,9.3,,.909,.273,.182,.364,.091,.091,,.300,.667,.000,.250,.000,.000,,.667,,,.000,0,,.000,,,0,0,bradlto01
63,Corey Brewer,SF-SG,31,TOT,72,1208,.449,10.1,,.652,.509,.101,.019,.022,.348,,.539,.602,.281,.167,.571,.282,,.604,1.000,,.089,24,,.709,.321,,3,0,breweco01
63,Corey Brewer,SF,31,LAL,54,694,.453,8.3,,.750,.547,.157,.029,.017,.250,,.543,.628,.333,.200,.333,.186,,.586,1.000,,.081,12,,.558,.167,,2,0,breweco01
63,Corey Brewer,SG,31,OKC,18,514,.444,12.3,,.535,.465,.035,.007,.028,.465,,.532,.567,.000,.000,.750,.343,,.634,1.000,,.097,12,,.806,.389,,1,0,breweco01
64,Malcolm Brogdon,PG,25,MIL,48,1436,.485,11.7,,.680,.374,.127,.115,.064,.320,,.532,.660,.297,.414,.469,.385,,.396,.726,,.022,11,,.261,.476,,1,0,brogdma01
65,Aaron Brooks,PG,33,MIN,32,189,.406,17.3,,.551,.203,.130,.145,.072,.449,,.447,.429,.333,.500,.600,.355,,.118,.818,,.000,0,,.161,.600,,2,0,brookaa01
66,Dillon Brooks,SF,22,MEM,82,2350,.440,13.7,,.658,.275,.142,.118,.123,.342,,.484,.651,.445,.341,.295,.356,,.533,.904,,.021,14,,.182,.333,,7,0,brookdi01
67,MarShon Brooks,SG,29,MEM,7,193,.500,13.6,,.686,.216,.206,.127,.137,.314,,.457,.545,.524,.538,.143,.594,,.219,.263,,.010,1,,.063,.500,,0,0,brookma01
68,Anthony Brown,SF,25,MIN,1,4,1.000,22.0,,.000,.000,.000,.000,.000,1.000,,,,,,,1.000,,,1.000,,.000,0,,1.000,1.000,,0,0,brownan02
69,Bobby Brown,PG,33,HOU,20,115,.328,20.8,,.310,.121,.034,.086,.069,.690,,.444,.571,.000,.400,.500,.275,,.000,.273,,.000,0,,.075,.667,,0,0,brownbo02
70,Jaylen Brown,SG,21,BOS,70,2152,.465,12.4,,.619,.356,.136,.055,.071,.381,,.507,.622,.321,.409,.368,.395,,.536,.967,,.077,54,,.376,.426,,2,0,brownja02
71,Lorenzo Brown,PG,27,TOR,14,139,.412,14.8,,.647,.088,.235,.176,.147,.353,,.545,.667,.625,.333,.600,.167,,.250,.500,,.029,1,,.417,.000,,0,0,brownlo01
72,Markel Brown,SG,26,HOU,4,31,.286,20.3,,.286,.143,.000,.143,.000,.714,,.500,.000,,1.000,,.200,,.000,.000,,.000,0,,.000,,,0,0,brownma02
73,Sterling Brown,SG,22,MIL,54,776,.400,14.2,,.556,.268,.137,.083,.068,.444,,.439,.527,.250,.529,.357,.352,,.580,.938,,.034,5,,.440,.375,,1,0,brownst02
74,Nicolás Brussino,SF,24,ATL,4,10,.000,23.5,,.000,.000,.000,.000,.000,1.000,,,,,,,.000,,,,,.000,0,,.500,.000,,0,0,brussni01
75,Thomas Bryant,C,20,LAL,15,72,.381,15.6,,.524,.286,.048,.000,.190,.476,,.636,.833,.000,,.500,.100,,1.000,1.000,,.190,3,,.300,.000,,0,0,bryanth01
76,Reggie Bullock,SF,26,DET,62,1732,.489,16.2,,.485,.198,.110,.101,.077,.515,,.536,.741,.283,.436,.500,.445,,.817,.968,,.002,1,,.267,.453,,1,0,bullore01
77,Trey Burke,PG,25,NYK,36,785,.503,15.6,,.727,.161,.102,.169,.294,.273,,.556,.726,.410,.462,.566,.362,,.226,.789,,.003,1,,.133,.429,,3,0,burketr01
78,Alec Burks,SG,26,UTA,64,1059,.411,13.3,,.657,.251,.184,.130,.092,.343,,.452,.635,.303,.370,.368,.331,,.431,.660,,.046,18,,.162,.304,,1,0,burksal01
79,Jimmy Butler,SG,28,MIN,59,2164,.474,12.1,,.783,.251,.168,.208,.155,.217,,.509,.662,.490,.432,.385,.350,,.332,.757,,.047,41,,.205,.439,,2,0,butleji01
80,Dwight Buycks,PG,28,DET,29,427,.414,13.1,,.773,.288,.157,.086,.242,.227,,.438,.596,.226,.412,.396,.333,,.284,.400,,.000,0,,.044,.500,,3,0,buyckdw01
81,Bruno Caboclo,SF,22,TOT,12,107,.290,16.6,,.452,.161,.097,.161,.032,.548,,.429,.600,.000,.600,.000,.176,,.333,1.000,,.032,1,,.353,.333,,0,0,cabocbr01
81,Bruno Caboclo,SF,22,TOR,2,7,.000,23.5,,.000,.000,.000,.000,.000,1.000,,,,,,,.000,,,,,.000,0,,.500,.000,,0,0,cabocbr01
81,Bruno Caboclo,SF,22,SAC,10,100,.310,16.1,,.483,.172,.103,.172,.034,.517,,.429,.600,.000,.600,.000,.200,,.333,1.000,,.034,1,,.333,.400,,0,0,cabocbr01
82,José Calderón,PG,36,CLE,57,914,.503,17.8,,.476,.178,.043,.076,.178,.524,,.545,.667,.625,.500,.424,.464,,.229,.822,,.000,0,,.155,.600,,0,0,caldejo01
83,Kentavious Caldwell-Pope,SG,24,LAL,74,2458,.426,17.2,,.480,.197,.065,.061,.157,.520,,.473,.662,.327,.327,.352,.383,,.613,.874,,.026,20,,.154,.406,,1,0,caldwke01
84,Isaiah Canaan,PG-SG,26,TOT,20,422,.380,14.4,,.518,.314,.146,.036,.022,.482,,.423,.349,.650,.200,.333,.333,,.200,.591,,.000,0,,.167,.455,,1,0,canaais01
84,Isaiah Canaan,SG,26,HOU,1,4,.000,5.0,,1.000,.000,1.000,.000,.000,.000,,.000,,.000,,,,,,,,.000,0,,,,,0,0,canaais01
84,Isaiah Canaan,PG,26,PHO,19,418,.382,14.5,,.515,.316,.140,.037,.022,.485,,.429,.349,.684,.200,.333,.333,,.200,.591,,.000,0,,.167,.455,,1,0,canaais01
85,Clint Capela,C,23,HOU,74,2034,.652,1.7,,.999,.802,.180,.016,.000,.001,,.653,.718,.385,.455,,.000,,.819,,,.351,213,,.000,,,0,0,capelca01
86,DeMarre Carroll,PF,31,BRK,73,2180,.414,15.1,,.502,.210,.175,.066,.051,.498,,.457,.606,.365,.346,.300,.371,,.461,.931,,.015,10,,.251,.408,,0,0,carrode01
87,Vince Carter,SF,41,SAC,58,1026,.403,18.2,,.417,.170,.092,.042,.113,.583,,.483,.583,.308,.583,.438,.345,,.474,.982,,.039,10,,.145,.292,,2,0,cartevi01
88,Michael Carter-Williams,PG,26,CHO,52,835,.332,11.3,,.742,.314,.214,.100,.114,.258,,.365,.556,.224,.217,.231,.237,,.339,.857,,.035,8,,.373,.227,,0,0,cartemi01
89,Alex Caruso,PG,23,LAL,37,562,.431,13.5,,.629,.319,.121,.112,.078,.371,,.507,.703,.429,.231,.222,.302,,.514,.615,,.052,4,,.116,.000,,1,0,carusal01
90,Omri Casspi,SF,29,GSW,53,740,.580,6.1,,.894,.507,.300,.082,.005,.106,,.595,.705,.452,.471,.000,.455,,.791,1.000,,.053,10,,.227,.800,,1,0,casspom01
91,Willie Cauley-Stein,C,24,SAC,73,2044,.502,6.2,,.984,.459,.301,.076,.146,.016,,.506,.676,.339,.288,.434,.250,,.678,1.000,,.191,134,,.250,.333,,3,0,caulewi01
92,Tyler Cavanaugh,PF,23,ATL,39,518,.441,15.8,,.414,.270,.079,.033,.033,.586,,.556,.585,.417,.600,.600,.360,,.686,1.000,,.007,1,,.326,.379,,0,0,cavanty01
93,Mario Chalmers,PG,31,MEM,66,1421,.379,15.1,,.569,.242,.142,.106,.079,.431,,.456,.542,.333,.404,.486,.277,,.278,.830,,.000,0,,.209,.300,,8,0,chalmma01
94,Tyson Chandler,C,35,PHO,46,1151,.647,1.0,,1.000,.930,.053,.005,.011,.000,,.647,.672,.200,1.000,.500,,,.669,,,.412,65,,,,,0,0,chandty01
95,Wilson Chandler,SF,30,DEN,74,2346,.445,12.8,,.610,.279,.209,.063,.060,.390,,.501,.665,.394,.250,.368,.358,,.487,.943,,.033,21,,.240,.305,,0,0,chandwi01
96,Marquese Chriss,PF,20,PHO,72,1527,.423,12.4,,.602,.371,.113,.061,.057,.398,,.509,.621,.278,.379,.370,.295,,.692,1.000,,.157,58,,.268,.255,,0,0,chrisma01
97,Ian Clark,SG,26,NOP,74,1455,.448,15.3,,.606,.152,.216,.109,.129,.394,,.533,.680,.458,.574,.453,.318,,.550,.806,,.000,0,,.267,.365,,2,0,clarkia01
98,Jordan Clarkson,SG,25,TOT,81,1888,.451,13.7,,.667,.246,.142,.133,.146,.333,,.500,.647,.400,.441,.403,.352,,.277,.795,,.017,15,,.164,.423,,0,0,clarkjo01
98,Jordan Clarkson,SG,25,LAL,53,1256,.448,13.2,,.685,.264,.147,.121,.153,.315,,.505,.670,.429,.346,.422,.324,,.273,.794,,.015,9,,.114,.292,,0,0,clarkjo01
98,Jordan Clarkson,SG,25,CLE,28,632,.456,14.7,,.624,.206,.129,.160,.129,.376,,.486,.576,.324,.609,.351,.407,,.287,.795,,.021,6,,.259,.536,,0,0,clarkjo01
99,Gian Clavell,SG,24,DAL,7,64,.333,22.0,,.167,.000,.056,.056,.056,.833,,.000,,.000,.000,.000,.400,,,1.000,,.000,0,,.400,.500,,0,0,clavegi01
100,Antonius Cleveland,SG,23,TOT,17,123,.381,14.1,,.810,.238,.048,.143,.381,.190,,.294,.400,.000,.333,.250,.750,,.400,.667,,.095,2,,.250,1.000,,0,0,clevean01
100,Antonius Cleveland,SG,23,DAL,13,81,.286,12.1,,.929,.357,.000,.143,.429,.071,,.308,.400,,.000,.333,.000,,.500,,,.143,2,,.000,,,0,0,clevean01
100,Antonius Cleveland,SG,23,ATL,4,42,.571,18.1,,.571,.000,.143,.143,.286,.429,,.250,,.000,1.000,.000,1.000,,.000,.667,,.000,0,,.333,1.000,,0,0,clevean01
101,John Collins,PF,20,ATL,74,1785,.576,5.7,,.914,.589,.167,.110,.050,.086,,.598,.732,.341,.417,.259,.340,,.742,1.000,,.273,123,,.723,.353,,2,0,collijo01
102,Zach Collins,C,20,POR,66,1045,.398,13.5,,.609,.266,.152,.114,.080,.391,,.455,.623,.318,.333,.304,.310,,.650,.971,,.059,14,,.292,.394,,1,0,colliza01
103,Kyle Collinsworth,SF,26,DAL,32,480,.384,7.6,,.828,.354,.384,.081,.010,.172,,.415,.486,.395,.250,.000,.235,,.294,1.000,,.051,5,,.353,.167,,0,0,colliky01
104,Darren Collison,PG,30,IND,69,2018,.495,15.3,,.679,.240,.063,.067,.309,.321,,.508,.647,.250,.488,.457,.468,,.295,.802,,.002,1,,.317,.462,,2,0,collida01
105,Nick Collison,PF,37,OKC,15,75,.684,2.9,,1.000,.737,.211,.000,.053,.000,,.684,.714,.750,,.000,,,.769,,,.158,3,,,,,0,0,collini01
106,Mike Conley,PG,30,MEM,12,373,.381,14.8,,.542,.250,.137,.095,.060,.458,,.440,.571,.391,.250,.300,.312,,.200,.542,,.000,0,,.091,.143,,0,0,conlemi01
107,Pat Connaughton,SG,25,POR,82,1488,.423,16.1,,.462,.231,.115,.051,.064,.538,,.506,.667,.311,.500,.280,.352,,.692,.932,,.056,20,,.195,.244,,1,0,connapa01
108,Quinn Cook,PG,24,GSW,33,740,.484,16.2,,.587,.183,.091,.123,.190,.413,,.514,.565,.435,.484,.521,.442,,.408,.761,,.000,0,,.163,.471,,0,0,cookqu01
109,Charles Cooke,SG,23,NOP,13,38,.143,18.0,,.429,.143,.143,.000,.143,.571,,.167,.000,.500,,.000,.125,,.000,1.000,,.000,0,,.375,.333,,0,0,cookech01
110,Jack Cooley,PF,26,SAC,7,87,.481,4.7,,1.000,.481,.333,.148,.037,.000,,.481,.615,.444,.250,.000,,,.615,,,.000,0,,,,,0,0,cooleja01
111,Matt Costello,C,24,SAS,4,32,.500,1.0,,1.000,.750,.250,.000,.000,.000,,.500,.667,.000,,,,,1.000,,,.500,2,,,,,0,0,costema01
112,DeMarcus Cousins,C,27,NOP,48,1737,.470,11.8,,.660,.375,.175,.041,.069,.340,,.530,.633,.411,.486,.300,.354,,.411,.942,,.056,44,,.020,.167,,3,0,couside01
113,Robert Covington,SF,27,PHI,80,2532,.413,18.9,,.342,.178,.069,.031,.063,.658,,.497,.664,.379,.192,.302,.369,,.810,.970,,.037,27,,.113,.387,,4,0,covinro01
114,Allen Crabbe,SG,25,BRK,75,2197,.407,20.0,,.357,.083,.096,.065,.112,.643,,.461,.739,.456,.370,.312,.378,,.743,.940,,.007,5,,.137,.384,,4,0,crabbal01
115,Torrey Craig,SF,27,DEN,39,629,.453,12.4,,.577,.460,.073,.015,.029,.423,,.570,.619,.200,.500,.750,.293,,.644,1.000,,.102,13,,.362,.381,,3,0,craigto01
116,Jamal Crawford,SG,37,MIN,80,1653,.415,18.8,,.577,.058,.075,.121,.323,.423,,.477,.674,.321,.500,.467,.331,,.230,.731,,.000,0,,.204,.406,,3,0,crawfja01
117,Jordan Crawford,SG,29,NOP,5,53,.444,19.5,,.481,.000,.185,.148,.148,.519,,.308,,.600,.250,.000,.571,,.250,.750,,.037,1,,.071,1.000,,0,0,crawfjo02
118,Jae Crowder,SF,27,TOT,80,2090,.404,16.1,,.492,.255,.069,.043,.125,.508,,.488,.661,.283,.345,.298,.323,,.807,.927,,.007,3,,.261,.382,,0,0,crowdja01
118,Jae Crowder,SF,27,CLE,53,1346,.418,15.9,,.497,.279,.064,.024,.130,.503,,.508,.676,.250,.222,.327,.328,,.832,.952,,.003,0,,.254,.396,,0,0,crowdja01
118,Jae Crowder,SF,27,UTA,27,744,.386,16.4,,.485,.224,.075,.068,.119,.515,,.462,.636,.318,.400,.257,.316,,.773,.896,,.014,3,,.270,.366,,0,0,crowdja01
119,Dante Cunningham,SF,30,TOT,73,1562,.451,13.1,,.538,.332,.115,.041,.049,.462,,.541,.645,.333,.267,.556,.345,,.849,.983,,.052,15,,.661,.369,,0,0,cunnida01
119,Dante Cunningham,SF,30,NOP,51,1115,.440,13.3,,.520,.347,.080,.049,.044,.480,,.547,.615,.389,.182,.700,.324,,.875,.971,,.049,8,,.676,.356,,0,0,cunnida01
119,Dante Cunningham,SF,30,BRK,22,447,.468,12.7,,.568,.309,.173,.029,.058,.432,,.532,.698,.292,.500,.375,.383,,.810,1.000,,.058,7,,.633,.395,,0,0,cunnida01
120,Stephen Curry,PG,29,GSW,51,1631,.495,18.4,,.420,.175,.065,.073,.108,.580,,.595,.669,.429,.540,.613,.423,,.417,.618,,.001,1,,.134,.358,,8,0,curryst01
121,Troy Daniels,SG,26,PHO,79,1622,.403,22.2,,.203,.049,.030,.054,.071,.797,,.419,.429,.529,.516,.293,.400,,.694,.923,,.000,0,,.231,.500,,2,0,danietr01
122,Anthony Davis,PF,24,NOP,75,2727,.534,9.2,,.889,.374,.201,.157,.157,.111,,.558,.744,.483,.428,.339,.340,,.701,.909,,.154,211,,.093,.400,,3,0,davisan02
123,Deyonta Davis,C,21,MEM,62,943,.608,5.6,,1.000,.581,.147,.117,.155,.000,,.608,.753,.410,.387,.415,,,.770,,,.196,51,,,,,0,0,davisde01
124,Ed Davis,C,28,POR,78,1471,.582,2.4,,.997,.695,.267,.031,.003,.003,,.584,.670,.385,.444,.000,.000,,.576,,,.154,39,,.000,,,1,0,davised01
125,Dewayne Dedmon,C,28,ATL,62,1542,.524,12.5,,.704,.281,.138,.147,.138,.296,,.595,.776,.485,.471,.470,.355,,.800,1.000,,.115,50,,.461,.400,,0,0,dedmode01
126,Sam Dekker,PF,23,LAC,73,883,.494,8.2,,.768,.564,.131,.023,.050,.232,,.593,.685,.353,.500,.231,.167,,.712,.900,,.143,30,,.267,.188,,1,0,dekkesa01
127,Malcolm Delaney,PG,28,ATL,54,1014,.382,16.7,,.565,.168,.095,.084,.218,.435,,.391,.542,.111,.375,.403,.371,,.397,.739,,.004,1,,.226,.429,,1,0,delanma01
128,Matthew Dellavedova,PG,27,MIL,38,712,.362,17.4,,.487,.079,.217,.105,.086,.513,,.351,.583,.242,.438,.308,.372,,.269,.897,,.000,0,,.141,.455,,0,0,dellama01
129,Luol Deng,SF,32,LAL,1,13,.500,2.5,,1.000,.500,.500,.000,.000,.000,,.500,1.000,.000,,,,,1.000,,,.000,0,,,,,0,0,denglu01
130,DeMar DeRozan,SG,28,TOR,80,2711,.456,12.9,,.797,.199,.168,.243,.186,.203,,.494,.676,.456,.442,.403,.310,,.263,.674,,.021,28,,.289,.301,,4,0,derozde01
131,Cheick Diallo,PF,21,NOP,52,581,.580,5.9,,1.000,.477,.239,.176,.108,.000,,.580,.750,.452,.484,.263,,,.824,,,.136,22,,,,,0,0,diallch01
132,Gorgui Dieng,C,28,MIN,79,1333,.479,12.4,,.843,.250,.129,.152,.312,.157,,.511,.670,.300,.542,.455,.311,,.784,.895,,.075,28,,.770,.298,,0,0,dienggo01
133,Spencer Dinwiddie,PG,24,BRK,80,2306,.387,16.1,,.483,.233,.122,.084,.045,.517,,.452,.574,.324,.371,.316,.326,,.142,.596,,.017,12,,.081,.371,,1,0,dinwisp01
134,Tyler Dorsey,SG,21,ATL,56,974,.377,17.6,,.479,.173,.094,.068,.147,.521,,.393,.500,.333,.192,.393,.362,,.444,.819,,.010,3,,.146,.310,,3,0,dorsety01
135,Damyean Dotson,SG,23,NYK,44,474,.447,16.2,,.578,.211,.062,.118,.186,.422,,.538,.588,.400,.684,.433,.324,,.640,1.000,,.019,2,,.221,.333,,1,0,dotsoda01
136,Milton Doyle,SG,24,BRK,10,125,.277,15.0,,.511,.191,.298,.000,.021,.489,,.375,.556,.286,,.000,.174,,.111,1.000,,.000,0,,.130,.000,,0,0,doylemi01
137,PJ Dozier,PG,21,OKC,2,3,.500,11.5,,1.000,.500,.000,.000,.500,.000,,.500,1.000,,,.000,,,.000,,,.000,0,,,,,0,0,doziepj01
138,Goran Dragić,PG,31,MIA,75,2378,.450,12.3,,.721,.269,.171,.175,.106,.279,,.481,.630,.380,.436,.342,.370,,.273,.784,,.000,0,,.180,.370,,2,0,dragigo01
139,Larry Drew II,PG,27,TOT,10,70,.292,16.1,,.625,.167,.125,.042,.292,.375,,.267,.500,.000,.000,.286,.333,,.000,1.000,,.000,0,,.222,.500,,0,0,drewla02
139,Larry Drew II,PG,27,PHI,3,15,.143,17.3,,.571,.143,.143,.000,.286,.429,,.250,1.000,.000,,.000,.000,,.000,,,.000,0,,.000,,,0,0,drewla02
139,Larry Drew II,PG,27,NOP,7,55,.353,15.6,,.647,.176,.118,.059,.294,.353,,.273,.333,.000,.000,.400,.500,,.000,1.000,,.000,0,,.333,.500,,0,0,drewla02
140,Andre Drummond,C,24,DET,78,2625,.529,3.2,,.988,.659,.271,.056,.002,.012,,.536,.649,.314,.286,.000,.000,,.545,,,.188,144,,.000,,,4,0,drumman01
141,Jared Dudley,PF,32,PHO,48,686,.393,18.7,,.344,.189,.033,.033,.090,.656,,.452,.609,.250,.250,.273,.363,,.789,1.000,,.000,0,,.213,.471,,0,0,dudleja01
142,Kris Dunn,PG,23,CHI,52,1525,.429,12.0,,.799,.263,.168,.179,.189,.201,,.457,.543,.393,.387,.460,.321,,.173,.628,,.033,19,,.134,.389,,1,0,dunnkr01
143,Kevin Durant,SF,29,GSW,68,2325,.516,15.4,,.662,.179,.096,.201,.185,.338,,.565,.758,.513,.492,.487,.419,,.488,.688,,.084,94,,.094,.564,,3,0,duranke01
144,Jarell Eddie,SF,26,TOT,3,9,.000,25.0,,.000,.000,.000,.000,.000,1.000,,,,,,,.000,,,,,.000,0,,.000,,,0,0,eddieja01
144,Jarell Eddie,SF,26,BOS,2,6,.000,25.0,,.000,.000,.000,.000,.000,1.000,,,,,,,.000,,,,,.000,0,,.000,,,0,0,eddieja01
144,Jarell Eddie,SF,26,CHI,1,3,.000,25.0,,.000,.000,.000,.000,.000,1.000,,,,,,,.000,,,,,.000,0,,.000,,,0,0,eddieja01
145,Henry Ellenson,PF,21,DET,38,329,.363,14.6,,.589,.164,.253,.089,.082,.411,,.384,.750,.243,.231,.250,.333,,.455,1.000,,.021,3,,.217,.308,,0,0,ellenhe01
146,Wayne Ellington,SG,30,MIA,77,2041,.407,22.0,,.173,.077,.026,.017,.053,.827,,.479,.648,.278,.333,.378,.392,,.655,.947,,.006,3,,.204,.500,,1,0,ellinwa01
147,Joel Embiid,C,23,PHI,63,1912,.483,11.1,,.797,.293,.176,.220,.106,.203,,.527,.728,.387,.431,.420,.308,,.439,.924,,.087,82,,.051,.364,,0,0,embiijo01
148,James Ennis III,SF,27,TOT,72,1604,.474,12.7,,.602,.349,.120,.070,.063,.398,,.567,.716,.261,.519,.375,.333,,.695,1.000,,.078,26,,.333,.333,,0,0,ennisja01
148,James Ennis III,SF,27,MEM,45,1053,.486,12.5,,.622,.365,.099,.086,.072,.378,,.565,.716,.273,.421,.375,.357,,.641,1.000,,.095,18,,.345,.379,,0,0,ennisja01
148,James Ennis III,SF,27,DET,27,551,.457,13.1,,.574,.327,.148,.049,.049,.426,,.570,.717,.250,.750,.375,.304,,.774,1.000,,.056,8,,.319,.273,,0,0,ennisja01
149,Tyler Ennis,PG,23,LAL,54,683,.420,10.7,,.750,.384,.192,.063,.112,.250,,.476,.570,.395,.143,.480,.250,,.325,.714,,.000,0,,.143,.500,,2,0,ennisty01
150,Jawun Evans,PG,21,LAC,48,778,.352,12.4,,.787,.277,.194,.095,.217,.213,,.372,.457,.265,.583,.273,.278,,.392,.733,,.000,0,,.296,.250,,3,0,evansja01
151,Jeremy Evans,SF,30,ATL,1,5,1.000,0.0,,1.000,1.000,.000,.000,.000,.000,,1.000,1.000,,,,,,.000,,,1.000,1,,,,,0,0,evansje01
152,Tyreke Evans,PG,28,MEM,52,1607,.452,12.1,,.646,.412,.121,.010,.104,.354,,.482,.544,.357,.250,.405,.399,,.226,.482,,.004,3,,.052,.267,,1,0,evansty01
153,Dante Exum,PG,22,UTA,14,235,.483,8.0,,.793,.425,.333,.023,.011,.207,,.536,.676,.379,.500,.000,.278,,.297,.800,,.034,3,,.389,.286,,1,0,exumda01
154,Kenneth Faried,PF,28,DEN,32,461,.514,4.5,,.993,.514,.365,.088,.027,.007,,.517,.566,.444,.462,.750,.000,,.697,,,.223,26,,.000,,,1,0,farieke01
155,Derrick Favors,C,26,UTA,77,2153,.563,7.4,,.910,.480,.179,.120,.131,.090,,.596,.769,.413,.405,.391,.222,,.785,1.000,,.226,150,,.873,.236,,1,0,favorde01
156,Kay Felder,PG,22,TOT,16,140,.300,14.8,,.729,.157,.171,.114,.286,.271,,.333,.364,.250,.500,.300,.211,,.235,.750,,.014,0,,.105,1.000,,0,0,feldeka01
156,Kay Felder,PG,22,CHI,14,134,.303,14.9,,.727,.152,.167,.121,.288,.273,,.333,.400,.273,.500,.263,.222,,.250,.750,,.000,0,,.111,1.000,,0,0,feldeka01
156,Kay Felder,PG,22,DET,2,6,.250,14.0,,.750,.250,.250,.000,.250,.250,,.333,.000,.000,,1.000,.000,,.000,,,.250,0,,.000,,,0,0,feldeka01
157,Cristiano Felício,C,25,CHI,55,977,.591,4.2,,.991,.637,.200,.070,.084,.009,,.596,.693,.512,.200,.389,.000,,.756,,,.102,20,,.000,,,0,0,feliccr01
158,Raymond Felton,PG,33,OKC,82,1365,.406,16.9,,.583,.168,.111,.092,.212,.417,,.444,.538,.443,.373,.402,.352,,.077,.728,,.000,0,,.170,.462,,10,0,feltora01
159,Terrance Ferguson,SG,19,OKC,61,763,.414,19.0,,.290,.166,.030,.018,.077,.710,,.612,.714,.200,.333,.615,.333,,.767,1.000,,.077,10,,.508,.426,,0,0,fergute01
160,Yogi Ferrell,SG,24,DAL,82,2282,.426,17.4,,.508,.151,.084,.097,.178,.492,,.477,.582,.295,.493,.462,.373,,.401,.746,,.000,0,,.162,.500,,1,0,ferreyo01
161,Dorian Finney-Smith,PF,24,DAL,21,448,.380,16.4,,.446,.207,.107,.041,.091,.554,,.481,.720,.308,.000,.364,.299,,.615,.950,,.074,7,,.343,.391,,0,0,finnedo01
162,Bryn Forbes,SG,24,SAS,80,1517,.421,17.5,,.541,.082,.149,.121,.189,.459,,.446,.585,.459,.383,.415,.390,,.683,.944,,.002,1,,.193,.500,,1,0,forbebr01
163,Evan Fournier,SF,25,ORL,57,1837,.459,15.0,,.582,.209,.165,.094,.115,.418,,.516,.667,.439,.320,.511,.379,,.573,.843,,.010,8,,.170,.509,,1,0,fournev01
164,De'Aaron Fox,PG,20,SAC,73,2026,.412,12.0,,.808,.238,.223,.146,.201,.192,,.436,.647,.354,.336,.350,.307,,.217,.617,,.034,22,,.203,.290,,2,0,foxde01
165,Tim Frazier,PG,27,WAS,59,838,.395,15.8,,.674,.157,.128,.128,.262,.326,,.440,.741,.227,.409,.378,.304,,.431,.588,,.012,2,,.054,.333,,0,0,fraziti01
166,Enes Freedom,C,25,NYK,71,1830,.592,3.8,,.997,.610,.262,.076,.048,.003,,.594,.683,.460,.463,.412,.000,,.491,,,.050,31,,.000,,,0,0,kanteen01
167,Channing Frye,C,34,TOT,53,695,.491,18.0,,.458,.184,.061,.071,.142,.542,,.670,.795,.769,.600,.500,.339,,.754,1.000,,.019,3,,.148,.294,,1,0,fryech01
167,Channing Frye,C,34,CLE,44,545,.497,17.6,,.467,.201,.053,.059,.154,.533,,.684,.824,.778,.500,.538,.333,,.759,1.000,,.018,3,,.167,.267,,0,0,fryech01
167,Channing Frye,C,34,LAL,9,150,.465,19.2,,.419,.116,.093,.116,.093,.581,,.611,.600,.750,.800,.250,.360,,.727,1.000,,.023,0,,.080,.500,,1,0,fryech01
168,Markelle Fultz,SG,19,PHI,14,253,.405,6.2,,.991,.369,.351,.207,.063,.009,,.409,.659,.205,.348,.286,.000,,.333,,,.027,2,,.000,,,0,0,fultzma01
169,Danilo Gallinari,SF,29,LAC,21,671,.398,16.4,,.566,.215,.059,.105,.188,.434,,.455,.564,.333,.333,.438,.324,,.606,.833,,.070,14,,.153,.353,,1,0,gallida01
170,Langston Galloway,SG,26,DET,58,863,.371,20.7,,.359,.038,.076,.085,.159,.641,,.418,.692,.346,.483,.352,.344,,.451,.920,,.000,0,,.202,.364,,0,0,gallola01
171,Marc Gasol,C,33,MEM,73,2408,.420,14.3,,.690,.159,.207,.185,.139,.310,,.456,.665,.346,.366,.500,.341,,.662,.972,,.035,34,,.022,.429,,3,0,gasolma01
172,Pau Gasol*,C,37,SAS,77,1812,.458,10.8,,.809,.311,.201,.126,.169,.191,,.481,.672,.349,.380,.368,.358,,.676,1.000,,.038,22,,.325,.333,,0,0,gasolpa01
173,Rudy Gay,PF,31,SAS,57,1231,.471,11.7,,.780,.261,.207,.218,.095,.220,,.516,.679,.396,.504,.353,.314,,.403,.865,,.071,32,,.246,.310,,6,0,gayru01
174,Paul George,SF,27,OKC,79,2891,.430,16.1,,.546,.196,.091,.113,.146,.454,,.454,.669,.320,.358,.323,.401,,.358,.803,,.032,38,,.195,.437,,4,0,georgpa01
175,Marcus Georges-Hunt,SG,23,MIN,42,224,.438,11.4,,.688,.438,.083,.083,.104,.313,,.515,.524,.750,.250,.400,.267,,.412,.750,,.042,2,,.267,.500,,0,0,georgma01
176,Jonathan Gibson,PG,30,BOS,4,40,.609,16.1,,.478,.261,.087,.043,.087,.522,,.727,.833,.500,.000,1.000,.500,,.500,.833,,.000,0,,.083,1.000,,0,0,gibsojo01
177,Taj Gibson,PF,32,MIN,82,2726,.577,6.5,,.953,.482,.236,.117,.118,.047,,.595,.752,.466,.442,.368,.200,,.711,1.000,,.125,89,,.771,.222,,1,0,gibsota01
178,Manu Ginóbili*,SG,40,SAS,65,1299,.434,13.8,,.585,.283,.153,.099,.048,.415,,.506,.641,.408,.348,.364,.333,,.423,.797,,.015,7,,.198,.342,,1,0,ginobma01
179,Rudy Gobert,C,25,UTA,56,1816,.622,2.4,,1.000,.757,.194,.023,.025,.000,,.622,.726,.314,.100,.364,,,.772,,,.369,151,,,,,0,0,goberru01
180,Aaron Gordon,PF,22,ORL,58,1909,.434,14.1,,.605,.275,.109,.106,.114,.395,,.497,.718,.287,.380,.273,.336,,.488,.835,,.111,92,,.199,.368,,0,0,gordoaa01
181,Eric Gordon,SG,29,HOU,69,2154,.428,17.7,,.373,.234,.089,.027,.022,.627,,.544,.661,.384,.269,.333,.359,,.386,.849,,.012,11,,.122,.459,,5,1,gordoer01
182,Marcin Gortat,C,33,WAS,82,2075,.518,5.5,,1.000,.411,.352,.216,.021,.000,,.518,.652,.437,.421,.250,,,.755,,,.066,28,,,,,0,0,gortama01
183,Treveon Graham,SG,24,CHO,63,1050,.434,14.4,,.561,.253,.140,.100,.068,.439,,.452,.536,.355,.318,.533,.412,,.607,.975,,.005,1,,.402,.410,,0,0,grahatr01
184,Jerami Grant,PF,23,OKC,81,1647,.535,7.8,,.759,.586,.121,.022,.031,.241,,.613,.685,.327,.500,.429,.291,,.731,.938,,.184,70,,.500,.273,,2,0,grantje01
185,Jerian Grant,PG,25,CHI,74,1686,.416,15.7,,.628,.199,.111,.131,.187,.372,,.468,.640,.268,.424,.436,.326,,.155,.656,,.010,5,,.080,.467,,4,0,grantje02
186,Josh Gray,PG,24,PHO,5,86,.268,12.1,,.683,.390,.073,.098,.122,.317,,.286,.375,.000,.250,.200,.231,,.000,.667,,.000,0,,.000,,,0,0,grayjo01
187,Danny Green,SG,30,SAS,70,1791,.387,17.2,,.430,.173,.102,.059,.096,.570,,.419,.546,.333,.242,.389,.363,,.624,.991,,.018,8,,.288,.446,,0,0,greenda02
188,Draymond Green,PF,27,GSW,70,2287,.454,13.4,,.586,.355,.111,.076,.044,.414,,.562,.695,.391,.362,.259,.301,,.716,.909,,.073,39,,.066,.118,,3,0,greendr01
189,Gerald Green,SG,32,HOU,41,929,.407,20.0,,.278,.121,.036,.070,.051,.722,,.504,.560,.400,.483,.476,.369,,.500,.773,,.036,13,,.262,.385,,2,0,greenge01
190,JaMychal Green,PF,27,MEM,55,1542,.457,10.5,,.740,.447,.086,.064,.143,.260,,.499,.624,.214,.226,.400,.339,,.583,.977,,.111,48,,.417,.358,,0,0,greenja01
191,Jeff Green,PF,31,CLE,78,1828,.477,11.2,,.725,.398,.146,.087,.095,.275,,.540,.699,.367,.259,.390,.312,,.583,.962,,.115,63,,.400,.338,,8,0,greenje02
192,Blake Griffin,PF,28,TOT,58,1970,.438,12.5,,.677,.284,.224,.060,.109,.323,,.482,.682,.377,.250,.303,.345,,.378,.694,,.055,46,,.112,.417,,2,0,griffbl01
192,Blake Griffin,PF,28,LAC,33,1139,.441,11.8,,.676,.337,.206,.059,.076,.324,,.488,.656,.378,.265,.205,.342,,.366,.734,,.067,33,,.107,.250,,1,0,griffbl01
192,Blake Griffin,PF,28,DET,25,831,.433,13.4,,.677,.211,.249,.062,.156,.323,,.473,.739,.375,.231,.369,.348,,.396,.638,,.038,13,,.119,.625,,1,0,griffbl01
193,Daniel Hamilton,SG,22,OKC,6,28,.455,14.5,,.545,.273,.091,.091,.091,.455,,.500,.667,.000,1.000,.000,.400,,.333,.500,,.000,0,,.600,.333,,0,0,hamilda02
194,Tim Hardaway Jr.,SG,25,NYK,57,1885,.421,16.4,,.521,.222,.089,.091,.119,.479,,.516,.642,.276,.513,.461,.317,,.504,.792,,.028,21,,.124,.373,,2,0,hardati02
195,James Harden,SG,28,HOU,72,2551,.449,15.3,,.502,.273,.118,.071,.039,.498,,.531,.658,.351,.437,.368,.367,,.088,.260,,.013,19,,.072,.327,,2,0,hardeja01
196,Maurice Harkless,SF,24,POR,59,1264,.495,11.2,,.603,.458,.098,.007,.040,.397,,.547,.618,.310,.500,.333,.415,,.602,.980,,.135,30,,.441,.404,,0,0,harklma01
197,Montrezl Harrell,C,24,LAC,76,1293,.635,3.5,,.987,.646,.268,.051,.020,.013,,.641,.734,.490,.429,.273,.143,,.669,.000,,.234,115,,.000,,,1,0,harremo01
198,Devin Harris,PG,34,TOT,71,1340,.412,15.5,,.500,.293,.117,.037,.053,.500,,.476,.632,.208,.412,.250,.348,,.556,.747,,.002,0,,.181,.439,,9,0,harride01
198,Devin Harris,PG,34,DAL,44,807,.415,14.0,,.560,.331,.137,.035,.056,.440,,.465,.628,.256,.200,.188,.352,,.608,.841,,.000,0,,.200,.320,,5,0,harride01
198,Devin Harris,PG,34,DEN,27,533,.406,17.9,,.400,.229,.082,.041,.047,.600,,.500,.641,.071,.714,.375,.343,,.441,.629,,.006,0,,.157,.625,,4,0,harride01
199,Gary Harris,SG,23,DEN,67,2304,.485,14.8,,.566,.250,.119,.097,.100,.434,,.553,.718,.417,.466,.385,.396,,.577,.891,,.052,46,,.208,.415,,1,0,harriga01
200,Joe Harris,SG,26,BRK,78,1975,.491,15.9,,.424,.258,.113,.027,.026,.576,,.589,.706,.429,.529,.188,.419,,.639,.947,,.010,4,,.218,.333,,1,0,harrijo01
201,Tobias Harris,PF,25,TOT,80,2668,.460,13.9,,.636,.212,.183,.156,.084,.364,,.488,.645,.402,.455,.343,.411,,.459,.869,,.048,53,,.227,.446,,1,0,harrito02
201,Tobias Harris,PF,25,DET,48,1563,.451,14.4,,.611,.192,.182,.165,.072,.389,,.478,.625,.426,.436,.314,.409,,.488,.858,,.049,32,,.217,.417,,1,0,harrito02
201,Tobias Harris,PF,25,LAC,32,1105,.473,13.1,,.670,.240,.186,.145,.100,.330,,.501,.667,.368,.486,.373,.414,,.424,.886,,.047,21,,.243,.488,,0,0,harrito02
202,Aaron Harrison,SG,23,DAL,9,233,.275,18.9,,.377,.116,.043,.087,.130,.623,,.385,.625,.333,.333,.222,.209,,.300,1.000,,.000,0,,.279,.083,,0,0,harriaa01
203,Andrew Harrison,PG,23,MEM,56,1326,.422,13.2,,.669,.301,.124,.082,.163,.331,,.467,.574,.396,.286,.414,.331,,.134,.745,,.005,1,,.289,.317,,0,0,harrian01
204,Shaquille Harrison,PG,24,PHO,23,384,.476,6.5,,.790,.677,.089,.024,.000,.210,,.541,.607,.091,.333,,.231,,.321,1.000,,.081,9,,.269,.429,,1,0,harrish01
205,Josh Hart,SG,22,LAL,63,1461,.469,15.1,,.475,.317,.061,.053,.043,.525,,.551,.681,.261,.300,.313,.396,,.633,.936,,.027,10,,.198,.513,,0,0,hartjo01
206,Udonis Haslem,C,37,MIA,14,72,.200,19.7,,.467,.000,.133,.067,.267,.533,,.286,,1.000,.000,.000,.125,,1.000,1.000,,.067,1,,.375,.333,,0,0,hasleud01
207,Nigel Hayes,SF,23,TOT,9,122,.333,17.4,,.515,.121,.061,.121,.212,.485,,.412,.250,.000,.750,.429,.250,,.571,1.000,,.000,0,,.563,.444,,0,0,hayesni01
207,Nigel Hayes,SF,23,LAL,2,11,.333,15.3,,.333,.333,.000,.000,.000,.667,,1.000,1.000,,,,.000,,1.000,,,.000,0,,1.000,.000,,0,0,hayesni01
207,Nigel Hayes,SF,23,TOR,2,6,1.000,22.5,,.000,.000,.000,.000,.000,1.000,,,,,,,1.000,,,1.000,,.000,0,,1.000,1.000,,0,0,hayesni01
207,Nigel Hayes,SF,23,SAC,5,105,.286,17.3,,.571,.107,.071,.143,.250,.429,,.375,.000,.000,.750,.429,.167,,.500,1.000,,.000,0,,.417,.400,,0,0,hayesni01
208,Gordon Hayward,SF,27,BOS,1,5,.500,17.0,,.500,.000,.500,.000,.000,.500,,1.000,,1.000,,,.000,,1.000,,,.000,0,,.000,,,0,0,haywago01
209,Reggie Hearn,SG,26,DET,3,7,.500,24.0,,.000,.000,.000,.000,.000,1.000,,,,,,,.500,,,1.000,,.000,0,,.500,1.000,,0,0,hearnre01
210,Myke Henry,SF,25,MEM,20,378,.376,15.3,,.468,.312,.046,.055,.055,.532,,.431,.529,.200,.333,.167,.328,,.500,.947,,.073,7,,.362,.476,,0,0,henrymy01
211,John Henson,C,27,MIL,76,1970,.572,4.5,,.986,.558,.317,.026,.084,.014,,.578,.707,.428,.462,.333,.143,,.815,1.000,,.227,102,,.143,.000,,2,0,hensojo01
212,Juancho Hernangómez,PF,22,DEN,25,277,.387,16.8,,.333,.200,.133,.000,.000,.667,,.600,.800,.300,,,.280,,.533,.929,,.027,2,,.340,.412,,0,0,hernaju01
213,Willy Hernangómez,C,23,TOT,48,495,.555,5.3,,.927,.573,.268,.043,.049,.073,,.566,.660,.455,.429,.125,.417,,.674,1.000,,.122,20,,.250,.667,,0,0,hernawi01
213,Willy Hernangómez,C,23,NYK,26,233,.605,5.5,,.938,.556,.272,.049,.062,.062,,.632,.733,.545,.500,.200,.200,,.688,1.000,,.148,12,,.000,,,0,0,hernawi01
213,Willy Hernangómez,C,23,CHO,22,262,.506,5.1,,.916,.590,.265,.036,.036,.084,,.500,.592,.364,.333,.000,.571,,.658,1.000,,.096,8,,.429,.667,,0,0,hernawi01
214,Mario Hezonja,SF,22,ORL,75,1657,.442,15.0,,.567,.246,.143,.063,.113,.433,,.523,.691,.375,.359,.443,.337,,.568,.878,,.057,34,,.131,.314,,0,0,hezonma01
215,Isaiah Hicks,PF,23,NYK,18,240,.458,7.3,,.875,.514,.181,.111,.069,.125,,.492,.649,.154,.500,.200,.222,,.806,1.000,,.194,13,,.333,.333,,0,0,hicksis01
216,Buddy Hield,SG,25,SAC,80,2024,.446,16.4,,.563,.160,.106,.105,.192,.437,,.457,.631,.364,.327,.436,.431,,.442,.773,,.015,13,,.164,.537,,2,0,hieldbu01
217,Nenê,C,35,HOU,52,758,.569,4.2,,.992,.632,.197,.088,.075,.008,,.574,.636,.511,.381,.444,.000,,.787,,,.197,41,,1.000,.000,,0,0,hilarne01
218,George Hill,PG,31,TOT,67,1812,.460,15.2,,.600,.189,.136,.119,.156,.400,,.490,.701,.371,.426,.388,.415,,.318,.753,,.010,5,,.322,.470,,1,0,hillge01
218,George Hill,PG,31,SAC,43,1143,.469,15.5,,.607,.172,.150,.132,.153,.393,,.480,.679,.429,.349,.420,.453,,.295,.741,,.006,2,,.211,.481,,1,0,hillge01
218,George Hill,PG,31,CLE,24,669,.444,14.8,,.588,.219,.112,.096,.160,.412,,.509,.732,.238,.611,.333,.351,,.357,.778,,.016,3,,.506,.462,,0,0,hillge01
219,Solomon Hill,SF,26,NOP,12,187,.268,16.4,,.488,.195,.244,.000,.049,.512,,.350,.625,.100,,.500,.190,,.286,1.000,,.024,1,,.190,.250,,1,0,hillso01
220,Darrun Hilliard,SG,24,SAS,14,95,.263,13.7,,.684,.158,.263,.053,.211,.316,,.385,.333,.200,.000,.750,.000,,.200,,,.000,0,,.167,.000,,0,0,hillida01
221,Jrue Holiday,SG,27,NOP,81,2927,.494,11.6,,.714,.298,.219,.110,.085,.286,,.557,.671,.487,.438,.500,.337,,.345,.708,,.030,31,,.163,.293,,2,0,holidjr01
222,Justin Holiday,SG,28,CHI,72,2265,.371,18.4,,.426,.130,.068,.075,.151,.574,,.387,.539,.283,.305,.347,.359,,.705,.957,,.024,19,,.301,.356,,4,0,holidju01
223,John Holland,SF,29,CLE,24,174,.288,17.7,,.390,.186,.051,.085,.068,.610,,.261,.364,.333,.200,.000,.306,,.500,.818,,.051,2,,.250,.222,,0,0,hollajo02
224,Rondae Hollis-Jefferson,SF,23,BRK,68,1920,.472,7.6,,.925,.377,.273,.206,.069,.075,,.491,.597,.369,.477,.440,.241,,.556,1.000,,.041,29,,.500,.333,,1,0,holliro01
225,Richaun Holmes,C,24,PHI,48,746,.560,7.1,,.871,.510,.220,.087,.058,.129,,.624,.797,.415,.381,.214,.129,,.771,1.000,,.290,67,,.097,.000,,1,0,holmeri01
226,Rodney Hood,SG,25,TOT,60,1616,.429,16.9,,.557,.101,.149,.152,.154,.443,,.467,.658,.420,.430,.422,.381,,.369,.732,,.025,19,,.162,.389,,1,0,hoodro01
226,Rodney Hood,SG,25,UTA,39,1084,.424,17.6,,.525,.087,.130,.139,.168,.475,,.455,.625,.431,.416,.419,.389,,.318,.706,,.020,11,,.141,.351,,0,0,hoodro01
226,Rodney Hood,SG,25,CLE,21,532,.442,14.8,,.643,.141,.201,.186,.116,.357,,.492,.714,.400,.459,.435,.352,,.476,.840,,.040,8,,.239,.471,,1,0,hoodro01
227,Scotty Hopson,SG,28,DAL,1,8,.000,2.0,,1.000,1.000,.000,.000,.000,.000,,.000,.000,,,,,,,,,.000,0,,,,,0,0,hopsosc01
228,Al Horford,C,31,BOS,72,2277,.489,12.8,,.700,.198,.255,.143,.104,.300,,.514,.738,.438,.380,.462,.429,,.572,.948,,.062,45,,.159,.528,,0,0,horfoal01
229,Danuel House Jr.,SG,24,PHO,23,403,.434,13.5,,.550,.372,.109,.008,.062,.450,,.577,.688,.357,1.000,.250,.259,,.512,.867,,.147,16,,.293,.412,,1,0,houseda01
230,Dwight Howard,C,32,CHO,81,2463,.555,4.7,,.992,.568,.280,.053,.092,.008,,.559,.700,.392,.313,.333,.143,,.570,1.000,,.210,174,,.000,,,2,0,howardw01
231,Josh Huestis,PF,26,OKC,69,982,.330,16.4,,.368,.275,.038,.022,.033,.632,,.403,.480,.143,.000,.333,.287,,.556,1.000,,.115,17,,.357,.268,,0,0,huestjo01
232,R.J. Hunter,SG,24,HOU,5,45,.350,19.4,,.300,.200,.050,.000,.050,.700,,.667,.750,.000,,1.000,.214,,.500,.333,,.000,0,,.143,.500,,0,0,hunterj01
233,Vince Hunter,PF,23,MEM,4,7,.600,5.8,,1.000,.600,.000,.200,.200,.000,,.600,.667,,.000,1.000,,,1.000,,,.000,0,,,,,0,0,huntevi01
234,Serge Ibaka,PF,28,TOR,76,2093,.483,15.1,,.621,.162,.154,.154,.151,.379,,.559,.724,.479,.521,.500,.360,,.699,.953,,.060,45,,.152,.444,,0,0,ibakase01
235,Andre Iguodala,SF,34,GSW,64,1622,.463,13.7,,.634,.313,.113,.081,.128,.366,,.567,.760,.389,.385,.366,.282,,.591,.848,,.166,52,,.179,.143,,3,0,iguodan01
236,Ersan İlyasova,PF,30,TOT,69,1729,.452,13.9,,.587,.299,.104,.085,.100,.413,,.517,.623,.375,.385,.459,.360,,.753,.967,,.013,7,,.269,.485,,0,0,ilyaser01
236,Ersan İlyasova,PF,30,ATL,46,1175,.459,14.1,,.576,.299,.085,.080,.112,.424,,.532,.617,.441,.469,.422,.359,,.797,.967,,.015,6,,.365,.484,,0,0,ilyaser01
236,Ersan İlyasova,PF,30,PHI,23,554,.439,13.6,,.608,.297,.142,.094,.075,.392,,.488,.635,.300,.250,.563,.361,,.667,.967,,.009,1,,.072,.500,,0,0,ilyaser01
237,Joe Ingles,SF,30,UTA,82,2578,.467,18.0,,.354,.164,.103,.040,.046,.646,,.516,.678,.392,.379,.333,.440,,.359,.848,,.008,6,,.295,.526,,1,0,inglejo01
238,Andre Ingram,SG,32,LAL,2,64,.471,18.9,,.471,.000,.118,.353,.000,.529,,.375,,.000,.500,,.556,,1.000,1.000,,.000,0,,.111,1.000,,0,0,ingraan01
239,Brandon Ingram,SF,20,LAL,59,1975,.470,10.1,,.862,.375,.152,.135,.200,.138,,.483,.670,.207,.350,.434,.390,,.363,.951,,.074,53,,.276,.448,,1,0,ingrabr01
240,Kyrie Irving,PG,25,BOS,60,1931,.491,14.5,,.626,.223,.158,.132,.112,.374,,.541,.649,.436,.479,.549,.408,,.264,.530,,.002,2,,.123,.420,,1,0,irvinky01
241,Jonathan Isaac,PF,20,ORL,27,536,.379,13.8,,.683,.186,.124,.193,.179,.317,,.394,.815,.500,.143,.154,.348,,.667,1.000,,.110,14,,.413,.263,,0,0,isaacjo01
242,Wes Iwundu,SF,23,ORL,62,1020,.427,10.0,,.789,.390,.165,.110,.124,.211,,.488,.635,.361,.375,.296,.196,,.560,1.000,,.055,11,,.522,.250,,0,0,iwundwe01
243,Jarrett Jack,PG,34,NYK,62,1548,.427,14.2,,.806,.124,.212,.174,.296,.194,,.459,.655,.457,.416,.405,.291,,.195,.600,,.000,0,,.128,.273,,2,0,jackja01
244,Aaron Jackson,PG,31,HOU,1,35,.333,13.7,,.556,.222,.333,.000,.000,.444,,.400,.500,.333,,,.250,,.500,.000,,.000,0,,.250,.000,,0,0,jacksaa01
245,Demetrius Jackson,PG,23,TOT,15,80,.389,10.1,,.611,.611,.000,.000,.000,.389,,.545,.545,,,,.143,,.167,.000,,.056,1,,.143,.000,,0,0,jacksde01
245,Demetrius Jackson,PG,23,HOU,12,63,.286,10.9,,.571,.571,.000,.000,.000,.429,,.500,.500,,,,.000,,.250,,,.071,1,,.167,.000,,0,0,jacksde01
245,Demetrius Jackson,PG,23,PHI,3,17,.750,7.3,,.750,.750,.000,.000,.000,.250,,.667,.667,,,,1.000,,.000,.000,,.000,0,,.000,,,0,0,jacksde01
246,Josh Jackson,SF,20,PHO,77,1959,.417,10.7,,.767,.349,.193,.111,.115,.233,,.464,.578,.406,.320,.355,.263,,.361,.912,,.082,65,,.235,.294,,3,0,jacksjo02
247,Justin Jackson,SF,22,SAC,68,1506,.442,15.4,,.558,.186,.150,.112,.110,.442,,.547,.756,.460,.426,.435,.308,,.711,1.000,,.024,10,,.384,.366,,2,0,jacksju01
248,Reggie Jackson,PG,27,DET,45,1201,.426,13.7,,.707,.156,.251,.172,.128,.293,,.475,.600,.434,.515,.351,.308,,.088,.577,,.009,3,,.142,.417,,3,0,jacksre01
249,LeBron James,PF,33,CLE,82,3026,.542,10.9,,.743,.423,.114,.089,.118,.257,,.603,.766,.378,.421,.371,.367,,.301,.356,,.080,120,,.084,.382,,1,0,jamesle01
250,Mike James,PG,27,TOT,36,687,.383,13.2,,.695,.240,.199,.115,.137,.305,,.435,.558,.438,.351,.295,.265,,.082,.269,,.028,5,,.112,.545,,1,0,jamesmi02
250,Mike James,PG,27,PHO,32,669,.388,13.2,,.689,.247,.202,.103,.135,.311,,.442,.558,.444,.344,.310,.268,,.084,.269,,.029,5,,.113,.545,,1,0,jamesmi02
250,Mike James,PG,27,NOP,4,18,.222,14.3,,.889,.000,.111,.556,.222,.111,,.250,,.000,.400,.000,.000,,.000,,,.000,0,,.000,,,0,0,jamesmi02
251,Al Jefferson,C,33,IND,36,484,.534,8.3,,.986,.284,.303,.226,.173,.014,,.541,.576,.571,.617,.333,.000,,.595,,,.043,9,,.000,,,0,0,jeffeal01
252,Richard Jefferson,SF,37,DEN,20,163,.444,11.0,,.741,.222,.333,.148,.037,.259,,.500,.667,.444,.500,.000,.286,,.500,.500,,.037,1,,.000,,,0,0,jefferi01
253,Brandon Jennings,PG,28,MIL,14,205,.375,16.9,,.542,.125,.125,.125,.167,.458,,.462,.556,.333,.333,.583,.273,,.222,.667,,.000,0,,.121,.250,,0,0,jennibr01
254,Jonas Jerebko,PF,30,UTA,74,1134,.466,14.0,,.540,.261,.176,.041,.062,.460,,.511,.708,.300,.500,.286,.414,,.691,1.000,,.038,13,,.420,.530,,0,0,jerebjo01
255,Amir Johnson,C,30,PHI,74,1171,.538,6.5,,.877,.431,.385,.038,.027,.123,,.570,.714,.450,.200,.429,.313,,.654,1.000,,.077,17,,.281,.333,,1,0,johnsam01
256,Brice Johnson,PF,23,TOT,18,98,.476,9.0,,.976,.333,.262,.095,.286,.024,,.488,.714,.364,.750,.250,.000,,.650,,,.048,2,,.000,,,0,0,johnsbr02
256,Brice Johnson,PF,23,LAC,9,38,.636,11.0,,.909,.273,.182,.091,.364,.091,,.700,1.000,.500,1.000,.500,.000,,.429,,,.000,0,,.000,,,0,0,johnsbr02
256,Brice Johnson,PF,23,MEM,9,60,.419,8.3,,1.000,.355,.290,.097,.258,.000,,.419,.636,.333,.667,.125,,,.769,,,.065,2,,,,,0,0,johnsbr02
257,Dakari Johnson,C,22,OKC,31,161,.564,3.9,,1.000,.538,.308,.128,.026,.000,,.564,.619,.417,.600,1.000,,,.727,,,.128,5,,,,,0,0,johnsda04
258,James Johnson,PF,30,MIA,73,1943,.503,10.9,,.699,.383,.181,.064,.072,.301,,.587,.698,.486,.436,.386,.308,,.413,.912,,.094,49,,.378,.314,,1,0,johnsja01
259,Joe Johnson,SF,36,TOT,55,1205,.406,16.2,,.597,.033,.244,.189,.131,.403,,.493,.667,.523,.471,.426,.276,,.226,.975,,.003,0,,.386,.321,,1,0,johnsjo02
259,Joe Johnson,SF,36,UTA,32,700,.420,16.0,,.628,.031,.243,.208,.146,.372,,.507,.714,.545,.447,.485,.274,,.250,.957,,.004,0,,.381,.281,,0,0,johnsjo02
259,Joe Johnson,SF,36,HOU,23,505,.381,16.5,,.545,.037,.246,.157,.104,.455,,.466,.600,.485,.524,.286,.279,,.176,1.000,,.000,0,,.393,.375,,1,0,johnsjo02
260,Omari Johnson,PF,28,MEM,4,75,.429,17.0,,.429,.238,.095,.000,.095,.571,,.556,.800,.500,,.000,.333,,.400,1.000,,.000,0,,.167,.500,,0,0,johnsom01
261,Stanley Johnson,SF,21,DET,69,1894,.375,14.8,,.582,.220,.157,.084,.121,.418,,.439,.659,.227,.340,.382,.286,,.371,.970,,.023,10,,.303,.282,,3,0,johnsst04
262,Tyler Johnson,PG,25,MIA,72,2052,.435,16.0,,.544,.198,.118,.082,.146,.456,,.491,.638,.429,.379,.404,.367,,.532,.950,,.031,21,,.287,.366,,1,0,johnsty01
263,Wesley Johnson,SF,30,LAC,74,1486,.408,17.5,,.519,.155,.038,.079,.247,.481,,.471,.649,.286,.379,.418,.339,,.756,.900,,.046,16,,.537,.389,,1,0,johnswe01
264,Nikola Jokić,C,22,DEN,75,2443,.499,11.9,,.723,.225,.287,.113,.096,.277,,.538,.674,.500,.456,.443,.396,,.542,.892,,.009,8,,.075,.571,,3,0,jokicni01
265,Damian Jones,C,22,GSW,15,89,.500,5.6,,1.000,.500,.273,.045,.182,.000,,.500,.818,.333,.000,.000,,,.818,,,.273,5,,,,,0,0,jonesda03
266,Derrick Jones Jr.,SF,20,TOT,20,245,.396,10.4,,.660,.358,.245,.057,.000,.340,,.514,.684,.385,.000,,.167,,.278,1.000,,.132,7,,.444,.250,,0,0,jonesde02
266,Derrick Jones Jr.,SF,20,PHO,6,33,.500,12.5,,.500,.500,.000,.000,.000,.500,,1.000,1.000,,,,.000,,.500,,,.250,1,,.500,.000,,0,0,jonesde02
266,Derrick Jones Jr.,SF,20,MIA,14,212,.388,10.2,,.673,.347,.265,.061,.000,.327,,.485,.647,.385,.000,,.188,,.250,1.000,,.122,6,,.438,.286,,0,0,jonesde02
267,Jalen Jones,SF,24,TOT,16,181,.382,11.4,,.618,.382,.176,.029,.015,.382,,.381,.538,.083,.500,.000,.385,,.438,.700,,.029,2,,.192,.400,,0,0,jonesja04
267,Jalen Jones,SF,24,NOP,4,19,.250,8.5,,.750,.250,.500,.000,.000,.250,,.000,.000,.000,,,1.000,,,1.000,,.000,0,,.000,,,0,0,jonesja04
267,Jalen Jones,SF,24,DAL,12,162,.391,11.6,,.609,.391,.156,.031,.016,.391,,.410,.560,.100,.500,.000,.360,,.438,.667,,.031,2,,.200,.400,,0,0,jonesja04
268,Tyus Jones,PG,21,MIN,82,1467,.457,14.0,,.607,.229,.186,.113,.079,.393,,.528,.680,.377,.514,.462,.349,,.381,.933,,.009,2,,.333,.372,,2,0,jonesty01
269,DeAndre Jordan,C,29,LAC,77,2424,.645,1.3,,1.000,.843,.145,.005,.002,.000,,.645,.702,.357,.333,.000,,,.665,,,.401,212,,,,,0,0,jordade01
270,Cory Joseph,PG,26,IND,82,2210,.424,15.4,,.685,.171,.106,.152,.255,.315,,.457,.602,.422,.435,.390,.353,,.270,.910,,.000,0,,.242,.370,,2,0,josepco01
271,Frank Kaminsky,PF,24,CHO,79,1835,.429,14.2,,.617,.170,.251,.130,.066,.383,,.459,.672,.378,.430,.277,.380,,.517,.990,,.022,15,,.077,.286,,0,0,kaminfr01
272,Luke Kennard,SG,21,DET,73,1463,.443,16.5,,.581,.133,.135,.127,.185,.419,,.463,.597,.302,.441,.500,.415,,.528,.975,,.011,5,,.144,.393,,0,0,kennalu01
273,Michael Kidd-Gilchrist,SF,24,CHO,74,1850,.504,8.3,,.996,.404,.188,.146,.259,.004,,.505,.690,.343,.463,.359,.000,,.674,,,.052,25,,.500,.000,,1,0,kiddgmi01
274,Sean Kilpatrick,SG,28,TOT,52,640,.374,15.8,,.510,.218,.129,.065,.099,.490,,.427,.547,.342,.316,.345,.319,,.469,.761,,.003,1,,.278,.325,,2,0,kilpase01
274,Sean Kilpatrick,SG,28,BRK,16,183,.287,16.4,,.506,.172,.149,.080,.103,.494,,.318,.400,.308,.143,.333,.256,,.500,.636,,.000,0,,.163,.286,,2,0,kilpase01
274,Sean Kilpatrick,SG,28,MIL,23,205,.378,16.2,,.439,.195,.146,.061,.037,.561,,.500,.688,.417,.200,.333,.283,,.333,1.000,,.000,0,,.391,.278,,0,0,kilpase01
274,Sean Kilpatrick,SG,28,LAC,4,38,.389,15.2,,.611,.222,.111,.111,.167,.389,,.364,.500,.500,.500,.000,.429,,.750,.333,,.000,0,,.286,.500,,0,0,kilpase01
274,Sean Kilpatrick,SG,28,CHI,9,214,.439,15.0,,.551,.271,.103,.047,.131,.449,,.475,.552,.273,.600,.429,.396,,.500,.737,,.009,1,,.271,.385,,0,0,kilpase01
275,Maxi Kleber,PF,26,DAL,72,1206,.489,12.8,,.586,.366,.094,.065,.061,.414,,.613,.690,.586,.450,.368,.313,,.793,1.000,,.155,44,,.406,.365,,1,0,klebima01
276,Furkan Korkmaz,SG,20,PHI,14,80,.286,19.5,,.393,.107,.071,.107,.107,.607,,.273,1.000,.000,.000,.000,.294,,.333,1.000,,.036,1,,.118,.000,,0,0,korkmfu01
277,Luke Kornet,C,22,NYK,20,326,.392,18.2,,.368,.192,.080,.056,.040,.632,,.457,.708,.100,.429,.000,.354,,.810,.964,,.056,7,,.114,.333,,0,0,kornelu01
278,Kyle Korver,SG,36,CLE,73,1574,.459,22.1,,.223,.062,.017,.037,.107,.777,,.537,.733,.500,.500,.442,.436,,.948,.976,,.000,0,,.223,.512,,1,0,korveky01
279,Kosta Koufos,C,28,SAC,71,1391,.571,5.0,,1.000,.391,.476,.131,.003,.000,,.571,.711,.476,.490,1.000,,,.689,,,.064,24,,,,,0,0,koufoko01
280,Kyle Kuzma,PF,22,LAL,77,2401,.450,14.1,,.582,.257,.176,.074,.073,.418,,.511,.640,.443,.364,.382,.366,,.531,.881,,.035,29,,.180,.372,,1,0,kuzmaky01
281,Mindaugas Kuzminskas,SF,28,NYK,1,2,.000,4.0,,1.000,.500,.500,.000,.000,.000,,.000,.000,.000,,,,,,,,.000,0,,,,,0,0,kuzmimi01
282,Skal Labissière,PF,21,SAC,60,1240,.448,9.9,,.889,.255,.310,.175,.148,.111,,.459,.692,.380,.375,.324,.353,,.556,1.000,,.114,46,,.039,1.000,,1,0,labissk01
283,Jeremy Lamb,SG,25,CHO,80,1967,.457,13.9,,.695,.204,.177,.154,.160,.305,,.495,.647,.442,.477,.376,.370,,.399,.681,,.025,19,,.181,.435,,4,0,lambje01
284,Shane Larkin,PG,25,BOS,54,775,.384,15.3,,.607,.242,.096,.068,.201,.393,,.398,.528,.429,.267,.273,.360,,.264,.774,,.000,0,,.151,.462,,0,0,larkish01
285,Joffrey Lauvergne,C,26,SAS,55,534,.516,4.5,,.974,.542,.358,.047,.026,.026,,.530,.660,.353,.333,.600,.000,,.643,,,.132,21,,.600,.000,,1,0,lauvejo01
286,Zach LaVine,SG,22,CHI,24,656,.383,13.3,,.654,.318,.121,.059,.155,.346,,.405,.549,.233,.381,.255,.341,,.309,.476,,.045,13,,.114,.214,,0,0,lavinza01
287,Jake Layman,SF,23,POR,35,160,.298,15.2,,.574,.213,.106,.106,.149,.426,,.370,.700,.000,.200,.286,.200,,.600,1.000,,.085,3,,.250,.400,,0,0,laymaja01
288,T.J. Leaf,PF,20,IND,53,459,.471,11.3,,.691,.360,.162,.096,.074,.309,,.489,.612,.318,.462,.300,.429,,.500,1.000,,.051,7,,.333,.357,,0,0,leaftj01
289,Courtney Lee,SG,32,NYK,76,2310,.454,15.8,,.632,.166,.099,.151,.216,.368,,.482,.648,.440,.491,.368,.406,,.491,.796,,.007,4,,.299,.470,,0,0,leeco01
290,Damion Lee,SG,25,ATL,15,404,.408,14.6,,.605,.178,.217,.132,.079,.395,,.511,.778,.303,.450,.583,.250,,.660,1.000,,.000,0,,.300,.389,,1,0,leeda03
291,Walt Lemon Jr.,PG,25,NOP,5,35,.438,5.1,,.938,.375,.500,.000,.063,.063,,.400,.500,.375,,.000,1.000,,.333,1.000,,.063,1,,.000,,,0,0,lemonwa01
292,Alex Len,C,24,PHO,69,1395,.566,2.7,,.992,.733,.167,.053,.040,.008,,.568,.646,.349,.500,.133,.333,,.676,1.000,,.288,95,,.000,,,0,0,lenal01
293,Kawhi Leonard,SF,26,SAS,9,210,.468,14.0,,.685,.207,.108,.252,.117,.315,,.539,.739,.417,.500,.385,.314,,.122,.636,,.027,2,,.143,.200,,0,0,leonaka01
294,Meyers Leonard,C,25,POR,33,254,.590,13.4,,.667,.244,.128,.154,.141,.333,,.673,.789,.600,.667,.545,.423,,.771,1.000,,.103,8,,.154,.500,,0,0,leoname01
295,Jon Leuer,PF,28,DET,8,136,.417,8.1,,.917,.389,.194,.222,.111,.083,,.455,.714,.143,.500,.000,.000,,.867,,,.028,1,,.667,.000,,0,0,leuerjo01
296,Caris LeVert,SF,23,BRK,71,1864,.435,12.1,,.667,.310,.190,.103,.063,.333,,.480,.654,.321,.342,.326,.347,,.302,.729,,.044,32,,.131,.281,,0,0,leverca01
297,DeAndre Liggins,SG,29,TOT,58,724,.377,16.8,,.500,.189,.104,.038,.170,.500,,.396,.450,.273,.250,.444,.358,,.429,.947,,.000,0,,.566,.267,,1,0,liggide01
297,DeAndre Liggins,SG,29,MIL,31,480,.338,17.8,,.446,.154,.108,.031,.154,.554,,.379,.300,.286,.500,.500,.306,,.636,.909,,.000,0,,.556,.250,,1,0,liggide01
297,DeAndre Liggins,SG,29,NOP,27,244,.439,15.2,,.585,.244,.098,.049,.195,.415,,.417,.600,.250,.000,.375,.471,,.200,1.000,,.000,0,,.588,.300,,0,0,liggide01
298,Damian Lillard,PG,27,POR,73,2670,.439,15.6,,.555,.271,.088,.079,.117,.445,,.501,.552,.452,.429,.473,.361,,.180,.436,,.009,11,,.040,.400,,0,0,lillada01
299,Jeremy Lin,PG,29,BRK,1,25,.417,9.7,,.833,.500,.083,.083,.167,.167,,.400,.500,.000,.000,.500,.500,,.250,.000,,.000,0,,.000,,,0,0,linje01
300,Shaun Livingston,PG,32,GSW,71,1129,.501,9.3,,.985,.236,.192,.461,.096,.015,,.509,.716,.470,.437,.424,.000,,.529,,,.093,31,,.400,.000,,1,0,livinsh01
301,Kevon Looney,C,21,GSW,66,910,.580,4.8,,.974,.627,.202,.073,.067,.026,,.590,.744,.205,.643,.308,.200,,.685,1.000,,.218,39,,.000,,,2,0,looneke01
302,Brook Lopez,C,29,LAL,74,1735,.465,14.2,,.590,.178,.251,.130,.032,.410,,.549,.745,.503,.427,.320,.345,,.545,.982,,.059,44,,.123,.425,,0,0,lopezbr01
303,Robin Lopez,C,29,CHI,64,1690,.530,7.6,,.978,.315,.392,.085,.186,.022,,.536,.729,.498,.364,.367,.286,,.731,.750,,.056,34,,.000,,,0,0,lopezro01
304,Kevin Love,C,29,CLE,59,1651,.458,14.9,,.547,.243,.122,.095,.089,.453,,.494,.661,.315,.391,.385,.415,,.645,.978,,.008,5,,.297,.378,,0,0,loveke01
305,Kyle Lowry,PG,31,TOR,78,2510,.427,18.5,,.369,.175,.085,.055,.054,.631,,.474,.655,.275,.327,.353,.399,,.267,.643,,.000,0,,.102,.475,,1,0,lowryky01
306,Timothé Luwawu-Cabarrot,SF,22,PHI,52,807,.375,16.2,,.408,.288,.075,.004,.041,.592,,.431,.545,.100,1.000,.182,.335,,.851,.962,,.011,1,,.291,.348,,0,0,luwawti01
307,Tyler Lydon,PF,21,DEN,1,2,,,,,,,,,,,,,,,,,,,,,,0,,,,,0,0,lydonty01
308,Trey Lyles,PF,22,DEN,73,1391,.491,12.9,,.604,.300,.185,.078,.040,.396,,.563,.697,.392,.535,.409,.381,,.642,.988,,.080,40,,.188,.366,,3,0,lylestr01
309,Shelvin Mack,PG,27,ORL,69,1365,.430,13.1,,.664,.229,.225,.118,.092,.336,,.473,.705,.355,.327,.368,.345,,.323,.688,,.000,0,,.137,.421,,0,0,macksh01
310,Josh Magette,PG,28,ATL,18,216,.326,20.6,,.522,.022,.130,.130,.239,.478,,.292,.000,.333,.167,.364,.364,,.286,.750,,.000,0,,.045,1.000,,2,0,magetjo01
311,Ian Mahinmi,C,31,WAS,77,1145,.556,3.3,,.992,.621,.310,.044,.012,.008,,.561,.669,.403,.364,.000,.000,,.623,,,.173,37,,.000,,,1,0,mahinia01
312,Thon Maker,C,20,MIL,74,1238,.411,13.4,,.671,.285,.130,.104,.152,.329,,.467,.544,.317,.364,.521,.298,,.899,1.000,,.101,27,,.452,.340,,1,0,makerth01
313,Boban Marjanović,C,29,TOT,39,337,.534,4.0,,1.000,.453,.432,.088,.027,.000,,.534,.731,.391,.308,.250,,,.620,,,.155,20,,,,,0,0,marjabo01
313,Boban Marjanović,C,29,DET,19,171,.519,4.7,,1.000,.329,.557,.076,.038,.000,,.519,.692,.455,.333,.333,,,.707,,,.114,7,,,,,0,0,marjabo01
313,Boban Marjanović,C,29,LAC,20,166,.551,3.3,,1.000,.594,.290,.101,.014,.000,,.551,.756,.250,.286,.000,,,.526,,,.203,13,,,,,0,0,marjabo01
314,Lauri Markkanen,PF,20,CHI,68,2020,.434,15.1,,.535,.244,.118,.080,.093,.465,,.497,.676,.343,.348,.350,.362,,.642,.966,,.079,63,,.115,.326,,1,0,markkla01
315,Jarell Martin,PF,23,MEM,73,1661,.446,10.8,,.802,.413,.091,.091,.208,.198,,.470,.571,.244,.422,.388,.347,,.636,1.000,,.095,38,,.418,.341,,2,0,martija01
316,Frank Mason III,PG,23,SAC,52,984,.379,12.4,,.774,.279,.203,.100,.192,.226,,.384,.462,.299,.316,.397,.360,,.257,.484,,.003,1,,.105,.333,,4,0,masonfr01
317,Mangok Mathiang,C,25,CHO,4,20,.571,2.0,,1.000,.857,.143,.000,.000,.000,,.571,.500,1.000,,,,,1.000,,,.429,3,,,,,0,0,mathima01
318,Wesley Matthews,SF,31,DAL,63,2131,.406,18.4,,.423,.096,.118,.106,.103,.577,,.441,.507,.439,.459,.361,.381,,.392,.882,,.000,0,,.209,.464,,1,0,matthwe02
319,Luc Mbah a Moute,PF,31,HOU,61,1564,.481,13.2,,.499,.403,.075,.000,.020,.501,,.599,.676,.346,,.000,.364,,.777,.984,,.072,25,,.410,.282,,0,0,mbahalu01
320,James Michael McAdoo,PF,25,PHI,3,18,.286,24.9,,.000,.000,.000,.000,.000,1.000,,,,,,,.286,,,1.000,,.000,0,,.143,1.000,,0,0,mcadoja01
321,Patrick McCaw,SG,22,GSW,57,961,.409,12.9,,.644,.347,.133,.062,.107,.356,,.503,.654,.333,.357,.292,.238,,.699,1.000,,.058,8,,.275,.455,,1,0,mccawpa01
322,CJ McCollum,SG,26,POR,81,2923,.443,14.4,,.684,.183,.153,.169,.179,.316,,.465,.547,.400,.469,.431,.397,,.218,.624,,.007,11,,.124,.356,,0,0,mccolcj01
323,T.J. McConnell,PG,25,PHI,76,1706,.499,10.8,,.853,.233,.247,.278,.095,.147,,.510,.663,.481,.444,.400,.435,,.311,1.000,,.000,0,,.371,.609,,4,0,mccontj01
324,Erik McCree,SF,24,UTA,4,8,.000,13.5,,.500,.500,.000,.000,.000,.500,,.000,.000,,,,.000,,,,,.000,0,,.000,,,0,0,mccreer01
325,Chris McCullough,PF,22,WAS,19,90,.429,10.4,,.810,.357,.167,.190,.095,.190,,.500,.733,.000,.625,.250,.125,,.882,1.000,,.214,8,,.000,,,0,0,mcculch01
326,Doug McDermott,SF,26,TOT,81,1768,.467,14.1,,.575,.311,.085,.065,.114,.425,,.497,.652,.372,.303,.276,.426,,.841,1.000,,.037,17,,.301,.508,,0,0,mcderdo01
326,Doug McDermott,SF,26,NYK,55,1172,.460,13.7,,.582,.348,.070,.055,.110,.418,,.513,.658,.261,.389,.278,.387,,.806,1.000,,.040,11,,.307,.429,,0,0,mcderdo01
326,Doug McDermott,SF,26,DAL,26,596,.478,14.8,,.561,.244,.111,.083,.122,.439,,.465,.636,.500,.200,.273,.494,,.915,1.000,,.033,6,,.291,.652,,0,0,mcderdo01
327,JaVale McGee,C,30,GSW,65,615,.621,4.4,,.973,.621,.215,.073,.064,.027,,.638,.750,.489,.250,.500,.000,,.824,,,.356,75,,.167,.000,,0,0,mcgeeja01
328,Rodney McGruder,SG,26,MIA,18,299,.493,14.3,,.521,.219,.178,.055,.068,.479,,.553,.875,.308,.500,.200,.429,,.571,.867,,.000,0,,.657,.348,,0,0,mcgruro01
329,Trey McKinney-Jones,SG,27,IND,1,1,,,,,,,,,,,,,,,,,,,,,,0,,,,,0,0,mckintr01
330,Alfonzo McKinnie,SF,25,TOR,14,53,.533,16.7,,.400,.133,.200,.000,.067,.600,,.833,1.000,.667,,1.000,.333,,.600,1.000,,.067,1,,.556,.400,,0,0,mckinal01
331,Ben McLemore,SG,24,MEM,56,1091,.421,14.8,,.574,.241,.126,.062,.145,.426,,.477,.600,.340,.522,.370,.346,,.706,.964,,.024,8,,.283,.378,,1,0,mclembe01
332,Josh McRoberts,PF,30,DAL,2,6,.000,25.0,,.000,.000,.000,.000,.000,1.000,,,,,,,.000,,,,,.000,0,,.000,,,0,0,mcrobjo01
333,Jodie Meeks,SG,30,WAS,77,1119,.399,17.8,,.466,.120,.120,.099,.127,.534,,.464,.723,.468,.282,.360,.343,,.765,.944,,.003,0,,.200,.357,,0,0,meeksjo01
334,Salah Mejri,C,31,DAL,61,729,.642,2.6,,.978,.788,.161,.000,.029,.022,,.657,.713,.455,,.250,.000,,.693,,,.255,30,,.000,,,0,0,mejrisa01
335,Jordan Mickey,PF,23,MIA,23,284,.476,7.6,,.805,.500,.232,.037,.037,.195,,.561,.610,.526,.000,.667,.125,,.649,1.000,,.159,9,,.438,.286,,0,0,mickejo01
336,Khris Middleton,SF,26,MIL,82,2982,.466,15.1,,.680,.140,.133,.218,.189,.320,,.517,.629,.444,.545,.452,.359,,.427,.842,,.023,27,,.199,.432,,1,0,middlkh01
337,C.J. Miles,SF,30,TOR,70,1337,.379,20.8,,.242,.095,.065,.032,.048,.758,,.434,.667,.256,.368,.276,.361,,.635,.933,,.025,12,,.196,.494,,2,0,milescj01
338,Darius Miller,SF,27,NOP,82,1944,.444,21.9,,.265,.021,.039,.072,.133,.735,,.535,.600,.421,.571,.538,.411,,.594,.959,,.002,1,,.196,.557,,1,0,milleda01
339,Malcolm Miller,SF,24,TOR,15,126,.464,18.5,,.250,.250,.000,.000,.000,.750,,.714,.714,,,,.381,,1.000,1.000,,.071,2,,.333,.429,,0,0,millema01
340,Patty Mills,PG,29,SAS,82,2107,.411,19.9,,.393,.111,.043,.023,.216,.607,,.470,.579,.379,.438,.435,.372,,.476,.760,,.000,0,,.147,.459,,2,0,millspa02
341,Paul Millsap,PF,32,DEN,38,1143,.464,11.3,,.740,.200,.326,.168,.048,.260,,.506,.644,.486,.452,.238,.345,,.491,.949,,.039,16,,.177,.500,,1,0,millspa01
342,Nikola Mirotić,PF,26,TOT,55,1494,.447,16.8,,.477,.196,.095,.088,.095,.523,,.525,.672,.523,.317,.431,.377,,.643,.889,,.020,14,,.190,.412,,0,0,mirotni01
342,Nikola Mirotić,PF,26,CHI,25,622,.474,17.1,,.467,.185,.096,.083,.099,.533,,.525,.696,.448,.360,.433,.429,,.595,.870,,.017,5,,.174,.536,,0,0,mirotni01
342,Nikola Mirotić,PF,26,NOP,30,872,.427,16.5,,.484,.204,.094,.092,.092,.516,,.524,.654,.583,.286,.429,.335,,.680,.909,,.024,9,,.203,.325,,0,0,mirotni01
343,Donovan Mitchell,SG,21,UTA,79,2638,.437,14.4,,.596,.260,.147,.096,.094,.404,,.502,.638,.380,.374,.445,.340,,.248,.658,,.036,42,,.109,.500,,2,0,mitchdo01
344,Naz Mitrou-Long,SG,24,UTA,1,1,1.000,25.0,,.000,.000,.000,.000,.000,1.000,,,,,,,1.000,,,1.000,,.000,0,,.000,,,0,0,mitrona01
345,Malik Monk,SG,19,CHO,63,854,.360,19.3,,.428,.101,.085,.082,.160,.572,,.385,.605,.361,.286,.309,.342,,.386,.627,,.014,6,,.177,.349,,4,0,monkma01
346,Greg Monroe,C,27,TOT,51,1040,.565,3.7,,1.000,.516,.396,.044,.044,.000,,.565,.729,.379,.412,.471,,,.514,,,.023,7,,,,,0,0,monrogr01
346,Greg Monroe,C,27,MIL,5,79,.485,4.6,,1.000,.485,.364,.091,.061,.000,,.485,.563,.417,.667,.000,,,.625,,,.000,0,,,,,0,0,monrogr01
346,Greg Monroe,C,27,PHO,20,465,.626,3.2,,1.000,.587,.348,.026,.039,.000,,.626,.747,.426,.500,.667,,,.495,,,.019,2,,,,,0,0,monrogr01
346,Greg Monroe,C,27,BOS,26,496,.530,4.0,,1.000,.465,.439,.051,.045,.000,,.530,.739,.345,.300,.444,,,.514,,,.030,5,,,,,0,0,monrogr01
347,Luis Montero,SG,24,DET,2,8,.000,2.0,,1.000,1.000,.000,.000,.000,.000,,.000,.000,,,,,,,,,.000,0,,,,,0,0,montelu01
348,Ben Moore,PF,22,IND,2,9,,,,,,,,,,,,,,,,,,,,,,0,,,,,0,0,moorebe01
349,E'Twaun Moore,SG,28,NOP,82,2586,.508,13.1,,.638,.225,.234,.093,.087,.362,,.556,.642,.574,.429,.417,.425,,.641,.984,,.013,11,,.405,.500,,0,0,mooreet01
350,Eric Moreland,PF,26,DET,67,805,.541,3.6,,1.000,.574,.311,.090,.025,.000,,.541,.671,.395,.364,.000,,,.712,,,.164,16,,,,,0,0,moreler01
351,Jaylen Morris,SG,22,ATL,6,98,.406,11.0,,.688,.438,.094,.063,.094,.313,,.500,.500,.333,1.000,.333,.200,,.727,1.000,,.094,2,,.400,.000,,1,0,morrija01
352,Marcus Morris,PF,28,BOS,54,1442,.429,16.5,,.617,.139,.128,.160,.190,.383,,.467,.612,.410,.398,.457,.368,,.483,.919,,.018,10,,.175,.341,,9,0,morrima03
353,Markieff Morris,PF,28,WAS,73,1968,.480,13.8,,.699,.194,.157,.233,.115,.301,,.529,.699,.491,.506,.342,.367,,.669,1.000,,.045,23,,.271,.321,,5,0,morrima02
354,Monte Morris,PG,22,DEN,3,25,.667,6.5,,.833,.667,.000,.167,.000,.167,,.800,.750,,1.000,,.000,,.250,,,.000,0,,.000,,,0,0,morrimo01
355,Johnathan Motley,PF,22,DAL,11,176,.533,7.8,,.920,.320,.400,.080,.120,.080,,.565,.792,.433,.500,.444,.167,,.667,1.000,,.093,7,,.167,.000,,1,0,motlejo01
356,Timofey Mozgov,C,31,BRK,31,359,.559,7.3,,.806,.548,.183,.043,.032,.194,,.640,.725,.529,.250,.333,.222,,.771,1.000,,.204,18,,.833,.267,,1,0,mozgoti01
357,Emmanuel Mudiay,PG,21,TOT,64,1245,.388,12.8,,.719,.238,.203,.154,.124,.281,,.415,.560,.336,.358,.338,.318,,.306,.787,,.013,7,,.169,.520,,3,0,mudiaem01
357,Emmanuel Mudiay,PG,21,DEN,42,752,.401,12.9,,.683,.230,.220,.143,.090,.317,,.414,.500,.394,.348,.345,.373,,.330,.763,,.012,4,,.206,.571,,2,0,mudiaem01
357,Emmanuel Mudiay,PG,21,NYK,22,493,.368,12.6,,.775,.250,.176,.172,.176,.225,,.418,.647,.222,.371,.333,.196,,.273,.889,,.015,3,,.087,.250,,1,0,mudiaem01
358,Shabazz Muhammad,SF-SG,25,TOT,43,418,.447,7.6,,.856,.378,.346,.090,.043,.144,,.478,.620,.400,.176,.500,.259,,.545,.857,,.096,14,,.370,.400,,0,0,muhamsh01
358,Shabazz Muhammad,SF,25,MIN,32,301,.388,8.2,,.843,.322,.388,.091,.041,.157,,.422,.538,.383,.091,.600,.211,,.535,1.000,,.099,9,,.368,.286,,0,0,muhamsh01
358,Shabazz Muhammad,SG,25,MIL,11,117,.552,6.6,,.881,.478,.269,.090,.045,.119,,.576,.719,.444,.333,.333,.375,,.559,.667,,.090,5,,.375,.667,,0,0,muhamsh01
359,Xavier Munford,SG,25,MIL,6,21,.167,14.8,,.667,.167,.167,.167,.167,.333,,.250,.000,.000,1.000,.000,.000,,1.000,,,.000,0,,.000,,,0,0,munfoxa02
360,Dejounte Murray,PG,21,SAS,81,1743,.443,7.4,,.944,.412,.223,.210,.099,.056,,.454,.586,.360,.344,.367,.265,,.330,1.000,,.028,15,,.618,.286,,0,0,murrade01
361,Jamal Murray,PG,20,DEN,81,2565,.451,15.1,,.589,.194,.158,.116,.121,.411,,.502,.621,.452,.480,.395,.378,,.398,.770,,.030,27,,.126,.455,,5,0,murraja01
362,Mike Muscala,C,26,ATL,53,1060,.458,15.8,,.465,.231,.096,.103,.038,.535,,.559,.694,.367,.438,.500,.371,,.654,1.000,,.042,10,,.329,.491,,0,0,muscami01
363,Abdel Nader,SF,24,BOS,48,522,.336,13.5,,.564,.255,.228,.040,.040,.436,,.321,.447,.235,.167,.167,.354,,.333,.957,,.034,3,,.354,.348,,0,0,naderab01
364,Larry Nance Jr.,C,25,TOT,66,1421,.581,6.1,,.971,.581,.157,.087,.148,.029,,.594,.733,.369,.333,.426,.167,,.744,1.000,,.269,94,,.250,.000,,3,0,nancela02
364,Larry Nance Jr.,C,25,LAL,42,922,.601,5.7,,.984,.601,.150,.099,.138,.016,,.606,.763,.421,.240,.371,.250,,.715,1.000,,.269,59,,.250,.000,,2,0,nancela02
364,Larry Nance Jr.,C,25,CLE,24,499,.550,6.7,,.950,.550,.169,.069,.163,.050,,.572,.682,.296,.545,.500,.125,,.793,1.000,,.269,35,,.250,.000,,1,0,nancela02
365,Shabazz Napier,PG,26,POR,74,1535,.420,16.2,,.589,.192,.085,.087,.226,.411,,.450,.559,.222,.348,.483,.376,,.241,.720,,.002,1,,.156,.412,,0,0,napiesh01
366,Jameer Nelson,PG,35,TOT,50,1013,.389,18.5,,.492,.139,.070,.082,.201,.508,,.450,.676,.294,.350,.388,.331,,.389,.634,,.000,0,,.137,.294,,1,0,nelsoja01
366,Jameer Nelson,PG,35,NOP,43,897,.410,18.8,,.463,.141,.059,.083,.180,.537,,.463,.621,.333,.412,.405,.364,,.386,.650,,.000,0,,.145,.313,,1,0,nelsoja01
366,Jameer Nelson,PG,35,DET,7,116,.282,16.9,,.641,.128,.128,.077,.308,.359,,.400,1.000,.200,.000,.333,.071,,.400,.000,,.000,0,,.071,.000,,0,0,nelsoja01
367,Raul Neto,PG,25,UTA,41,498,.457,12.3,,.689,.311,.212,.106,.060,.311,,.481,.638,.406,.250,.333,.404,,.300,.947,,.000,0,,.277,.462,,4,0,netora01
368,Georges Niang,PF,24,UTA,9,32,.364,11.9,,.636,.182,.364,.091,.000,.364,,.571,.500,.750,.000,,.000,,.250,,,.000,0,,.750,.000,,0,0,niangge01
369,Joakim Noah,C,32,NYK,7,40,.500,2.8,,1.000,.400,.600,.000,.000,.000,,.500,.250,.667,,,,,.400,,,.100,1,,,,,0,0,noahjo01
370,Nerlens Noel,C,23,DAL,30,472,.524,4.3,,.990,.600,.210,.143,.038,.010,,.529,.619,.500,.333,.000,.000,,.800,,,.229,19,,.000,,,0,0,noelne01
371,Lucas Nogueira,C,25,TOR,49,418,.613,6.6,,.763,.700,.063,.000,.000,.238,,.721,.768,.200,,,.263,,.818,1.000,,.375,29,,.211,.000,,0,0,noguelu01
372,Dirk Nowitzki*,C,39,DAL,77,1900,.456,19.2,,.555,.044,.028,.201,.284,.445,,.494,.758,.476,.474,.470,.409,,.774,1.000,,.003,1,,.045,.467,,1,0,nowitdi01
373,Frank Ntilikina,PG,19,NYK,78,1706,.364,16.1,,.686,.174,.088,.156,.268,.314,,.385,.621,.182,.346,.321,.318,,.333,.800,,.014,6,,.153,.375,,4,0,ntilila01
374,Jusuf Nurkić,C,23,POR,79,2088,.505,5.9,,.993,.466,.304,.091,.131,.007,,.508,.643,.391,.402,.376,.000,,.694,,,.068,61,,.000,,,1,0,nurkiju01
375,David Nwaba,SG,25,CHI,70,1646,.478,5.6,,.877,.527,.307,.043,.000,.123,,.496,.619,.315,.278,,.346,,.522,.944,,.090,35,,.481,.280,,0,0,nwabada01
376,Johnny O'Bryant,PF,24,CHO,36,379,.398,13.4,,.749,.216,.158,.257,.117,.251,,.422,.649,.222,.364,.400,.326,,.574,.929,,.029,5,,.093,.250,,2,0,obryajo01
377,Royce O'Neale,SF,24,UTA,69,1150,.423,12.8,,.585,.331,.148,.088,.018,.415,,.470,.574,.262,.480,.200,.356,,.500,.857,,.039,10,,.475,.411,,3,0,onealro01
378,Kyle O'Quinn,C,27,NYK,77,1387,.583,7.3,,.956,.477,.190,.135,.154,.044,,.599,.705,.534,.500,.441,.235,,.659,1.000,,.086,30,,.235,.500,,1,0,oquinky01
379,Semi Ojeleye,PF,23,BOS,73,1150,.346,17.8,,.335,.165,.101,.021,.048,.665,,.397,.484,.316,.500,.222,.320,,.800,.950,,.037,2,,.496,.371,,0,0,ojelese01
380,Emeka Okafor,C,35,NOP,26,353,.505,5.4,,1.000,.474,.263,.179,.084,.000,,.505,.644,.320,.471,.375,,,.792,,,.189,16,,,,,0,0,okafoem01
381,Jahlil Okafor,C,22,TOT,28,353,.558,5.3,,.971,.428,.377,.159,.007,.029,,.567,.678,.538,.364,.000,.250,,.487,.000,,.072,10,,.500,.500,,0,0,okafoja01
381,Jahlil Okafor,C,22,PHI,2,25,.444,8.2,,1.000,.333,.222,.333,.111,.000,,.444,.333,.500,.667,.000,,,.000,,,.000,0,,,,,0,0,okafoja01
381,Jahlil Okafor,C,22,BRK,26,328,.566,5.1,,.969,.434,.388,.147,.000,.031,,.576,.696,.540,.316,,.250,,.514,.000,,.078,10,,.500,.500,,0,0,okafoja01
382,Victor Oladipo,SG,25,IND,75,2552,.477,14.5,,.677,.267,.082,.095,.231,.323,,.528,.690,.364,.438,.439,.371,,.280,.553,,.052,61,,.099,.581,,2,0,oladivi01
383,Kelly Olynyk,PF,26,MIA,76,1779,.497,14.4,,.560,.274,.137,.066,.082,.440,,.590,.782,.460,.381,.346,.379,,.533,.906,,.033,20,,.139,.410,,1,0,olynyke01
384,Chinanu Onuaku,C,21,HOU,1,22,.400,7.0,,1.000,.200,.600,.000,.200,.000,,.400,1.000,.333,,.000,,,.500,,,.200,1,,,,,0,0,onuakch01
385,Cedi Osman,SF,22,CLE,61,672,.484,15.4,,.532,.247,.102,.054,.129,.468,,.586,.761,.474,.500,.375,.368,,.517,.938,,.016,2,,.448,.359,,1,0,osmande01
386,Kelly Oubre Jr.,SF,22,WAS,81,2231,.403,14.9,,.533,.242,.148,.063,.080,.467,,.456,.644,.333,.260,.270,.341,,.531,.921,,.067,46,,.271,.290,,1,0,oubreke01
387,Zaza Pachulia,C,33,GSW,69,972,.564,4.6,,.996,.614,.193,.102,.083,.004,,.567,.654,.431,.519,.318,.000,,.819,,,.049,13,,.000,,,1,0,pachuza01
388,Marcus Paige,PG,24,CHO,5,28,.286,17.4,,.429,.071,.214,.071,.071,.571,,.333,.000,.333,.000,1.000,.250,,1.000,1.000,,.000,0,,.500,.500,,0,0,paigema01
389,Georgios Papagiannis,C,20,TOT,17,122,.429,7.2,,1.000,.429,.214,.167,.190,.000,,.429,.500,.111,.571,.500,,,.667,,,.119,4,,,,,0,0,papagge01
389,Georgios Papagiannis,C,20,SAC,16,118,.415,7.3,,1.000,.415,.220,.171,.195,.000,,.415,.471,.111,.571,.500,,,.706,,,.122,4,,,,,0,0,papagge01
389,Georgios Papagiannis,C,20,POR,1,4,1.000,0.0,,1.000,1.000,.000,.000,.000,.000,,1.000,1.000,,,,,,.000,,,.000,0,,,,,0,0,papagge01
390,Jabari Parker,PF,22,MIL,31,743,.482,11.8,,.756,.349,.145,.108,.154,.244,,.514,.621,.375,.444,.451,.383,,.581,.968,,.136,35,,.173,.500,,2,0,parkeja01
391,Tony Parker*,PG,35,SAS,55,1071,.459,10.4,,.905,.338,.144,.126,.296,.095,,.479,.626,.393,.429,.374,.270,,.286,.900,,.000,0,,.757,.286,,1,0,parketo01
392,Chandler Parsons,SF,29,MEM,36,691,.462,17.7,,.483,.158,.077,.098,.150,.517,,.504,.703,.333,.435,.429,.421,,.368,.824,,.021,5,,.165,.450,,0,0,parsoch01
393,Patrick Patterson,PF,28,OKC,82,1270,.398,17.5,,.357,.128,.135,.060,.030,.643,,.421,.588,.361,.250,.375,.386,,.600,1.000,,.000,0,,.433,.392,,0,0,pattepa01
394,Justin Patton,C,20,MIN,1,4,.500,7.0,,1.000,.000,.500,.500,.000,.000,,.500,,.000,1.000,,,,1.000,,,.000,0,,,,,0,0,pattoju01
395,Brandon Paul,SG,26,SAS,64,576,.433,14.1,,.575,.315,.110,.047,.094,.425,,.548,.700,.500,.167,.250,.278,,.675,.933,,.094,9,,.278,.267,,1,0,paulbr01
396,Chris Paul,PG,32,HOU,58,1847,.460,17.6,,.525,.093,.104,.218,.110,.475,,.532,.662,.446,.506,.557,.380,,.081,.243,,.000,0,,.142,.500,,4,0,paulch01
397,Adreian Payne,PF,26,ORL,5,43,.700,16.2,,.700,.100,.200,.000,.400,.300,,.714,1.000,1.000,,.500,.667,,.800,1.000,,.000,0,,.333,1.000,,0,0,paynead01
398,Cameron Payne,PG,23,CHI,25,582,.405,15.1,,.577,.195,.200,.079,.102,.423,,.419,.643,.302,.176,.409,.385,,.154,.629,,.005,1,,.088,.375,,0,0,payneca01
399,Elfrid Payton,PG,23,TOT,63,1808,.493,8.1,,.862,.405,.264,.105,.088,.138,,.520,.674,.398,.371,.356,.326,,.207,.833,,.016,9,,.261,.375,,0,0,paytoel01
399,Elfrid Payton,PG,23,ORL,44,1257,.520,8.2,,.854,.410,.260,.107,.076,.146,,.545,.702,.403,.408,.371,.373,,.230,.880,,.013,5,,.313,.429,,0,0,paytoel01
399,Elfrid Payton,PG,23,PHO,19,551,.435,8.0,,.880,.392,.273,.100,.115,.120,,.467,.610,.386,.286,.333,.200,,.151,.600,,.024,4,,.120,.000,,0,0,paytoel01
400,Gary Payton II,PG,25,TOT,23,221,.405,10.7,,.662,.459,.081,.095,.027,.338,,.490,.588,.333,.143,.500,.240,,.458,1.000,,.095,6,,.440,.273,,0,0,paytoga02
400,Gary Payton II,PG,25,MIL,12,106,.394,9.8,,.636,.576,.000,.061,.000,.364,,.524,.579,,.000,,.167,,.545,1.000,,.091,3,,.583,.143,,0,0,paytoga02
400,Gary Payton II,PG,25,LAL,11,115,.415,11.3,,.683,.366,.146,.122,.049,.317,,.464,.600,.333,.200,.500,.308,,.385,1.000,,.098,3,,.308,.500,,0,0,paytoga02
401,Kendrick Perkins,C,33,CLE,1,15,.500,3.5,,1.000,.500,.500,.000,.000,.000,,.500,.000,1.000,,,,,.000,,,.000,0,,,,,0,0,perkike01
402,London Perrantes,PG,23,CLE,14,66,.154,13.7,,.769,.077,.462,.000,.231,.231,,.200,1.000,.167,,.000,.000,,.500,,,.000,0,,.000,,,0,0,perralo01
403,Alec Peters,PF,22,PHO,20,225,.378,20.2,,.216,.135,.027,.014,.041,.784,,.625,.600,1.000,.000,.667,.310,,.800,1.000,,.014,1,,.259,.200,,0,0,peteral01
404,Marshall Plumlee,C,25,MIL,8,52,.333,1.0,,1.000,1.000,.000,.000,.000,.000,,.333,.333,,,,,,1.000,,,.333,1,,,,,0,0,plumlma02
405,Mason Plumlee,C,27,DEN,74,1439,.601,2.9,,.997,.674,.264,.035,.024,.003,,.602,.714,.371,.385,.333,.000,,.715,,,.310,103,,.000,,,0,0,plumlma01
406,Miles Plumlee,C,29,ATL,55,918,.583,3.0,,1.000,.650,.267,.061,.022,.000,,.583,.709,.333,.455,.250,,,.781,,,.350,55,,,,,0,0,plumlmi01
407,Jakob Poeltl,C,22,TOR,82,1524,.659,2.4,,.995,.734,.211,.047,.003,.005,,.660,.734,.444,.500,.000,.500,,.730,1.000,,.102,37,,1.000,.500,,0,0,poeltja01
408,Quincy Pondexter,SF,29,CHI,23,196,.286,14.3,,.551,.367,.061,.041,.082,.449,,.407,.500,.333,.500,.000,.136,,.636,1.000,,.061,3,,.227,.200,,1,0,pondequ01
409,Otto Porter Jr.,SF,24,WAS,77,2432,.503,15.4,,.646,.177,.124,.145,.200,.354,,.537,.707,.445,.422,.525,.441,,.632,.913,,.021,19,,.182,.456,,1,0,porteot01
410,Bobby Portis,PF,22,CHI,73,1643,.471,11.9,,.725,.296,.191,.105,.132,.275,,.514,.588,.458,.541,.411,.359,,.540,1.000,,.031,20,,.112,.360,,1,0,portibo01
411,Kristaps Porziņģis,PF,22,NYK,48,1553,.439,14.4,,.744,.156,.156,.264,.165,.256,,.454,.604,.381,.430,.422,.395,,.647,.989,,.067,53,,.053,.583,,5,0,porzikr01
412,Dwight Powell,C,26,DAL,79,1672,.593,7.9,,.805,.549,.156,.030,.070,.195,,.656,.775,.418,.308,.400,.333,,.828,1.000,,.251,96,,.155,.615,,2,0,poweldw01
413,Norman Powell,SG,24,TOR,70,1062,.401,14.6,,.503,.278,.134,.040,.051,.497,,.516,.596,.420,.400,.421,.285,,.412,.925,,.043,14,,.333,.290,,0,0,powelno01
414,Alex Poythress,PF,24,IND,25,104,.423,12.2,,.577,.462,.077,.000,.038,.423,,.467,.583,.000,,.000,.364,,.714,1.000,,.115,3,,.364,.500,,0,0,poythal01
415,Taurean Prince,SF,23,ATL,82,2464,.426,14.9,,.531,.234,.139,.095,.063,.469,,.461,.610,.390,.355,.230,.385,,.381,.898,,.024,21,,.223,.480,,0,0,princta02
416,Jacob Pullen,PG,28,PHI,3,6,.500,20.0,,.500,.000,.000,.500,.000,.500,,1.000,,,1.000,,.000,,1.000,,,.000,0,,.000,,,0,0,pulleja01
417,Rodney Purvis,SG,23,ORL,16,290,.327,18.6,,.514,.121,.047,.103,.243,.486,,.400,.538,.400,.364,.346,.250,,.591,.846,,.009,0,,.288,.200,,1,0,purviro01
418,Zhou Qi,C,22,HOU,18,124,.188,16.8,,.406,.219,.094,.094,.000,.594,,.308,.429,.333,.000,,.105,,.750,1.000,,.031,1,,.158,.333,,0,0,qizh01
419,Tim Quarterman,SG,23,HOU,3,13,.333,18.7,,.333,.000,.333,.000,.000,.667,,1.000,,1.000,,,.000,,1.000,,,.000,0,,.000,,,0,0,quartti01
420,Ivan Rabb,PF,20,MEM,36,516,.566,7.5,,1.000,.461,.145,.151,.243,.000,,.566,.686,.409,.478,.486,,,.686,,,.151,22,,,,,0,0,rabbiv01
421,Julius Randle,C,23,LAL,82,2190,.558,4.9,,.950,.545,.315,.041,.048,.050,,.575,.728,.389,.351,.256,.222,,.534,1.000,,.116,99,,.111,.400,,2,0,randlju01
422,Zach Randolph,PF,36,SAC,59,1508,.473,11.4,,.807,.229,.286,.122,.170,.193,,.503,.623,.514,.366,.423,.347,,.403,.961,,.000,0,,.143,.476,,1,0,randoza01
423,Xavier Rathan-Mayes,SG,23,MEM,5,118,.286,16.5,,.667,.167,.143,.071,.286,.333,,.393,.714,.167,.000,.417,.071,,.000,1.000,,.000,0,,.000,,,0,0,rathaxa01
424,JJ Redick,SG,33,PHI,70,2116,.460,20.1,,.477,.075,.043,.063,.297,.523,,.504,.606,.421,.491,.490,.420,,.768,.902,,.000,0,,.133,.492,,1,0,redicjj01
425,Davon Reed,SG,22,PHO,21,242,.289,17.7,,.500,.171,.079,.053,.197,.500,,.289,.308,.500,.500,.133,.289,,.455,1.000,,.000,0,,.132,.000,,0,0,reedda01
426,Willie Reed,C,27,TOT,42,428,.669,4.1,,.983,.587,.281,.091,.025,.017,,.672,.789,.529,.364,.667,.500,,.700,.000,,.215,25,,.000,,,0,0,reedwi02
426,Willie Reed,C,27,LAC,39,419,.667,4.1,,.983,.583,.283,.092,.025,.017,,.669,.786,.529,.364,.667,.500,,.696,.000,,.208,24,,.000,,,0,0,reedwi02
426,Willie Reed,C,27,DET,3,9,1.000,0.0,,1.000,1.000,.000,.000,.000,.000,,1.000,1.000,,,,,,1.000,,,1.000,1,,,,,0,0,reedwi02
427,Josh Richardson,SF,24,MIA,81,2689,.451,14.9,,.620,.198,.141,.119,.163,.380,,.495,.611,.464,.457,.410,.378,,.397,.953,,.025,20,,.250,.345,,1,0,richajo01
428,Malachi Richardson,SG,22,TOT,26,324,.333,15.8,,.556,.233,.078,.067,.178,.444,,.360,.333,.286,.333,.438,.300,,.611,.833,,.011,1,,.225,.333,,0,0,richama01
428,Malachi Richardson,SG,22,SAC,25,319,.330,15.7,,.557,.239,.080,.057,.182,.443,,.347,.333,.286,.200,.438,.308,,.588,.833,,.011,1,,.231,.333,,0,0,richama01
428,Malachi Richardson,SG,22,TOR,1,5,.500,20.0,,.500,.000,.000,.500,.000,.500,,1.000,,,1.000,,.000,,1.000,,,.000,0,,.000,,,0,0,richama01
429,Austin Rivers,SG,25,LAC,61,2057,.424,13.7,,.553,.288,.176,.065,.024,.447,,.461,.569,.345,.346,.316,.378,,.215,.515,,.004,3,,.153,.345,,0,0,riverau01
430,Andre Roberson,SG,26,OKC,39,1037,.537,6.1,,.778,.716,.056,.000,.006,.222,,.627,.681,.000,,.000,.222,,.759,1.000,,.136,20,,.583,.190,,0,0,roberan03
431,Devin Robinson,SF,22,WAS,1,13,.333,6.3,,1.000,.667,.000,.000,.333,.000,,.333,.500,,,.000,,,.000,,,.000,0,,,,,0,0,robinde01
432,Glenn Robinson III,SF,24,IND,23,338,.424,14.9,,.600,.188,.153,.082,.176,.400,,.431,.625,.385,.429,.267,.412,,.636,1.000,,.035,3,,.471,.625,,0,0,robingl02
433,Rajon Rondo,PG,31,NOP,65,1705,.468,11.0,,.696,.403,.148,.047,.099,.304,,.526,.603,.479,.435,.327,.333,,.215,.700,,.006,3,,.420,.286,,0,0,rondora01
434,Derrick Rose,PG,29,TOT,25,420,.435,9.6,,.839,.419,.172,.075,.172,.161,,.474,.667,.281,.429,.219,.233,,.405,.571,,.005,1,,.367,.273,,1,0,rosede01
434,Derrick Rose,PG,29,CLE,16,308,.439,9.8,,.818,.417,.152,.091,.159,.182,,.481,.655,.250,.417,.286,.250,,.365,.500,,.000,0,,.292,.286,,0,0,rosede01
434,Derrick Rose,PG,29,MIN,9,112,.426,9.2,,.889,.426,.222,.037,.204,.111,,.458,.696,.333,.500,.091,.167,,.500,1.000,,.019,1,,.667,.250,,1,0,rosede01
435,Terrence Ross,SG,26,ORL,24,600,.398,17.7,,.513,.126,.099,.141,.147,.487,,.469,.750,.263,.333,.500,.323,,.674,.867,,.037,6,,.204,.579,,2,0,rosste01
436,Terry Rozier,PG,23,BOS,80,2068,.395,16.8,,.498,.180,.121,.085,.111,.503,,.410,.535,.309,.368,.348,.381,,.264,.706,,.014,10,,.157,.365,,3,0,roziete01
437,Ricky Rubio,PG,27,UTA,77,2254,.418,15.4,,.670,.172,.093,.158,.247,.330,,.451,.535,.299,.443,.456,.352,,.288,.865,,.000,0,,.271,.351,,0,0,rubiori01
438,D'Angelo Russell,PG,21,BRK,48,1234,.414,15.5,,.586,.159,.176,.134,.118,.414,,.477,.636,.356,.467,.456,.324,,.144,.644,,.003,2,,.094,.385,,0,0,russeda01
439,Domantas Sabonis,C,21,IND,74,1810,.514,7.2,,.944,.470,.224,.088,.162,.056,,.524,.669,.385,.431,.346,.351,,.737,1.000,,.086,49,,.135,.600,,0,0,sabondo01
440,JaKarr Sampson,SF,24,SAC,22,344,.543,6.8,,.877,.519,.235,.049,.074,.123,,.549,.690,.368,.500,.167,.500,,.538,1.000,,.173,12,,.400,.750,,0,0,sampsja02
441,Dario Šarić,PF,23,PHI,78,2310,.453,15.0,,.552,.252,.142,.046,.111,.448,,.501,.661,.405,.317,.343,.393,,.663,1.000,,.020,18,,.100,.375,,0,0,saricda01
442,Tomáš Satoranský,SG,26,WAS,73,1643,.523,11.9,,.737,.266,.224,.122,.125,.263,,.544,.696,.512,.404,.417,.465,,.526,1.000,,.042,13,,.406,.488,,2,0,satorto01
443,Dennis Schröder,PG,24,ATL,67,2078,.436,12.4,,.771,.290,.126,.161,.194,.229,,.480,.578,.333,.432,.468,.290,,.193,.566,,.002,0,,.053,.214,,6,0,schrode01
444,Mike Scott,PF,29,WAS,76,1406,.527,14.0,,.689,.168,.193,.176,.153,.311,,.582,.693,.495,.587,.563,.405,,.743,1.000,,.015,7,,.258,.452,,1,0,scottmi01
445,Thabo Sefolosha,SF,33,UTA,38,806,.492,12.3,,.650,.333,.121,.096,.100,.350,,.551,.688,.379,.435,.417,.381,,.640,.906,,.042,9,,.548,.457,,0,0,sefolth01
446,Wayne Selden,SG,23,MEM,35,692,.431,15.0,,.546,.204,.178,.089,.074,.454,,.456,.600,.271,.458,.500,.402,,.403,.857,,.052,13,,.180,.318,,0,0,seldewa01
447,Ramon Sessions,PG,31,TOT,28,392,.359,9.4,,.778,.350,.274,.120,.026,.222,,.374,.512,.250,.286,.333,.308,,.441,.875,,.017,2,,.346,.333,,0,0,sessira01
447,Ramon Sessions,PG,31,NYK,13,167,.321,8.7,,.792,.377,.283,.132,.000,.208,,.357,.500,.200,.286,,.182,,.333,.500,,.000,0,,.273,.000,,0,0,sessira01
447,Ramon Sessions,PG,31,WAS,15,225,.391,10.0,,.766,.328,.266,.109,.047,.234,,.388,.524,.294,.286,.333,.400,,.526,1.000,,.031,2,,.400,.500,,0,0,sessira01
448,Iman Shumpert,SG,27,CLE,14,276,.379,18.1,,.552,.121,.069,.052,.310,.448,,.469,.714,.500,.667,.333,.269,,.467,.429,,.017,1,,.308,.250,,0,0,shumpim01
449,Pascal Siakam,PF,23,TOR,81,1679,.508,8.8,,.735,.456,.227,.046,.006,.265,,.612,.718,.442,.435,.333,.220,,.688,1.000,,.092,43,,.530,.257,,2,0,siakapa01
450,Xavier Silas,SG,30,BOS,2,7,.000,21.7,,.333,.000,.000,.333,.000,.667,,.000,,,.000,,.000,,,,,.000,0,,.000,,,0,0,silasxa01
451,Ben Simmons,PG,21,PHI,81,2732,.545,5.5,,.989,.462,.325,.174,.028,.011,,.551,.744,.417,.316,.393,.000,,.344,,,.161,148,,.000,,,8,0,simmobe01
452,Jonathon Simmons,SG,28,ORL,69,2029,.465,11.8,,.732,.269,.229,.114,.118,.268,,.512,.688,.414,.333,.467,.338,,.351,.855,,.038,27,,.270,.345,,2,0,simmojo02
453,Kobi Simmons,PG,20,MEM,32,643,.423,11.3,,.794,.312,.196,.153,.132,.206,,.460,.712,.324,.345,.200,.282,,.435,.818,,.042,8,,.308,.333,,3,0,simmoko01
454,Kyle Singler,SF,29,OKC,12,59,.333,11.3,,.762,.333,.190,.143,.095,.238,,.313,.429,.250,.333,.000,.400,,1.000,1.000,,.048,0,,.000,,,0,0,singlky01
455,Marcus Smart,SG,23,BOS,54,1614,.367,16.3,,.517,.177,.161,.095,.083,.483,,.429,.593,.301,.388,.372,.301,,.333,.760,,.012,5,,.145,.278,,3,0,smartma01
456,Dennis Smith Jr.,PG,20,DAL,69,2049,.395,13.3,,.669,.317,.110,.092,.148,.331,,.435,.606,.257,.223,.336,.313,,.191,.585,,.049,40,,.068,.304,,2,0,smithde03
457,Ish Smith,PG,29,DET,82,2043,.486,10.9,,.874,.257,.222,.191,.203,.126,,.506,.670,.382,.516,.423,.347,,.203,.629,,.002,2,,.277,.286,,3,1,smithis01
458,J.R. Smith,SG,32,CLE,80,2244,.403,19.7,,.360,.089,.072,.071,.128,.640,,.453,.566,.395,.429,.421,.375,,.320,.916,,.017,9,,.315,.500,,0,0,smithjr01
459,Jason Smith,C,31,WAS,33,285,.391,14.6,,.722,.209,.096,.130,.287,.278,,.494,.708,.182,.400,.485,.125,,.854,1.000,,.043,5,,.344,.000,,0,0,smithja02
460,Josh Smith,PF,32,NOP,3,12,.250,5.0,,1.000,.750,.000,.000,.250,.000,,.250,.333,,,.000,,,.000,,,.000,0,,,,,0,0,smithjo03
461,Tony Snell,SG,26,MIL,75,2053,.435,18.0,,.369,.167,.082,.052,.068,.631,,.490,.648,.257,.409,.448,.403,,.623,1.000,,.035,12,,.366,.439,,0,0,snellto01
462,Marreese Speights,C,30,ORL,52,675,.395,20.1,,.332,.074,.120,.072,.066,.668,,.448,.500,.452,.520,.304,.369,,.615,.977,,.014,4,,.056,.538,,0,0,speigma01
463,Nik Stauskas,SG,24,TOT,41,523,.390,18.9,,.351,.182,.065,.019,.084,.649,,.370,.536,.100,.000,.308,.400,,.450,.775,,.019,3,,.130,.538,,1,0,stausni01
463,Nik Stauskas,SG,24,PHI,6,45,.250,11.0,,.750,.500,.000,.000,.250,.250,,.333,.000,,,1.000,.000,,1.000,,,.000,0,,.000,,,0,0,stausni01
463,Nik Stauskas,SG,24,BRK,35,478,.393,19.1,,.340,.173,.067,.020,.080,.660,,.373,.577,.100,.000,.250,.404,,.421,.775,,.020,3,,.131,.538,,1,0,stausni01
464,Lance Stephenson,SG,27,IND,82,1850,.427,14.7,,.673,.292,.086,.072,.223,.327,,.495,.623,.311,.490,.399,.289,,.237,.716,,.025,14,,.194,.356,,9,0,stephla01
465,David Stockton,PG,26,UTA,3,9,.667,25.7,,.000,.000,.000,.000,.000,1.000,,,,,,,.667,,,.000,,.000,0,,.000,,,0,0,stockda01
466,Julyan Stone,SG,29,CHO,23,175,.462,24.2,,.000,.000,.000,.000,.000,1.000,,,,,,,.462,,,1.000,,.000,0,,.538,.429,,0,0,stoneju01
467,Edmond Sumner,PG,22,IND,1,2,1.000,0.0,,1.000,1.000,.000,.000,.000,.000,,1.000,1.000,,,,,,.000,,,.000,0,,,,,0,0,sumneed01
468,Caleb Swanigan,PF,20,POR,27,189,.400,7.5,,.867,.500,.233,.033,.100,.133,,.442,.533,.357,.500,.167,.125,,.696,1.000,,.050,2,,.125,.000,,0,0,swanica01
469,Jayson Tatum,SF,19,BOS,80,2443,.475,12.7,,.710,.320,.107,.096,.188,.290,,.492,.629,.258,.438,.420,.434,,.565,.924,,.071,51,,.227,.564,,0,0,tatumja01
470,Isaiah Taylor,PG,23,ATL,67,1167,.418,9.6,,.795,.374,.256,.108,.056,.205,,.461,.610,.390,.214,.273,.250,,.266,.750,,.010,3,,.138,.455,,3,0,taylois01
471,Jeff Teague,PG,29,MIN,70,2311,.446,12.3,,.713,.209,.272,.157,.073,.287,,.477,.651,.394,.440,.379,.368,,.104,.560,,.013,9,,.096,.409,,0,0,teaguje01
472,Marquis Teague,PG,24,MEM,3,74,.250,16.8,,.750,.250,.063,.125,.313,.250,,.250,.500,1.000,.000,.000,.250,,.000,.000,,.000,0,,.250,.000,,1,0,teaguma01
473,Mirza Teletović,PF,32,MIL,10,159,.439,22.0,,.211,.053,.053,.053,.053,.789,,.333,.333,.333,.333,.333,.467,,1.000,1.000,,.000,0,,.133,.500,,0,0,teletmi01
474,Garrett Temple,SG,31,SAC,65,1615,.418,17.4,,.523,.155,.061,.097,.210,.477,,.442,.635,.207,.391,.390,.392,,.427,.888,,.015,7,,.335,.329,,0,0,templga01
475,Miloš Teodosić,PG,30,LAC,45,1134,.419,20.7,,.356,.064,.036,.083,.172,.644,,.492,.652,.385,.533,.435,.379,,.302,.705,,.000,0,,.082,.421,,0,0,teodomi01
476,Jason Terry,SG,40,MIL,51,814,.383,20.8,,.253,.084,.026,.058,.084,.747,,.487,.538,.250,.667,.385,.348,,.579,.975,,.000,0,,.478,.400,,1,0,terryja01
477,Daniel Theis,C,25,BOS,63,936,.541,9.9,,.751,.464,.099,.103,.086,.249,,.617,.741,.304,.542,.400,.310,,.759,1.000,,.202,41,,.259,.533,,0,0,theisda01
478,Isaiah Thomas,PG,28,TOT,32,862,.373,15.8,,.553,.192,.124,.135,.102,.447,,.438,.506,.365,.404,.442,.293,,.275,.545,,.000,0,,.128,.292,,1,0,thomais02
478,Isaiah Thomas,PG,28,CLE,15,406,.361,15.8,,.552,.201,.103,.129,.119,.448,,.449,.487,.300,.480,.478,.253,,.333,.591,,.000,0,,.195,.294,,0,0,thomais02
478,Isaiah Thomas,PG,28,LAL,17,456,.383,15.8,,.555,.185,.141,.141,.088,.445,,.429,.524,.406,.344,.400,.327,,.222,.515,,.000,0,,.069,.286,,1,0,thomais02
479,Lance Thomas,PF,29,NYK,73,1353,.382,15.3,,.536,.228,.127,.049,.131,.464,,.364,.508,.147,.308,.343,.403,,.500,1.000,,.034,8,,.452,.446,,0,0,thomala01
480,Klay Thompson,SG,27,GSW,73,2506,.488,17.9,,.558,.121,.054,.140,.244,.442,,.526,.678,.359,.485,.507,.440,,.743,.952,,.009,11,,.175,.473,,2,0,thompkl01
481,Tristan Thompson,C,26,CLE,53,1072,.562,3.2,,1.000,.664,.255,.060,.026,.000,,.562,.673,.350,.286,.333,,,.712,,,.196,40,,,,,0,0,thomptr01
482,Sindarius Thornwell,SG,23,LAC,73,1156,.429,10.2,,.738,.399,.215,.052,.073,.262,,.448,.505,.320,.500,.471,.377,,.688,1.000,,.047,7,,.459,.393,,2,0,thornsi01
483,Anthony Tolliver,PF,32,DET,79,1757,.464,20.1,,.227,.138,.059,.017,.013,.773,,.561,.708,.286,.375,.500,.436,,.733,1.000,,.034,14,,.247,.411,,0,0,tollian01
484,Karl-Anthony Towns,C,22,MIN,82,2918,.545,10.3,,.757,.341,.246,.089,.080,.243,,.585,.723,.476,.442,.500,.421,,.642,.975,,.096,96,,.161,.565,,1,0,townska01
485,P.J. Tucker,PF,32,HOU,82,2281,.390,18.4,,.297,.150,.077,.011,.059,.703,,.435,.561,.324,.200,.308,.371,,.579,.983,,.005,2,,.655,.399,,0,0,tuckepj01
486,Evan Turner,SF,29,POR,79,2034,.447,13.3,,.771,.128,.184,.315,.144,.229,,.485,.676,.443,.451,.446,.318,,.236,.976,,.014,8,,.417,.327,,0,0,turneev01
487,Myles Turner,C,21,IND,65,1836,.479,14.1,,.754,.260,.105,.085,.305,.246,,.519,.614,.478,.407,.482,.357,,.736,.982,,.085,46,,.089,.286,,1,0,turnemy01
488,Ekpe Udoh,C,30,UTA,63,810,.500,4.5,,.992,.542,.308,.117,.025,.008,,.504,.662,.378,.214,.000,.000,,.683,,,.150,18,,.000,,,1,0,udohek01
489,Tyler Ulis,PG,22,PHO,71,1658,.388,15.0,,.735,.116,.136,.281,.201,.265,,.425,.438,.413,.445,.396,.288,,.198,.500,,.000,0,,.130,.263,,3,0,ulisty01
490,Jonas Valančiūnas,C,25,TOR,77,1727,.568,6.4,,.892,.443,.333,.093,.025,.108,,.587,.704,.472,.406,.706,.405,,.636,.900,,.108,71,,.081,.667,,0,0,valanjo01
491,Denzel Valentine,SG,24,CHI,77,2095,.417,17.6,,.487,.117,.121,.125,.125,.513,,.450,.607,.414,.411,.378,.386,,.487,.790,,.004,2,,.219,.370,,2,0,valende01
492,Fred VanVleet,PG,23,TOR,76,1520,.426,13.9,,.521,.327,.132,.037,.026,.479,,.437,.567,.236,.050,.357,.414,,.242,.778,,.000,0,,.295,.429,,6,0,vanvlfr01
493,Rashad Vaughn,SG,21,TOT,28,212,.411,18.9,,.339,.107,.125,.089,.018,.661,,.474,.667,.286,.600,.000,.378,,.778,1.000,,.000,0,,.270,.600,,0,0,vaughra01
493,Rashad Vaughn,SG,21,MIL,22,173,.420,19.4,,.300,.100,.120,.060,.020,.700,,.533,.800,.167,1.000,.000,.371,,.875,1.000,,.000,0,,.286,.600,,0,0,vaughra01
493,Rashad Vaughn,SG,21,BRK,1,4,,,,,,,,,,,,,,,,,,,,,,0,,,,,0,0,vaughra01
493,Rashad Vaughn,SG,21,ORL,5,35,.333,14.7,,.667,.167,.167,.333,.000,.333,,.250,.000,1.000,.000,,.500,,.000,1.000,,.000,0,,.000,,,0,0,vaughra01
494,Noah Vonleh,PF,22,TOT,54,875,.444,11.3,,.718,.376,.154,.060,.128,.282,,.500,.625,.333,.357,.400,.303,,.488,.950,,.111,22,,.076,.200,,0,0,vonleno01
494,Noah Vonleh,PF,22,POR,33,476,.490,8.5,,.938,.458,.135,.094,.250,.063,,.500,.636,.154,.556,.417,.333,,.556,.500,,.167,14,,.000,,,0,0,vonleno01
494,Noah Vonleh,PF,22,CHI,21,399,.413,13.3,,.565,.319,.167,.036,.043,.435,,.500,.614,.435,.000,.333,.300,,.410,1.000,,.072,8,,.083,.200,,0,0,vonleno01
495,Nikola Vučević,C,27,ORL,57,1683,.475,12.7,,.757,.213,.223,.154,.168,.243,,.527,.743,.481,.349,.475,.314,,.672,1.000,,.040,29,,.010,.500,,0,0,vucevni01
496,Dwyane Wade*,SG,36,TOT,67,1536,.438,11.1,,.837,.309,.151,.196,.183,.163,,.468,.659,.398,.306,.368,.288,,.401,.531,,.031,20,,.216,.250,,0,0,wadedw01
496,Dwyane Wade*,SG,36,CLE,46,1069,.455,10.9,,.839,.329,.131,.228,.156,.161,,.479,.678,.404,.313,.353,.329,,.400,.522,,.030,12,,.243,.176,,0,0,wadedw01
496,Dwyane Wade*,SG,36,MIA,21,467,.409,11.6,,.834,.275,.186,.142,.231,.166,,.447,.618,.391,.286,.386,.220,,.402,.556,,.032,8,,.171,.429,,0,0,wadedw01
497,Dion Waiters,SG,26,MIA,30,918,.398,15.0,,.585,.246,.124,.046,.168,.415,,.463,.614,.333,.421,.348,.306,,.171,.769,,.007,3,,.271,.391,,1,0,waitedi01
498,Kemba Walker,PG,27,CHO,80,2736,.431,16.0,,.559,.227,.086,.095,.151,.441,,.469,.573,.316,.408,.437,.384,,.151,.481,,.001,0,,.048,.379,,7,0,walkeke02
499,John Wall,PG,27,WAS,41,1410,.420,13.0,,.750,.310,.090,.093,.253,.250,,.436,.638,.317,.274,.296,.371,,.101,.645,,.028,16,,.042,.714,,3,0,walljo01
500,Tyrone Wallace,PG,23,LAC,30,851,.445,8.2,,.838,.352,.312,.154,.020,.162,,.483,.667,.364,.316,.400,.250,,.580,1.000,,.016,4,,.550,.364,,1,0,wallaty01
501,Derrick Walton,PG,22,MIA,16,147,.320,24.0,,.320,.000,.000,.040,.280,.680,,.125,,,.000,.143,.412,,.000,.714,,.000,0,,.176,.667,,1,0,waltode01
502,Jameel Warney,PF,24,DAL,3,27,.583,5.6,,1.000,.500,.250,.250,.000,.000,,.583,.833,.333,.333,,,,.429,,,.000,0,,,,,0,0,warneja01
503,T.J. Warren,SF,24,PHO,65,2142,.498,8.8,,.915,.378,.182,.188,.167,.085,,.523,.682,.415,.425,.393,.222,,.617,1.000,,.041,44,,.411,.216,,0,0,warretj01
504,Travis Wear,SF,27,LAL,17,228,.347,22.0,,.347,.014,.014,.097,.222,.653,,.320,1.000,.000,.429,.250,.362,,.625,.941,,.014,1,,.149,.714,,0,0,weartr01
505,James Webb III,SF,24,BRK,10,120,.250,19.7,,.208,.125,.042,.000,.042,.792,,.400,.667,.000,,.000,.211,,1.000,1.000,,.083,2,,.579,.273,,0,0,webbja01
506,Briante Weber,PG,25,TOT,18,237,.442,11.8,,.744,.279,.233,.116,.116,.256,,.469,.583,.300,.400,.600,.364,,.200,.250,,.023,1,,.091,.000,,0,0,weberbr01
506,Briante Weber,PG,25,HOU,13,118,.409,13.3,,.591,.227,.318,.045,.000,.409,,.385,.800,.143,.000,,.444,,.400,.250,,.045,1,,.111,.000,,0,0,weberbr01
506,Briante Weber,PG,25,MEM,5,119,.476,10.2,,.905,.333,.143,.190,.238,.095,,.526,.429,.667,.500,.600,.000,,.100,,,.000,0,,.000,,,0,0,weberbr01
507,David West,C,37,GSW,73,999,.571,9.2,,.979,.336,.193,.185,.265,.021,,.576,.764,.425,.629,.410,.375,,.761,.667,,.090,31,,.125,.000,,0,0,westda01
508,Russell Westbrook,PG,29,OKC,80,2914,.449,11.3,,.807,.375,.072,.151,.209,.193,,.485,.611,.306,.382,.394,.298,,.170,.433,,.043,57,,.055,.333,,1,0,westbru01
509,Andrew White,SF,24,ATL,15,209,.342,19.4,,.329,.096,.082,.041,.110,.671,,.292,.429,.333,.333,.125,.367,,1.000,1.000,,.000,0,,.204,.400,,0,0,whitean01
510,Derrick White,PG,23,SAS,17,139,.485,14.5,,.606,.152,.212,.152,.091,.394,,.400,.400,.571,.200,.333,.615,,.250,.625,,.000,0,,.077,1.000,,0,0,whitede01
511,Okaro White,PF,25,MIA,6,80,.438,17.6,,.313,.188,.063,.063,.000,.688,,.600,.667,.000,1.000,,.364,,.333,1.000,,.063,1,,.364,.250,,0,0,whiteok01
512,Isaiah Whitehead,PG,22,BRK,16,180,.465,9.1,,.791,.349,.314,.070,.058,.209,,.485,.700,.296,.167,.600,.389,,.121,.429,,.000,0,,.056,.000,,0,0,whiteis01
513,Hassan Whiteside,C,28,MIA,54,1364,.540,5.6,,.997,.434,.330,.151,.081,.003,,.538,.713,.445,.310,.404,1.000,,.587,1.000,,.168,89,,.000,,,0,0,whiteha01
514,Andrew Wiggins,SF,22,MIN,82,2979,.438,13.1,,.740,.229,.179,.137,.195,.260,,.475,.695,.459,.348,.320,.331,,.470,.848,,.047,58,,.180,.426,,0,0,wiggian01
515,Jacob Wiley,PF,23,BRK,5,33,.250,16.3,,.500,.250,.000,.000,.250,.500,,.000,.000,,,.000,.500,,,1.000,,.000,0,,1.000,.500,,0,0,wileyja01
516,Damien Wilkins,SF,38,IND,19,152,.333,15.1,,.538,.205,.103,.179,.051,.462,,.429,.375,.500,.571,.000,.222,,.222,.750,,.000,0,,.556,.400,,0,0,wilkida02
517,Alan Williams,PF,25,PHO,5,70,.389,5.1,,1.000,.333,.500,.167,.000,.000,,.389,.667,.333,.000,,,,.857,,,.000,0,,,,,0,0,willial03
518,C.J. Williams,SG,27,LAC,38,707,.442,14.2,,.604,.228,.142,.142,.091,.396,,.546,.756,.393,.464,.389,.282,,.677,.773,,.015,3,,.333,.269,,0,0,willicj01
519,Derrick Williams,PF,26,LAL,2,9,.250,12.8,,.500,.250,.250,.000,.000,.500,,.500,1.000,.000,,,.000,,1.000,,,.250,1,,1.000,.000,,0,0,willide02
520,Lou Williams,SG,31,LAC,79,2589,.435,14.7,,.613,.222,.146,.120,.123,.387,,.484,.603,.379,.472,.406,.359,,.242,.651,,.010,13,,.195,.277,,4,1,willilo02
521,Marvin Williams,PF,31,CHO,78,2006,.458,15.9,,.458,.231,.135,.055,.036,.542,,.512,.585,.474,.419,.350,.413,,.652,.992,,.014,7,,.259,.405,,0,0,willima02
522,Matt Williams,SG,24,MIA,3,11,.333,22.8,,.167,.000,.000,.167,.000,.833,,1.000,,,1.000,,.200,,.000,1.000,,.000,0,,.200,.000,,0,0,willima05
523,Troy Williams,SF,23,TOT,21,307,.468,10.5,,.651,.514,.064,.028,.046,.349,,.563,.625,.429,.000,.400,.289,,.600,1.000,,.193,19,,.184,.286,,0,0,willitr02
523,Troy Williams,SF,23,HOU,4,17,.222,17.8,,.444,.222,.000,.111,.111,.556,,.500,.500,,.000,1.000,.000,,.000,,,.000,0,,.000,,,0,0,willitr02
523,Troy Williams,SF,23,NYK,17,290,.490,9.8,,.670,.540,.070,.020,.040,.330,,.567,.630,.429,.000,.250,.333,,.632,1.000,,.210,19,,.212,.286,,0,0,willitr02
524,D.J. Wilson,PF,21,MIL,22,71,.563,12.4,,.688,.313,.188,.063,.125,.313,,.636,.800,1.000,.000,.000,.400,,.714,1.000,,.125,2,,.200,1.000,,0,0,wilsodj01
525,Jamil Wilson,SF,27,LAC,15,274,.469,21.4,,.222,.074,.049,.025,.074,.778,,.611,.833,.250,.000,.833,.429,,.818,1.000,,.025,2,,.095,.333,,0,0,wilsoja02
526,Justise Winslow,PF,21,MIA,68,1680,.424,10.3,,.736,.367,.238,.072,.055,.264,,.440,.564,.379,.200,.222,.380,,.468,1.000,,.037,15,,.543,.400,,5,0,winslju01
527,Jeff Withey,C,27,DAL,9,39,.375,16.8,,.375,.250,.063,.000,.063,.625,,.667,1.000,.000,,.000,.200,,.750,1.000,,.125,2,,.200,.500,,0,0,witheje01
528,Nate Wolters,PG,26,UTA,5,19,.167,9.7,,1.000,.000,.667,.167,.167,.000,,.167,,.250,.000,.000,,,.000,,,.000,0,,,,,0,0,woltena01
529,Brandan Wright,PF,30,TOT,28,381,.578,3.2,,1.000,.696,.167,.118,.020,.000,,.578,.690,.294,.333,.500,,,.814,,,.284,23,,,,,0,0,wrighbr03
529,Brandan Wright,PF,30,MEM,27,366,.576,3.3,,1.000,.697,.162,.121,.020,.000,,.576,.681,.313,.333,.500,,,.825,,,.293,23,,,,,0,0,wrighbr03
529,Brandan Wright,PF,30,HOU,1,15,.667,1.7,,1.000,.667,.333,.000,.000,.000,,.667,1.000,.000,,,,,.500,,,.000,0,,,,,0,0,wrighbr03
530,Delon Wright,PG,25,TOR,69,1433,.465,11.1,,.646,.394,.211,.025,.014,.354,,.520,.629,.352,.364,.333,.366,,.248,.786,,.032,13,,.216,.424,,4,1,wrighde01
531,Guerschon Yabusele,PF,22,BOS,33,235,.426,17.7,,.393,.213,.066,.016,.098,.607,,.583,.769,.250,1.000,.333,.324,,.786,1.000,,.016,1,,.108,.250,,0,0,yabusgu01
532,James Young,SG,22,PHI,6,61,.357,19.6,,.286,.000,.214,.071,.000,.714,,.500,,.667,.000,,.300,,1.000,1.000,,.000,0,,.400,.250,,0,0,youngja01
533,Joe Young,PG,25,IND,53,558,.430,15.6,,.645,.226,.091,.129,.199,.355,,.458,.548,.412,.417,.405,.379,,.273,.840,,.011,1,,.197,.385,,3,0,youngjo01
534,Nick Young,SG,32,GSW,80,1393,.412,20.6,,.332,.070,.023,.113,.127,.668,,.481,.676,.455,.509,.355,.377,,.641,.886,,.006,1,,.279,.396,,1,0,youngni01
535,Thaddeus Young,PF,29,IND,81,2607,.487,9.2,,.791,.387,.256,.073,.076,.209,,.531,.626,.466,.349,.439,.320,,.565,.948,,.052,40,,.331,.317,,2,0,youngth01
536,Cody Zeller,C,25,CHO,33,627,.545,4.8,,.981,.622,.192,.019,.135,.019,,.542,.608,.467,.667,.381,.667,,.795,1.000,,.109,16,,.000,,,0,0,zelleco01
537,Tyler Zeller,C,28,TOT,66,1109,.560,5.1,,.916,.530,.308,.039,.039,.084,,.578,.672,.466,.385,.385,.357,,.757,1.000,,.054,15,,.750,.476,,0,0,zellety01
537,Tyler Zeller,C,28,BRK,42,703,.546,6.0,,.886,.476,.336,.035,.039,.114,,.567,.651,.494,.250,.444,.385,,.757,1.000,,.039,7,,.731,.526,,0,0,zellety01
537,Tyler Zeller,C,28,MIL,24,406,.590,3.4,,.981,.648,.248,.048,.038,.019,,.602,.706,.385,.600,.250,.000,,.758,,,.086,8,,1.000,.000,,0,0,zellety01
538,Paul Zipser,SF,23,CHI,54,824,.346,16.9,,.530,.150,.120,.077,.184,.470,,.355,.629,.214,.389,.209,.336,,.591,.973,,.026,6,,.209,.391,,0,0,zipsepa01
539,Ante Žižić,C,21,CLE,32,214,.731,3.4,,1.000,.612,.313,.060,.015,.000,,.731,.854,.571,.250,1.000,,,.633,,,.149,10,,,,,0,0,zizican01
540,Ivica Zubac,C,20,LAL,43,410,.500,3.8,,.992,.582,.303,.090,.016,.008,,.504,.634,.324,.364,.000,.000,,.656,,,.189,19,,.000,,,0,0,zubaciv01