,,,,,,,,,,% of FGA by Distance,% of FGA by Distance,% of FGA by Distance,% of FGA by Distance,% of FGA by Distance,% of FGA by Distance,,FG% by Distance,FG% by Distance,FG% by Distance,FG% by Distance,FG% by Distance,FG% by Distance,,% of FG Ast'd,% of FG Ast'd,,Dunks,Dunks,,Corner 3s,Corner 3s,,Heaves,Heaves,-additional
Rk,Player,Pos,Age,Tm,G,MP,FG%,Dist.,,2P,0-3,3-10,10-16,16-3P,3P,,2P,0-3,3-10,10-16,16-3P,3P,,2P,3P,,%FGA,#,,%3PA,3P%,,Att.,#,-9999
1,Steven Adams,C,26,OKC,63,1680,.592,4.4,,.994,.513,.397,.082,.002,.006,,.594,.743,.416,.513,1.000,.333,,.670,1.000,,.176,78,,.333,.000,,1,1,adamsst01
2,Bam Adebayo,PF,22,MIA,72,2417,.557,5.8,,.982,.481,.301,.144,.056,.018,,.564,.726,.445,.404,.227,.143,,.715,.500,,.219,157,,.571,.125,,1,0,adebaba01
3,LaMarcus Aldridge,C,34,SAS,53,1754,.493,13.7,,.802,.202,.129,.227,.245,.198,,.519,.719,.471,.461,.433,.389,,.567,.951,,.044,31,,.185,.379,,1,0,aldrila01
4,Kyle Alexander,C,23,MIA,2,13,.500,1.5,,1.000,1.000,.000,.000,.000,.000,,.500,.500,,,,,,.000,,,.000,0,,,,,0,0,alexaky01
5,Nickeil Alexander-Walker,SG,21,NOP,47,591,.368,15.9,,.500,.244,.173,.053,.030,.500,,.391,.523,.261,.214,.375,.346,,.192,.913,,.008,2,,.188,.360,,4,0,alexani01
6,Grayson Allen,SG,24,MEM,38,718,.466,16.9,,.438,.151,.179,.104,.004,.562,,.545,.711,.444,.500,.000,.404,,.600,.982,,.044,10,,.255,.556,,0,0,allengr01
7,Jarrett Allen,C,21,BRK,70,1852,.649,2.6,,.987,.755,.211,.019,.002,.013,,.658,.746,.367,.444,.000,.000,,.795,,,.447,177,,.833,.000,,0,0,allenja01
8,Kadeem Allen,PG,27,NYK,10,117,.432,15.1,,.636,.159,.182,.227,.068,.364,,.500,.571,.375,.600,.333,.313,,.286,.800,,.000,0,,.313,.400,,0,0,allenka01
9,Al-Farouq Aminu,PF,29,ORL,18,380,.291,13.3,,.581,.267,.244,.000,.070,.419,,.320,.435,.190,,.333,.250,,.438,.889,,.012,1,,.222,.375,,0,0,aminual01
10,Justin Anderson,SG,26,BRK,10,107,.263,20.3,,.237,.211,.026,.000,.000,.763,,.444,.375,1.000,,,.207,,1.000,1.000,,.053,2,,.276,.250,,0,0,anderju01
11,Kyle Anderson,SF,26,MEM,67,1330,.474,11.8,,.743,.260,.263,.136,.085,.257,,.541,.663,.506,.400,.500,.282,,.541,1.000,,.030,10,,.518,.250,,2,0,anderky01
12,Ryan Anderson,C,31,HOU,2,14,.286,21.5,,.286,.143,.000,.143,.000,.714,,.500,.000,,1.000,,.200,,.000,1.000,,.000,0,,.000,,,0,0,anderry01
13,Giannis Antetokounmpo,PF,25,MIL,63,1917,.553,9.8,,.763,.482,.160,.073,.048,.237,,.631,.779,.343,.433,.400,.304,,.438,.551,,.170,197,,.034,.500,,0,0,antetgi01
14,Kostas Antetokounmpo,PF,22,LAL,5,20,1.000,1.5,,1.000,1.000,.000,.000,.000,.000,,1.000,1.000,,,,,,.667,,,1.000,3,,,,,0,0,antetko01
15,Thanasis Antetokounmpo,SF,27,MIL,20,129,.500,8.1,,.792,.667,.063,.063,.000,.208,,.632,.656,.333,.667,,.000,,.583,,,.229,11,,.400,.000,,2,0,antetth01
16,Carmelo Anthony,PF,35,POR,58,1902,.430,14.5,,.711,.193,.105,.238,.175,.289,,.448,.530,.476,.419,.380,.385,,.390,.943,,.032,17,,.212,.563,,1,0,anthoca01
17,OG Anunoby,SF,22,TOR,69,2066,.505,11.6,,.597,.452,.111,.025,.009,.403,,.583,.680,.270,.357,.200,.390,,.640,.955,,.154,84,,.504,.400,,0,0,anunoog01
18,Ryan Arcidiacono,PG,25,CHI,58,930,.409,18.4,,.373,.150,.100,.100,.023,.627,,.439,.606,.318,.318,.400,.391,,.500,.889,,.000,0,,.290,.475,,0,0,arcidry01
19,Trevor Ariza,SF,34,TOT,53,1493,.438,17.0,,.361,.269,.065,.012,.015,.639,,.556,.701,.190,.000,.000,.372,,.692,.948,,.059,16,,.377,.397,,1,0,arizatr01
19,Trevor Ariza,SF,34,SAC,32,791,.388,19.4,,.261,.188,.042,.012,.018,.739,,.488,.677,.000,.000,.000,.352,,.571,.977,,.036,6,,.369,.333,,1,0,arizatr01
19,Trevor Ariza,SF,34,POR,21,702,.491,14.5,,.465,.352,.088,.013,.013,.535,,.595,.714,.286,.000,.000,.400,,.750,.912,,.082,10,,.388,.485,,0,0,arizatr01
20,D.J. Augustin,PG,32,ORL,57,1420,.399,15.9,,.564,.197,.167,.121,.078,.436,,.438,.571,.286,.500,.333,.348,,.193,.629,,.000,0,,.129,.346,,5,0,augusdj01
21,Deandre Ayton,C,21,PHO,38,1236,.546,6.7,,.977,.461,.227,.188,.100,.023,,.553,.725,.411,.393,.386,.231,,.746,1.000,,.164,83,,.154,.500,,0,0,aytonde01
22,Dwayne Bacon,SG,24,CHO,39,687,.348,11.6,,.725,.320,.238,.107,.061,.275,,.373,.449,.345,.231,.333,.284,,.470,.895,,.012,3,,.149,.300,,0,0,bacondw01
23,Marvin Bagley III,C,20,SAC,13,334,.467,8.2,,.868,.431,.293,.060,.084,.132,,.510,.681,.306,.200,.571,.182,,.635,1.000,,.174,25,,.045,.000,,0,0,baglema01
24,Lonzo Ball,PG,22,NOP,63,2025,.403,17.7,,.425,.214,.083,.049,.079,.575,,.442,.605,.246,.324,.278,.375,,.403,.824,,.023,15,,.210,.349,,2,0,balllo01
25,Mo Bamba,C,21,ORL,62,878,.462,12.4,,.626,.406,.126,.031,.063,.374,,.531,.681,.194,.444,.278,.346,,.537,1.000,,.143,39,,.103,.182,,0,0,bambamo01
26,J.J. Barea,PG,35,DAL,29,450,.411,14.8,,.589,.266,.150,.101,.072,.411,,.434,.582,.290,.286,.400,.376,,.094,.406,,.000,0,,.094,.500,,1,0,bareajo01
27,Harrison Barnes,PF,27,SAC,72,2482,.460,11.8,,.662,.294,.285,.058,.025,.338,,.501,.691,.363,.304,.300,.381,,.525,.873,,.043,31,,.336,.356,,1,1,barneha02
28,RJ Barrett,SG,19,NYK,56,1704,.402,10.7,,.729,.392,.201,.065,.072,.271,,.432,.568,.267,.277,.288,.320,,.354,.937,,.056,35,,.299,.356,,1,0,barrerj01
29,Will Barton,SF,29,DEN,58,1916,.450,13.5,,.610,.286,.186,.079,.060,.390,,.498,.616,.328,.414,.568,.375,,.393,.704,,.037,25,,.122,.486,,1,1,bartowi01
30,Keita Bates-Diop,PF-SF,24,TOT,44,744,.427,12.9,,.560,.385,.128,.034,.013,.440,,.504,.611,.300,.125,.333,.330,,.667,.941,,.034,8,,.417,.419,,0,0,bateske01
30,Keita Bates-Diop,PF,24,MIN,37,646,.422,13.4,,.544,.354,.136,.039,.015,.456,,.500,.644,.250,.125,.333,.330,,.661,.968,,.039,8,,.404,.421,,0,0,bateske01
30,Keita Bates-Diop,SF,24,DEN,7,98,.464,8.9,,.679,.607,.071,.000,.000,.321,,.526,.471,1.000,,,.333,,.700,.667,,.000,0,,.556,.400,,0,0,bateske01
31,Nicolas Batum,SF,31,CHO,22,505,.346,18.1,,.395,.222,.012,.074,.086,.605,,.438,.611,1.000,.333,.000,.286,,.214,.929,,.037,3,,.388,.316,,0,0,batumni01
32,Aron Baynes,C,33,PHO,42,934,.480,13.3,,.559,.333,.171,.039,.016,.441,,.582,.638,.569,.333,.167,.351,,.734,1.000,,.081,28,,.143,.250,,0,0,baynear01
33,Kent Bazemore,SF,30,TOT,68,1688,.375,14.9,,.543,.268,.139,.069,.067,.457,,.400,.531,.243,.297,.306,.344,,.491,.952,,.026,14,,.459,.313,,5,0,bazemke01
33,Kent Bazemore,SF,30,POR,43,1111,.347,16.8,,.475,.212,.104,.083,.077,.525,,.368,.464,.235,.259,.400,.327,,.404,.946,,.015,5,,.433,.297,,4,0,bazemke01
33,Kent Bazemore,SF,30,SAC,25,577,.418,11.9,,.649,.356,.192,.048,.053,.351,,.437,.595,.250,.400,.091,.384,,.576,.964,,.043,9,,.521,.342,,1,0,bazemke01
34,Darius Bazley,PF,19,OKC,61,1130,.394,13.7,,.555,.287,.196,.038,.035,.445,,.432,.604,.226,.250,.364,.348,,.618,.898,,.085,24,,.333,.298,,0,0,bazleda01
35,Bradley Beal,SG,26,WAS,57,2053,.455,14.7,,.631,.239,.141,.135,.115,.369,,.515,.689,.397,.438,.387,.353,,.376,.635,,.035,41,,.119,.316,,1,0,bealbr01
36,Malik Beasley,SG,23,TOT,55,1209,.425,16.7,,.483,.189,.129,.096,.069,.517,,.465,.634,.261,.471,.378,.388,,.667,.888,,.030,13,,.185,.451,,1,0,beaslma01
36,Malik Beasley,SG,23,DEN,41,746,.389,17.7,,.465,.143,.130,.103,.090,.535,,.421,.581,.231,.452,.407,.360,,.644,.966,,.023,5,,.193,.419,,1,0,beaslma01
36,Malik Beasley,SG,23,MIN,14,463,.472,15.5,,.506,.249,.129,.086,.043,.494,,.517,.672,.300,.500,.300,.426,,.689,.796,,.039,8,,.174,.500,,0,0,beaslma01
37,Marco Belinelli,SG,33,SAS,57,883,.392,20.5,,.433,.086,.048,.048,.252,.567,,.412,.667,.200,.333,.380,.376,,.893,.896,,.000,0,,.219,.410,,0,0,belinma01
38,Jordan Bell,C,25,TOT,29,256,.522,7.2,,.821,.627,.119,.045,.030,.179,,.564,.643,.500,.000,.000,.333,,.742,.750,,.134,8,,.667,.500,,0,0,belljo01
38,Jordan Bell,C,25,MIN,27,235,.533,6.1,,.850,.683,.117,.050,.000,.150,,.588,.634,.571,.000,,.222,,.733,.500,,.150,8,,.556,.400,,0,0,belljo01
38,Jordan Bell,C,25,MEM,2,21,.429,16.7,,.571,.143,.143,.000,.286,.429,,.250,1.000,.000,,.000,.667,,1.000,1.000,,.000,0,,1.000,.667,,0,0,belljo01
39,DeAndre' Bembry,SG,25,ATL,43,915,.456,9.7,,.715,.469,.206,.031,.009,.285,,.546,.607,.426,.571,.000,.231,,.584,1.000,,.096,19,,.400,.308,,1,0,bembrde01
40,Dragan Bender,PF-C,22,TOT,16,286,.446,13.9,,.533,.272,.261,.000,.000,.467,,.531,.680,.375,,,.349,,.846,1.000,,.065,6,,.279,.417,,0,0,bendedr01
40,Dragan Bender,C,22,MIL,7,91,.476,11.7,,.571,.476,.095,.000,.000,.429,,.500,.600,.000,,,.444,,1.000,1.000,,.143,3,,.556,.600,,0,0,bendedr01
40,Dragan Bender,PF,22,GSW,9,195,.437,14.6,,.521,.211,.310,.000,.000,.479,,.541,.733,.409,,,.324,,.800,1.000,,.042,3,,.206,.286,,0,0,bendedr01
41,Dāvis Bertāns,PF,27,WAS,54,1583,.434,22.2,,.226,.097,.059,.034,.036,.774,,.471,.644,.306,.429,.318,.424,,.754,.915,,.025,14,,.078,.568,,1,0,bertada01
42,Patrick Beverley,PG,31,LAC,51,1342,.431,17.2,,.396,.194,.147,.041,.015,.604,,.496,.591,.460,.286,.200,.388,,.299,.950,,.006,1,,.311,.422,,0,0,beverpa01
43,Khem Birch,C,27,ORL,48,922,.510,4.5,,.993,.476,.448,.063,.007,.007,,.514,.706,.344,.222,1.000,.000,,.671,,,.175,23,,1.000,.000,,0,0,birchkh01
44,Goga Bitadze,C,20,IND,54,471,.467,13.4,,.720,.267,.167,.140,.147,.280,,.574,.775,.520,.333,.500,.190,,.839,1.000,,.093,14,,.095,.250,,1,0,bitadgo01
45,Bismack Biyombo,C,27,CHO,53,1029,.543,3.6,,1.000,.604,.320,.065,.011,.000,,.543,.702,.315,.278,.000,,,.834,,,.212,56,,,,,0,0,biyombi01
46,Nemanja Bjelica,PF,31,SAC,72,2011,.481,15.4,,.510,.253,.198,.031,.029,.490,,.541,.630,.465,.450,.368,.419,,.550,.948,,.028,18,,.125,.525,,0,0,bjeline01
47,Eric Bledsoe,PG,30,MIL,61,1646,.475,12.2,,.694,.337,.185,.098,.074,.306,,.533,.709,.354,.362,.404,.344,,.319,.459,,.003,2,,.126,.296,,0,0,bledser01
48,Bogdan Bogdanović,SG,27,SAC,61,1766,.440,18.5,,.424,.121,.128,.099,.076,.576,,.532,.677,.459,.434,.552,.372,,.358,.854,,.004,2,,.193,.365,,1,0,bogdabo01
49,Bojan Bogdanović,SF,30,UTA,63,2083,.447,15.4,,.511,.195,.207,.080,.029,.489,,.479,.698,.361,.333,.259,.414,,.507,.857,,.029,22,,.282,.473,,0,0,bogdabo02
50,Bol Bol,PF,20,DEN,7,87,.500,12.1,,.679,.321,.143,.179,.036,.321,,.526,.778,.500,.200,.000,.444,,.500,1.000,,.107,3,,.222,.000,,0,0,bolbo01
51,Jonah Bolden,C,24,TOT,7,47,.364,9.7,,.636,.636,.000,.000,.000,.364,,.571,.571,,,,.000,,.500,,,.182,1,,.500,.000,,0,0,boldejo01
51,Jonah Bolden,C,24,PHI,4,14,.667,8.7,,.667,.667,.000,.000,.000,.333,,1.000,1.000,,,,.000,,1.000,,,.000,0,,1.000,.000,,0,0,boldejo01
51,Jonah Bolden,C,24,PHO,3,33,.250,10.0,,.625,.625,.000,.000,.000,.375,,.400,.400,,,,.000,,.000,,,.250,1,,.333,.000,,0,0,boldejo01
52,Marques Bolden,C,21,CLE,1,3,,,,,,,,,,,,,,,,,,,,,,0,,,,,0,0,boldema01
53,Jordan Bone,PG,22,DET,10,53,.250,17.8,,.500,.050,.150,.250,.050,.500,,.300,1.000,.000,.400,.000,.200,,.667,.500,,.000,0,,.000,,,0,0,bonejo01
54,Isaac Bonga,SF,20,WAS,66,1250,.504,10.1,,.697,.462,.179,.038,.017,.303,,.571,.648,.476,.222,.250,.352,,.559,1.000,,.043,8,,.380,.444,,2,0,bongais01
55,Devin Booker,SG,23,PHO,70,2512,.489,14.1,,.690,.228,.136,.213,.112,.310,,.549,.720,.463,.487,.424,.354,,.416,.610,,.017,22,,.090,.361,,0,0,bookede01
56,Chris Boucher,C,27,TOR,62,819,.472,11.8,,.605,.468,.100,.017,.020,.395,,.569,.621,.433,.200,.333,.322,,.660,1.000,,.157,44,,.144,.176,,0,0,bouchch01
57,Brian Bowen,SF,21,IND,6,31,.300,9.9,,.800,.400,.200,.100,.100,.200,,.375,.250,1.000,.000,.000,.000,,.667,,,.100,1,,1.000,.000,,0,0,bowenbr02
58,Ky Bowman,PG,22,GSW,45,1015,.417,14.8,,.667,.209,.159,.146,.153,.333,,.472,.657,.314,.468,.388,.308,,.446,.727,,.040,11,,.234,.440,,1,0,bowmaky01
59,Avery Bradley,SG,29,LAL,49,1186,.444,16.9,,.548,.170,.091,.076,.211,.452,,.510,.646,.429,.448,.457,.364,,.738,.921,,.005,2,,.468,.358,,1,0,bradlav01
60,Tony Bradley,C,22,UTA,58,663,.667,2.9,,.984,.762,.201,.016,.005,.016,,.661,.743,.368,.667,.000,1.000,,.691,1.000,,.201,32,,.000,,,0,0,bradlto01
61,Jarrell Brantley,PF,23,UTA,9,96,.357,13.6,,.536,.286,.214,.036,.000,.464,,.467,.750,.167,.000,,.231,,.429,1.000,,.036,1,,.462,.333,,0,0,brantja01
62,Ignas Brazdeikis,SF,21,NYK,9,53,.273,15.7,,.591,.273,.136,.045,.136,.409,,.385,.833,.000,.000,.000,.111,,.200,1.000,,.000,0,,.111,.000,,0,0,brazdig01
63,Corey Brewer,PF,33,SAC,5,33,.500,7.5,,.750,.500,.250,.000,.000,.250,,.667,1.000,.000,,,.000,,1.000,,,.000,0,,1.000,.000,,0,0,breweco01
64,Mikal Bridges,SF,23,PHO,73,2042,.510,12.6,,.599,.386,.122,.062,.029,.401,,.610,.749,.339,.367,.429,.361,,.763,.986,,.101,43,,.490,.411,,1,0,bridgmi01
65,Miles Bridges,SF,21,CHO,65,1995,.424,12.9,,.602,.308,.226,.050,.017,.398,,.486,.621,.335,.316,.538,.330,,.514,.939,,.070,47,,.353,.377,,4,0,bridgmi02
66,Oshae Brissett,SF,21,TOR,19,135,.361,11.7,,.583,.389,.167,.028,.000,.417,,.476,.714,.000,.000,,.200,,.600,1.000,,.194,6,,.533,.250,,0,0,brissos01
67,Ryan Broekhoff,SF,29,DAL,17,180,.373,22.5,,.136,.068,.034,.034,.000,.864,,.250,.250,.500,.000,,.392,,.500,.950,,.000,0,,.294,.400,,0,0,broekry01
68,Malcolm Brogdon,PG,27,IND,54,1666,.438,13.9,,.691,.325,.087,.099,.179,.309,,.488,.533,.308,.541,.466,.326,,.187,.453,,.008,6,,.078,.222,,0,0,brogdma01
69,Dillon Brooks,SG,24,MEM,73,2112,.407,15.6,,.615,.169,.155,.174,.117,.385,,.438,.528,.380,.435,.392,.358,,.535,.891,,.013,11,,.107,.386,,1,0,brookdi01
70,Bruce Brown,PG,23,DET,58,1634,.443,8.5,,.785,.391,.347,.036,.011,.215,,.470,.600,.355,.250,.200,.344,,.382,.970,,.056,21,,.625,.417,,0,0,brownbr01
71,Charlie Brown Jr.,SG,22,ATL,10,40,.316,14.3,,.526,.263,.211,.053,.000,.474,,.300,.200,.500,.000,,.333,,1.000,1.000,,.053,1,,.222,.000,,0,0,brownch02
72,Jaylen Brown,SG,23,BOS,57,1934,.481,13.6,,.619,.269,.194,.090,.065,.381,,.543,.703,.407,.488,.362,.382,,.477,.884,,.051,38,,.269,.484,,2,0,brownja02
73,Moses Brown,C,20,POR,9,33,.400,2.0,,1.000,.800,.200,.000,.000,.000,,.400,.375,.500,,,,,.750,,,.200,1,,,,,0,0,brownmo01
74,Sterling Brown,SF,24,MIL,52,767,.371,16.4,,.469,.227,.125,.063,.055,.531,,.425,.569,.313,.375,.143,.324,,.471,.909,,.023,5,,.324,.432,,1,0,brownst02
75,Troy Brown Jr.,SF,20,WAS,69,1782,.439,13.3,,.712,.272,.195,.108,.138,.288,,.479,.680,.355,.343,.360,.341,,.528,.967,,.035,18,,.263,.447,,7,1,browntr01
76,Jalen Brunson,PG,23,DAL,57,1022,.466,13.6,,.691,.178,.258,.139,.116,.309,,.515,.623,.500,.500,.400,.358,,.239,.814,,.000,0,,.233,.357,,0,0,brunsja01
77,Thomas Bryant,C,22,WAS,46,1147,.581,10.8,,.782,.411,.134,.093,.144,.218,,.630,.785,.518,.462,.400,.407,,.772,.946,,.163,67,,.110,.400,,0,0,bryanth01
78,Reggie Bullock,SG,28,NYK,29,684,.402,18.0,,.504,.161,.071,.076,.196,.496,,.469,.694,.188,.412,.409,.333,,.717,.973,,.004,1,,.270,.300,,0,0,bullore01
79,Trey Burke,PG,27,TOT,33,520,.450,15.1,,.641,.244,.110,.124,.163,.359,,.463,.549,.348,.577,.324,.427,,.323,.844,,.000,0,,.227,.471,,2,0,burketr01
79,Trey Burke,PG,27,PHI,25,329,.465,14.4,,.701,.252,.118,.134,.197,.299,,.483,.688,.200,.588,.320,.421,,.395,.938,,.000,0,,.132,.800,,1,0,burketr01
79,Trey Burke,PG,27,DAL,8,191,.427,16.1,,.549,.232,.098,.110,.110,.451,,.422,.316,.625,.556,.333,.432,,.158,.750,,.000,0,,.324,.333,,1,0,burketr01
80,Alec Burks,SF-SG,28,TOT,66,1754,.418,15.4,,.608,.201,.164,.130,.113,.392,,.439,.565,.341,.420,.379,.385,,.424,.681,,.013,10,,.186,.464,,1,0,burksal01
80,Alec Burks,SF,28,GSW,48,1390,.406,15.0,,.627,.213,.168,.128,.118,.373,,.424,.516,.347,.390,.408,.375,,.475,.726,,.013,8,,.170,.395,,1,0,burksal01
80,Alec Burks,SG,28,PHI,18,364,.461,16.6,,.539,.156,.150,.138,.096,.461,,.500,.808,.320,.522,.250,.416,,.244,.563,,.012,2,,.234,.611,,0,0,burksal01
81,Deonte Burton,SF,26,OKC,39,356,.344,14.6,,.576,.352,.136,.024,.064,.424,,.458,.614,.235,.000,.250,.189,,.727,.900,,.040,5,,.245,.154,,3,0,burtode02
82,Jimmy Butler,SF,30,MIA,58,1959,.455,10.0,,.843,.340,.257,.150,.095,.157,,.495,.655,.426,.386,.278,.244,,.402,.552,,.074,55,,.193,.217,,4,0,butleji01
83,Bruno Caboclo,C,24,TOT,30,244,.427,11.8,,.629,.427,.146,.000,.056,.371,,.571,.658,.385,,.400,.182,,.656,.833,,.135,10,,.424,.286,,0,0,cabocbr01
83,Bruno Caboclo,C,24,MEM,22,192,.406,11.5,,.638,.435,.145,.000,.058,.362,,.545,.633,.300,,.500,.160,,.708,1.000,,.130,7,,.440,.273,,0,0,cabocbr01
83,Bruno Caboclo,C,24,HOU,8,52,.500,13.0,,.600,.400,.150,.000,.050,.400,,.667,.750,.667,,.000,.250,,.500,.500,,.150,3,,.375,.333,,0,0,cabocbr01
84,Devontae Cacok,C,23,LAL,1,9,.500,3.9,,1.000,.333,.667,.000,.000,.000,,.500,.000,.750,,,,,1.000,,,.000,0,,,,,0,0,cacokde01
85,Kentavious Caldwell-Pope,SG,26,LAL,69,1762,.467,15.9,,.529,.254,.071,.091,.112,.471,,.541,.651,.528,.391,.421,.385,,.766,.924,,.032,14,,.397,.389,,1,0,caldwke01
86,Vlatko Čančar,PF,22,DEN,14,45,.400,12.9,,.600,.400,.133,.000,.067,.400,,.556,.667,.500,,.000,.167,,.600,1.000,,.133,2,,.167,.000,,0,0,cancavl01
87,Clint Capela,C,25,HOU,39,1279,.629,2.3,,1.000,.760,.232,.008,.000,.000,,.629,.722,.333,.333,,,,.803,,,.327,123,,,,,0,0,capelca01
88,DeMarre Carroll,SF-C,33,TOT,24,290,.379,15.2,,.500,.242,.167,.091,.000,.500,,.515,.563,.364,.667,,.242,,.647,.875,,.000,0,,.364,.500,,0,0,carrode01
88,DeMarre Carroll,SF,33,SAS,15,135,.310,14.5,,.552,.207,.276,.069,.000,.448,,.375,.333,.250,1.000,,.231,,.833,1.000,,.000,0,,.154,.500,,0,0,carrode01
88,DeMarre Carroll,C,33,HOU,9,155,.432,15.8,,.459,.270,.081,.108,.000,.541,,.647,.700,.667,.500,,.250,,.545,.800,,.000,0,,.500,.500,,0,0,carrode01
89,Jevon Carter,PG,24,PHO,58,945,.416,18.6,,.399,.152,.082,.062,.103,.601,,.402,.486,.200,.400,.440,.425,,.436,.903,,.004,1,,.342,.460,,2,0,carteje01
90,Vince Carter,PF,43,ATL,60,876,.352,20.4,,.336,.079,.082,.102,.072,.664,,.451,.417,.560,.419,.409,.302,,.457,.869,,.007,2,,.188,.342,,0,0,cartevi01
91,Wendell Carter Jr.,C,20,CHI,43,1256,.534,6.0,,.915,.571,.204,.096,.044,.085,,.564,.694,.286,.515,.267,.207,,.695,1.000,,.236,73,,.414,.167,,0,0,cartewe01
92,Michael Carter-Williams,SG,28,ORL,45,833,.427,10.7,,.712,.335,.277,.077,.023,.288,,.481,.586,.431,.350,.000,.293,,.483,.955,,.050,11,,.307,.261,,0,0,cartemi01
93,Alex Caruso,PG,25,LAL,64,1175,.412,13.7,,.588,.326,.134,.082,.045,.412,,.468,.684,.205,.167,.231,.333,,.575,.875,,.052,12,,.325,.308,,0,0,carusal01
94,Willie Cauley-Stein,C,26,TOT,54,1097,.579,5.4,,.997,.560,.238,.093,.106,.003,,.581,.787,.389,.286,.188,.000,,.789,,,.295,84,,.000,,,0,0,caulewi01
94,Willie Cauley-Stein,C,26,GSW,41,940,.560,5.7,,1.000,.533,.249,.101,.117,.000,,.560,.774,.391,.308,.167,,,.764,,,.288,70,,,,,0,0,caulewi01
94,Willie Cauley-Stein,C,26,DAL,13,157,.689,4.0,,.978,.711,.178,.044,.044,.022,,.705,.844,.375,.000,.500,.000,,.903,,,.333,14,,.000,,,0,0,caulewi01
95,Tyson Chandler,C,37,HOU,26,219,.778,1.4,,1.000,1.000,.000,.000,.000,.000,,.778,.778,,,,,,.857,,,.611,11,,,,,0,0,chandty01
96,Wilson Chandler,PF,32,BRK,35,734,.404,18.8,,.339,.098,.164,.038,.038,.661,,.597,.722,.533,.286,.857,.306,,.514,1.000,,.005,1,,.256,.387,,0,0,chandwi01
97,Joe Chealey,PG,24,CHO,4,33,.000,16.7,,.429,.000,.429,.000,.000,.571,,.000,,.000,,,.000,,,,,.000,0,,.750,.000,,0,0,chealjo01
98,Zylan Cheatham,PF,24,NOP,4,51,.667,5.7,,.889,.667,.111,.111,.000,.111,,.750,1.000,.000,.000,,.000,,.500,,,.222,2,,.000,,,0,0,cheatzy01
99,Chris Chiozza,PG,24,TOT,28,401,.393,16.1,,.486,.236,.136,.071,.043,.514,,.412,.485,.368,.400,.167,.375,,.214,.852,,.000,0,,.111,.625,,0,0,chiozch01
99,Chris Chiozza,PG,24,WAS,10,123,.294,16.3,,.529,.147,.206,.088,.088,.471,,.167,.400,.143,.000,.000,.438,,.333,1.000,,.000,0,,.125,1.000,,0,0,chiozch01
99,Chris Chiozza,PG,24,BRK,18,278,.425,16.1,,.472,.264,.113,.066,.028,.528,,.500,.500,.500,.571,.333,.357,,.200,.800,,.000,0,,.107,.500,,0,0,chiozch01
100,Marquese Chriss,PF,22,GSW,59,1196,.545,5.8,,.899,.613,.223,.029,.034,.101,,.584,.674,.395,.364,.385,.205,,.743,1.000,,.304,99,,.077,.667,,1,0,chrisma01
101,Gary Clark,SF-PF,25,TOT,42,567,.406,21.7,,.165,.105,.038,.015,.008,.835,,.682,.786,.400,.500,1.000,.351,,.667,1.000,,.023,3,,.288,.406,,0,0,clarkga01
101,Gary Clark,PF,25,HOU,18,212,.390,22.2,,.136,.102,.017,.017,.000,.864,,.625,.833,.000,.000,,.353,,.800,1.000,,.034,2,,.314,.438,,0,0,clarkga01
101,Gary Clark,SF,25,ORL,24,355,.419,21.2,,.189,.108,.054,.014,.014,.811,,.714,.750,.500,1.000,1.000,.350,,.600,1.000,,.014,1,,.267,.375,,0,0,clarkga01
102,Brandon Clarke,PF,23,MEM,58,1300,.618,7.6,,.866,.470,.215,.148,.033,.134,,.658,.773,.524,.549,.375,.359,,.813,1.000,,.167,77,,.422,.296,,0,0,clarkbr01
103,Jordan Clarkson,SG,27,TOT,71,1705,.454,15.3,,.524,.194,.220,.083,.027,.476,,.533,.702,.482,.333,.348,.368,,.256,.770,,.013,10,,.232,.396,,1,0,clarkjo01
103,Jordan Clarkson,SG,27,CLE,29,666,.442,15.4,,.512,.233,.172,.080,.028,.488,,.509,.658,.429,.269,.444,.371,,.294,.780,,.015,5,,.164,.423,,0,0,clarkjo01
103,Jordan Clarkson,SG,27,UTA,42,1039,.462,15.2,,.530,.170,.250,.085,.026,.470,,.547,.739,.504,.370,.286,.366,,.236,.763,,.011,5,,.276,.386,,1,0,clarkjo01
104,Nic Claxton,C,20,BRK,15,187,.563,6.3,,.854,.521,.292,.021,.021,.146,,.634,.800,.357,1.000,.000,.143,,.692,1.000,,.313,14,,.571,.000,,0,0,claxtni01
105,Chris Clemons,SG,22,HOU,33,291,.401,21.5,,.246,.176,.021,.028,.021,.754,,.571,.600,.667,.500,.333,.346,,.300,.568,,.028,4,,.019,.500,,0,0,clemoch01
106,Antonius Cleveland,SG,25,DAL,11,46,.286,9.6,,.786,.429,.214,.071,.071,.214,,.364,.333,.667,.000,.000,.000,,.250,,,.000,0,,.333,.000,,0,0,clevean01
107,Amir Coffey,SG,22,LAC,18,159,.426,12.7,,.648,.315,.148,.130,.056,.352,,.486,.588,.250,.571,.333,.316,,.471,1.000,,.056,3,,.368,.571,,0,0,coffeam01
108,John Collins,PF,22,ATL,41,1363,.583,9.4,,.757,.469,.185,.068,.035,.243,,.642,.768,.473,.293,.524,.401,,.748,.966,,.221,117,,.129,.368,,1,0,collijo01
109,Zach Collins,PF,22,POR,11,290,.471,9.8,,.721,.441,.206,.044,.029,.279,,.510,.633,.286,.333,.500,.368,,.680,1.000,,.074,5,,.316,.167,,0,0,colliza01
110,Mike Conley,PG,32,UTA,47,1363,.409,16.3,,.549,.134,.203,.138,.074,.451,,.437,.566,.391,.359,.476,.375,,.257,.625,,.000,0,,.199,.451,,4,1,conlemi01
111,Pat Connaughton,SG,27,MIL,67,1243,.455,15.9,,.449,.349,.063,.013,.023,.551,,.607,.705,.368,.250,.000,.331,,.732,.945,,.100,29,,.114,.316,,0,0,connapa01
112,Quinn Cook,PG,26,LAL,44,508,.425,15.7,,.603,.192,.145,.089,.178,.397,,.465,.610,.290,.632,.368,.365,,.333,.774,,.000,0,,.247,.476,,0,0,cookqu01
113,Tyler Cook,PF-SF,22,TOT,13,54,.667,2.7,,1.000,.833,.083,.083,.000,.000,,.667,.600,1.000,1.000,,,,.500,,,.417,2,,,,,0,0,cookty01
113,Tyler Cook,PF,22,CLE,11,35,.700,2.9,,1.000,.800,.100,.100,.000,.000,,.700,.625,1.000,1.000,,,,.571,,,.400,1,,,,,0,0,cookty01
113,Tyler Cook,SF,22,DEN,2,19,.500,1.6,,1.000,1.000,.000,.000,.000,.000,,.500,.500,,,,,,.000,,,.500,1,,,,,0,0,cookty01
114,Robert Covington,PF-C,29,TOT,70,2137,.422,18.7,,.336,.217,.087,.012,.019,.664,,.593,.675,.429,.444,.500,.335,,.771,.925,,.017,11,,.131,.365,,4,0,covinro01
114,Robert Covington,PF,29,MIN,48,1411,.435,18.2,,.371,.232,.097,.018,.024,.629,,.587,.661,.479,.444,.417,.346,,.769,.889,,.016,7,,.093,.379,,3,0,covinro01
114,Robert Covington,C,29,HOU,22,726,.392,19.8,,.260,.185,.066,.000,.009,.740,,.610,.714,.267,,1.000,.315,,.778,1.000,,.018,4,,.202,.353,,1,0,covinro01
115,Allen Crabbe,SG-SF,27,TOT,37,653,.356,20.7,,.328,.068,.085,.096,.079,.672,,.466,.750,.333,.412,.429,.303,,.667,1.000,,.006,1,,.244,.414,,2,0,crabbal01
115,Allen Crabbe,SG,27,ATL,28,522,.364,20.5,,.350,.063,.091,.112,.084,.650,,.440,.667,.308,.375,.500,.323,,.591,1.000,,.007,1,,.194,.444,,2,0,crabbal01
115,Allen Crabbe,SF,27,MIN,9,131,.324,21.2,,.235,.088,.059,.029,.059,.765,,.625,1.000,.500,1.000,.000,.231,,1.000,1.000,,.000,0,,.423,.364,,0,0,crabbal01
116,Torrey Craig,SF,29,DEN,58,1072,.461,15.0,,.487,.342,.074,.041,.030,.513,,.603,.739,.300,.182,.375,.326,,.633,.956,,.052,10,,.341,.298,,2,0,craigto01
117,Jamal Crawford,SG,39,BRK,1,6,.500,24.0,,.500,.000,.000,.000,.500,.500,,.500,,,,.500,.500,,.000,1.000,,.000,0,,.000,,,0,0,crawfja01
118,Jae Crowder,SF-PF,29,TOT,65,1875,.401,19.5,,.300,.187,.044,.020,.050,.700,,.538,.648,.360,.273,.393,.343,,.648,.852,,.007,4,,.226,.382,,1,0,crowdja01
118,Jae Crowder,SF,29,MEM,45,1322,.368,18.9,,.333,.203,.050,.023,.058,.667,,.519,.642,.300,.111,.435,.293,,.594,.821,,.005,2,,.184,.306,,0,0,crowdja01
118,Jae Crowder,PF,29,MIA,20,553,.482,20.9,,.220,.146,.030,.012,.030,.780,,.611,.667,.600,1.000,.200,.445,,.818,.895,,.012,2,,.313,.475,,1,0,crowdja01
119,Jarrett Culver,SG,20,MIN,63,1506,.404,12.1,,.612,.380,.186,.030,.016,.388,,.471,.583,.274,.412,.222,.299,,.396,.758,,.060,31,,.176,.205,,1,0,culveja01
120,Seth Curry,SG,29,DAL,64,1576,.495,18.9,,.441,.091,.129,.105,.117,.559,,.549,.712,.446,.550,.537,.452,,.424,.800,,.000,0,,.171,.436,,1,0,curryse01
121,Stephen Curry,PG,31,GSW,5,139,.402,19.8,,.402,.207,.061,.012,.122,.598,,.636,.706,.400,1.000,.600,.245,,.333,.667,,.000,0,,.122,.333,,0,0,curryst01
122,Troy Daniels,SG,28,TOT,47,532,.387,21.5,,.290,.054,.065,.065,.108,.710,,.481,.700,.500,.500,.350,.348,,.769,.957,,.000,0,,.280,.432,,0,0,danietr01
122,Troy Daniels,SG,28,LAL,41,456,.392,21.3,,.291,.063,.070,.070,.089,.709,,.478,.700,.545,.455,.286,.357,,.727,.950,,.000,0,,.277,.419,,0,0,danietr01
122,Troy Daniels,SG,28,DEN,6,76,.357,22.8,,.286,.000,.036,.036,.214,.714,,.500,,.000,1.000,.500,.300,,1.000,1.000,,.000,0,,.300,.500,,0,0,danietr01
123,Anthony Davis,PF,26,LAL,62,2131,.503,11.1,,.801,.343,.172,.155,.130,.199,,.546,.758,.413,.412,.322,.330,,.578,.986,,.157,157,,.170,.432,,3,0,davisan02
124,Ed Davis,C,30,UTA,28,303,.478,3.2,,1.000,.609,.370,.000,.022,.000,,.478,.607,.235,,1.000,,,.545,,,.065,3,,,,,0,0,davised01
125,Terence Davis,SG,22,TOR,72,1209,.456,15.8,,.445,.305,.089,.037,.014,.555,,.541,.677,.282,.188,.167,.388,,.419,.904,,.055,17,,.236,.474,,1,0,daviste02
126,Dewayne Dedmon,C,30,TOT,44,774,.400,13.5,,.580,.325,.153,.047,.055,.420,,.541,.675,.333,.417,.429,.206,,.738,.955,,.110,24,,.187,.150,,0,0,dedmode01
126,Dewayne Dedmon,C,30,SAC,34,541,.404,13.7,,.585,.304,.181,.035,.064,.415,,.550,.692,.355,.500,.455,.197,,.709,1.000,,.129,19,,.141,.300,,0,0,dedmode01
126,Dewayne Dedmon,C,30,ATL,10,233,.393,13.2,,.571,.369,.095,.071,.036,.429,,.521,.645,.250,.333,.333,.222,,.800,.875,,.071,5,,.278,.000,,0,0,dedmode01
127,Matthew Dellavedova,PG,29,CLE,57,821,.354,16.6,,.480,.137,.229,.103,.011,.520,,.488,.542,.400,.611,.500,.231,,.317,.905,,.000,0,,.165,.333,,0,0,dellama01
128,DeMar DeRozan,SF,30,SAS,68,2316,.531,9.9,,.967,.266,.248,.263,.190,.033,,.540,.731,.488,.475,.432,.257,,.270,.889,,.030,30,,.286,.400,,2,0,derozde01
129,Cheick Diallo,C,23,PHO,47,479,.648,5.0,,.979,.613,.190,.099,.077,.021,,.655,.770,.444,.571,.364,.333,,.835,1.000,,.155,20,,.667,.500,,0,0,diallch01
130,Hamidou Diallo,SF,21,OKC,46,896,.446,8.4,,.807,.470,.223,.071,.044,.193,,.485,.633,.242,.333,.385,.281,,.638,.938,,.142,35,,.614,.343,,0,0,diallha01
131,Gorgui Dieng,C,30,TOT,63,1096,.456,14.6,,.582,.297,.102,.077,.107,.418,,.528,.676,.324,.393,.410,.355,,.723,.963,,.085,28,,.263,.450,,0,0,dienggo01
131,Gorgui Dieng,C,30,MIN,46,778,.448,15.0,,.567,.300,.087,.069,.112,.433,,.497,.602,.292,.421,.419,.383,,.692,.978,,.065,15,,.242,.448,,0,0,dienggo01
131,Gorgui Dieng,C,30,MEM,17,318,.483,13.4,,.632,.287,.149,.103,.092,.368,,.618,.920,.385,.333,.375,.250,,.794,.875,,.149,13,,.344,.455,,0,0,dienggo01
132,Spencer Dinwiddie,PG,26,BRK,64,1994,.415,13.3,,.608,.310,.191,.078,.028,.392,,.485,.637,.354,.263,.310,.308,,.176,.496,,.014,14,,.130,.327,,5,0,dinwisp01
133,Donte DiVincenzo,SG,23,MIL,66,1520,.455,15.3,,.516,.341,.084,.039,.051,.484,,.567,.655,.302,.450,.500,.336,,.537,.819,,.031,15,,.158,.256,,3,0,divindo01
134,Luka Dončić,PG,20,DAL,61,2047,.463,14.5,,.569,.260,.237,.058,.014,.431,,.574,.752,.436,.370,.471,.316,,.171,.240,,.012,14,,.020,.273,,9,0,doncilu01
135,Luguentz Dort,SF,20,OKC,36,820,.394,13.2,,.537,.372,.142,.023,.000,.463,,.479,.605,.226,.000,,.297,,.643,1.000,,.087,17,,.396,.325,,0,0,dortlu01
136,Damyean Dotson,SG,25,NYK,48,836,.414,19.6,,.438,.128,.055,.062,.193,.562,,.480,.676,.250,.389,.446,.362,,.541,.814,,.000,0,,.153,.320,,0,0,dotsoda01
137,Sekou Doumbouya,PF,19,DET,38,754,.390,12.9,,.585,.326,.195,.030,.034,.415,,.464,.545,.391,.286,.250,.286,,.719,.929,,.072,15,,.357,.286,,0,0,doumbse01
138,PJ Dozier,SG,23,DEN,29,412,.414,14.5,,.688,.197,.197,.185,.108,.312,,.444,.677,.258,.414,.412,.347,,.333,.647,,.006,1,,.143,.143,,3,0,doziepj01
139,Goran Dragić,PG,33,MIA,59,1663,.441,16.2,,.533,.182,.152,.106,.093,.467,,.505,.697,.391,.338,.507,.367,,.338,.653,,.000,0,,.169,.404,,1,0,dragigo01
140,Andre Drummond,C,26,TOT,57,1879,.533,4.3,,.955,.589,.334,.027,.005,.045,,.551,.662,.393,.190,.000,.143,,.574,.800,,.136,95,,.200,.429,,2,0,drumman01
140,Andre Drummond,C,26,DET,49,1654,.530,4.2,,.969,.580,.355,.028,.006,.031,,.546,.665,.390,.158,.000,.048,,.568,1.000,,.135,81,,.143,.000,,2,0,drumman01
140,Andre Drummond,C,26,CLE,8,225,.552,5.3,,.867,.648,.200,.019,.000,.133,,.593,.647,.429,.500,,.286,,.611,.750,,.143,14,,.286,.750,,0,0,drumman01
141,Jared Dudley,PF,34,LAL,45,364,.400,19.5,,.300,.167,.067,.000,.067,.700,,.333,.300,.500,,.250,.429,,.833,1.000,,.000,0,,.262,.545,,0,0,dudleja01
142,Kris Dunn,PG,25,CHI,51,1269,.444,11.3,,.673,.398,.187,.056,.032,.327,,.535,.647,.438,.263,.182,.259,,.423,.966,,.023,8,,.259,.276,,1,0,dunnkr01
143,Carsen Edwards,SG,21,BOS,37,351,.328,19.4,,.406,.141,.070,.063,.133,.594,,.346,.389,.000,.250,.529,.316,,.500,.667,,.008,0,,.118,.111,,0,0,edwarca01
144,Henry Ellenson,C,23,BRK,5,15,.143,16.0,,.429,.286,.143,.000,.000,.571,,.333,.500,.000,,,.000,,.000,,,.000,0,,.500,.000,,0,0,ellenhe01
145,Wayne Ellington,SG,32,NYK,36,558,.351,23.1,,.178,.046,.029,.006,.098,.822,,.355,.750,.000,1.000,.235,.350,,.636,.940,,.000,0,,.105,.600,,0,0,ellinwa01
146,Joel Embiid,C,25,PHI,51,1506,.477,12.4,,.785,.255,.195,.202,.134,.215,,.517,.725,.468,.407,.355,.331,,.452,.912,,.061,45,,.035,.333,,2,0,embiijo01
147,James Ennis III,SF-SG,29,TOT,69,1265,.446,14.0,,.529,.373,.089,.039,.028,.471,,.553,.649,.313,.286,.400,.325,,.667,.891,,.075,21,,.337,.404,,2,0,ennisja01
147,James Ennis III,SF,29,PHI,49,776,.442,13.6,,.531,.381,.097,.027,.027,.469,,.525,.651,.182,.000,.500,.349,,.698,1.000,,.093,17,,.415,.432,,1,0,ennisja01
147,James Ennis III,SG,29,ORL,20,489,.451,14.6,,.526,.361,.075,.060,.030,.474,,.600,.646,.600,.500,.250,.286,,.619,.667,,.045,4,,.206,.308,,1,0,ennisja01
148,Drew Eubanks,C,22,SAS,22,272,.642,5.2,,.985,.478,.403,.060,.045,.015,,.636,.750,.556,.500,.333,1.000,,.690,1.000,,.179,11,,1.000,1.000,,0,0,eubandr01
149,Jacob Evans,SG,22,TOT,29,418,.336,16.2,,.709,.119,.104,.194,.291,.291,,.337,.375,.214,.385,.333,.333,,.625,.923,,.007,1,,.256,.300,,0,0,evansja02
149,Jacob Evans,SG,22,GSW,27,414,.338,16.1,,.714,.120,.105,.195,.293,.286,,.337,.375,.214,.385,.333,.342,,.625,.923,,.008,1,,.263,.300,,0,0,evansja02
149,Jacob Evans,SG,22,MIN,2,4,.000,26.3,,.000,.000,.000,.000,.000,1.000,,,,,,,.000,,,,,.000,0,,.000,,,0,0,evansja02
150,Dante Exum,SG,24,TOT,35,485,.471,11.4,,.639,.378,.252,.008,.000,.361,,.539,.644,.367,1.000,,.349,,.268,.800,,.067,7,,.302,.231,,1,0,exumda01
150,Dante Exum,SG,24,UTA,11,83,.435,9.1,,.739,.261,.435,.043,.000,.261,,.471,.500,.400,1.000,,.333,,.250,1.000,,.130,2,,.500,.333,,0,0,exumda01
150,Dante Exum,SG,24,CLE,24,402,.479,11.9,,.615,.406,.208,.000,.000,.385,,.559,.667,.350,,,.351,,.273,.769,,.052,5,,.270,.200,,1,0,exumda01
151,Tacko Fall,C,24,BOS,7,33,.786,2.7,,1.000,.643,.357,.000,.000,.000,,.786,.889,.600,,,,,.818,,,.429,6,,,,,0,0,fallta01
152,Derrick Favors,C,28,NOP,51,1243,.617,4.0,,.979,.681,.192,.074,.032,.021,,.627,.706,.462,.440,.364,.143,,.721,1.000,,.177,56,,.714,.200,,0,0,favorde01
153,Cristiano Felício,C,27,CHI,22,386,.630,3.5,,.963,.667,.222,.056,.019,.037,,.654,.750,.500,.333,.000,.000,,.500,,,.130,6,,.000,,,0,0,feliccr01
154,Terrance Ferguson,SF,21,OKC,56,1257,.355,20.4,,.236,.123,.050,.014,.050,.764,,.558,.630,.364,.667,.545,.292,,.897,.980,,.032,5,,.411,.319,,0,0,fergute01
155,Bruno Fernando,C,21,ATL,56,713,.518,7.0,,.814,.578,.186,.040,.010,.186,,.605,.713,.297,.625,.000,.135,,.694,1.000,,.226,38,,.405,.067,,0,0,fernabr01
156,Yogi Ferrell,PG,26,SAC,50,530,.420,17.4,,.580,.149,.053,.186,.191,.420,,.505,.571,.200,.514,.528,.304,,.236,.667,,.000,0,,.177,.571,,0,0,ferreyo01
157,Dorian Finney-Smith,PF,26,DAL,71,2120,.466,15.5,,.420,.326,.069,.006,.019,.580,,.589,.659,.361,.333,.300,.376,,.636,.965,,.126,57,,.492,.436,,0,0,finnedo01
158,Bryn Forbes,SG,26,SAS,63,1579,.417,21.0,,.344,.069,.081,.048,.146,.656,,.470,.675,.404,.393,.435,.388,,.723,.932,,.000,0,,.089,.412,,1,0,forbebr01
159,Evan Fournier,SF,27,ORL,66,2076,.467,16.5,,.533,.174,.147,.104,.107,.467,,.527,.691,.474,.381,.475,.399,,.437,.827,,.003,2,,.143,.532,,0,0,fournev01
160,De'Aaron Fox,PG,22,SAC,51,1634,.480,10.8,,.773,.312,.266,.135,.060,.227,,.535,.665,.452,.391,.551,.292,,.145,.611,,.036,23,,.135,.160,,2,0,foxde01
161,Melvin Frazier,SG,23,ORL,19,126,.441,15.6,,.529,.206,.118,.118,.088,.471,,.389,.714,.000,.250,.333,.500,,.714,.750,,.029,1,,.375,.667,,0,0,frazime01
162,Michael Frazier,SG,25,HOU,13,145,.241,20.3,,.207,.172,.034,.000,.000,.793,,.500,.600,.000,,,.174,,1.000,1.000,,.034,1,,.304,.429,,0,0,frazimi01
163,Tim Frazier,PG,29,DET,27,355,.362,15.2,,.681,.149,.213,.106,.213,.319,,.375,.571,.350,.300,.300,.333,,.292,.700,,.000,0,,.167,.600,,0,0,fraziti01
164,Enes Freedom,C,27,BOS,58,983,.572,3.6,,.980,.661,.270,.017,.032,.020,,.581,.639,.479,.167,.455,.143,,.470,1.000,,.040,11,,.143,.000,,0,0,kanteen01
165,Markelle Fultz,PG,21,ORL,72,1996,.465,10.9,,.825,.335,.194,.194,.101,.175,,.507,.645,.420,.380,.462,.267,,.300,.833,,.036,22,,.133,.333,,8,1,fultzma01
166,Wenyen Gabriel,PF,22,TOT,30,235,.438,12.0,,.583,.417,.146,.021,.000,.417,,.536,.700,.000,1.000,,.300,,.533,1.000,,.167,7,,.350,.571,,0,0,gabriwe01
166,Wenyen Gabriel,PF,22,SAC,11,61,.353,13.7,,.529,.294,.235,.000,.000,.471,,.556,1.000,.000,,,.125,,.600,1.000,,.118,2,,.125,.000,,0,0,gabriwe01
166,Wenyen Gabriel,PF,22,POR,19,174,.484,11.1,,.613,.484,.097,.032,.000,.387,,.526,.600,.000,1.000,,.417,,.500,1.000,,.194,5,,.500,.667,,0,0,gabriwe01
167,Daniel Gafford,C,21,CHI,43,609,.701,1.8,,1.000,.828,.164,.007,.000,.000,,.701,.766,.409,.000,,,,.702,,,.455,54,,,,,0,0,gaffoda01
168,Danilo Gallinari,PF,31,OKC,62,1834,.438,18.5,,.463,.152,.097,.081,.133,.537,,.476,.645,.278,.424,.459,.405,,.494,.860,,.044,31,,.098,.372,,1,0,gallida01
169,Langston Galloway,SG,28,DET,66,1702,.435,18.6,,.389,.109,.137,.076,.068,.611,,.493,.678,.392,.439,.459,.399,,.712,.992,,.002,1,,.381,.540,,1,0,gallola01
170,Darius Garland,SG,20,CLE,59,1824,.401,16.0,,.577,.180,.153,.149,.094,.423,,.434,.468,.439,.423,.379,.355,,.280,.733,,.000,0,,.182,.389,,0,0,garlada01
171,Marc Gasol,C,35,TOR,44,1161,.427,17.3,,.470,.125,.179,.115,.050,.530,,.473,.629,.540,.375,.071,.385,,.661,1.000,,.032,8,,.095,.429,,0,0,gasolma01
172,Rudy Gay,PF,33,SAS,67,1461,.446,15.3,,.631,.168,.156,.193,.114,.369,,.511,.720,.366,.470,.471,.336,,.490,.851,,.047,23,,.268,.288,,1,0,gayru01
173,Paul George,SF,29,LAC,48,1419,.439,17.4,,.513,.150,.125,.113,.125,.487,,.464,.684,.357,.409,.357,.412,,.339,.650,,.020,15,,.181,.565,,2,0,georgpa01
174,Taj Gibson,C,34,NYK,62,1025,.584,6.7,,.951,.577,.136,.080,.157,.049,,.599,.703,.436,.478,.422,.286,,.724,1.000,,.140,34,,.571,.250,,0,0,gibsota01
175,Harry Giles,C,21,SAC,46,667,.554,7.6,,.992,.402,.259,.167,.163,.008,,.558,.802,.369,.429,.390,.000,,.748,,,.171,38,,.500,.000,,0,0,gilesha01
176,Shai Gilgeous-Alexander,SG,21,OKC,70,2428,.471,11.4,,.753,.286,.263,.136,.068,.247,,.512,.617,.404,.500,.507,.347,,.235,.540,,.019,19,,.127,.438,,0,0,gilgesh01
177,Rudy Gobert,C,27,UTA,68,2333,.693,2.1,,1.000,.837,.158,.005,.000,.000,,.693,.755,.386,.000,,,,.749,,,.425,221,,,,,0,0,goberru01
178,Brandon Goodwin,PG,24,ATL,34,430,.400,15.8,,.542,.205,.184,.116,.037,.458,,.485,.641,.371,.409,.429,.299,,.280,.615,,.000,0,,.184,.125,,2,0,goodwbr01
179,Aaron Gordon,PF,24,ORL,62,2017,.437,12.9,,.691,.326,.126,.150,.089,.309,,.494,.704,.361,.348,.162,.308,,.500,.890,,.124,88,,.177,.333,,6,0,gordoaa01
180,Eric Gordon,SF,31,HOU,36,1016,.369,19.0,,.346,.201,.112,.019,.013,.654,,.469,.559,.385,.333,.000,.317,,.533,.802,,.011,5,,.079,.208,,2,0,gordoer01
181,Devonte' Graham,PG,24,CHO,63,2211,.382,19.4,,.393,.132,.110,.074,.077,.607,,.397,.543,.274,.352,.365,.373,,.307,.546,,.004,4,,.063,.432,,3,0,grahade01
182,Treveon Graham,SF,26,TOT,55,929,.360,14.6,,.504,.256,.211,.029,.008,.496,,.443,.484,.392,.571,.000,.275,,.630,.970,,.004,1,,.292,.229,,1,0,grahatr01
182,Treveon Graham,SF,26,MIN,33,663,.354,13.9,,.526,.297,.206,.023,.000,.474,,.457,.481,.389,.750,,.241,,.619,.950,,.000,0,,.253,.238,,0,0,grahatr01
182,Treveon Graham,SF,26,ATL,22,266,.373,16.5,,.448,.149,.224,.045,.030,.552,,.400,.500,.400,.333,.000,.351,,.667,1.000,,.015,1,,.378,.214,,1,0,grahatr01
183,Jerami Grant,PF,25,DEN,71,1892,.478,13.5,,.603,.306,.164,.069,.063,.397,,.537,.686,.413,.409,.275,.389,,.766,1.000,,.109,63,,.294,.338,,1,0,grantje01
184,Jerian Grant,SG,27,WAS,6,80,.370,12.5,,.704,.259,.259,.111,.074,.296,,.421,.571,.286,.333,.500,.250,,.750,1.000,,.000,0,,.125,.000,,0,0,grantje02
185,Josh Gray,PG,26,NOP,2,23,.500,1.7,,1.000,1.000,.000,.000,.000,.000,,.500,.500,,,,,,.000,,,.000,0,,,,,0,0,grayjo01
186,Danny Green,SG,32,LAL,68,1687,.416,19.4,,.310,.135,.074,.055,.046,.690,,.524,.672,.486,.462,.227,.367,,.675,.975,,.013,5,,.391,.398,,0,0,greenda02
187,Draymond Green,PF,29,GSW,43,1222,.389,15.0,,.592,.231,.184,.092,.085,.408,,.465,.685,.310,.414,.259,.279,,.724,1.000,,.019,6,,.093,.333,,0,0,greendr01
188,JaMychal Green,PF,29,LAC,63,1307,.429,18.4,,.324,.205,.085,.014,.020,.676,,.518,.611,.333,.600,.286,.387,,.576,1.000,,.040,12,,.231,.400,,0,0,greenja01
189,Javonte Green,SG,26,BOS,48,468,.500,9.2,,.738,.468,.230,.032,.008,.262,,.581,.661,.414,.500,1.000,.273,,.630,1.000,,.175,18,,.364,.333,,1,0,greenja02
190,Jeff Green,PF-C,33,TOT,48,960,.462,16.0,,.468,.265,.160,.026,.017,.532,,.602,.747,.436,.333,.333,.339,,.670,.952,,.090,27,,.388,.380,,7,0,greenje02
190,Jeff Green,PF,33,UTA,30,553,.385,16.8,,.467,.200,.200,.041,.026,.533,,.451,.564,.410,.250,.200,.327,,.610,.941,,.062,8,,.375,.410,,5,0,greenje02
190,Jeff Green,C,33,HOU,18,407,.564,15.0,,.470,.349,.107,.007,.007,.530,,.800,.885,.500,1.000,1.000,.354,,.714,.964,,.128,19,,.405,.344,,2,0,greenje02
191,Blake Griffin,PF,30,DET,18,512,.352,13.8,,.556,.276,.212,.036,.032,.444,,.439,.565,.358,.222,.125,.243,,.393,.593,,.020,5,,.216,.167,,0,0,griffbl01
192,Marko Gudurić,SG,24,MEM,44,484,.395,16.4,,.471,.242,.108,.032,.089,.529,,.500,.605,.412,.200,.429,.301,,.568,.960,,.006,1,,.241,.300,,0,0,gudurma01
193,Kyle Guy,SG,22,SAC,3,10,.400,19.9,,.400,.200,.000,.000,.200,.600,,1.000,1.000,,,1.000,.000,,1.000,,,.000,0,,.333,.000,,0,0,guyky01
194,Rui Hachimura,PF,21,WAS,48,1444,.466,10.5,,.840,.343,.196,.160,.141,.160,,.500,.684,.327,.379,.429,.287,,.629,1.000,,.086,45,,.253,.318,,3,0,hachiru01
195,Devon Hall,PG,24,OKC,11,81,.200,17.7,,.433,.133,.167,.100,.033,.567,,.154,.500,.000,.000,.000,.235,,.500,.750,,.000,0,,.176,.000,,0,0,hallde01
196,Donta Hall,C-PF,22,TOT,9,133,.682,3.0,,1.000,.818,.136,.045,.000,.000,,.682,.722,.667,.000,,,,.867,,,.318,6,,,,,0,0,halldo01
196,Donta Hall,PF,22,DET,4,48,.250,1.4,,1.000,1.000,.000,.000,.000,.000,,.250,.250,,,,,,.000,,,.500,1,,,,,0,0,halldo01
196,Donta Hall,C,22,BRK,5,85,.778,3.4,,1.000,.778,.167,.056,.000,.000,,.778,.857,.667,.000,,,,.929,,,.278,5,,,,,0,0,halldo01
197,Dusty Hannahs,SG,26,MEM,2,13,.444,14.4,,.667,.111,.444,.000,.111,.333,,.333,1.000,.250,,.000,.667,,.500,.500,,.000,0,,.000,,,0,0,hannadu01
198,Tim Hardaway Jr.,SG,27,DAL,71,2091,.434,18.6,,.420,.131,.110,.080,.098,.580,,.485,.612,.351,.507,.448,.398,,.517,.838,,.023,17,,.240,.447,,3,0,hardati02
199,James Harden,SG,30,HOU,68,2483,.444,16.6,,.443,.243,.177,.018,.005,.557,,.556,.668,.414,.444,.500,.355,,.139,.171,,.015,20,,.045,.342,,1,0,hardeja01
200,Maurice Harkless,PF-SF,26,TOT,62,1427,.502,10.4,,.654,.519,.095,.014,.025,.346,,.584,.667,.222,.500,.286,.347,,.639,.912,,.205,49,,.551,.370,,0,0,harklma01
200,Maurice Harkless,PF,26,LAC,50,1141,.516,10.0,,.664,.535,.097,.009,.023,.336,,.590,.664,.286,.500,.200,.370,,.647,.963,,.226,40,,.603,.432,,0,0,harklma01
200,Maurice Harkless,SF,26,NYK,12,286,.455,11.7,,.621,.470,.091,.030,.030,.379,,.561,.677,.000,.500,.500,.280,,.609,.714,,.136,9,,.400,.100,,0,0,harklma01
201,Jared Harper,PG,22,PHO,3,8,.250,16.2,,.500,.000,.500,.000,.000,.500,,.500,,.500,,,.000,,.000,,,.000,0,,.000,,,0,0,harpeja01
202,Montrezl Harrell,C,26,LAC,63,1749,.580,4.2,,.978,.610,.305,.046,.017,.022,,.593,.705,.440,.297,.143,.000,,.618,,,.172,134,,.000,,,6,0,harremo01
203,Gary Harris,SG,25,DEN,56,1780,.420,13.9,,.595,.291,.148,.081,.075,.405,,.479,.649,.234,.286,.513,.333,,.757,.900,,.050,25,,.295,.484,,1,0,harriga01
204,Joe Harris,SF,28,BRK,69,2123,.486,15.5,,.482,.290,.111,.029,.052,.518,,.553,.652,.356,.478,.463,.424,,.766,.959,,.003,2,,.170,.507,,0,0,harrijo01
205,Tobias Harris,PF,27,PHI,72,2469,.471,13.2,,.696,.229,.214,.157,.095,.304,,.517,.662,.482,.467,.330,.367,,.479,.863,,.049,52,,.190,.441,,0,0,harrito02
206,Shaquille Harrison,SG,26,CHI,43,484,.467,9.1,,.745,.515,.170,.048,.012,.255,,.496,.576,.286,.500,.000,.381,,.508,.813,,.030,5,,.381,.313,,2,0,harrish01
207,Josh Hart,SF,24,NOP,65,1755,.423,18.2,,.335,.211,.073,.038,.013,.665,,.584,.688,.538,.250,.143,.342,,.462,.967,,.008,4,,.277,.418,,0,0,hartjo01
208,Isaiah Hartenstein,C,21,HOU,23,266,.657,4.2,,.925,.716,.179,.030,.000,.075,,.710,.792,.417,.500,,.000,,.818,,,.179,12,,.200,.000,,0,0,harteis01
209,Udonis Haslem,C,39,MIA,4,44,.364,10.4,,.727,.364,.273,.000,.091,.273,,.375,.250,.667,,.000,.333,,1.000,1.000,,.091,0,,.000,,,0,0,hasleud01
210,Jaxson Hayes,C,19,NOP,64,1080,.672,2.8,,.985,.838,.124,.023,.000,.015,,.678,.751,.250,.333,,.250,,.809,1.000,,.432,101,,.250,1.000,,3,0,hayesja02
211,Gordon Hayward,SF,29,BOS,52,1740,.500,14.0,,.683,.213,.186,.171,.113,.317,,.554,.752,.446,.492,.456,.383,,.487,.835,,.040,27,,.216,.396,,1,0,haywago01
212,John Henson,C,29,TOT,40,600,.556,8.2,,.789,.462,.310,.006,.012,.211,,.644,.785,.453,1.000,.000,.222,,.770,1.000,,.175,29,,.278,.300,,1,0,hensojo01
212,John Henson,C,29,CLE,29,412,.508,9.5,,.742,.433,.283,.008,.017,.258,,.618,.769,.412,1.000,.000,.194,,.800,1.000,,.183,21,,.258,.250,,1,0,hensojo01
212,John Henson,C,29,DET,11,188,.667,5.2,,.902,.529,.373,.000,.000,.098,,.696,.815,.526,,,.400,,.719,1.000,,.157,8,,.400,.500,,0,0,hensojo01
213,Dewan Hernandez,C,23,TOR,6,28,.357,5.9,,.857,.643,.214,.000,.000,.143,,.333,.222,.667,,,.500,,.250,1.000,,.000,0,,.000,,,0,0,hernade01
214,Juancho Hernangómez,PF,24,TOT,48,833,.405,14.7,,.478,.352,.097,.020,.008,.522,,.475,.575,.167,.400,.000,.341,,.679,.977,,.077,16,,.217,.357,,1,0,hernaju01
214,Juancho Hernangómez,PF,24,DEN,34,422,.345,15.5,,.455,.318,.091,.036,.009,.545,,.460,.543,.200,.500,.000,.250,,.609,1.000,,.091,7,,.250,.333,,1,0,hernaju01
214,Juancho Hernangómez,PF,24,MIN,14,411,.453,14.1,,.496,.380,.102,.007,.007,.504,,.485,.596,.143,.000,.000,.420,,.727,.966,,.066,9,,.188,.385,,0,0,hernaju01
215,Willy Hernangómez,C,25,CHO,31,375,.532,7.3,,.842,.489,.273,.058,.022,.158,,.590,.706,.447,.375,.333,.227,,.580,1.000,,.115,14,,.136,.333,,0,0,hernawi01
216,Tyler Herro,SG,20,MIA,55,1508,.428,18.0,,.528,.122,.106,.116,.184,.472,,.462,.584,.433,.425,.422,.389,,.474,.784,,.005,3,,.151,.467,,2,0,herroty01
217,Kevin Hervey,PF,23,OKC,10,52,.259,22.2,,.259,.074,.037,.037,.111,.741,,.571,1.000,.000,.000,.667,.150,,.500,.667,,.000,0,,.100,.500,,0,0,herveke01
218,Mario Hezonja,PF,24,POR,53,871,.422,13.1,,.642,.330,.165,.078,.069,.358,,.486,.500,.528,.471,.333,.308,,.441,.917,,.046,8,,.167,.154,,1,0,hezonma01
219,Buddy Hield,SG,27,SAC,72,2216,.429,19.1,,.408,.130,.078,.082,.118,.592,,.479,.675,.352,.400,.401,.394,,.396,.723,,.015,16,,.172,.483,,0,0,hieldbu01
220,George Hill,PG,33,MIL,59,1271,.516,15.0,,.532,.301,.112,.059,.061,.468,,.565,.761,.214,.364,.435,.460,,.469,.642,,.029,11,,.233,.512,,1,0,hillge01
221,Solomon Hill,PF,28,TOT,59,1088,.396,18.2,,.385,.147,.147,.032,.058,.615,,.439,.463,.415,.333,.500,.368,,.553,.921,,.018,4,,.246,.452,,0,0,hillso01
221,Solomon Hill,PF,28,MEM,48,901,.412,18.4,,.369,.146,.133,.034,.056,.631,,.465,.500,.419,.375,.538,.381,,.625,.929,,.021,4,,.252,.459,,0,0,hillso01
221,Solomon Hill,PF,28,MIA,11,187,.311,17.2,,.467,.156,.222,.022,.067,.533,,.333,.286,.400,.000,.333,.292,,.143,.857,,.000,0,,.208,.400,,0,0,hillso01
222,Jaylen Hoard,PF,20,POR,13,103,.469,5.6,,.906,.625,.156,.094,.031,.094,,.517,.750,.000,.000,.000,.000,,.467,,,.031,1,,.000,,,0,0,hoardja01
223,Aaron Holiday,PG,23,IND,66,1617,.414,15.1,,.607,.215,.178,.110,.105,.393,,.427,.570,.330,.323,.407,.394,,.288,.839,,.005,2,,.167,.432,,1,0,holidaa01
224,Jrue Holiday,SG,29,NOP,61,2117,.455,12.1,,.656,.337,.214,.070,.036,.344,,.509,.628,.372,.486,.250,.353,,.310,.574,,.026,22,,.147,.431,,2,0,holidjr01
225,Justin Holiday,SF,30,IND,73,1826,.428,19.6,,.319,.160,.047,.045,.066,.681,,.477,.590,.261,.364,.438,.405,,.770,.978,,.047,18,,.390,.403,,3,0,holidju01
226,Rondae Hollis-Jefferson,PF,25,TOR,60,1122,.471,4.8,,.930,.657,.191,.061,.021,.070,,.497,.569,.302,.450,.143,.130,,.645,1.000,,.091,26,,.565,.000,,1,0,holliro01
227,Richaun Holmes,C,26,SAC,44,1242,.648,4.6,,1.000,.570,.270,.137,.023,.000,,.648,.750,.473,.638,.250,,,.744,,,.233,75,,,,,0,0,holmeri01
228,Rodney Hood,SF,27,POR,21,619,.506,16.2,,.587,.116,.163,.186,.122,.413,,.515,.800,.286,.500,.571,.493,,.308,.886,,.023,4,,.366,.538,,0,0,hoodro01
229,Al Horford,C,33,PHI,67,2025,.450,15.4,,.601,.189,.178,.111,.123,.399,,.516,.746,.381,.456,.414,.350,,.614,.980,,.037,24,,.127,.278,,0,0,horfoal01
230,Talen Horton-Tucker,SG,19,LAL,6,81,.467,13.1,,.567,.300,.233,.033,.000,.433,,.588,.778,.429,.000,,.308,,.600,1.000,,.067,1,,.308,.250,,0,0,hortota01
231,Danuel House Jr.,SF,26,HOU,63,1913,.427,17.6,,.341,.243,.065,.024,.009,.659,,.549,.679,.200,.308,.200,.363,,.733,.946,,.072,31,,.414,.354,,2,0,houseda01
232,Dwight Howard,C,34,LAL,69,1306,.729,2.5,,.982,.794,.181,.000,.007,.018,,.732,.814,.380,,.500,.600,,.618,1.000,,.448,116,,.200,.000,,0,0,howardw01
233,William Howard,PF,26,HOU,2,13,.000,25.3,,.000,.000,.000,.000,.000,1.000,,,,,,,.000,,,,,.000,0,,.250,.000,,0,0,howarwi01
234,Kevin Huerter,SG,21,ATL,56,1760,.413,18.1,,.452,.139,.118,.121,.074,.548,,.453,.576,.417,.419,.333,.380,,.392,.850,,.018,10,,.165,.455,,1,0,huertke01
235,De'Andre Hunter,SF,22,ATL,63,2018,.410,15.6,,.555,.225,.133,.085,.111,.445,,.454,.591,.297,.379,.421,.355,,.564,.944,,.037,19,,.336,.363,,1,0,huntede01
236,Chandler Hutchison,SF,23,CHI,28,527,.457,8.0,,.783,.509,.229,.040,.006,.217,,.496,.607,.300,.286,.000,.316,,.618,1.000,,.137,20,,.553,.381,,0,0,hutchch01
237,Serge Ibaka,C,30,TOR,55,1485,.512,12.4,,.728,.240,.264,.110,.113,.272,,.559,.764,.492,.459,.382,.385,,.799,1.000,,.090,55,,.110,.250,,0,0,ibakase01
238,Andre Iguodala,SF,36,MIA,21,418,.432,16.4,,.466,.261,.068,.068,.068,.534,,.585,.739,.333,.167,.667,.298,,.667,.929,,.080,7,,.468,.318,,1,0,iguodan01
239,Ersan İlyasova,PF,32,MIL,63,986,.466,14.1,,.562,.300,.163,.061,.038,.438,,.545,.649,.373,.474,.583,.365,,.802,.980,,.010,3,,.234,.313,,0,0,ilyaser01
240,Joe Ingles,PF,32,UTA,72,2137,.445,18.3,,.362,.130,.156,.056,.020,.638,,.525,.736,.384,.484,.364,.399,,.371,.652,,.004,2,,.210,.365,,1,0,inglejo01
241,Brandon Ingram,PF,22,NOP,62,2104,.463,14.2,,.650,.248,.128,.167,.107,.350,,.501,.654,.371,.421,.427,.391,,.317,.887,,.058,56,,.260,.440,,2,0,ingrabr01
242,Kyrie Irving,PG,27,BRK,20,658,.478,14.6,,.659,.190,.173,.195,.101,.341,,.522,.671,.444,.506,.405,.394,,.203,.357,,.000,0,,.099,.500,,0,0,irvinky01
243,Jonathan Isaac,PF,22,ORL,34,980,.470,12.1,,.717,.361,.099,.151,.105,.283,,.521,.667,.364,.360,.400,.340,,.597,.938,,.136,37,,.245,.391,,0,0,isaacjo01
244,Wes Iwundu,SF,25,ORL,52,953,.416,14.3,,.648,.240,.146,.116,.146,.352,,.457,.643,.353,.333,.353,.341,,.551,.750,,.052,10,,.329,.370,,0,0,iwundwe01
245,Frank Jackson,PG,21,NOP,59,797,.405,15.0,,.565,.233,.160,.106,.066,.435,,.465,.558,.377,.486,.318,.326,,.494,.894,,.012,4,,.368,.377,,2,0,jacksfr01
246,Jaren Jackson Jr.,C,20,MEM,57,1622,.469,14.9,,.511,.236,.232,.031,.012,.489,,.540,.708,.406,.391,.222,.394,,.644,.924,,.080,56,,.190,.400,,1,0,jacksja02
247,Josh Jackson,SF,22,MEM,22,381,.440,14.2,,.547,.258,.208,.044,.038,.453,,.540,.780,.333,.143,.500,.319,,.511,.957,,.063,9,,.319,.348,,1,0,jacksjo02
248,Justin Jackson,PF,24,DAL,65,1045,.396,15.4,,.522,.199,.196,.111,.015,.478,,.489,.559,.507,.342,.400,.294,,.816,.938,,.006,2,,.233,.289,,0,0,jacksju01
249,Reggie Jackson,PG,29,TOT,31,743,.411,15.5,,.555,.175,.227,.101,.052,.445,,.425,.561,.378,.333,.353,.393,,.156,.667,,.009,3,,.193,.464,,1,0,jacksre01
249,Reggie Jackson,PG,29,DET,14,381,.384,15.3,,.586,.162,.237,.126,.061,.414,,.388,.531,.362,.320,.250,.378,,.111,.548,,.010,2,,.122,.400,,0,0,jacksre01
249,Reggie Jackson,PG,29,LAC,17,362,.453,15.8,,.508,.195,.211,.063,.039,.492,,.492,.600,.407,.375,.600,.413,,.219,.808,,.008,1,,.286,.500,,1,0,jacksre01
250,Justin James,SF,23,SAC,36,232,.417,14.1,,.655,.226,.190,.119,.119,.345,,.473,.737,.313,.500,.200,.310,,.731,.889,,.131,9,,.310,.444,,1,0,jamesju01
251,LeBron James,PG,35,LAL,67,2316,.493,12.9,,.674,.365,.139,.073,.097,.326,,.564,.727,.409,.337,.341,.348,,.234,.473,,.062,79,,.061,.500,,1,0,jamesle01
252,Amile Jefferson,PF,26,ORL,18,74,.357,6.1,,1.000,.286,.500,.143,.071,.000,,.357,.250,.429,.500,.000,,,.400,,,.000,0,,,,,0,0,jeffeam01
253,DaQuan Jeffries,SG,22,SAC,13,141,.500,14.2,,.550,.250,.225,.025,.050,.450,,.682,.900,.556,1.000,.000,.278,,.800,1.000,,.150,6,,.444,.250,,0,0,jeffrda01
254,Ty Jerome,SG,22,PHO,31,328,.336,16.1,,.558,.133,.230,.150,.044,.442,,.381,.533,.308,.353,.400,.280,,.250,.857,,.000,0,,.220,.273,,1,0,jeromty01
255,Alize Johnson,PF,23,IND,17,118,.414,9.5,,.724,.448,.207,.069,.000,.276,,.429,.615,.167,.000,,.375,,.667,1.000,,.034,1,,.500,.500,,0,0,johnsal02
256,B.J. Johnson,SF,24,ORL,10,83,.281,14.2,,.719,.219,.125,.125,.250,.281,,.261,.571,.000,.250,.125,.333,,.167,.667,,.094,3,,.333,.333,,0,0,johnsbj01
257,Cameron Johnson,PF,23,PHO,57,1255,.435,18.7,,.328,.188,.044,.054,.042,.672,,.526,.711,.167,.364,.294,.390,,.743,.991,,.040,16,,.397,.417,,1,0,johnsca02
258,James Johnson,PF-C,32,TOT,32,619,.479,13.2,,.577,.372,.153,.042,.009,.423,,.565,.713,.303,.222,.500,.363,,.457,.879,,.070,12,,.176,.313,,2,0,johnsja01
258,James Johnson,PF,32,MIA,18,281,.448,15.0,,.483,.310,.161,.011,.000,.517,,.548,.741,.143,1.000,,.356,,.609,.938,,.126,8,,.244,.364,,1,0,johnsja01
258,James Johnson,C,32,MIN,14,338,.500,11.9,,.641,.414,.148,.063,.016,.359,,.573,.698,.421,.125,.500,.370,,.383,.824,,.031,4,,.109,.200,,1,0,johnsja01
259,Keldon Johnson,SF,20,SAS,17,301,.596,10.1,,.753,.427,.191,.079,.056,.247,,.597,.711,.471,.286,.600,.591,,.625,1.000,,.022,2,,.682,.533,,1,0,johnske04
260,Stanley Johnson,PF,23,TOR,25,150,.373,14.2,,.593,.305,.169,.051,.068,.407,,.429,.611,.300,.000,.250,.292,,.133,.429,,.000,0,,.333,.000,,1,0,johnsst04
261,Tyler Johnson,PG-SG,27,TOT,39,709,.388,17.9,,.524,.144,.112,.092,.176,.476,,.450,.556,.286,.478,.455,.319,,.627,.947,,.000,0,,.151,.389,,1,0,johnsty01
261,Tyler Johnson,PG,27,PHO,31,515,.380,17.6,,.515,.164,.105,.105,.140,.485,,.466,.571,.389,.500,.375,.289,,.610,.917,,.000,0,,.181,.467,,1,0,johnsty01
261,Tyler Johnson,SG,27,BRK,8,194,.405,18.5,,.544,.101,.127,.063,.253,.456,,.419,.500,.100,.400,.550,.389,,.667,1.000,,.000,0,,.083,.000,,0,0,johnsty01
262,Nikola Jokić,C,24,DEN,73,2336,.528,12.0,,.762,.237,.275,.143,.107,.238,,.594,.724,.599,.490,.435,.314,,.511,.850,,.014,15,,.039,.500,,4,0,jokicni01
263,Damian Jones,C,24,ATL,55,887,.680,3.3,,.949,.815,.107,.006,.022,.051,,.704,.759,.421,.000,.250,.222,,.824,1.000,,.534,85,,.778,.286,,0,0,jonesda03
264,Derrick Jones Jr.,SF,22,MIA,59,1375,.527,11.2,,.622,.490,.112,.011,.009,.378,,.677,.737,.487,.250,.333,.280,,.776,.973,,.275,84,,.538,.225,,5,0,jonesde02
265,Tyus Jones,PG,23,MEM,65,1232,.459,13.6,,.711,.175,.242,.198,.096,.289,,.492,.653,.423,.435,.488,.379,,.387,.745,,.000,0,,.177,.500,,0,0,jonesty01
266,DeAndre Jordan,C,31,BRK,56,1234,.666,1.8,,1.000,.836,.150,.007,.007,.000,,.666,.729,.349,.000,.500,,,.743,,,.463,113,,,,,0,0,jordade01
267,Cory Joseph,PG,28,SAC,72,1759,.415,15.4,,.614,.158,.201,.131,.124,.386,,.455,.677,.410,.315,.392,.352,,.217,.893,,.000,0,,.245,.436,,1,0,josepco01
268,Mfiondu Kabengele,C,22,LAC,12,64,.438,18.0,,.375,.188,.125,.063,.000,.625,,.417,.833,.000,.000,,.450,,.800,.778,,.125,4,,.200,.750,,0,0,kabenmf01
269,Frank Kaminsky,C,26,PHO,39,777,.450,13.4,,.596,.293,.195,.065,.042,.404,,.530,.600,.550,.350,.231,.331,,.680,1.000,,.052,13,,.056,.429,,0,0,kaminfr01
270,Luke Kennard,SG,23,DET,28,922,.442,18.2,,.465,.126,.117,.111,.111,.535,,.491,.721,.425,.342,.447,.399,,.474,.808,,.003,1,,.186,.353,,0,0,kennalu01
271,Stanton Kidd,SG,27,UTA,4,15,.000,11.6,,.667,.000,.667,.000,.000,.333,,.000,,.000,,,.000,,,,,.000,0,,.000,,,0,0,kiddst01
272,Michael Kidd-Gilchrist,PF,26,TOT,25,281,.333,12.7,,.697,.212,.333,.045,.106,.303,,.370,.500,.364,.333,.143,.250,,.706,1.000,,.000,0,,.300,.333,,0,0,kiddgmi01
272,Michael Kidd-Gilchrist,PF,26,CHO,12,160,.340,13.1,,.679,.226,.302,.057,.094,.321,,.361,.500,.375,.333,.000,.294,,.615,1.000,,.000,0,,.294,.400,,0,0,kiddgmi01
272,Michael Kidd-Gilchrist,PF,26,DAL,13,121,.308,11.4,,.769,.154,.462,.000,.154,.231,,.400,.500,.333,,.500,.000,,1.000,,,.000,0,,.333,.000,,0,0,kiddgmi01
273,Louis King,SF,20,DET,10,62,.381,16.4,,.476,.143,.190,.143,.000,.524,,.400,.333,.750,.000,,.364,,.000,1.000,,.048,1,,.364,.750,,0,0,kinglo02
274,Maxi Kleber,PF,28,DAL,74,1890,.461,16.7,,.379,.276,.066,.027,.010,.621,,.605,.669,.471,.357,.400,.373,,.831,1.000,,.107,51,,.379,.380,,0,0,klebima01
275,Brandon Knight,SG-PG,28,TOT,25,462,.353,22.1,,.216,.066,.066,.078,.006,.784,,.389,.364,.273,.538,.000,.344,,.143,.533,,.000,0,,.107,.357,,0,0,knighbr03
275,Brandon Knight,SG,28,CLE,16,241,.326,21.5,,.256,.070,.070,.105,.012,.744,,.409,.500,.167,.556,.000,.297,,.111,.579,,.000,0,,.156,.300,,0,0,knighbr03
275,Brandon Knight,PG,28,DET,9,221,.383,22.9,,.173,.062,.062,.049,.000,.827,,.357,.200,.400,.500,,.388,,.200,.500,,.000,0,,.060,.500,,0,0,knighbr03
276,Kevin Knox,SF,20,NYK,65,1166,.359,16.6,,.504,.195,.125,.082,.102,.496,,.391,.564,.260,.333,.268,.327,,.506,.923,,.045,13,,.241,.271,,1,0,knoxke01
277,John Konchar,SG,23,MEM,19,181,.649,8.5,,.730,.541,.135,.054,.000,.270,,.704,.750,.600,.500,,.500,,.684,.600,,.108,2,,.400,.000,,0,0,konchjo01
278,Furkan Korkmaz,SG,22,PHI,72,1559,.430,19.2,,.368,.110,.123,.078,.057,.632,,.478,.677,.377,.432,.375,.402,,.727,.972,,.018,10,,.213,.487,,1,0,korkmfu01
279,Luke Kornet,C,24,CHI,36,559,.439,16.1,,.422,.289,.102,.021,.011,.578,,.646,.741,.474,.500,.000,.287,,.863,1.000,,.134,23,,.213,.174,,0,0,kornelu01
280,Kyle Korver,SF,38,MIL,58,960,.430,23.4,,.191,.038,.017,.031,.106,.809,,.482,.455,.200,.556,.516,.418,,.778,.970,,.000,0,,.236,.429,,0,0,korveky01
281,Rodions Kurucs,PF,21,BRK,47,684,.446,14.3,,.492,.350,.124,.011,.006,.508,,.529,.645,.273,.000,.000,.367,,.804,.970,,.090,14,,.178,.438,,0,0,kurucro01
282,Kyle Kuzma,PF,24,LAL,61,1526,.436,15.2,,.593,.193,.226,.078,.096,.407,,.518,.783,.411,.385,.344,.316,,.605,.930,,.036,22,,.232,.540,,2,0,kuzmaky01
283,Skal Labissière,C,23,POR,33,567,.551,8.3,,.912,.374,.279,.177,.082,.088,,.582,.673,.463,.615,.500,.231,,.731,1.000,,.197,27,,.154,.000,,0,0,labissk01
284,Jeremy Lamb,SG,27,IND,46,1291,.451,15.1,,.670,.194,.146,.146,.184,.330,,.508,.624,.457,.543,.398,.335,,.368,.755,,.010,5,,.165,.346,,1,0,lambje01
285,Romeo Langford,SG,20,BOS,32,370,.350,11.5,,.663,.338,.275,.038,.013,.338,,.434,.556,.273,.667,.000,.185,,.478,1.000,,.050,3,,.444,.250,,1,0,langfro01
286,Zach LaVine,SF,24,CHI,60,2085,.450,13.9,,.596,.374,.083,.048,.093,.404,,.497,.623,.182,.228,.405,.380,,.406,.549,,.077,88,,.167,.481,,2,0,lavinza01
287,Vic Law,PF,24,ORL,8,62,.333,19.0,,.611,.111,.167,.111,.222,.389,,.455,.000,.667,1.000,.250,.143,,.200,1.000,,.056,0,,.143,.000,,1,0,lawvi01
288,Jake Layman,SF,25,MIN,23,505,.453,13.3,,.598,.352,.140,.039,.067,.402,,.533,.635,.280,.571,.500,.333,,.789,.917,,.073,12,,.208,.333,,0,0,laymaja01
289,T.J. Leaf,PF,22,IND,28,222,.419,8.6,,.791,.500,.209,.070,.012,.209,,.456,.581,.278,.167,.000,.278,,.581,1.000,,.093,8,,.222,.500,,0,0,leaftj01
290,Jalen Lecque,SG,19,PHO,5,32,.400,13.4,,.600,.400,.000,.100,.100,.400,,.667,.750,,1.000,.000,.000,,.250,,,.100,1,,.500,.000,,0,0,lecquja01
291,Courtney Lee,SG,34,DAL,24,345,.488,17.3,,.427,.171,.134,.024,.098,.573,,.543,.714,.545,.000,.375,.447,,.421,.857,,.024,2,,.383,.444,,0,0,leeco01
292,Damion Lee,SG,27,GSW,49,1423,.417,16.9,,.532,.145,.151,.139,.098,.468,,.471,.662,.403,.465,.300,.356,,.766,.953,,.010,4,,.218,.385,,1,0,leeda03
293,Alex Len,C,26,TOT,55,970,.555,7.3,,.815,.555,.197,.056,.006,.185,,.619,.695,.492,.333,.500,.271,,.727,1.000,,.257,72,,.458,.370,,0,0,lenal01
293,Alex Len,C,26,ATL,40,745,.546,7.9,,.785,.538,.185,.054,.008,.215,,.627,.693,.521,.357,.500,.250,,.734,1.000,,.269,60,,.464,.346,,0,0,lenal01
293,Alex Len,C,26,SAC,15,225,.593,4.4,,.949,.627,.254,.068,.000,.051,,.589,.703,.400,.250,,.667,,.697,1.000,,.203,12,,.333,1.000,,0,0,lenal01
294,Kawhi Leonard,SF,28,LAC,57,1848,.470,14.6,,.713,.167,.174,.226,.147,.287,,.506,.698,.452,.445,.446,.378,,.284,.626,,.059,59,,.052,.412,,0,0,leonaka01
295,Meyers Leonard,C,27,MIA,51,1034,.509,16.3,,.453,.235,.141,.060,.017,.547,,.623,.818,.515,.143,.500,.414,,.833,.943,,.158,29,,.148,.368,,0,0,leoname01
296,Caris LeVert,SG,25,BRK,45,1330,.425,12.5,,.699,.239,.253,.160,.048,.301,,.451,.606,.341,.427,.343,.364,,.247,.463,,.020,15,,.086,.368,,0,0,leverca01
297,Damian Lillard,PG,29,POR,66,2474,.463,16.8,,.500,.295,.079,.062,.064,.500,,.524,.618,.311,.405,.471,.401,,.099,.289,,.014,16,,.036,.417,,3,0,lillada01
298,Nassir Little,PF,19,POR,48,573,.430,11.6,,.609,.397,.166,.033,.013,.391,,.554,.667,.400,.200,.000,.237,,.686,1.000,,.139,18,,.407,.167,,0,0,littlna01
299,Kevon Looney,C,23,GSW,20,262,.367,9.8,,.823,.380,.253,.063,.127,.177,,.431,.700,.200,.400,.100,.071,,.500,1.000,,.051,4,,.429,.167,,1,0,looneke01
300,Brook Lopez,C,31,MIL,68,1817,.435,15.6,,.516,.227,.183,.091,.015,.484,,.549,.697,.423,.459,.400,.314,,.668,.990,,.069,43,,.215,.329,,0,0,lopezbr01
301,Robin Lopez,C,31,MIL,66,958,.492,11.8,,.649,.254,.351,.037,.007,.351,,.577,.684,.486,.636,1.000,.333,,.580,1.000,,.040,10,,.524,.364,,0,0,lopezro01
302,Kevin Love,PF,31,CLE,56,1780,.450,18.3,,.464,.133,.116,.111,.103,.536,,.537,.660,.393,.605,.467,.374,,.586,.932,,.007,3,,.141,.455,,0,0,loveke01
303,Kyle Lowry,PG,33,TOR,58,2098,.416,18.2,,.420,.213,.093,.044,.070,.580,,.504,.643,.347,.400,.357,.352,,.235,.543,,.000,0,,.088,.317,,5,0,lowryky01
304,Timothé Luwawu-Cabarrot,SF,24,BRK,47,853,.435,16.4,,.405,.279,.082,.022,.022,.595,,.505,.587,.273,.333,.500,.388,,.600,1.000,,.007,2,,.406,.446,,1,0,luwawti01
305,Trey Lyles,PF,24,SAS,63,1271,.446,15.4,,.510,.265,.108,.070,.067,.490,,.503,.637,.270,.542,.304,.387,,.750,1.000,,.061,19,,.274,.457,,0,0,lylestr01
306,Daryl Macon,PG,24,MIA,4,14,.333,22.5,,.333,.000,.000,.000,.333,.667,,.000,,,,.000,.500,,,1.000,,.000,0,,.500,1.000,,0,0,maconda01
307,J.P. Macura,SG,24,CLE,1,1,,,,,,,,,,,,,,,,,,,,,,0,,,,,0,0,macurjp01
308,Josh Magette,PG,30,ORL,8,38,.333,15.0,,.733,.067,.267,.200,.200,.267,,.364,1.000,.500,.333,.000,.250,,.000,1.000,,.000,0,,.000,,,0,0,magetjo01
309,Ian Mahinmi,C,33,WAS,38,808,.495,6.7,,.876,.481,.352,.029,.014,.124,,.538,.683,.351,.333,.667,.192,,.677,1.000,,.157,27,,.154,.250,,1,0,mahinia01
310,Thon Maker,C,22,DET,60,776,.482,12.0,,.668,.332,.223,.057,.057,.332,,.550,.734,.349,.455,.364,.344,,.761,.955,,.155,27,,.469,.333,,1,0,makerth01
311,Terance Mann,SF,23,LAC,41,362,.468,10.0,,.747,.367,.228,.127,.025,.253,,.508,.690,.389,.300,.000,.350,,.333,.714,,.051,4,,.550,.273,,0,0,mannte01
312,Boban Marjanović,C,31,DAL,44,422,.573,6.6,,.919,.460,.318,.100,.043,.081,,.603,.825,.388,.333,.444,.235,,.521,1.000,,.128,24,,.059,1.000,,0,0,marjabo01
313,Lauri Markkanen,PF,22,CHI,50,1492,.425,15.5,,.464,.274,.149,.027,.014,.536,,.518,.648,.341,.313,.250,.344,,.535,.991,,.096,47,,.142,.422,,2,0,markkla01
314,Caleb Martin,SF,24,CHO,18,317,.440,14.4,,.560,.393,.060,.000,.107,.440,,.362,.424,.200,,.222,.541,,.588,1.000,,.060,3,,.189,.571,,0,0,martica02
315,Cody Martin,SF,24,CHO,48,903,.430,12.0,,.628,.440,.101,.019,.068,.372,,.546,.681,.238,.000,.286,.234,,.535,.944,,.101,16,,.364,.214,,0,0,martico01
316,Jeremiah Martin,PG,23,BRK,9,99,.453,12.8,,.660,.340,.170,.094,.057,.340,,.543,.722,.444,.400,.000,.278,,.211,.600,,.000,0,,.111,.000,,0,0,martije02
317,Kelan Martin,SF,24,MIN,31,495,.392,16.5,,.470,.182,.160,.088,.039,.530,,.541,.727,.414,.625,.000,.260,,.696,.840,,.022,3,,.396,.316,,1,1,martike03
318,Frank Mason III,PG,25,MIL,9,118,.451,14.2,,.588,.275,.196,.039,.078,.412,,.567,.643,.400,1.000,.500,.286,,.235,.667,,.000,0,,.190,.250,,0,0,masonfr01
319,Garrison Mathews,SG,23,WAS,18,227,.429,23.7,,.179,.018,.054,.054,.054,.821,,.500,1.000,.333,.333,.667,.413,,.600,.947,,.000,0,,.239,.455,,0,0,mathega01
320,Wesley Matthews,SG,33,MIL,67,1635,.396,19.9,,.296,.130,.081,.052,.033,.704,,.472,.691,.235,.409,.286,.364,,.610,.935,,.005,2,,.276,.415,,0,0,matthwe02
321,Luc Mbah a Moute,PF,33,HOU,3,25,.400,12.2,,.600,.600,.000,.000,.000,.400,,.667,.667,,,,.000,,.000,,,.000,0,,.000,,,0,0,mbahalu01
322,Patrick McCaw,SF,24,TOR,37,908,.414,13.7,,.562,.315,.142,.062,.043,.438,,.484,.549,.348,.400,.571,.324,,.568,1.000,,.006,1,,.479,.324,,0,0,mccawpa01
323,CJ McCollum,SG,28,POR,70,2556,.451,15.5,,.622,.172,.161,.150,.139,.378,,.494,.597,.381,.490,.503,.379,,.223,.665,,.004,3,,.146,.547,,0,0,mccolcj01
324,T.J. McConnell,PG,27,IND,71,1326,.516,8.7,,.959,.326,.243,.282,.107,.041,,.525,.604,.570,.483,.295,.294,,.232,1.000,,.000,0,,.353,.167,,1,0,mccontj01
325,Jalen McDaniels,SF,22,CHO,16,293,.471,11.6,,.657,.357,.214,.071,.014,.343,,.522,.600,.400,.400,1.000,.375,,.500,1.000,,.057,4,,.583,.429,,1,0,mcdanja01
326,Doug McDermott,PF,28,IND,69,1372,.488,16.8,,.463,.258,.086,.038,.080,.537,,.549,.681,.511,.286,.295,.435,,.856,1.000,,.027,11,,.241,.437,,0,0,mcderdo01
327,JaVale McGee,C,32,LAL,68,1130,.637,3.6,,.980,.686,.239,.049,.007,.020,,.640,.743,.384,.467,.500,.500,,.719,.667,,.392,112,,.000,,,1,0,mcgeeja01
328,Rodney McGruder,SG,28,LAC,56,871,.398,14.8,,.508,.204,.232,.066,.006,.492,,.522,.676,.429,.417,.000,.270,,.729,1.000,,.017,3,,.472,.214,,0,0,mcgruro01
329,Alfonzo McKinnie,SF,27,CLE,40,593,.427,12.2,,.620,.363,.181,.041,.035,.380,,.557,.694,.387,.571,.000,.215,,.678,1.000,,.070,10,,.446,.276,,0,0,mckinal01
330,Jordan McLaughlin,PG,23,MIN,30,590,.489,13.4,,.573,.365,.185,.017,.006,.427,,.569,.646,.394,1.000,.000,.382,,.328,.759,,.045,7,,.118,.444,,4,0,mclaujo01
331,Ben McLemore,SF,26,HOU,71,1619,.444,21.5,,.171,.136,.031,.004,.000,.829,,.656,.743,.235,1.000,,.400,,.869,.967,,.040,20,,.294,.466,,2,0,mclembe01
332,Jordan McRae,SG,28,TOT,37,784,.407,15.0,,.656,.194,.169,.148,.145,.344,,.433,.620,.355,.333,.377,.357,,.394,.689,,.030,10,,.183,.478,,2,0,mcraejo01
332,Jordan McRae,SG,28,WAS,29,654,.420,15.0,,.666,.186,.170,.148,.161,.334,,.441,.678,.352,.319,.373,.377,,.409,.700,,.032,9,,.170,.500,,1,0,mcraejo01
332,Jordan McRae,SG,28,DEN,4,32,.333,19.8,,.333,.167,.000,.000,.167,.667,,.000,.000,,,.000,.500,,,1.000,,.000,0,,.250,.000,,0,0,mcraejo01
332,Jordan McRae,SG,28,DET,4,98,.326,14.4,,.628,.256,.186,.163,.023,.372,,.407,.364,.375,.429,1.000,.188,,.273,.333,,.023,1,,.250,.500,,1,0,mcraejo01
333,Nicolò Melli,C,29,NOP,60,1042,.421,19.2,,.362,.152,.099,.065,.046,.638,,.573,.755,.406,.476,.467,.335,,.612,1.000,,.043,13,,.233,.313,,2,0,mellini01
334,De'Anthony Melton,PG,21,MEM,60,1167,.401,13.9,,.651,.274,.177,.077,.122,.349,,.464,.627,.394,.323,.286,.286,,.529,.875,,.055,20,,.164,.391,,2,0,meltode01
335,Chimezie Metu,C,22,SAS,18,105,.571,9.0,,.952,.405,.238,.095,.214,.048,,.600,.765,.500,.500,.444,.000,,.708,,,.238,9,,.000,,,0,0,metuch01
336,Khris Middleton,SF,28,MIL,62,1853,.497,16.6,,.626,.127,.129,.199,.172,.374,,.546,.700,.451,.505,.552,.415,,.377,.701,,.012,11,,.150,.472,,2,0,middlkh01
337,Eric Mika,C,25,SAC,1,19,.667,5.6,,1.000,.667,.000,.333,.000,.000,,.667,.500,,1.000,,,,1.000,,,.333,1,,,,,0,0,mikaer01
338,C.J. Miles,SF,32,WAS,10,161,.322,18.0,,.407,.169,.153,.017,.068,.593,,.333,.500,.222,.000,.250,.314,,.750,.909,,.017,1,,.200,.286,,0,0,milescj01
339,Malcolm Miller,SF,26,TOR,28,162,.414,20.0,,.241,.103,.103,.000,.034,.759,,.571,.667,.333,,1.000,.364,,.500,1.000,,.000,0,,.227,.600,,0,0,millema01
340,Patty Mills,PG,31,SAS,66,1485,.431,20.4,,.326,.117,.042,.040,.127,.674,,.533,.686,.520,.375,.447,.382,,.510,.779,,.000,0,,.208,.452,,3,0,millspa02
341,Paul Millsap,PF,34,DEN,51,1240,.482,10.8,,.717,.340,.247,.098,.032,.283,,.500,.671,.315,.419,.357,.435,,.631,1.000,,.050,19,,.274,.441,,0,0,millspa01
342,Shake Milton,SG,23,PHI,40,805,.484,15.7,,.513,.220,.155,.108,.029,.487,,.535,.672,.442,.433,.375,.430,,.382,.879,,.007,2,,.207,.429,,0,0,miltosh01
343,Donovan Mitchell,SG,23,UTA,69,2364,.449,14.8,,.648,.169,.229,.134,.115,.352,,.494,.626,.414,.489,.465,.366,,.217,.595,,.025,26,,.127,.400,,5,0,mitchdo01
344,Naz Mitrou-Long,SG,26,IND,5,47,.353,21.9,,.294,.059,.059,.176,.000,.706,,.800,1.000,.000,1.000,,.167,,.250,1.000,,.000,0,,.167,.500,,1,0,mitrona01
345,Adam Mokoka,SF,21,CHI,11,112,.429,14.2,,.464,.429,.000,.000,.036,.536,,.462,.500,,,.000,.400,,.667,1.000,,.000,0,,.533,.375,,0,0,mokokad01
346,Malik Monk,SG,21,CHO,55,1169,.434,14.0,,.582,.287,.203,.061,.031,.418,,.542,.671,.424,.400,.400,.284,,.526,.862,,.059,27,,.162,.273,,5,0,monkma01
347,Matt Mooney,SG,23,CLE,4,19,.250,18.8,,.500,.000,.000,.250,.250,.500,,.500,,,1.000,.000,.000,,1.000,,,.000,0,,.500,.000,,0,0,moonema01
348,E'Twaun Moore,SG,30,NOP,56,1020,.426,14.4,,.618,.167,.243,.130,.078,.382,,.456,.685,.443,.263,.324,.377,,.455,.952,,.011,4,,.329,.382,,0,0,mooreet01
349,Ja Morant,PG,20,MEM,67,2074,.477,9.5,,.809,.396,.248,.126,.039,.191,,.511,.606,.409,.466,.324,.335,,.282,.550,,.067,49,,.101,.500,,4,0,moranja01
350,Juwan Morgan,PF,22,UTA,21,134,.577,8.8,,.692,.654,.038,.000,.000,.308,,.667,.647,1.000,,,.375,,.583,1.000,,.038,0,,.500,.250,,0,0,morgaju01
351,Marcus Morris,SF-PF,30,TOT,62,1936,.438,17.7,,.570,.089,.128,.172,.181,.430,,.461,.583,.356,.504,.435,.408,,.366,.789,,.004,3,,.221,.442,,4,0,morrima03
351,Marcus Morris,SF,30,NYK,43,1387,.442,17.6,,.585,.090,.138,.168,.189,.415,,.444,.561,.341,.486,.425,.439,,.291,.767,,.002,1,,.189,.500,,4,0,morrima03
351,Marcus Morris,PF,30,LAC,19,549,.425,18.0,,.517,.086,.092,.184,.155,.483,,.533,.667,.438,.563,.481,.310,,.625,.885,,.011,2,,.321,.333,,0,0,morrima03
352,Markieff Morris,PF,30,TOT,58,1187,.443,16.1,,.502,.194,.151,.127,.031,.498,,.500,.674,.420,.328,.500,.386,,.635,.977,,.048,20,,.298,.382,,4,0,morrima02
352,Markieff Morris,PF,30,DET,44,988,.450,16.0,,.514,.195,.157,.129,.033,.486,,.500,.671,.443,.320,.462,.397,,.630,1.000,,.041,15,,.286,.426,,3,0,morrima02
352,Markieff Morris,PF,30,LAL,14,199,.406,17.2,,.435,.188,.116,.116,.014,.565,,.500,.692,.250,.375,1.000,.333,,.667,.846,,.087,5,,.359,.214,,1,0,morrima02
353,Monte Morris,PG,24,DEN,73,1636,.459,14.0,,.696,.193,.187,.171,.145,.304,,.495,.716,.330,.381,.549,.378,,.369,.862,,.002,1,,.366,.429,,0,0,morrimo01
354,Johnathan Motley,PF,24,LAC,13,41,.733,3.8,,.933,.733,.200,.000,.000,.067,,.714,.909,.000,,,1.000,,.700,1.000,,.200,3,,.000,,,0,0,motlejo01
355,Emmanuel Mudiay,PG,23,UTA,54,850,.462,12.5,,.734,.266,.180,.223,.064,.266,,.504,.586,.441,.466,.476,.345,,.273,.700,,.021,4,,.276,.292,,1,0,mudiaem01
356,Mychal Mulder,SF,25,GSW,7,204,.388,21.2,,.224,.090,.090,.015,.030,.776,,.667,.667,.667,.000,1.000,.308,,1.000,1.000,,.000,0,,.269,.571,,0,0,muldemy01
357,Dejounte Murray,PG,23,SAS,66,1687,.462,11.5,,.826,.284,.171,.199,.171,.174,,.481,.591,.330,.496,.431,.369,,.281,.976,,.033,19,,.369,.390,,0,0,murrade01
358,Jamal Murray,PG,22,DEN,59,1904,.456,15.5,,.638,.188,.135,.139,.176,.362,,.519,.667,.430,.468,.471,.346,,.470,.670,,.037,29,,.093,.400,,3,0,murraja01
359,Džanan Musa,SF,20,BRK,40,487,.372,13.5,,.547,.360,.145,.041,.000,.453,,.479,.548,.320,.429,,.244,,.556,.895,,.000,0,,.141,.273,,0,0,musadz01
360,Mike Muscala,C,28,OKC,47,572,.407,20.9,,.243,.138,.021,.069,.016,.757,,.500,.654,.250,.154,1.000,.378,,.783,1.000,,.016,3,,.168,.375,,0,0,muscami01
361,Svi Mykhailiuk,SF,22,DET,56,1265,.410,19.5,,.296,.173,.094,.017,.012,.704,,.425,.571,.184,.286,.400,.404,,.529,.939,,.025,9,,.218,.419,,3,1,mykhasv01
362,Abdel Nader,SF,26,OKC,55,867,.468,14.8,,.513,.255,.179,.049,.030,.487,,.556,.716,.404,.462,.250,.375,,.653,.979,,.034,9,,.328,.429,,0,0,naderab01
363,Larry Nance Jr.,PF,27,CLE,56,1472,.531,12.5,,.631,.394,.109,.074,.053,.369,,.636,.753,.447,.375,.522,.352,,.613,.982,,.188,73,,.270,.419,,2,0,nancela02
364,Shabazz Napier,PG,28,TOT,56,1344,.412,17.2,,.474,.219,.077,.094,.083,.526,,.519,.690,.257,.349,.500,.317,,.205,.539,,.000,0,,.108,.154,,0,0,napiesh01
364,Shabazz Napier,PG,28,MIN,36,856,.403,17.2,,.438,.233,.071,.085,.049,.562,,.540,.667,.300,.333,.643,.296,,.194,.511,,.000,0,,.113,.222,,0,0,napiesh01
364,Shabazz Napier,PG,28,WAS,20,488,.428,17.1,,.532,.197,.087,.110,.139,.468,,.489,.735,.200,.368,.417,.358,,.222,.586,,.000,0,,.099,.000,,0,0,napiesh01
365,Raul Neto,PG,27,PHI,54,668,.455,13.8,,.604,.306,.158,.099,.041,.396,,.500,.647,.343,.273,.556,.386,,.284,.824,,.000,0,,.125,.545,,2,0,netora01
366,Malik Newman,SG,22,CLE,1,4,.000,22.0,,.500,.000,.000,.000,.500,.500,,.000,,,,.000,.000,,,,,.000,0,,.000,,,0,0,newmama01
367,Georges Niang,PF,26,UTA,66,923,.438,19.1,,.301,.106,.134,.050,.012,.699,,.526,.765,.442,.375,.000,.400,,.412,.989,,.003,1,,.369,.458,,0,0,niangge01
368,Joakim Noah,C,34,LAC,5,50,.500,2.5,,1.000,.500,.500,.000,.000,.000,,.500,.500,.500,,,,,1.000,,,.000,0,,,,,0,0,noahjo01
369,Nerlens Noel,C,25,OKC,61,1127,.684,5.1,,.989,.613,.186,.134,.056,.011,,.688,.861,.540,.278,.267,.333,,.831,1.000,,.442,112,,.333,1.000,,1,0,noelne01
370,Zach Norvell,SG,22,TOT,5,41,.250,22.5,,.333,.000,.083,.083,.167,.667,,.000,,.000,.000,.000,.375,,,1.000,,.000,0,,.125,.000,,0,0,norveza01
370,Zach Norvell,SG,22,LAL,2,5,.000,20.9,,1.000,.000,.000,.000,1.000,.000,,.000,,,,.000,,,,,,.000,0,,,,,0,0,norveza01
370,Zach Norvell,SG,22,GSW,3,36,.273,22.6,,.273,.000,.091,.091,.091,.727,,.000,,.000,.000,.000,.375,,,1.000,,.000,0,,.125,.000,,0,0,norveza01
371,Jaylen Nowell,SG,20,MIN,15,151,.358,14.4,,.509,.283,.170,.038,.019,.491,,.593,.600,.556,.500,1.000,.115,,.563,.667,,.057,3,,.308,.125,,0,0,nowelja01
372,Frank Ntilikina,PG,21,NYK,57,1187,.393,16.6,,.589,.201,.078,.117,.192,.411,,.444,.567,.346,.282,.453,.321,,.264,.795,,.027,5,,.182,.480,,1,0,ntilila01
373,Kendrick Nunn,PG,24,MIA,67,1962,.439,15.8,,.572,.201,.141,.109,.120,.428,,.505,.636,.380,.480,.455,.350,,.371,.752,,.027,21,,.228,.337,,1,0,nunnke01
374,Jusuf Nurkić,C,25,POR,8,253,.495,6.3,,.908,.495,.303,.073,.037,.092,,.525,.685,.394,.125,.250,.200,,.750,1.000,,.138,15,,.100,.000,,0,0,nurkiju01
375,David Nwaba,SF,27,BRK,20,268,.521,11.5,,.606,.408,.183,.014,.000,.394,,.581,.655,.462,.000,,.429,,.640,1.000,,.070,5,,.464,.462,,0,0,nwabada01
376,Royce O'Neale,SF,26,UTA,71,2049,.433,18.6,,.332,.203,.101,.008,.019,.668,,.545,.635,.432,.000,.429,.377,,.848,1.000,,.047,14,,.320,.436,,4,0,onealro01
377,Kyle O'Quinn,C,29,PHI,29,313,.494,12.8,,.682,.376,.071,.118,.118,.318,,.603,.656,.667,.400,.600,.259,,.686,.857,,.047,4,,.148,.000,,0,0,oquinky01
378,Semi Ojeleye,PF,25,BOS,69,1011,.408,18.4,,.352,.138,.143,.020,.051,.648,,.464,.556,.393,.000,.600,.378,,.625,.958,,.041,6,,.409,.462,,0,0,ojelese01
379,Jahlil Okafor,C,24,NOP,30,467,.623,3.9,,.981,.593,.346,.037,.006,.019,,.629,.781,.411,.333,.000,.333,,.560,1.000,,.130,18,,.333,.000,,0,0,okafoja01
380,Elie Okobo,PG,22,PHO,55,719,.398,13.5,,.608,.315,.127,.133,.033,.392,,.427,.579,.261,.292,.167,.352,,.468,.800,,.006,1,,.183,.385,,1,0,okoboel01
381,Josh Okogie,SG,21,MIN,62,1547,.427,11.7,,.613,.405,.176,.030,.003,.387,,.529,.640,.329,.250,.000,.266,,.550,.927,,.085,30,,.299,.348,,0,0,okogijo01
382,KZ Okpala,PF,20,MIA,5,26,.600,7.5,,.800,.400,.400,.000,.000,.200,,.750,1.000,.500,,,.000,,.333,,,.400,2,,1.000,.000,,0,0,okpalkz01
383,Victor Oladipo,SG,27,IND,19,528,.394,16.6,,.577,.240,.073,.130,.134,.423,,.451,.441,.556,.438,.424,.317,,.422,.455,,.016,3,,.096,.200,,0,0,oladivi01
384,Kelly Olynyk,C,28,MIA,67,1300,.462,17.6,,.412,.221,.098,.055,.038,.588,,.543,.693,.359,.455,.267,.406,,.697,.947,,.023,9,,.197,.391,,1,0,olynyke01
385,Miye Oni,SF,22,UTA,10,109,.375,17.2,,.406,.188,.125,.063,.031,.594,,.385,.500,.250,.000,1.000,.368,,.800,1.000,,.125,3,,.316,.167,,0,0,onimi01
386,Cedi Osman,SF,24,CLE,65,1910,.437,15.8,,.473,.269,.125,.057,.021,.527,,.497,.604,.355,.371,.308,.383,,.545,.894,,.007,4,,.221,.380,,2,0,osmande01
387,Kelly Oubre Jr.,SF,24,PHO,56,1933,.452,12.7,,.628,.334,.166,.082,.046,.372,,.511,.587,.387,.426,.553,.352,,.574,.954,,.103,71,,.283,.333,,1,0,oubreke01
388,Tariq Owens,PF,24,PHO,3,15,.200,14.5,,.600,.200,.200,.000,.200,.400,,.333,1.000,.000,,.000,.000,,.000,,,.000,0,,.500,.000,,0,0,owensta01
389,Jeremy Pargo,PG,33,GSW,3,44,.500,14.0,,.682,.273,.136,.136,.136,.318,,.533,.833,.000,.667,.333,.429,,.000,.667,,.000,0,,.000,,,0,0,pargoje01
390,Jabari Parker,PF,24,TOT,38,917,.510,10.4,,.723,.438,.175,.058,.051,.277,,.603,.729,.467,.360,.273,.269,,.594,.969,,.198,79,,.319,.316,,2,0,parkeja01
390,Jabari Parker,PF,24,ATL,32,837,.504,10.6,,.707,.435,.176,.056,.041,.293,,.601,.719,.464,.364,.250,.270,,.593,.968,,.188,69,,.322,.324,,2,0,parkeja01
390,Jabari Parker,PF,24,SAC,6,80,.583,8.9,,.889,.472,.167,.083,.167,.111,,.625,.824,.500,.333,.333,.250,,.600,1.000,,.306,10,,.250,.000,,0,0,parkeja01
391,Chandler Parsons,PF,31,ATL,5,54,.278,22.3,,.222,.056,.111,.000,.056,.778,,.250,.000,.500,,.000,.286,,.000,1.000,,.000,0,,.143,.500,,0,0,parsoch01
392,Eric Paschall,PF,23,GSW,60,1654,.497,11.2,,.798,.330,.220,.100,.148,.202,,.550,.725,.411,.422,.453,.287,,.569,.973,,.111,66,,.256,.303,,2,0,pascher01
393,Anžejs Pasečņiks,C,24,WAS,27,437,.526,5.7,,.974,.474,.353,.103,.043,.026,,.540,.745,.415,.167,.200,.000,,.639,,,.078,8,,.000,,,0,0,pasecan01
394,Patrick Patterson,PF,30,LAC,59,776,.408,20.1,,.262,.124,.064,.039,.034,.738,,.459,.552,.467,.333,.250,.390,,.786,1.000,,.039,7,,.413,.423,,1,0,pattepa01
395,Justin Patton,C,22,OKC,5,24,.400,13.5,,.600,.200,.300,.000,.100,.400,,.500,.500,.667,,.000,.250,,1.000,1.000,,.100,1,,.500,.000,,0,0,pattoju01
396,Chris Paul,PG,34,OKC,70,2208,.489,17.1,,.657,.069,.122,.303,.163,.343,,.554,.852,.509,.517,.531,.365,,.124,.324,,.000,0,,.102,.355,,11,0,paulch01
397,Cameron Payne,SG,25,PHO,8,183,.485,16.0,,.574,.191,.132,.147,.103,.426,,.462,.538,.556,.400,.286,.517,,.056,.800,,.000,0,,.172,.400,,0,0,payneca01
398,Elfrid Payton,PG,25,NYK,45,1246,.439,8.7,,.843,.407,.268,.105,.064,.157,,.482,.575,.407,.348,.429,.203,,.212,.857,,.020,9,,.159,.273,,0,0,paytoel01
399,Gary Payton II,SF,27,WAS,29,432,.414,11.7,,.603,.431,.129,.034,.009,.397,,.500,.640,.067,.250,1.000,.283,,.629,1.000,,.095,10,,.391,.278,,0,0,paytoga02
400,Norvel Pelle,C,26,PHI,24,232,.521,2.7,,.979,.813,.146,.021,.000,.021,,.532,.564,.429,.000,,.000,,.680,,,.292,11,,1.000,.000,,0,0,pelleno01
401,Theo Pinson,SG,24,BRK,33,365,.290,15.9,,.484,.348,.090,.032,.013,.516,,.400,.481,.143,.000,1.000,.188,,.167,.667,,.026,2,,.050,.000,,3,0,pinsoth01
402,Mason Plumlee,C,29,DEN,61,1057,.615,3.8,,.983,.677,.229,.059,.017,.017,,.625,.779,.333,.176,.000,.000,,.723,,,.326,86,,.400,.000,,1,0,plumlma01
403,Jakob Poeltl,C,24,SAS,66,1171,.624,3.4,,1.000,.658,.267,.075,.000,.000,,.624,.674,.507,.600,,,,.753,,,.105,26,,,,,0,0,poeltja01
404,Vincent Poirier,C,26,BOS,22,130,.472,8.0,,.944,.444,.222,.139,.139,.056,,.471,.563,.500,.000,.600,.500,,.688,1.000,,.167,6,,.000,,,0,0,poirivi01
405,Shamorie Ponds,PG,21,TOR,4,11,.600,11.4,,.600,.600,.000,.000,.000,.400,,.667,.667,,,,.500,,.500,1.000,,.000,0,,.000,,,0,0,pondssh01
406,Jordan Poole,SG,20,GSW,57,1274,.333,19.1,,.472,.129,.094,.086,.163,.528,,.392,.523,.426,.349,.293,.279,,.462,.851,,.006,3,,.113,.367,,2,0,poolejo01
407,Kevin Porter Jr.,SF,19,CLE,50,1162,.442,14.0,,.625,.295,.121,.105,.105,.375,,.506,.718,.353,.295,.295,.335,,.444,.755,,.088,36,,.196,.419,,1,0,porteke02
408,Michael Porter Jr.,SF,21,DEN,55,903,.509,13.6,,.616,.337,.115,.057,.107,.384,,.564,.721,.318,.318,.463,.422,,.632,.839,,.097,31,,.259,.421,,1,0,portemi01
409,Otto Porter Jr.,SF,26,CHI,14,331,.443,16.2,,.557,.164,.193,.086,.114,.443,,.487,.391,.704,.333,.375,.387,,.342,.917,,.007,1,,.226,.429,,1,0,porteot01
410,Bobby Portis,PF,24,NYK,66,1393,.450,13.9,,.683,.212,.211,.114,.146,.317,,.493,.616,.484,.388,.407,.358,,.566,.985,,.029,15,,.193,.417,,0,0,portibo01
411,Kristaps Porziņģis,C,24,DAL,57,1814,.427,16.4,,.568,.191,.124,.180,.072,.432,,.484,.725,.302,.387,.403,.352,,.727,.972,,.094,78,,.040,.375,,2,0,porzikr01
412,Dwight Powell,C,28,DAL,40,1061,.638,6.1,,.830,.677,.135,.013,.004,.170,,.716,.813,.323,.000,.000,.256,,.809,1.000,,.279,57,,.308,.333,,0,0,poweldw01
413,Norman Powell,SG,26,TOR,52,1479,.495,14.2,,.543,.331,.137,.032,.043,.457,,.575,.662,.451,.368,.462,.399,,.668,.954,,.055,30,,.311,.435,,3,0,powelno01
414,Taurean Prince,PF,25,BRK,64,1857,.376,17.5,,.417,.188,.112,.074,.042,.583,,.429,.540,.313,.345,.387,.339,,.576,.877,,.020,14,,.309,.331,,4,0,princta02
415,Chasson Randle,PG,26,GSW,3,40,.000,19.8,,.500,.000,.000,.250,.250,.500,,.000,,,.000,.000,.000,,,,,.000,0,,.000,,,0,0,randlch01
416,Julius Randle,PF,25,NYK,64,2080,.460,10.5,,.770,.358,.235,.097,.081,.230,,.515,.631,.424,.439,.358,.277,,.404,.938,,.056,51,,.169,.385,,0,0,randlju01
417,Josh Reaves,SF,22,DAL,4,28,.333,8.4,,.778,.556,.000,.222,.000,.222,,.429,.600,,.000,,.000,,1.000,,,.111,1,,.500,.000,,0,0,reavejo02
418,Cam Reddish,SF,20,ATL,58,1551,.384,15.4,,.549,.227,.134,.085,.103,.451,,.428,.540,.365,.319,.351,.332,,.508,.867,,.056,17,,.284,.338,,0,0,reddica01
419,JJ Redick,SG,35,NOP,60,1581,.453,21.1,,.371,.067,.055,.060,.189,.629,,.453,.595,.343,.368,.462,.453,,.811,.933,,.000,0,,.139,.527,,0,0,redicjj01
420,Naz Reid,C,20,MIN,30,495,.412,12.2,,.601,.379,.198,.025,.000,.399,,.466,.598,.250,.167,,.330,,.603,.938,,.062,12,,.155,.467,,0,0,reidna01
421,Josh Richardson,SG,26,PHI,55,1693,.430,16.1,,.615,.166,.142,.144,.163,.385,,.486,.636,.380,.344,.552,.341,,.430,.812,,.025,15,,.120,.367,,0,0,richajo01
422,Austin Rivers,SG,27,HOU,68,1594,.421,15.5,,.461,.273,.158,.024,.006,.539,,.498,.584,.392,.167,.667,.356,,.270,.708,,.004,2,,.207,.411,,0,0,riverau01
423,Andre Roberson,SF,28,OKC,7,87,.276,14.6,,.517,.379,.103,.034,.000,.483,,.333,.455,.000,.000,,.214,,.800,1.000,,.000,0,,.286,.000,,1,0,roberan03
424,Duncan Robinson,SG,25,MIA,73,2166,.470,23.2,,.118,.066,.029,.009,.015,.882,,.654,.844,.600,.167,.200,.446,,.830,.963,,.006,2,,.234,.493,,1,0,robindu01
425,Glenn Robinson III,SF,26,TOT,62,1786,.486,14.4,,.667,.215,.171,.115,.167,.333,,.534,.709,.455,.441,.455,.391,,.777,.922,,.068,35,,.376,.419,,1,0,robingl02
425,Glenn Robinson III,SF,26,GSW,48,1516,.481,14.7,,.665,.197,.170,.124,.174,.335,,.522,.680,.465,.460,.443,.400,,.773,.912,,.065,28,,.371,.429,,1,0,robingl02
425,Glenn Robinson III,SF,26,PHI,14,270,.518,12.8,,.682,.318,.176,.059,.129,.318,,.603,.815,.400,.200,.545,.333,,.800,1.000,,.082,7,,.407,.364,,0,0,robingl02
426,Jerome Robinson,SG,22,TOT,63,979,.371,17.8,,.506,.113,.129,.129,.135,.494,,.420,.600,.275,.500,.333,.320,,.439,.918,,.019,3,,.261,.275,,0,0,robinje01
426,Jerome Robinson,SG,22,LAC,42,476,.338,17.4,,.507,.140,.125,.118,.125,.493,,.391,.632,.176,.500,.235,.284,,.407,.895,,.022,2,,.269,.111,,0,0,robinje01
426,Jerome Robinson,SG,22,WAS,21,503,.397,18.1,,.506,.092,.132,.138,.144,.494,,.443,.563,.348,.500,.400,.349,,.462,.933,,.017,1,,.256,.409,,0,0,robinje01
427,Justin Robinson,PG,22,WAS,9,49,.417,20.4,,.583,.000,.083,.000,.500,.417,,.286,,1.000,,.167,.600,,.500,1.000,,.000,0,,.000,,,0,0,robinju01
428,Mitchell Robinson,C,21,NYK,61,1412,.742,1.3,,1.000,.924,.073,.003,.000,.000,,.742,.775,.360,.000,,,,.668,,,.616,185,,,,,0,0,robinmi01
429,Isaiah Roby,PF,21,OKC,3,11,.000,3.9,,1.000,.000,1.000,.000,.000,.000,,.000,,.000,,,,,,,,.000,0,,,,,0,0,robyis01
430,Rajon Rondo,PG,33,LAL,48,984,.418,13.6,,.619,.305,.171,.064,.079,.381,,.473,.580,.357,.381,.385,.328,,.125,.659,,.000,0,,.192,.333,,0,0,rondora01
431,Derrick Rose,PG,31,DET,50,1298,.490,10.9,,.805,.301,.252,.145,.106,.195,,.535,.665,.458,.468,.438,.306,,.173,.644,,.003,2,,.122,.444,,1,0,rosede01
432,Terrence Ross,SG,28,ORL,69,1889,.403,20.1,,.404,.090,.066,.104,.144,.596,,.480,.763,.339,.398,.426,.351,,.628,.870,,.033,23,,.089,.400,,4,0,rosste01
433,Terry Rozier,PG,25,CHO,63,2164,.423,15.6,,.550,.221,.149,.103,.078,.450,,.436,.553,.343,.361,.384,.407,,.319,.808,,.009,6,,.187,.405,,0,0,roziete01
434,Ricky Rubio,PG,29,PHO,65,2016,.415,13.9,,.688,.249,.137,.133,.169,.312,,.439,.529,.284,.489,.393,.361,,.278,.872,,.000,0,,.269,.379,,0,0,rubiori01
435,D'Angelo Russell,PG,23,TOT,45,1452,.426,19.1,,.491,.078,.118,.155,.139,.509,,.487,.712,.390,.420,.517,.367,,.243,.538,,.004,3,,.081,.429,,2,0,russeda01
435,D'Angelo Russell,PG,23,GSW,33,1060,.430,19.2,,.494,.068,.124,.159,.143,.506,,.487,.767,.380,.396,.549,.374,,.275,.608,,.005,3,,.090,.483,,1,0,russeda01
435,D'Angelo Russell,PG,23,MIN,12,392,.412,18.8,,.479,.109,.100,.142,.128,.521,,.485,.609,.429,.500,.407,.345,,.143,.316,,.000,0,,.055,.167,,1,0,russeda01
436,Domantas Sabonis,PF,23,IND,62,2159,.540,7.2,,.921,.511,.225,.047,.138,.079,,.565,.686,.382,.350,.487,.254,,.651,1.000,,.064,51,,.090,.167,,0,0,sabondo01
437,Luka Šamanić,PF,20,SAS,3,48,.313,16.4,,.500,.188,.188,.063,.063,.500,,.250,.333,.000,.000,1.000,.375,,.500,1.000,,.000,0,,.000,,,0,0,samanlu01
438,JaKarr Sampson,PF,26,IND,34,471,.591,6.6,,.887,.574,.165,.104,.043,.113,,.647,.773,.526,.250,.400,.154,,.788,1.000,,.200,21,,.769,.100,,0,0,sampsja02
439,Dario Šarić,PF,25,PHO,66,1632,.476,14.0,,.563,.320,.141,.037,.065,.437,,.568,.669,.395,.500,.486,.357,,.669,.976,,.011,6,,.166,.231,,0,0,saricda01
440,Tomáš Satoranský,SG,28,CHI,65,1878,.430,12.7,,.639,.287,.212,.100,.040,.361,,.491,.595,.402,.473,.273,.322,,.341,.906,,.034,17,,.286,.368,,0,0,satorto01
441,Admiral Schofield,PF,22,WAS,33,368,.380,18.6,,.337,.152,.109,.054,.022,.663,,.516,.571,.400,.600,.500,.311,,.688,1.000,,.033,2,,.295,.500,,1,0,schofad01
442,Dennis Schröder,PG,26,OKC,65,1999,.469,14.8,,.663,.227,.121,.174,.141,.337,,.513,.639,.444,.440,.456,.385,,.357,.840,,.003,3,,.105,.529,,4,0,schrode01
443,Mike Scott,PF,31,PHI,68,1207,.426,18.2,,.380,.194,.086,.060,.040,.620,,.519,.603,.500,.381,.357,.369,,.696,1.000,,.017,4,,.217,.255,,2,0,scottmi01
444,Thabo Sefolosha,PF,35,HOU,41,436,.407,16.9,,.407,.253,.066,.033,.055,.593,,.595,.826,.167,.333,.200,.278,,.591,1.000,,.000,0,,.444,.417,,0,0,sefolth01
445,Collin Sexton,PG,21,CLE,65,2143,.472,11.1,,.765,.330,.215,.153,.068,.235,,.501,.615,.391,.446,.419,.380,,.293,.742,,.024,23,,.110,.536,,0,0,sextoco01
446,Landry Shamet,SG,22,LAC,53,1452,.404,20.7,,.243,.130,.043,.038,.031,.757,,.495,.686,.118,.533,.167,.375,,.596,.973,,.010,2,,.267,.418,,0,0,shamela01
447,Marial Shayok,SG,24,PHI,4,28,.250,19.3,,.500,.083,.083,.083,.250,.500,,.167,.000,1.000,.000,.000,.333,,.000,1.000,,.000,0,,.333,.000,,0,0,shayoma01
448,Iman Shumpert,SF,29,BRK,13,241,.328,18.5,,.484,.156,.031,.078,.219,.516,,.419,.600,.500,.400,.286,.242,,.769,.875,,.000,0,,.242,.250,,0,0,shumpim01
449,Pascal Siakam,PF,25,TOR,60,2110,.453,12.7,,.669,.277,.235,.074,.083,.331,,.499,.703,.382,.329,.304,.359,,.423,.664,,.039,41,,.222,.383,,0,0,siakapa01
450,Chris Silva,PF,23,MIA,44,346,.615,4.0,,.962,.679,.205,.051,.026,.038,,.640,.755,.313,.500,.500,.000,,.667,,,.269,19,,.667,.000,,0,0,silvach01
451,Ben Simmons,PG,23,PHI,57,2017,.580,3.6,,.989,.638,.304,.040,.006,.011,,.583,.719,.365,.154,.000,.286,,.507,1.000,,.167,102,,.429,.667,,2,0,simmobe01
452,Anfernee Simons,SG,20,POR,70,1449,.399,15.9,,.578,.211,.131,.127,.110,.422,,.448,.575,.343,.353,.441,.332,,.374,.680,,.028,13,,.168,.368,,2,0,simonan01
453,Alen Smailagić,C,19,GSW,14,139,.500,11.4,,.675,.325,.250,.075,.025,.325,,.630,.846,.500,.000,1.000,.231,,.529,1.000,,.025,1,,.308,.250,,0,0,smailal01
454,Marcus Smart,SG,25,BOS,60,1919,.375,18.4,,.421,.111,.163,.103,.044,.579,,.415,.539,.351,.443,.267,.347,,.303,.723,,.009,5,,.147,.345,,5,0,smartma01
455,Dennis Smith Jr.,PG,22,NYK,34,537,.341,12.7,,.744,.332,.128,.081,.204,.256,,.357,.543,.222,.235,.186,.296,,.179,.563,,.043,7,,.148,.375,,0,0,smithde03
456,Ish Smith,PG,31,WAS,68,1787,.447,13.2,,.755,.235,.168,.161,.190,.245,,.473,.617,.362,.514,.359,.367,,.171,.742,,.000,0,,.272,.348,,0,0,smithis01
457,J.R. Smith,SG,34,LAL,6,79,.318,17.7,,.500,.045,.227,.136,.091,.500,,.545,1.000,.400,1.000,.000,.091,,.667,1.000,,.000,0,,.273,.000,,0,0,smithjr01
458,Zhaire Smith,SF,20,PHI,7,32,.273,10.3,,.727,.545,.000,.091,.091,.273,,.375,.500,,.000,.000,.000,,.667,,,.273,2,,.333,.000,,0,0,smithzh01
459,Tony Snell,SF,28,DET,59,1641,.445,19.4,,.335,.102,.118,.068,.047,.665,,.531,.692,.489,.346,.556,.402,,.647,.892,,.024,9,,.374,.432,,1,0,snellto01
460,Omari Spellman,C,22,GSW,49,886,.431,14.3,,.627,.305,.112,.078,.132,.373,,.454,.556,.303,.478,.333,.391,,.607,1.000,,.102,19,,.182,.550,,0,0,spellom01
461,Max Strus,SF,23,CHI,2,6,.667,9.0,,.667,.667,.000,.000,.000,.333,,1.000,1.000,,,,.000,,.500,,,.000,0,,.000,,,0,0,strusma01
462,Edmond Sumner,SG,24,IND,31,447,.430,12.1,,.627,.359,.204,.063,.000,.373,,.528,.725,.276,.222,,.264,,.574,.929,,.049,7,,.302,.625,,1,0,sumneed01
463,Caleb Swanigan,PF-C,22,TOT,27,288,.596,5.3,,.957,.617,.191,.106,.043,.043,,.622,.724,.444,.400,.500,.000,,.750,,,.021,1,,.500,.000,,0,0,swanica01
463,Caleb Swanigan,C,22,SAC,7,23,.500,6.6,,1.000,.500,.250,.000,.250,.000,,.500,.500,1.000,,.000,,,1.000,,,.000,0,,,,,0,0,swanica01
463,Caleb Swanigan,PF,22,POR,20,265,.605,5.2,,.953,.628,.186,.116,.023,.047,,.634,.741,.375,.400,1.000,.000,,.731,,,.023,1,,.500,.000,,0,0,swanica01
464,Jayson Tatum,PF,21,BOS,66,2265,.450,14.4,,.617,.248,.155,.126,.089,.383,,.480,.618,.374,.396,.394,.403,,.433,.545,,.050,56,,.171,.413,,3,0,tatumja01
465,Jeff Teague,PG,31,TOT,59,1464,.436,10.9,,.761,.303,.297,.123,.039,.239,,.457,.574,.407,.317,.368,.368,,.159,.465,,.010,4,,.085,.500,,0,0,teaguje01
465,Jeff Teague,PG,31,MIN,34,945,.448,11.1,,.731,.296,.315,.102,.019,.269,,.473,.531,.431,.394,.667,.379,,.134,.424,,.003,1,,.080,.286,,0,0,teaguje01
465,Jeff Teague,PG,31,ATL,25,519,.412,10.5,,.818,.315,.261,.164,.079,.182,,.430,.654,.349,.222,.231,.333,,.207,.600,,.024,3,,.100,1.000,,0,0,teaguje01
466,Garrett Temple,SG,33,BRK,62,1730,.378,18.9,,.342,.172,.055,.060,.056,.658,,.473,.584,.375,.286,.424,.329,,.611,.858,,.007,3,,.288,.351,,0,0,templga01
467,Daniel Theis,C,27,BOS,65,1566,.566,9.2,,.775,.493,.169,.073,.040,.225,,.633,.729,.458,.516,.412,.333,,.804,1.000,,.211,81,,.135,.385,,2,0,theisda01
468,Isaiah Thomas,PG,30,WAS,40,925,.408,17.7,,.556,.066,.157,.185,.148,.444,,.405,.536,.299,.392,.476,.413,,.385,.769,,.000,0,,.111,.238,,0,0,thomais02
469,Khyri Thomas,SG,23,DET,8,61,.294,22.7,,.176,.000,.059,.059,.059,.824,,.000,,.000,.000,.000,.357,,,1.000,,.000,0,,.143,.500,,0,0,thomakh01
470,Lance Thomas,PF,31,BRK,7,98,.348,18.7,,.435,.087,.087,.130,.130,.565,,.400,.500,.500,.000,.667,.308,,.750,1.000,,.000,0,,.769,.300,,0,0,thomala01
471,Matt Thomas,SG,25,TOR,41,440,.487,21.1,,.340,.060,.053,.087,.140,.660,,.510,.444,.375,.462,.619,.475,,.769,.957,,.000,0,,.212,.524,,0,0,thomama02
472,Tristan Thompson,C,28,CLE,57,1721,.512,5.1,,.959,.496,.374,.073,.016,.041,,.518,.624,.433,.317,.111,.391,,.599,.667,,.185,95,,.087,.000,,0,0,thomptr01
473,Sindarius Thornwell,SF,25,NOP,2,35,.545,13.6,,.636,.364,.273,.000,.000,.364,,.571,.750,.333,,,.500,,.250,1.000,,.000,0,,.250,1.000,,1,0,thornsi01
474,Matisse Thybulle,SG,22,PHI,65,1287,.423,16.6,,.408,.272,.079,.030,.026,.592,,.519,.653,.286,.250,.143,.357,,.732,1.000,,.136,32,,.338,.415,,1,0,thybuma01
475,Anthony Tolliver,PF,34,TOT,55,872,.357,21.3,,.203,.110,.060,.011,.022,.797,,.432,.400,.364,.500,.750,.338,,.875,.980,,.011,2,,.228,.424,,0,0,tollian01
475,Anthony Tolliver,PF,34,POR,33,554,.368,20.3,,.239,.154,.060,.009,.017,.761,,.464,.444,.429,1.000,.500,.337,,.846,.967,,.017,2,,.258,.435,,0,0,tollian01
475,Anthony Tolliver,PF,34,SAC,9,82,.176,23.9,,.118,.000,.059,.000,.059,.882,,.500,,.000,,1.000,.133,,1.000,1.000,,.000,0,,.200,.000,,0,0,tollian01
475,Anthony Tolliver,PF,34,MEM,13,236,.396,22.9,,.146,.042,.063,.021,.021,.854,,.286,.000,.333,.000,1.000,.415,,1.000,1.000,,.000,0,,.171,.571,,0,0,tollian01
476,Juan Toscano-Anderson,SG,26,GSW,13,272,.460,11.6,,.635,.397,.190,.016,.032,.365,,.525,.720,.250,.000,.000,.348,,.476,1.000,,.111,6,,.348,.375,,0,0,toscaju01
477,Karl-Anthony Towns,C,24,MIN,35,1187,.508,14.0,,.555,.328,.148,.032,.047,.445,,.586,.721,.457,.250,.276,.412,,.505,.816,,.064,38,,.101,.429,,0,0,townska01
478,Gary Trent Jr.,SF,21,POR,61,1332,.444,19.4,,.392,.104,.075,.100,.113,.608,,.486,.696,.333,.432,.440,.418,,.440,.857,,.020,9,,.272,.411,,1,0,trentga02
479,Allonzo Trier,SG,24,NYK,24,291,.481,17.5,,.500,.208,.057,.085,.151,.500,,.604,.682,.167,.667,.625,.358,,.281,.789,,.057,5,,.132,.429,,0,0,trieral01
480,P.J. Tucker,PF,34,HOU,72,2467,.415,18.4,,.298,.148,.089,.035,.026,.702,,.551,.619,.474,.467,.545,.358,,.729,.991,,.000,0,,.766,.384,,0,0,tuckepj01
481,Rayjon Tucker,SG,22,UTA,20,161,.465,14.1,,.605,.209,.209,.163,.023,.395,,.654,.778,.556,.571,1.000,.176,,.471,1.000,,.023,1,,.059,.000,,0,0,tuckera01
482,Evan Turner,SG,31,ATL,19,251,.373,10.4,,.925,.299,.149,.343,.134,.075,,.403,.550,.500,.261,.333,.000,,.400,,,.000,0,,.200,.000,,0,0,turneev01
483,Myles Turner,C,23,IND,62,1826,.457,15.5,,.574,.221,.152,.107,.094,.426,,.540,.677,.483,.540,.309,.344,,.709,1.000,,.065,31,,.148,.351,,1,0,turnemy01
484,Jarrod Uthoff,PF,26,TOT,7,53,.389,18.1,,.500,.111,.111,.111,.167,.500,,.444,.500,.000,1.000,.333,.333,,1.000,1.000,,.000,0,,.222,.500,,0,0,uthofja01
484,Jarrod Uthoff,PF,26,MEM,4,14,.143,17.7,,.429,.143,.143,.143,.000,.571,,.333,.000,.000,1.000,,.000,,1.000,,,.000,0,,.000,,,0,0,uthofja01
484,Jarrod Uthoff,PF,26,WAS,3,39,.545,18.4,,.545,.091,.091,.091,.273,.455,,.500,1.000,.000,1.000,.333,.600,,1.000,1.000,,.000,0,,.400,.500,,0,0,uthofja01
485,Jonas Valančiūnas,C,27,MEM,70,1845,.585,7.2,,.877,.424,.359,.068,.027,.123,,.617,.735,.543,.340,.450,.352,,.588,1.000,,.091,63,,.143,.231,,1,0,valanjo01
486,Denzel Valentine,SF,26,CHI,36,488,.409,19.5,,.422,.046,.152,.143,.080,.578,,.510,.545,.444,.529,.579,.336,,.412,.783,,.000,0,,.153,.429,,2,0,valende01
487,Jarred Vanderbilt,PF,20,TOT,11,46,.625,4.0,,.875,.875,.000,.000,.000,.125,,.714,.714,,,,.000,,.600,,,.250,2,,1.000,.000,,0,0,vandeja01
487,Jarred Vanderbilt,PF,20,DEN,9,41,.714,1.3,,1.000,1.000,.000,.000,.000,.000,,.714,.714,,,,,,.600,,,.286,2,,,,,0,0,vandeja01
487,Jarred Vanderbilt,PF,20,MIN,2,5,.000,23.5,,.000,.000,.000,.000,.000,1.000,,,,,,,.000,,,,,.000,0,,1.000,.000,,0,0,vandeja01
488,Fred VanVleet,SG,25,TOR,54,1928,.413,15.4,,.516,.307,.113,.038,.060,.484,,.434,.549,.230,.276,.326,.390,,.185,.692,,.000,0,,.158,.441,,1,0,vanvlfr01
489,Gabe Vincent,PG,23,MIA,9,83,.216,21.1,,.270,.081,.081,.108,.000,.730,,.200,.333,.333,.000,,.222,,.500,.833,,.000,0,,.111,.333,,0,0,vincega01
490,Noah Vonleh,C,24,TOT,36,377,.565,6.8,,.837,.511,.315,.000,.011,.163,,.636,.723,.517,,.000,.200,,.551,1.000,,.174,14,,.200,.333,,0,0,vonleno01
490,Noah Vonleh,C,24,MIN,29,347,.547,6.8,,.837,.512,.314,.000,.012,.163,,.625,.705,.519,,.000,.143,,.556,1.000,,.174,13,,.143,.000,,0,0,vonleno01
490,Noah Vonleh,C,24,DEN,7,30,.833,7.1,,.833,.500,.333,.000,.000,.167,,.800,1.000,.500,,,1.000,,.500,1.000,,.167,1,,1.000,1.000,,0,0,vonleno01
491,Nikola Vučević,C,29,ORL,62,1998,.477,12.5,,.720,.235,.270,.131,.084,.280,,.531,.675,.487,.430,.425,.339,,.719,.990,,.030,27,,.031,.778,,0,0,vucevni01
492,Dean Wade,PF,23,CLE,12,71,.692,8.5,,.692,.615,.077,.000,.000,.308,,.778,.750,1.000,,,.500,,.714,1.000,,.308,4,,.500,.500,,0,0,wadede01
493,Moritz Wagner,C,22,WAS,45,835,.545,9.6,,.699,.489,.188,.015,.008,.301,,.645,.777,.340,.500,.000,.313,,.767,1.000,,.090,21,,.163,.385,,0,0,wagnemo01
494,Dion Waiters,SG,28,TOT,10,207,.414,15.8,,.525,.293,.071,.040,.121,.475,,.500,.586,.286,.750,.333,.319,,.385,.800,,.000,0,,.191,.333,,0,0,waitedi01
494,Dion Waiters,SG,28,MIA,3,42,.385,19.3,,.346,.192,.038,.000,.115,.654,,.222,.200,.000,,.333,.471,,.500,.750,,.000,0,,.176,.333,,0,0,waitedi01
494,Dion Waiters,SG,28,LAL,7,165,.425,14.6,,.589,.329,.082,.055,.123,.411,,.558,.667,.333,.750,.333,.233,,.375,.857,,.000,0,,.200,.333,,0,0,waitedi01
495,Kemba Walker,PG,29,BOS,56,1742,.425,17.6,,.468,.198,.111,.076,.082,.532,,.476,.597,.273,.471,.466,.381,,.247,.489,,.000,0,,.053,.360,,5,0,walkeke02
496,Lonnie Walker IV,SG,21,SAS,61,988,.426,12.4,,.717,.317,.188,.090,.123,.283,,.434,.584,.313,.281,.341,.406,,.595,.951,,.056,17,,.248,.360,,2,0,walkelo01
497,Tyrone Wallace,SG,25,ATL,14,160,.318,11.9,,.659,.432,.136,.068,.023,.341,,.448,.579,.167,.333,.000,.067,,.615,.000,,.023,1,,.267,.000,,1,0,wallaty01
498,Derrick Walton,PG,24,TOT,26,248,.462,20.5,,.385,.077,.000,.154,.154,.615,,.533,.667,,.500,.500,.417,,.250,.900,,.000,0,,.250,.167,,0,0,waltode01
498,Derrick Walton,PG,24,LAC,23,222,.472,20.1,,.417,.083,.000,.167,.167,.583,,.533,.667,,.500,.500,.429,,.250,1.000,,.000,0,,.238,.200,,0,0,waltode01
498,Derrick Walton,PG,24,DET,3,26,.333,24.8,,.000,.000,.000,.000,.000,1.000,,,,,,,.333,,,.000,,.000,0,,.333,.000,,0,0,waltode01
499,Brad Wanamaker,PG,30,BOS,71,1369,.448,12.3,,.718,.296,.235,.083,.105,.282,,.481,.692,.271,.433,.395,.363,,.432,.892,,.011,4,,.049,.800,,0,0,wanambr01
500,T.J. Warren,SF,26,IND,67,2202,.536,12.0,,.773,.275,.171,.216,.112,.227,,.575,.759,.465,.488,.455,.403,,.609,.901,,.037,37,,.412,.419,,0,0,warretj01
501,P.J. Washington,PF,21,CHO,58,1759,.455,12.3,,.610,.324,.250,.024,.012,.390,,.507,.660,.340,.214,.429,.374,,.786,.965,,.109,59,,.274,.508,,0,0,washipj01
502,Yuta Watanabe,SF,25,MEM,18,105,.441,10.9,,.765,.353,.176,.147,.088,.235,,.462,.583,.500,.200,.333,.375,,.500,1.000,,.147,3,,.250,.500,,0,0,watanyu01
503,Tremont Waters,PG,22,BOS,11,119,.286,16.8,,.510,.143,.184,.122,.061,.490,,.400,.714,.222,.167,.667,.167,,.200,.250,,.000,0,,.125,.000,,0,0,watertr01
504,Paul Watson,SF,25,TOT,10,87,.385,14.6,,.538,.308,.154,.038,.038,.462,,.429,.750,.000,.000,.000,.333,,.667,1.000,,.115,3,,.083,.000,,0,0,watsopa01
504,Paul Watson,SF,25,ATL,2,17,.000,16.3,,.571,.000,.429,.000,.143,.429,,.000,,.000,,.000,.000,,,,,.000,0,,.333,.000,,0,0,watsopa01
504,Paul Watson,SF,25,TOR,8,70,.526,14.0,,.526,.421,.053,.053,.000,.474,,.600,.750,.000,.000,,.444,,.667,1.000,,.158,3,,.000,,,0,0,watsopa01
505,Quinndary Weatherspoon,SG,23,SAS,11,78,.294,13.7,,.706,.353,.176,.059,.118,.294,,.333,.333,.667,.000,.000,.200,,.750,.000,,.059,0,,.200,.000,,1,0,weathqu01
506,Russell Westbrook,PG,31,HOU,57,2049,.472,10.1,,.834,.415,.142,.130,.148,.166,,.514,.640,.363,.404,.402,.258,,.235,.655,,.041,40,,.192,.220,,0,0,westbru01
507,Coby White,PG,19,CHI,65,1674,.394,16.0,,.525,.258,.106,.054,.107,.475,,.430,.529,.321,.372,.329,.354,,.263,.759,,.010,4,,.141,.377,,1,0,whiteco01
508,Derrick White,SG,25,SAS,68,1677,.458,14.2,,.609,.254,.192,.094,.069,.391,,.518,.600,.528,.385,.368,.366,,.385,.810,,.020,10,,.148,.344,,3,0,whitede01
509,Hassan Whiteside,C,30,POR,67,2008,.621,5.0,,.990,.558,.259,.108,.064,.010,,.622,.740,.511,.395,.422,.571,,.646,1.000,,.188,128,,.000,,,0,0,whiteha01
510,Andrew Wiggins,SF,24,TOT,54,1858,.447,13.6,,.658,.251,.212,.102,.094,.342,,.506,.686,.454,.330,.337,.332,,.393,.775,,.034,31,,.138,.326,,0,0,wiggian01
510,Andrew Wiggins,SF,24,MIN,42,1455,.444,13.5,,.652,.253,.214,.103,.082,.348,,.505,.685,.456,.284,.354,.331,,.365,.736,,.028,20,,.135,.270,,0,0,wiggian01
510,Andrew Wiggins,SF,24,GSW,12,403,.457,13.7,,.686,.239,.202,.101,.144,.314,,.512,.689,.447,.526,.296,.339,,.500,.950,,.059,11,,.153,.556,,0,0,wiggian01
511,Grant Williams,PF,21,BOS,69,1043,.412,14.2,,.545,.265,.190,.071,.019,.455,,.548,.661,.550,.267,.000,.250,,.619,.875,,.033,5,,.427,.293,,2,0,willigr01
512,Johnathan Williams,PF,24,WAS,15,180,.559,8.7,,.941,.412,.265,.118,.147,.059,,.594,.857,.556,.000,.400,.000,,.579,,,.118,4,,.500,.000,,1,0,willijo04
513,Kenrich Williams,PF,25,NOP,39,832,.347,17.8,,.340,.259,.048,.014,.020,.660,,.520,.553,.429,.500,.333,.258,,.654,.960,,.034,4,,.433,.357,,2,0,willike04
514,Lou Williams,PG,33,LAC,65,1864,.418,14.8,,.663,.193,.183,.145,.142,.337,,.451,.575,.409,.368,.421,.352,,.207,.640,,.005,3,,.229,.347,,1,0,willilo02
515,Marvin Williams,PF,33,TOT,58,1129,.446,17.4,,.416,.139,.195,.060,.022,.584,,.568,.838,.481,.375,.167,.359,,.667,.982,,.011,2,,.365,.474,,1,0,willima02
515,Marvin Williams,PF,33,CHO,41,808,.448,17.1,,.443,.129,.224,.062,.029,.557,,.538,.852,.489,.231,.167,.376,,.640,.977,,.014,2,,.316,.514,,1,0,willima02
515,Marvin Williams,PF,33,MIL,17,321,.439,18.6,,.316,.175,.088,.053,.000,.684,,.722,.800,.400,1.000,,.308,,.769,1.000,,.000,0,,.513,.400,,0,0,willima02
516,Robert Williams,C,22,BOS,29,388,.727,3.0,,1.000,.784,.136,.023,.057,.000,,.727,.797,.417,1.000,.400,,,.813,,,.455,36,,,,,0,0,williro04
517,Nigel Williams-Goss,PG,25,UTA,10,50,.313,15.5,,.563,.000,.438,.063,.063,.438,,.333,,.429,.000,.000,.286,,.667,1.000,,.000,0,,.286,.500,,0,0,willini01
518,Zion Williamson,PF,19,NOP,24,668,.583,3.5,,.961,.744,.183,.022,.011,.039,,.590,.668,.333,.375,.000,.429,,.755,1.000,,.178,58,,.000,,,0,0,willizi01
519,D.J. Wilson,PF,23,MIL,37,363,.394,16.7,,.447,.227,.106,.053,.061,.553,,.576,.767,.357,.286,.500,.247,,.853,.944,,.121,13,,.247,.556,,0,0,wilsodj01
520,Justise Winslow,SG,23,MIA,11,352,.388,10.4,,.791,.256,.372,.085,.078,.209,,.431,.606,.354,.455,.200,.222,,.500,.833,,.031,3,,.296,.125,,0,0,winslju01
521,Christian Wood,PF,24,DET,62,1325,.567,10.1,,.724,.409,.234,.041,.039,.276,,.636,.793,.445,.381,.400,.386,,.714,.926,,.242,115,,.279,.385,,0,0,woodch01
522,Delon Wright,PG,27,DAL,73,1570,.462,11.0,,.691,.370,.265,.032,.024,.309,,.504,.645,.349,.385,.200,.370,,.308,.809,,.022,8,,.173,.500,,3,0,wrighde01
523,Justin Wright-Foreman,PG,22,UTA,4,45,.350,17.2,,.500,.100,.200,.150,.050,.500,,.500,.500,.500,.333,1.000,.200,,.400,.500,,.000,0,,.100,1.000,,0,0,wrighju02
524,Thaddeus Young,PF,31,CHI,64,1591,.448,11.9,,.631,.329,.250,.023,.028,.369,,.501,.601,.413,.214,.353,.356,,.568,.937,,.048,26,,.423,.362,,2,0,youngth01
525,Trae Young,PG,21,ATL,60,2120,.437,16.8,,.545,.183,.167,.146,.050,.455,,.501,.596,.452,.467,.413,.361,,.161,.298,,.000,0,,.033,.579,,1,1,youngtr01
526,Cody Zeller,C,27,CHO,58,1341,.524,6.6,,.843,.570,.242,.027,.004,.157,,.577,.659,.422,.154,1.000,.240,,.704,.944,,.140,63,,.053,.500,,0,0,zelleco01
527,Tyler Zeller,C,30,SAS,2,4,.250,3.0,,1.000,.500,.500,.000,.000,.000,,.250,.000,.500,,,,,1.000,,,.000,0,,,,,0,0,zellety01
528,Ante Žižić,C,23,CLE,22,221,.569,4.1,,1.000,.514,.361,.111,.014,.000,,.569,.622,.462,.750,.000,,,.756,,,.042,1,,,,,0,0,zizican01
529,Ivica Zubac,C,22,LAC,72,1326,.613,3.4,,.995,.691,.229,.042,.034,.005,,.616,.684,.420,.438,.769,.000,,.725,,,.265,97,,.000,,,0,0,zubaciv01