,,,,,Voting,Voting,Voting,Voting,Voting,Voting,,Per Game,Per Game,Per Game,Per Game,Per Game,Per Game,Shooting,Shooting,Shooting,Advanced,Advanced,-additional
# Tm,Pos,Player,Age,Tm,Pts Won,Pts Max,Share,1st Tm,2nd Tm,3rd Tm,G,MP,PTS,TRB,AST,STL,BLK,FG%,3P%,FT%,WS,WS/48,-9999
1st,F,Kevin Garnett,27,MIN,615,615,1,123,0,0,82,39.4,24.2,13.9,5.0,1.5,2.2,.499,.256,.791,18.3,.272,garneke01
1st,F,Tim Duncan,27,SAS,597,615,0.971,114,,,69,36.6,22.3,12.4,3.1,0.9,2.7,.501,.167,.599,13.1,.249,duncati01
1st,G,Kobe Bryant,25,LAL,582,615,0.946,111,,,65,37.6,24.0,5.5,5.1,1.7,0.4,.438,.327,.852,10.7,.210,bryanko01
1st,C,Shaquille O'Neal,31,LAL,556,615,0.904,95,,,67,36.8,21.5,11.5,2.9,0.5,2.5,.584,,.490,9.9,.192,onealsh01
1st,G,Jason Kidd,30,NJN,421,615,0.685,55,,,67,36.6,15.5,6.4,9.2,1.8,0.2,.384,.321,.827,7.2,.141,kiddja01
2nd,C,Jermaine O'Neal,25,IND,423,615,0.688,31,,,78,35.7,20.1,10.0,2.1,0.8,2.6,.434,.111,.757,9.0,.155,onealje01
2nd,F,Peja Stojaković,26,SAC,378,615,0.615,14,,,81,40.3,24.2,6.3,2.1,1.3,0.2,.480,.433,.927,13.5,.198,stojape01
2nd,G,Sam Cassell,34,MIN,322,615,0.524,34,,,81,35.0,19.8,3.3,7.3,1.3,0.2,.488,.398,.873,12.1,.205,cassesa01
2nd,G,Tracy McGrady,24,ORL,274,615,0.446,16,,,67,39.9,28.0,6.0,5.5,1.4,0.6,.417,.339,.796,8.4,.151,mcgratr01
2nd,C,Ben Wallace,29,DET,195,615,0.317,2,,,81,37.7,9.5,12.4,1.7,1.8,3.0,.421,.125,.490,10.2,.160,wallabe01
3rd,C,Yao Ming,23,HOU,189,615,0.307,0,,,82,32.8,17.5,9.0,1.5,0.3,1.9,.522,.000,.809,11.4,.202,mingya01
3rd,G,Baron Davis,24,NOH,176,615,0.286,10,,,67,40.1,22.9,4.3,7.5,2.4,0.4,.395,.321,.673,7.5,.133,davisba01
3rd,F,Dirk Nowitzki,25,DAL,145,615,0.236,0,,,77,37.9,21.8,8.7,2.7,1.2,1.4,.462,.341,.877,11.5,.190,nowitdi01
3rd,G,Michael Redd,24,MIL,95,615,0.154,4,,,82,36.8,21.7,5.0,2.3,1.0,0.1,.440,.350,.868,9.7,.154,reddmi01
3rd,F,Metta World Peace,24,IND,90,615,0.146,0,,,73,37.2,18.3,5.3,3.7,2.1,0.7,.421,.310,.733,8.0,.141,artesro01
ORV,G,Steve Nash,29,DAL,75,615,0.122,3,,,78,33.5,14.5,3.0,8.8,0.9,0.1,.470,.405,.916,8.8,.162,nashst01
ORV,F,Paul Pierce,26,BOS,68,615,0.111,0,,,80,38.7,23.0,6.5,5.1,1.6,0.7,.402,.299,.819,7.1,.109,piercpa01
ORV,F,LeBron James,19,CLE,48,615,0.078,1,,,79,39.5,20.9,5.5,5.9,1.6,0.7,.417,.290,.754,5.1,.078,jamesle01
ORV,F,Andrei Kirilenko,22,UTA,48,615,0.078,0,,,78,37.1,16.5,8.1,3.1,1.9,2.8,.443,.338,.790,11.6,.192,kirilan01
ORV,G,Stephon Marbury,26,TOT,44,615,0.072,0,,,81,40.2,20.2,3.2,8.9,1.6,0.1,.431,.318,.817,9.1,.134,marbust01
ORV,F,Lamar Odom,24,MIA,20,615,0.033,0,,,80,37.5,17.1,9.7,4.1,1.1,0.9,.430,.298,.742,8.4,.134,odomla01
ORV,G,Mike Bibby,25,SAC,18,615,0.029,1,,,82,36.3,18.4,3.4,5.4,1.4,0.2,.450,.392,.815,9.3,.151,bibbymi01
ORV,F,Zach Randolph,22,POR,18,615,0.029,0,,,81,37.9,20.1,10.5,2.0,0.8,0.5,.485,.200,.761,7.1,.111,randoza01
ORV,F,Vince Carter,27,TOR,16,615,0.026,0,,,73,38.2,22.5,4.8,4.8,1.2,0.9,.417,.383,.806,6.0,.103,cartevi01
ORV,F,Carmelo Anthony,19,DEN,14,615,0.023,0,,,82,36.5,21.0,6.1,2.8,1.2,0.5,.426,.322,.777,6.1,.098,anthoca01
ORV,G,Chauncey Billups,27,DET,12,615,0.02,0,,,78,35.4,16.9,3.5,5.7,1.1,0.1,.394,.388,.878,11.3,.198,billuch01
ORV,C,Brad Miller,27,SAC,12,615,0.02,0,,,72,36.4,14.1,10.3,4.3,0.9,1.2,.510,.316,.778,10.0,.184,millebr01
ORV,C,Jamaal Magloire,25,NOH,9,615,0.015,0,,,82,33.9,13.6,10.3,1.0,0.5,1.2,.473,.000,.751,7.6,.131,magloja01
ORV,C,Pau Gasol,23,MEM,8,615,0.013,0,,,78,31.5,17.7,7.7,2.5,0.6,1.7,.482,.267,.714,8.1,.159,gasolpa01
ORV,G,Allen Iverson,28,PHI,8,615,0.013,0,,,48,42.5,26.4,3.7,6.8,2.4,0.1,.387,.286,.745,2.8,.066,iversal01
ORV,G,Ray Allen,28,SEA,6,615,0.01,0,,,56,38.4,23.0,5.1,4.8,1.3,0.2,.440,.392,.904,6.9,.153,allenra02
ORV,F,Elton Brand,24,LAC,5,615,0.008,0,,,69,38.7,20.0,10.3,3.3,0.9,2.2,.493,.000,.773,9.7,.174,brandel01
ORV,C,Erick Dampier,28,GSW,4,615,0.007,0,,,74,32.5,12.3,12.0,0.8,0.4,1.9,.535,.000,.654,8.9,.178,dampier01
ORV,G,Michael Finley,30,DAL,4,615,0.007,0,,,72,38.6,18.6,4.5,2.9,1.2,0.5,.443,.405,.850,7.6,.131,finlemi01
ORV,G,Manu Ginóbili,26,SAS,4,615,0.007,0,,,77,29.4,12.8,4.5,3.8,1.8,0.2,.418,.359,.802,9.1,.194,ginobma01
ORV,C,Zydrunas Ilgauskas,28,CLE,4,615,0.007,0,,,81,31.3,15.3,8.1,1.3,0.5,2.5,.483,.286,.746,7.8,.147,ilgauzy01
ORV,F,Amar'e Stoudemire,21,PHO,4,615,0.007,0,,,55,36.8,20.6,9.0,1.4,1.2,1.6,.475,.200,.713,4.4,.105,stoudam01
ORV,G,Jason Williams,28,MEM,4,615,0.007,0,,,72,29.4,10.9,2.0,6.8,1.3,0.1,.407,.330,.837,5.4,.122,willija02
ORV,G,Richard Hamilton,25,DET,3,615,0.005,0,,,78,35.5,17.6,3.6,4.0,1.3,0.2,.455,.265,.868,8.1,.141,hamilri01
ORV,F,Shawn Marion,25,PHO,2,615,0.003,0,0,2,79,40.7,19.0,9.3,2.7,2.1,1.3,.440,.340,.851,9.1,.135,mariosh01
ORV,G,Tony Parker,21,SAS,2,615,0.003,0,0,2,75,34.4,14.7,3.2,5.5,0.8,0.1,.447,.312,.702,7.5,.140,parketo01
ORV,F,Rasheed Wallace,29,TOT,2,615,0.003,0,0,2,68,35.1,16.0,6.8,2.3,0.9,1.8,.436,.331,.736,6.2,.125,wallara01
ORV,F,Carlos Boozer,22,CLE,1,615,0.002,0,0,1,75,34.6,15.5,11.4,2.0,1.0,0.7,.523,.167,.768,9.4,.174,boozeca01
ORV,G,Steve Francis,26,HOU,1,615,0.002,0,0,1,79,40.4,16.6,5.5,6.2,1.8,0.4,.403,.292,.775,7.1,.107,francst01
ORV,G,Corey Maggette,24,LAC,1,615,0.002,0,0,1,73,36.0,20.7,5.9,3.1,0.9,0.2,.447,.329,.848,8.6,.157,maggeco01
ORV,F,Kenyon Martin,26,NJN,1,615,0.002,0,0,1,65,34.6,16.7,9.5,2.5,1.5,1.3,.488,.280,.684,6.7,.142,martike01
ORV,C,Theo Ratliff,30,TOT,1,615,0.002,0,0,1,85,31.3,7.9,7.2,0.8,0.6,3.6,.485,,.645,5.2,.094,ratlith01