,,,,,Voting,Voting,Voting,Voting,Voting,Voting,,Per Game,Per Game,Per Game,Per Game,Per Game,Per Game,Shooting,Shooting,Shooting,Advanced,Advanced,-additional
# Tm,Pos,Player,Age,Tm,Pts Won,Pts Max,Share,1st Tm,2nd Tm,3rd Tm,G,MP,PTS,TRB,AST,STL,BLK,FG%,3P%,FT%,WS,WS/48,-9999
1st,F,LeBron James,24,CLE,610,610,1,122,0,0,81,37.7,28.4,7.6,7.2,1.7,1.1,.489,.344,.780,20.3,.318,jamesle01
1st,G,Kobe Bryant,30,LAL,604,610,0.99,119,3,0,82,36.1,26.8,5.2,4.9,1.5,0.5,.467,.351,.856,12.7,.206,bryanko01
1st,C,Dwight Howard,23,ORL,598,610,0.98,116,,,79,35.7,20.6,13.8,1.4,1.0,2.9,.572,.000,.594,13.8,.234,howardw01
1st,G,Dwyane Wade,27,MIA,572,610,0.938,103,,,79,38.6,30.2,5.0,7.5,2.2,1.3,.491,.317,.765,14.7,.232,wadedw01
1st,F,Dirk Nowitzki,30,DAL,383,610,0.628,35,,,81,37.7,25.9,8.4,2.4,0.8,0.8,.479,.359,.890,10.9,.171,nowitdi01
2nd,G,Chris Paul,23,NOH,424,610,0.695,32,,,78,38.5,22.8,5.5,11.0,2.8,0.1,.503,.364,.868,18.3,.292,paulch01
2nd,F,Tim Duncan,32,SAS,378,610,0.62,39,,,75,33.7,19.3,10.7,3.5,0.5,1.7,.504,.000,.692,10.1,.191,duncati01
2nd,C,Yao Ming,28,HOU,354,610,0.58,8,,,77,33.6,19.7,9.9,1.8,0.4,1.9,.548,1.000,.866,10.6,.196,mingya01
2nd,F,Paul Pierce,31,BOS,330,610,0.541,27,,,81,37.5,20.5,5.6,3.6,1.0,0.3,.457,.391,.830,10.3,.164,piercpa01
2nd,G,Brandon Roy,24,POR,189,610,0.31,0,,,78,37.2,22.6,4.7,5.1,1.1,0.3,.480,.377,.824,13.5,.223,roybr01
3rd,F,Pau Gasol,28,LAL,165,610,0.27,2,,,81,37.0,18.9,9.6,3.5,0.6,1.0,.567,.500,.781,13.9,.223,gasolpa01
3rd,G,Tony Parker,26,SAS,158,610,0.259,1,,,72,34.1,22.0,3.1,6.9,0.9,0.1,.506,.292,.782,8.6,.168,parketo01
3rd,G,Chauncey Billups,32,TOT,131,610,0.215,0,,,79,35.3,17.7,3.0,6.4,1.2,0.2,.418,.408,.913,10.1,.174,billuch01
3rd,F,Carmelo Anthony,24,DEN,116,610,0.19,2,,,66,34.5,22.8,6.8,3.4,1.1,0.4,.443,.371,.793,5.0,.105,anthoca01
3rd,C,Shaquille O'Neal,36,PHO,68,610,0.111,0,,,75,30.0,17.8,8.4,1.7,0.7,1.4,.609,.000,.595,7.8,.166,onealsh01
ORV,G,Deron Williams,24,UTA,105,610,0.172,,,,68,36.8,19.4,2.9,10.7,1.1,0.3,.471,.310,.849,8.4,.160,willide01
ORV,F,Kevin Garnett,32,BOS,72,610,0.118,,,,57,31.1,15.8,8.5,2.5,1.1,1.2,.531,.250,.841,7.1,.193,garneke01
ORV,F,Chris Bosh,24,TOR,56,610,0.092,,,,77,38.0,22.7,10.0,2.5,0.9,1.0,.487,.245,.817,9.7,.159,boshch01
ORV,G,Joe Johnson,27,ATL,36,610,0.059,,,,79,39.5,21.4,4.4,5.8,1.1,0.2,.437,.360,.826,7.6,.116,johnsjo02
ORV,F,Kevin Durant,20,OKC,34,610,0.056,,,,74,39.0,25.3,6.5,2.8,1.3,0.7,.476,.422,.863,7.9,.132,duranke01
ORV,F,Danny Granger,25,IND,25,610,0.041,,,,67,36.2,25.8,5.1,2.7,1.0,1.4,.447,.404,.878,8.0,.158,grangda01
ORV,F,David West,28,NOH,12,610,0.02,,,,76,39.2,21.0,8.5,2.3,0.6,0.9,.472,.240,.884,7.8,.125,westda01
ORV,G,Mo Williams,26,CLE,10,610,0.016,,,,81,35.0,17.8,3.4,4.1,0.9,0.1,.467,.436,.912,9.8,.165,willima01
ORV,C,Al Jefferson,24,MIN,8,610,0.013,,,,50,36.7,23.1,11.0,1.6,0.8,1.7,.497,.000,.738,4.9,.128,jeffeal01
ORV,F,Antawn Jamison,32,WAS,7,610,0.011,,,,81,38.2,22.2,8.9,1.9,1.2,0.3,.468,.351,.754,8.1,.126,jamisan01
ORV,G,Steve Nash,34,PHO,7,610,0.011,,,,74,33.6,15.7,3.0,9.7,0.7,0.1,.503,.439,.933,7.3,.140,nashst01
ORV,G,Ray Allen,33,BOS,6,610,0.01,,,,79,36.4,18.2,3.5,2.8,0.9,0.2,.480,.409,.952,11.1,.186,allenra02
ORV,F,Nenê,26,DEN,6,610,0.01,,,,77,32.6,14.6,7.8,1.4,1.2,1.3,.604,.200,.723,9.3,.177,hilarne01
ORV,G,Devin Harris,25,NJN,5,610,0.008,,,,69,36.1,21.3,3.3,6.9,1.7,0.2,.438,.291,.820,7.5,.145,harride01
ORV,F,LaMarcus Aldridge,23,POR,4,610,0.007,,,,81,37.1,18.1,7.5,1.9,1.0,1.0,.484,.250,.781,9.5,.151,aldrila01
ORV,F,David Lee,25,NYK,4,610,0.007,,,,81,34.9,16.0,11.7,2.1,1.0,0.3,.549,.000,.755,9.0,.154,leeda02
ORV,G,Rajon Rondo,22,BOS,2,610,0.003,0,0,2,80,33.0,11.9,5.2,8.2,1.9,0.1,.505,.313,.642,9.9,.179,rondora01
ORV,F,Carlos Boozer,27,UTA,1,610,0.002,0,0,1,37,32.4,16.2,10.4,2.1,1.1,0.2,.490,,.698,2.6,.105,boozeca01
ORV,F,Caron Butler,28,WAS,1,610,0.002,0,0,1,67,38.6,20.8,6.2,4.3,1.6,0.3,.453,.310,.858,4.5,.083,butleca01
ORV,F,Vince Carter,32,NJN,1,610,0.002,0,0,1,80,36.8,20.8,5.1,4.7,1.0,0.5,.437,.385,.817,7.5,.123,cartevi01
ORV,F,Andre Iguodala,25,PHI,1,610,0.002,0,0,1,82,39.9,18.8,5.7,5.3,1.6,0.4,.473,.307,.724,9.2,.134,iguodan01
ORV,G,Andre Miller,32,PHI,1,610,0.002,0,0,1,82,36.3,16.3,4.5,6.5,1.3,0.2,.473,.283,.826,8.8,.141,millean02
ORV,F,Paul Millsap,23,UTA,1,610,0.002,0,0,1,76,30.1,13.5,8.6,1.8,1.0,1.0,.534,.000,.699,7.7,.162,millspa01
ORV,C,Jermaine O'Neal,30,TOT,1,610,0.002,0,0,1,68,29.8,13.3,6.4,1.8,0.4,2.0,.474,.000,.788,2.6,.060,onealje01
ORV,G,Derrick Rose,20,CHI,1,610,0.002,0,0,1,81,37.0,16.8,3.9,6.3,0.8,0.2,.475,.222,.788,4.9,.078,rosede01
ORV,F,Hedo Türkoğlu,29,ORL,1,610,0.002,0,0,1,77,36.6,16.8,5.3,4.9,0.8,0.2,.413,.356,.807,7.3,.125,turkohe01