Rk,Player,Pos,Age,Tm,G,MP,PER,TS%,3PAr,FTr,ORB%,DRB%,TRB%,AST%,STL%,BLK%,TOV%,USG%,,OWS,DWS,WS,WS/48,,OBPM,DBPM,BPM,VORP,Player-additional
1,Jeff Adrien,PF,24,GSW,23,196,11.3,.457,.000,.352,13.0,20.7,16.8,7.3,1.0,1.9,12.6,16.1,,0.1,0.1,0.2,.051,,-3.3,-2.0,-5.3,-0.2,adrieje01
2,Arron Afflalo,SG,25,DEN,69,2324,13.6,.620,.396,.260,2.3,9.9,6.2,10.9,0.7,1.0,9.2,14.8,,4.8,1.4,6.2,.128,,1.7,-0.3,1.4,2.0,afflaar01
3,Maurice Ager,SG,26,MIN,4,29,10.1,.682,.364,.000,0.0,7.9,3.8,6.0,1.7,0.0,26.7,22.0,,0.0,0.0,0.0,-0.015,,-0.9,0.2,-0.7,0.0,agerma01
4,Alexis Ajinça,C,22,TOT,34,340,12.2,.507,.256,.135,5.9,21.5,13.6,4.8,1.7,4.2,11.3,21.1,,0.0,0.4,0.4,.052,,-3.8,0.0,-3.8,-0.2,ajincal01
4,Alexis Ajinça,C,22,DAL,10,75,12.8,.435,.219,.094,8.1,18.0,13.3,4.3,2.1,5.1,2.9,21.4,,0.0,0.1,0.1,.084,,-3.4,0.5,-2.9,0.0,ajincal01
4,Alexis Ajinça,C,22,TOR,24,265,12.0,.530,.267,.149,5.2,22.5,13.6,4.9,1.6,4.0,13.6,21.1,,0.0,0.2,0.2,.042,,-3.8,-0.2,-4.1,-0.1,ajincal01
5,Solomon Alabi,C,22,TOR,12,59,2.0,.189,.000,.133,13.7,14.4,14.1,4.6,1.8,2.6,15.9,14.3,,-0.2,0.0,-0.2,-0.142,,-6.0,-2.9,-8.9,-0.1,alabiso01
6,Cole Aldrich,C,22,OKC,18,142,7.0,.537,.000,.267,11.1,17.5,14.4,4.0,1.8,3.6,32.3,7.9,,0.0,0.2,0.2,.066,,-5.6,1.6,-4.0,-0.1,aldrico01
7,LaMarcus Aldridge,PF,25,POR,81,3211,21.5,.549,.016,.314,10.1,17.2,13.5,10.1,1.4,2.4,8.7,25.7,,7.6,3.5,11.1,.166,,2.6,-0.5,2.1,3.4,aldrila01
8,Malik Allen,PF,32,ORL,18,178,3.3,.361,.000,.065,8.1,12.8,10.5,3.3,0.3,1.7,8.6,9.1,,-0.1,0.2,0.2,.046,,-5.8,0.5,-5.4,-0.2,allenma01
9,Ray Allen*,SG,35,BOS,80,2890,16.4,.615,.387,.224,2.3,9.0,5.8,12.7,1.4,0.4,9.8,19.8,,5.8,4.2,10.0,.166,,2.3,0.6,2.9,3.6,allenra02
10,Tony Allen,SG,29,MEM,72,1494,18.4,.562,.047,.370,5.5,9.9,7.7,10.9,4.5,2.4,13.1,19.9,,2.0,2.7,4.7,.152,,0.1,3.5,3.6,2.1,allento01
11,Al-Farouq Aminu,SF,20,LAC,81,1452,9.6,.499,.352,.293,6.1,15.4,10.8,6.4,2.1,1.3,18.3,17.3,,-0.8,1.4,0.7,.022,,-2.7,-0.1,-2.8,-0.3,aminual01
12,Lou Amundson,PF,28,GSW,46,691,11.5,.452,.000,.475,13.0,17.4,15.2,3.5,1.0,3.6,9.8,15.7,,0.2,0.5,0.6,.044,,-3.1,-1.4,-4.5,-0.4,amundlo01
13,Chris Andersen,C,32,DEN,45,732,19.0,.636,.007,.985,12.2,22.1,17.3,4.0,1.6,6.0,11.3,13.5,,1.9,1.2,3.2,.207,,1.2,1.8,3.0,0.9,anderch01
14,David Andersen,PF,30,TOT,40,373,10.9,.513,.190,.182,6.4,21.0,13.6,5.6,0.7,2.0,14.4,19.1,,-0.1,0.3,0.3,.032,,-2.8,-0.7,-3.4,-0.1,anderda03
14,David Andersen,PF,30,TOR,11,150,13.8,.559,.213,.149,6.2,21.1,13.4,7.3,1.0,1.5,13.8,17.3,,0.1,0.1,0.2,.063,,0.0,-0.5,-0.5,0.1,anderda03
14,David Andersen,PF,30,NOH,29,223,8.9,.484,.176,.203,6.5,20.9,13.6,4.5,0.5,2.2,14.8,20.2,,-0.2,0.3,0.1,.012,,-4.6,-0.8,-5.4,-0.2,anderda03
15,James Anderson,SF,21,SAS,26,286,8.5,.529,.568,.222,0.8,8.3,4.7,9.2,0.5,1.5,12.8,16.4,,0.1,0.2,0.3,.051,,-1.1,-0.6,-1.7,0.0,anderja01
16,Ryan Anderson,PF,22,ORL,64,1424,19.0,.591,.650,.223,10.8,18.1,14.5,6.2,1.1,2.1,7.8,20.4,,4.0,2.5,6.4,.216,,4.2,0.4,4.6,2.4,anderry01
17,Carmelo Anthony,SF,26,TOT,77,2751,21.7,.557,.167,.403,5.0,18.3,11.8,14.7,1.2,1.3,10.4,32.0,,5.4,2.5,7.9,.138,,3.2,-1.2,1.9,2.7,anthoca01
17,Carmelo Anthony,SF,26,DEN,50,1774,21.2,.547,.130,.431,5.2,19.3,12.4,14.3,1.2,1.3,11.0,32.5,,2.8,1.9,4.7,.127,,2.4,-1.0,1.4,1.5,anthoca01
17,Carmelo Anthony,SF,26,NYK,27,977,22.8,.575,.233,.351,4.8,16.5,10.6,15.3,1.3,1.1,9.4,31.0,,2.6,0.6,3.2,.157,,4.6,-1.7,2.9,1.2,anthoca01
18,Joel Anthony,C,28,MIA,75,1463,7.3,.583,.000,.737,9.0,12.4,10.8,2.2,0.4,5.0,21.5,5.3,,1.2,2.1,3.3,.107,,-3.2,1.6,-1.6,0.2,anthojo01
19,Gilbert Arenas,PG,29,TOT,70,1796,10.8,.471,.446,.208,1.4,10.7,6.1,25.3,2.1,0.9,18.1,24.7,,-1.6,2.2,0.5,.014,,-2.2,-0.3,-2.4,-0.2,arenagi01
19,Gilbert Arenas,PG,29,WAS,21,726,14.0,.505,.439,.203,0.9,10.4,5.5,27.5,2.1,1.3,16.5,26.2,,0.0,0.4,0.4,.025,,0.4,-1.2,-0.8,0.2,arenagi01
19,Gilbert Arenas,PG,29,ORL,49,1070,8.6,.444,.450,.213,1.8,11.0,6.5,23.8,2.2,0.7,19.3,23.7,,-1.6,1.7,0.2,.007,,-3.9,0.3,-3.6,-0.4,arenagi01
20,Trevor Ariza,SF,25,NOH,75,2600,11.3,.487,.356,.259,2.8,16.4,9.5,10.0,2.5,1.0,12.2,17.7,,-0.4,3.8,3.4,.062,,-1.7,1.3,-0.4,1.0,arizatr01
21,Hilton Armstrong,C,26,TOT,53,488,8.8,.508,.053,.434,9.5,21.6,15.4,4.2,1.9,3.3,23.6,10.9,,-0.1,0.6,0.5,.045,,-4.7,1.0,-3.7,-0.2,armsthi01
21,Hilton Armstrong,C,26,WAS,41,412,8.6,.519,.047,.359,10.4,21.5,15.8,3.5,1.9,3.0,25.2,10.6,,-0.1,0.4,0.4,.043,,-5.0,0.9,-4.2,-0.2,armsthi01
21,Hilton Armstrong,C,26,ATL,12,76,10.1,.457,.083,.833,4.8,22.0,13.5,7.8,2.1,5.0,15.5,12.1,,-0.1,0.1,0.1,.054,,-3.2,2.0,-1.2,0.0,armsthi01
22,Carlos Arroyo,PG,31,TOT,64,1185,9.0,.528,.253,.172,2.2,7.9,5.2,15.8,0.9,0.1,17.0,14.0,,0.5,1.1,1.7,.068,,-2.1,-0.2,-2.3,-0.1,arroyca01
22,Carlos Arroyo,PG,31,MIA,49,995,9.5,.541,.269,.147,1.6,7.5,4.8,15.3,0.7,0.1,14.5,13.9,,0.8,0.9,1.6,.078,,-1.7,-0.5,-2.2,0.0,arroyca01
22,Carlos Arroyo,PG,31,BOS,15,190,6.7,.447,.143,.343,4.8,9.8,7.4,18.6,2.0,0.0,29.7,14.5,,-0.2,0.3,0.1,.016,,-4.1,1.0,-3.0,-0.1,arroyca01
23,Darrell Arthur,PF,22,MEM,80,1609,15.7,.534,.010,.215,8.5,17.0,12.7,5.4,1.7,3.2,11.4,21.6,,1.5,2.2,3.8,.113,,-1.8,0.2,-1.6,0.2,arthuda01
24,Ömer Aşık,C,24,CHI,82,989,11.8,.559,.000,1.028,13.7,22.3,18.1,4.7,1.1,4.3,23.8,12.5,,0.5,2.2,2.7,.130,,-3.6,1.8,-1.8,0.1,asikom01
25,D.J. Augustin,PG,23,CHA,82,2757,15.9,.541,.348,.310,1.7,8.3,4.9,31.1,1.0,0.1,12.5,21.2,,4.9,1.3,6.2,.108,,1.7,-1.6,0.1,1.5,augusdj01
26,Luke Babbitt,SF,21,POR,24,137,1.0,.305,.291,.164,5.1,22.4,13.4,6.9,0.8,1.2,11.9,22.8,,-0.6,0.1,-0.4,-0.143,,-8.3,-2.5,-10.8,-0.3,babbilu01
27,Renaldo Balkman,SF,26,TOT,8,62,9.3,.542,.154,.308,3.7,9.1,6.5,4.7,3.2,2.4,6.3,11.3,,0.1,0.1,0.1,.114,,-5.0,0.9,-4.1,0.0,balkmre01
27,Renaldo Balkman,SF,26,DEN,5,44,12.8,.604,.000,.444,2.7,7.6,5.2,6.6,3.4,3.4,0.0,10.9,,0.1,0.1,0.2,.182,,-3.6,2.1,-1.5,0.0,balkmre01
27,Renaldo Balkman,SF,26,NYK,3,18,0.7,.375,.500,.000,6.3,12.8,9.5,0.0,2.8,0.0,20.0,12.3,,0.0,0.0,0.0,-0.050,,-8.6,-1.9,-10.5,0.0,balkmre01
28,Marcus Banks,PG,29,TOR,3,22,6.8,.543,.000,4.000,0.0,5.5,2.7,17.2,2.3,0.0,26.6,15.3,,0.0,0.0,0.0,.011,,-6.6,0.1,-6.5,0.0,banksma01
29,Leandro Barbosa,SG,28,TOR,58,1395,15.3,.539,.326,.210,1.2,7.4,4.2,14.6,1.9,0.3,10.5,25.6,,1.4,0.1,1.5,.052,,0.4,-1.7,-1.3,0.2,barbole01
30,J.J. Barea,PG,26,DAL,81,1669,14.8,.535,.291,.242,2.1,8.8,5.6,31.2,0.9,0.0,15.9,23.9,,1.9,1.4,3.2,.093,,0.5,-1.0,-0.5,0.6,bareajo01
31,Andrea Bargnani,C,25,TOR,66,2353,16.4,.533,.190,.298,3.6,13.9,8.6,8.8,0.7,1.5,10.3,28.2,,2.2,0.3,2.5,.052,,1.2,-2.6,-1.4,0.4,bargnan01
32,Matt Barnes,SF,30,LAL,53,1020,14.6,.569,.384,.276,8.4,16.7,12.7,10.5,2.0,1.6,15.6,16.6,,1.4,1.6,3.0,.142,,-0.5,1.0,0.6,0.7,barnema02
33,Earl Barron,C,29,TOT,21,305,6.2,.361,.000,.242,12.1,17.2,14.6,5.8,1.4,1.5,12.7,18.9,,-0.6,0.3,-0.2,-0.039,,-6.3,-1.9,-8.1,-0.5,barroea01
33,Earl Barron,C,29,PHO,12,183,1.5,.301,.000,.392,10.1,15.2,12.6,3.0,1.7,1.6,15.5,17.5,,-0.5,0.1,-0.4,-0.106,,-9.1,-2.4,-11.5,-0.4,barroea01
33,Earl Barron,C,29,MIL,7,85,17.3,.475,.000,.054,16.0,14.1,15.1,9.2,1.3,1.9,5.0,22.0,,0.1,0.1,0.2,.130,,0.6,-0.6,0.0,0.0,barroea01
33,Earl Barron,C,29,POR,2,37,3.8,.295,.000,.182,12.7,34.6,23.1,12.2,0.0,0.0,20.2,18.8,,-0.1,0.0,-0.1,-0.093,,-8.0,-2.3,-10.4,-0.1,barroea01
34,Brandon Bass,PF,25,ORL,76,1980,15.9,.571,.003,.361,8.1,16.7,12.5,5.0,0.7,2.0,11.5,19.8,,3.2,3.1,6.3,.153,,-0.3,0.5,0.2,1.1,bassbr01
35,Tony Battie,C,34,PHI,38,377,9.5,.489,.031,.146,5.2,25.1,15.1,4.8,0.7,3.0,10.5,13.9,,0.0,0.6,0.6,.075,,-4.1,0.8,-3.3,-0.1,battito01
36,Shane Battier,SF,32,TOT,82,2375,12.3,.567,.525,.183,4.4,13.7,9.0,11.1,1.5,2.4,12.6,11.7,,2.9,2.2,5.1,.103,,0.6,0.9,1.4,2.0,battish01
36,Shane Battier,SF,32,HOU,59,1818,12.9,.577,.551,.186,3.6,13.9,8.8,12.1,1.5,2.7,12.5,12.3,,2.3,1.7,4.0,.105,,0.8,1.1,1.9,1.8,battish01
36,Shane Battier,SF,32,MEM,23,557,10.6,.530,.416,.168,6.8,13.0,9.9,7.9,1.5,1.5,12.9,10.1,,0.5,0.6,1.1,.097,,-0.3,0.2,-0.1,0.3,battish01
37,Nicolas Batum,SF,22,POR,80,2522,14.8,.563,.424,.203,5.1,12.8,8.8,8.1,1.5,1.6,8.6,17.8,,4.4,2.3,6.6,.126,,1.1,0.0,1.1,2.0,batumni01
38,Jerryd Bayless,PG,22,TOT,71,1496,14.1,.536,.282,.398,2.0,11.3,6.6,27.6,1.3,0.3,17.3,22.1,,1.4,0.3,1.6,.053,,0.1,-1.9,-1.8,0.1,bayleje01
38,Jerryd Bayless,PG,22,NOH,11,149,7.2,.443,.286,.347,1.6,10.7,6.1,29.9,0.7,0.6,23.1,23.5,,-0.3,0.1,-0.2,-0.050,,-4.8,-2.5,-7.3,-0.2,bayleje01
38,Jerryd Bayless,PG,22,TOR,60,1347,14.9,.545,.282,.404,2.1,11.4,6.6,27.4,1.4,0.2,16.6,22.0,,1.7,0.1,1.8,.064,,0.6,-1.8,-1.2,0.3,bayleje01
39,Michael Beasley,SF,22,MIN,73,2361,15.5,.510,.132,.234,5.4,14.1,9.6,12.3,1.1,1.7,12.4,28.3,,0.7,1.0,1.7,.035,,0.0,-1.8,-1.8,0.1,beaslmi01
40,Rodrigue Beaubois,PG,22,DAL,28,496,11.4,.500,.372,.135,1.7,10.2,6.1,21.9,2.1,1.2,16.6,26.7,,-0.4,0.7,0.2,.022,,-3.2,0.5,-2.7,-0.1,beaubro01
41,Marco Belinelli,SG,24,NOH,80,1957,12.1,.560,.469,.181,1.1,8.4,4.7,8.0,1.1,0.3,9.4,20.0,,1.9,1.5,3.4,.084,,0.2,-0.8,-0.6,0.7,belinma01
42,Charlie Bell,SG,31,GSW,19,171,4.7,.357,.488,.093,3.9,8.1,6.0,10.1,1.8,0.4,11.8,13.1,,-0.2,0.0,-0.1,-0.040,,-4.2,-0.8,-5.0,-0.1,bellch01
43,Raja Bell,SG,34,UTA,68,2097,8.2,.528,.413,.218,1.8,8.4,5.1,8.3,1.4,0.5,11.0,12.6,,1.2,0.5,1.7,.040,,-2.4,-0.7,-3.1,-0.6,bellra01
44,Mike Bibby,PG,32,TOT,80,2285,10.9,.570,.604,.108,0.9,9.2,5.1,17.9,1.2,0.3,14.3,14.6,,2.2,1.8,4.0,.085,,-0.6,-0.4,-0.9,0.6,bibbymi01
44,Mike Bibby,PG,32,ATL,56,1674,11.7,.570,.580,.104,1.1,9.1,5.1,18.9,1.2,0.3,12.8,15.0,,1.9,1.2,3.1,.089,,-0.3,-0.3,-0.6,0.6,bibbymi01
44,Mike Bibby,PG,32,WAS,2,29,1.1,.111,.444,.000,0.0,12.2,5.9,37.8,1.8,0.0,10.0,15.2,,-0.1,0.0,-0.1,-0.161,,-8.4,-0.7,-9.1,-0.1,bibbymi01
44,Mike Bibby,PG,32,MIA,22,582,9.0,.601,.698,.127,0.4,9.1,5.0,14.1,1.0,0.4,19.4,13.3,,0.4,0.6,1.0,.084,,-1.0,-0.5,-1.5,0.1,bibbymi01
45,Andris Biedriņš,C,24,GSW,59,1397,12.1,.526,.000,.117,11.5,23.3,17.3,6.0,1.9,2.8,16.9,10.6,,1.1,1.5,2.6,.088,,-2.5,0.2,-2.3,-0.1,biedran01
46,Chauncey Billups,PG,34,TOT,72,2310,18.7,.617,.457,.528,1.3,8.1,4.7,25.8,1.5,0.5,15.3,22.3,,6.6,1.4,8.0,.166,,3.7,-1.2,2.6,2.7,billuch01
46,Chauncey Billups,PG,34,DEN,51,1646,18.6,.634,.444,.535,0.9,7.7,4.4,25.1,1.6,0.6,16.3,21.4,,4.7,1.1,5.8,.171,,3.8,-0.9,2.9,2.1,billuch01
46,Chauncey Billups,PG,34,NYK,21,664,19.1,.582,.484,.512,2.2,9.0,5.6,27.4,1.4,0.2,13.2,24.3,,1.9,0.2,2.1,.155,,3.4,-1.8,1.6,0.6,billuch01
47,DeJuan Blair,PF,21,SAS,81,1734,17.1,.524,.003,.235,14.8,22.9,18.9,7.1,2.8,1.7,14.9,20.1,,1.5,3.2,4.8,.132,,-1.2,0.7,-0.5,0.7,blairde01
48,Steve Blake,PG,30,LAL,79,1581,7.5,.500,.631,.098,1.4,9.5,5.6,15.0,1.3,0.1,18.6,11.3,,0.3,1.5,1.8,.055,,-2.6,0.2,-2.3,-0.1,blakest01
49,Andray Blatche,PF,24,WAS,64,2172,16.9,.497,.019,.296,9.3,18.7,13.8,11.7,2.3,1.8,13.7,25.5,,0.3,2.1,2.4,.053,,-0.3,-0.5,-0.9,0.6,blatcan01
50,Eric Bledsoe,PG,21,LAC,81,1841,10.8,.499,.239,.274,4.4,9.8,7.1,24.2,2.6,1.1,26.3,17.9,,-1.3,1.6,0.3,.008,,-2.4,0.2,-2.2,-0.1,bledser01
51,Keith Bogans,SG,30,CHI,82,1461,9.0,.559,.772,.104,1.6,10.1,5.9,10.1,1.4,0.5,11.3,11.4,,1.4,2.2,3.6,.118,,-1.5,1.4,-0.2,0.7,boganke01
52,Andrew Bogut,C,26,MIL,65,2297,16.7,.496,.005,.292,9.8,27.1,18.3,10.4,1.1,5.8,13.0,19.6,,0.3,5.1,5.4,.112,,-1.0,2.4,1.3,1.9,bogutan01
53,Matt Bonner,PF,30,SAS,66,1432,13.5,.617,.620,.116,5.0,14.2,9.7,6.2,0.9,1.0,6.5,13.4,,3.0,1.4,4.4,.147,,1.7,0.2,1.9,1.4,bonnema01
54,Trevor Booker,PF,23,WAS,65,1063,15.3,.582,.004,.399,10.2,17.0,13.5,5.2,1.4,3.0,11.3,13.9,,1.8,0.8,2.6,.119,,-0.6,-0.3,-0.9,0.3,booketr01
55,Carlos Boozer,C,29,CHI,59,1882,18.8,.542,.000,.289,8.3,26.3,17.6,14.3,1.3,0.7,13.5,26.9,,1.9,3.9,5.8,.149,,0.2,0.8,1.0,1.4,boozeca01
56,Chris Bosh*,PF,26,MIA,77,2795,19.4,.569,.024,.446,6.4,20.0,13.6,8.9,1.1,1.4,9.8,23.5,,6.1,4.3,10.3,.177,,1.4,-0.2,1.3,2.3,boshch01
57,Earl Boykins,PG,34,MIL,57,862,17.6,.526,.202,.233,2.0,5.5,3.7,30.9,2.4,0.3,11.8,23.9,,1.1,1.1,2.3,.125,,2.1,0.4,2.4,1.0,boykiea01
58,Craig Brackins,PF,23,PHI,3,33,0.1,.250,.313,.000,7.0,7.0,7.0,4.6,1.6,0.0,0.0,22.3,,-0.1,0.0,-0.1,-0.154,,-8.4,-4.1,-12.5,-0.1,brackcr01
59,Avery Bradley,PG,20,BOS,31,162,2.2,.360,.075,.179,3.2,9.3,6.5,11.9,3.0,0.0,18.1,26.1,,-0.8,0.3,-0.5,-0.139,,-10.8,-0.3,-11.1,-0.4,bradlav01
60,Elton Brand,PF,31,PHI,81,2809,18.5,.553,.001,.278,9.7,18.0,13.9,7.1,1.7,2.9,8.4,19.7,,5.1,4.4,9.4,.161,,0.7,0.6,1.3,2.4,brandel01
61,Corey Brewer,SF-SG,24,TOT,69,1510,11.0,.482,.230,.393,4.2,8.9,6.5,9.1,3.3,0.8,13.2,18.8,,-0.1,1.3,1.1,.036,,-3.5,1.2,-2.3,-0.1,breweco01
61,Corey Brewer,SF,24,MIN,56,1362,10.3,.471,.227,.391,3.6,9.0,6.2,8.6,3.3,0.8,13.1,18.4,,-0.4,1.0,0.6,.023,,-3.8,1.0,-2.8,-0.3,breweco01
61,Corey Brewer,SG,24,DAL,13,148,17.6,.573,.255,.412,9.9,8.4,9.1,13.3,3.9,1.0,14.2,22.2,,0.3,0.3,0.5,.163,,-0.8,2.6,1.8,0.1,breweco01
62,Ronnie Brewer,SG,25,CHI,81,1781,13.8,.518,.063,.311,3.7,13.2,8.6,12.1,3.2,0.9,10.2,13.9,,1.7,3.8,5.4,.147,,-1.3,3.7,2.4,2.0,brewero02
63,Jon Brockman,C,23,MIL,63,677,9.6,.567,.000,.628,12.4,19.4,15.8,4.2,1.1,0.3,16.7,10.0,,0.8,1.0,1.9,.132,,-4.1,0.2,-3.9,-0.3,brockjo01
64,Aaron Brooks,PG,26,TOT,59,1284,13.1,.489,.402,.239,1.8,5.2,3.5,28.9,1.3,0.2,13.2,25.9,,0.7,0.4,1.1,.040,,-0.3,-2.7,-3.0,-0.3,brookaa01
64,Aaron Brooks,PG,26,HOU,34,811,11.7,.465,.437,.214,1.5,5.6,3.6,25.2,1.3,0.2,11.5,26.1,,0.1,0.3,0.4,.023,,-1.3,-2.8,-4.1,-0.4,brookaa01
64,Aaron Brooks,PG,26,PHO,25,473,15.6,.533,.335,.285,2.2,4.4,3.3,35.3,1.4,0.2,16.4,25.7,,0.6,0.1,0.7,.070,,1.3,-2.4,-1.1,0.1,brookaa01
65,Derrick Brown,SF,23,TOT,49,576,12.9,.588,.076,.458,8.5,12.2,10.3,9.5,1.8,1.4,18.2,15.5,,0.5,0.5,1.0,.083,,-1.4,-0.1,-1.6,0.1,brownde04
65,Derrick Brown,SF,23,CHA,41,488,12.4,.565,.053,.416,7.9,13.0,10.4,9.9,1.8,1.3,17.3,15.6,,0.3,0.4,0.8,.074,,-1.7,0.0,-1.6,0.0,brownde04
65,Derrick Brown,SF,23,NYK,8,88,16.0,.717,.222,.722,11.6,7.9,9.7,6.9,2.3,1.7,22.8,15.5,,0.2,0.1,0.2,.130,,-0.2,-1.1,-1.2,0.0,brownde04
66,Kwame Brown,C,28,CHA,66,1714,12.8,.550,.000,.616,10.3,21.6,15.9,4.1,0.8,1.8,12.6,14.9,,1.8,1.7,3.5,.097,,-1.9,-0.9,-2.8,-0.3,brownkw01
67,Shannon Brown,SG,25,LAL,82,1568,13.6,.518,.330,.157,2.6,8.5,5.7,10.0,2.3,0.8,9.8,22.2,,1.1,1.9,3.1,.093,,-0.9,0.2,-0.8,0.5,brownsh01
68,Kobe Bryant*,SG,32,LAL,82,2779,23.9,.548,.217,.356,3.5,13.3,8.5,26.7,1.9,0.3,11.4,35.1,,6.8,3.5,10.3,.178,,5.4,-0.2,5.2,5.0,bryanko01
69,Chase Budinger,SF,22,HOU,78,1738,14.2,.534,.418,.210,3.4,15.0,9.2,11.5,1.2,0.7,8.5,19.9,,2.2,1.2,3.4,.095,,0.6,-0.8,-0.2,0.8,budinch01
70,Caron Butler,SF,30,DAL,29,867,14.2,.523,.172,.233,3.1,12.5,8.0,9.1,1.7,0.7,10.5,25.1,,0.2,1.0,1.2,.067,,-0.8,0.0,-0.9,0.2,butleca01
71,Rasual Butler,SG,31,TOT,47,770,6.2,.446,.574,.114,1.5,10.1,5.9,5.3,0.5,1.5,8.8,15.8,,-0.5,0.3,-0.1,-0.009,,-2.3,-1.5,-3.8,-0.4,butlera01
71,Rasual Butler,SG,31,LAC,41,744,5.9,.433,.571,.119,1.6,10.3,6.0,5.5,0.6,1.6,8.5,15.6,,-0.5,0.3,-0.2,-0.013,,-2.5,-1.5,-4.0,-0.4,butlera01
71,Rasual Butler,SG,31,CHI,6,26,14.5,.727,.636,.000,0.0,4.4,2.3,0.0,0.0,0.0,15.4,23.0,,0.0,0.0,0.1,.107,,2.5,-2.4,0.1,0.0,butlera01
72,Andrew Bynum,C,23,LAL,54,1500,21.1,.606,.000,.506,13.3,24.7,19.2,7.7,0.7,5.4,12.8,17.6,,3.8,2.8,6.6,.210,,1.8,1.4,3.2,2.0,bynuman01
73,Will Bynum,PG,28,DET,61,1125,15.2,.524,.123,.300,1.6,6.7,4.0,28.6,2.5,0.3,15.3,22.5,,1.1,0.4,1.5,.066,,-0.8,-1.0,-1.9,0.0,bynumwi01
74,José Calderón,PG,29,TOR,68,2102,16.3,.522,.262,.173,1.7,9.9,5.7,43.0,2.0,0.3,18.8,16.8,,3.2,0.4,3.7,.084,,1.9,-1.2,0.8,1.5,caldejo01
75,Marcus Camby,C,36,POR,59,1540,14.8,.426,.003,.238,13.8,35.2,24.1,11.7,1.4,5.0,16.0,11.7,,0.8,3.0,3.7,.116,,-0.7,2.2,1.5,1.4,cambyma01
76,Derrick Caracter,C,22,LAL,41,215,10.0,.532,.000,.348,10.3,12.2,11.3,5.1,1.0,3.5,20.0,20.2,,0.0,0.3,0.3,.057,,-6.6,-0.5,-7.1,-0.3,caracde01
77,Brian Cardinal,SF,33,DAL,56,618,9.7,.672,.870,.180,2.0,8.9,5.6,9.1,2.0,0.9,13.6,9.5,,1.0,0.7,1.7,.132,,-1.2,2.4,1.2,0.5,cardibr01
78,Rodney Carney,SF,26,TOT,27,336,10.8,.521,.345,.245,4.3,12.1,8.1,4.8,1.8,1.1,11.6,18.1,,0.1,0.2,0.3,.038,,-1.5,-1.2,-2.8,-0.1,carnero01
78,Rodney Carney,SF,26,GSW,25,331,10.7,.526,.346,.252,4.0,12.3,8.0,4.9,1.7,1.2,11.9,18.0,,0.1,0.2,0.3,.038,,-1.5,-1.3,-2.8,-0.1,carnero01
78,Rodney Carney,SF,26,MEM,2,5,20.4,.333,.333,.000,23.7,0.0,12.0,0.0,10.4,0.0,0.0,27.1,,0.0,0.0,0.0,.071,,-0.6,1.9,1.2,0.0,carnero01
79,DeMarre Carroll,PF,24,TOT,12,50,8.7,.388,.000,.167,4.7,14.5,9.6,10.7,1.0,1.6,0.0,11.6,,0.0,0.0,0.1,.066,,-2.9,-0.5,-3.5,0.0,carrode01
79,DeMarre Carroll,PF,24,MEM,7,39,12.4,.506,.000,.222,6.1,18.6,12.3,7.3,1.3,2.1,0.0,11.4,,0.1,0.0,0.1,.145,,-1.5,0.1,-1.4,0.0,carrode01
79,DeMarre Carroll,PF,24,HOU,5,11,-4.5,.000,.000,.000,0.0,0.0,0.0,22.8,0.0,0.0,0.0,12.0,,0.0,0.0,0.0,-0.214,,-8.0,-2.8,-10.8,0.0,carrode01
80,Matt Carroll,SG,30,CHA,54,582,12.2,.530,.231,.261,2.5,11.7,7.1,6.9,1.6,0.8,9.4,19.8,,0.3,0.5,0.8,.062,,-1.9,-0.8,-2.7,-0.1,carroma01
81,Anthony Carter,PG,35,TOT,33,463,9.2,.502,.377,.075,1.7,10.9,6.3,21.3,2.9,1.0,26.3,14.3,,-0.2,0.4,0.2,.023,,-3.3,0.9,-2.4,-0.1,cartean01
81,Anthony Carter,PG,35,DEN,14,153,5.4,.421,.400,.067,0.0,8.8,4.5,23.2,3.0,0.5,31.2,13.1,,-0.2,0.2,-0.1,-0.018,,-5.0,1.3,-3.7,-0.1,cartean01
81,Anthony Carter,PG,35,NYK,19,310,11.1,.534,.368,.079,2.6,11.9,7.2,20.4,2.9,1.2,24.1,14.8,,0.0,0.3,0.3,.044,,-2.5,0.6,-1.8,0.0,cartean01
82,Vince Carter,SG,34,TOT,73,2051,14.8,.528,.360,.194,3.1,12.4,7.8,12.1,1.7,0.7,8.5,23.5,,2.0,1.9,3.8,.089,,0.1,0.2,0.3,1.2,cartevi01
82,Vince Carter,SG,34,ORL,22,664,16.2,.557,.293,.282,2.0,13.5,7.9,17.3,1.6,0.4,10.7,23.4,,1.1,1.0,2.1,.151,,0.4,1.4,1.8,0.6,cartevi01
82,Vince Carter,SG,34,PHO,51,1387,14.2,.516,.389,.157,3.6,11.8,7.7,9.6,1.7,0.9,7.5,23.5,,0.9,0.8,1.7,.060,,0.0,-0.4,-0.4,0.6,cartevi01
83,Omri Casspi,SF,22,SAC,71,1702,11.7,.517,.452,.185,4.8,16.0,10.3,6.6,1.6,0.6,10.3,16.7,,1.1,1.3,2.5,.069,,-0.1,-0.4,-0.6,0.6,casspom01
84,Mario Chalmers,PG,24,MIA,70,1579,10.3,.538,.595,.160,1.0,9.5,5.5,16.8,2.5,0.3,18.0,15.0,,0.7,2.3,2.9,.089,,-2.3,1.5,-0.8,0.5,chalmma01
85,Tyson Chandler,C,28,DAL,74,2059,18.4,.697,.000,.725,12.2,26.6,19.7,2.4,0.9,3.0,14.1,14.2,,5.8,3.5,9.4,.218,,0.6,1.0,1.5,1.8,chandty01
86,Wilson Chandler,SF,23,TOT,72,2401,14.6,.537,.336,.169,3.6,15.9,9.7,8.1,1.0,2.9,9.2,20.9,,2.1,1.9,3.9,.079,,0.2,-0.4,-0.2,1.1,chandwi01
86,Wilson Chandler,SF,23,NYK,51,1759,15.7,.548,.344,.167,4.0,15.8,9.8,8.1,1.0,2.9,8.1,21.0,,2.3,1.2,3.4,.094,,0.8,-0.8,0.0,0.9,chandwi01
86,Wilson Chandler,SF,23,DEN,21,642,11.6,.505,.311,.174,2.4,16.1,9.4,8.3,1.1,2.8,12.5,20.6,,-0.2,0.7,0.5,.037,,-1.5,0.7,-0.8,0.2,chandwi01
87,Josh Childress,SG,27,PHO,54,894,13.0,.567,.075,.276,8.9,11.1,10.0,7.0,1.9,1.9,15.5,14.3,,0.8,0.6,1.4,.076,,-0.6,0.1,-0.5,0.3,childjo01
88,Earl Clark,SF,23,TOT,42,464,10.1,.456,.032,.297,9.5,15.7,12.7,3.1,0.9,3.0,13.5,20.5,,-0.4,0.7,0.3,.030,,-3.9,0.1,-3.8,-0.2,clarkea01
88,Earl Clark,SF,23,PHO,9,72,11.3,.410,.000,.323,6.4,20.9,13.6,8.7,0.7,3.1,5.3,23.4,,-0.1,0.1,0.0,-0.010,,-1.8,-1.5,-3.3,0.0,clarkea01
88,Earl Clark,SF,23,ORL,33,392,9.9,.468,.039,.291,10.1,14.8,12.5,2.1,0.9,3.0,15.4,20.0,,-0.3,0.7,0.3,.038,,-4.3,0.3,-3.9,-0.2,clarkea01
89,Jarron Collins,C,32,TOT,28,181,1.6,.374,.000,.476,9.1,6.4,7.9,1.5,1.1,0.4,21.6,8.1,,-0.1,0.1,-0.1,-0.016,,-7.4,-1.5,-8.9,-0.3,collija03
89,Jarron Collins,C,32,LAC,23,157,1.8,.438,.000,.667,5.3,7.4,6.3,0.9,1.3,0.5,20.5,6.9,,-0.1,0.1,0.0,.000,,-7.1,-0.7,-7.8,-0.2,collija03
89,Jarron Collins,C,32,POR,5,24,0.0,.167,.000,.000,34.2,0.0,17.8,5.9,0.0,0.0,25.0,15.6,,-0.1,0.0,-0.1,-0.124,,-9.4,-6.5,-15.9,-0.1,collija03
90,Jason Collins,C,32,ATL,49,593,5.4,.539,.014,.577,6.1,14.5,10.4,5.3,0.8,1.2,22.6,9.2,,0.1,0.5,0.6,.049,,-5.3,0.4,-4.8,-0.4,collija04
91,Sherron Collins,PG,23,CHA,20,66,3.6,.334,.400,.040,0.0,9.2,4.6,19.6,1.6,0.0,13.6,20.9,,-0.2,0.0,-0.2,-0.121,,-6.0,-2.1,-8.0,-0.1,collish01
92,Darren Collison,PG,23,IND,79,2360,15.6,.534,.143,.267,1.9,8.6,5.3,28.9,1.9,0.4,16.6,21.9,,2.1,2.2,4.3,.087,,0.4,-0.7,-0.3,1.0,collida01
93,Nick Collison,C,30,OKC,71,1524,10.8,.600,.000,.302,9.5,14.6,12.1,6.7,1.4,1.5,16.7,9.8,,2.1,1.5,3.6,.113,,-1.9,0.7,-1.2,0.3,collini01
94,Mike Conley,PG,23,MEM,81,2872,15.9,.521,.228,.259,1.3,9.0,5.1,28.0,2.6,0.5,14.2,19.4,,3.4,3.2,6.6,.111,,0.7,0.5,1.2,2.3,conlemi01
95,Brian Cook,PF,30,LAC,40,447,11.6,.534,.465,.141,5.0,20.0,12.6,5.6,1.4,1.9,12.2,20.5,,0.1,0.5,0.6,.064,,-1.6,-0.2,-1.9,0.0,cookbr01
96,Daequan Cook,SG,23,OKC,43,598,12.8,.630,.851,.110,1.6,12.1,7.0,5.3,1.2,0.1,8.2,15.7,,1.2,0.4,1.6,.126,,1.8,-0.7,1.1,0.5,cookda02
97,Marcus Cousin,C,24,UTA,4,18,7.8,.667,.000,.000,0.0,20.3,10.1,0.0,0.0,4.5,25.0,10.2,,0.0,0.0,0.0,.008,,-4.3,-2.7,-7.1,0.0,cousima01
98,DeMarcus Cousins,C,20,SAC,81,2309,14.6,.484,.018,.400,10.4,24.4,17.2,14.7,1.9,2.1,18.5,27.2,,-1.9,2.9,1.1,.022,,-2.7,0.1,-2.6,-0.4,couside01
99,Jamal Crawford,SG,30,ATL,76,2297,14.2,.545,.399,.297,1.2,5.6,3.4,17.7,1.3,0.5,12.8,23.4,,1.9,1.4,3.4,.071,,0.6,-1.6,-1.0,0.6,crawfja01
100,Jordan Crawford,SG,22,TOT,42,1027,11.8,.456,.256,.168,3.4,8.6,5.9,19.8,2.0,0.2,13.4,27.0,,-1.0,0.5,-0.6,-0.026,,-1.5,-2.3,-3.8,-0.5,crawfjo02
100,Jordan Crawford,SG,22,ATL,16,160,7.6,.421,.351,.078,6.8,14.2,10.5,16.0,1.0,0.0,15.8,28.1,,-0.4,0.1,-0.3,-0.090,,-2.8,-2.7,-5.5,-0.1,crawfjo02
100,Jordan Crawford,SG,22,WAS,26,867,12.6,.462,.239,.184,2.8,7.5,5.1,20.5,2.1,0.3,12.9,26.8,,-0.6,0.3,-0.3,-0.014,,-1.2,-2.2,-3.4,-0.3,crawfjo02
101,Dante Cunningham,PF,23,TOT,78,1637,10.7,.483,.028,.131,6.9,13.9,10.3,4.3,1.8,2.2,9.3,15.7,,0.3,1.7,2.0,.060,,-3.2,-0.1,-3.3,-0.5,cunnida01
101,Dante Cunningham,PF,23,POR,56,1108,9.5,.457,.014,.155,7.7,13.4,10.4,4.3,1.9,2.4,9.6,14.5,,0.1,1.2,1.3,.057,,-3.9,0.4,-3.5,-0.4,cunnida01
101,Dante Cunningham,PF,23,CHA,22,529,13.1,.525,.050,.094,5.2,15.0,10.1,4.5,1.5,1.7,8.7,18.3,,0.2,0.5,0.7,.065,,-1.8,-1.1,-2.8,-0.1,cunnida01
102,Stephen Curry,PG,22,GSW,74,2489,19.4,.595,.325,.216,2.3,10.9,6.5,28.1,2.2,0.6,16.4,24.4,,5.4,1.3,6.6,.128,,3.0,-0.7,2.3,2.7,curryst01
103,Samuel Dalembert,C,29,SAC,80,1938,14.1,.509,.004,.261,12.1,26.9,19.3,5.3,0.9,4.3,17.3,17.1,,0.4,2.5,2.9,.072,,-2.3,0.2,-2.2,-0.1,dalemsa01
104,Erick Dampier,C,35,MIA,51,815,9.7,.591,.011,.494,8.2,17.1,12.9,3.8,0.9,4.5,22.8,8.1,,0.5,1.4,1.9,.109,,-2.0,1.7,-0.3,0.4,dampier01
105,Antonio Daniels,PG,35,PHI,4,35,6.7,.510,.400,.400,0.0,16.5,8.2,7.9,0.0,0.0,14.5,9.1,,0.0,0.0,0.0,.044,,-4.8,-1.1,-6.0,0.0,daniean01
106,Marquis Daniels,SF,30,BOS,49,938,11.7,.527,.091,.246,3.3,11.0,7.4,10.6,2.2,1.8,12.9,15.1,,0.3,1.7,2.0,.103,,-1.7,2.3,0.6,0.6,daniema01
107,Baron Davis,PG,31,TOT,58,1649,17.0,.506,.345,.189,2.5,8.6,5.5,41.2,2.4,1.3,16.3,24.4,,1.5,1.3,2.8,.081,,2.2,-0.3,1.9,1.6,davisba01
107,Baron Davis,PG,31,LAC,43,1269,16.3,.492,.295,.202,2.7,8.3,5.5,39.9,2.5,1.4,16.0,23.5,,1.0,1.1,2.1,.079,,1.4,-0.1,1.3,1.0,davisba01
107,Baron Davis,PG,31,CLE,15,380,19.3,.548,.489,.152,1.8,9.3,5.4,45.4,2.2,1.2,17.0,27.3,,0.5,0.2,0.7,.086,,4.8,-0.9,3.9,0.6,davisba01
108,Ed Davis,PF,21,TOR,65,1602,15.8,.583,.000,.343,12.1,22.3,17.1,3.8,1.3,3.2,10.1,13.3,,2.9,1.1,4.0,.119,,-0.2,-0.8,-0.9,0.4,davised01
109,Glen Davis,C,25,BOS,78,2298,12.8,.499,.019,.331,5.7,16.4,11.4,6.6,1.8,1.0,8.5,20.9,,0.6,4.3,4.9,.102,,-2.6,0.7,-1.9,0.0,davisgl01
110,Austin Daye,SF,22,DET,72,1446,13.0,.518,.365,.229,5.2,18.6,11.6,8.5,1.5,2.2,10.2,18.6,,1.2,0.9,2.1,.070,,-0.8,-0.5,-1.3,0.3,dayeau01
111,Carlos Delfino,SF,28,MIL,49,1590,13.1,.517,.554,.146,1.7,13.2,7.3,12.1,2.6,0.4,9.5,17.7,,0.9,2.6,3.5,.105,,-0.3,1.7,1.5,1.4,delfica01
112,Luol Deng,SF,25,CHI,82,3208,15.5,.549,.288,.291,4.4,12.8,8.7,11.9,1.3,1.1,10.7,20.9,,4.7,5.2,9.9,.149,,1.1,0.6,1.7,3.0,denglu01
113,DeMar DeRozan,SG,21,TOR,82,2851,14.5,.530,.045,.348,3.0,10.2,6.5,8.6,1.5,0.8,9.8,23.2,,2.8,0.5,3.2,.055,,-0.9,-1.5,-2.5,-0.3,derozde01
114,Boris Diaw,PF,28,CHA,82,2778,13.9,.558,.292,.159,4.5,13.6,9.0,20.6,1.4,1.3,16.7,16.8,,2.4,2.3,4.8,.082,,0.3,0.3,0.6,1.8,diawbo01
115,Ike Diogu,PF,27,LAC,36,470,13.7,.590,.000,.419,10.3,18.3,14.3,0.7,0.3,0.5,11.2,18.7,,0.7,0.3,1.0,.104,,-2.4,-2.5,-4.9,-0.3,dioguik01
116,DeSagana Diop,C,29,CHA,16,181,5.4,.347,.000,.458,8.0,18.9,13.4,5.7,1.2,6.7,27.6,10.3,,-0.3,0.3,-0.1,-0.016,,-6.7,1.8,-4.9,-0.1,diopde01
117,Keyon Dooling,PG,30,MIL,80,1757,11.3,.509,.451,.181,0.8,7.1,3.9,23.4,1.6,0.2,14.0,17.3,,0.8,2.1,2.9,.080,,-1.4,0.2,-1.2,0.4,doolike01
118,Joey Dorsey,C,27,TOR,43,522,14.2,.529,.000,.657,17.5,25.8,21.6,7.4,2.4,2.5,23.4,14.3,,0.2,0.5,0.8,.072,,-1.6,0.1,-1.6,0.1,dorsejo01
119,Toney Douglas,SG,24,NYK,81,1971,15.2,.534,.507,.142,3.7,10.5,7.1,19.5,2.3,0.1,10.0,20.1,,3.0,1.2,4.2,.101,,0.9,-0.6,0.4,1.2,douglto01
120,Chris Douglas-Roberts,SF,24,MIL,44,884,11.5,.517,.168,.326,0.9,11.0,5.8,9.8,1.8,1.2,10.1,18.4,,0.4,1.3,1.6,.088,,-2.5,1.0,-1.4,0.1,douglch01
121,Zabian Dowdell,PG,26,PHO,24,292,11.7,.457,.080,.136,2.0,5.9,4.0,27.7,3.5,0.5,18.0,25.0,,-0.4,0.2,-0.1,-0.019,,-3.9,0.2,-3.6,-0.1,dowdeza01
122,Goran Dragić,PG,24,TOT,70,1234,13.2,.524,.351,.302,3.3,9.9,6.6,25.6,2.1,0.6,19.0,22.4,,0.2,0.8,1.0,.040,,-0.9,-0.5,-1.3,0.2,dragigo01
122,Goran Dragić,PG,24,PHO,48,856,11.2,.492,.320,.307,3.2,8.4,5.8,26.8,2.1,0.5,21.1,24.0,,-0.7,0.5,-0.2,-0.012,,-2.3,-1.2,-3.5,-0.3,dragigo01
122,Goran Dragić,PG,24,HOU,22,378,17.7,.604,.432,.288,3.6,13.2,8.4,22.7,1.9,0.7,13.0,18.9,,0.9,0.3,1.2,.157,,2.5,1.2,3.7,0.5,dragigo01
123,Jared Dudley,SF,25,PHO,82,2140,15.6,.598,.402,.347,6.0,11.2,8.6,7.6,2.1,0.7,9.6,16.9,,4.2,1.4,5.6,.126,,1.5,0.2,1.8,2.0,dudleja01
124,Chris Duhon,PG,28,ORL,51,774,5.6,.446,.403,.194,1.4,6.3,3.9,22.4,1.1,0.2,30.3,12.0,,-0.7,0.9,0.2,.014,,-3.8,0.0,-3.8,-0.3,duhonch01
125,Tim Duncan*,C,34,SAS,76,2156,21.9,.537,.005,.307,9.3,26.8,18.3,15.7,1.2,4.8,11.4,22.9,,3.7,4.0,7.7,.171,,2.2,2.2,4.4,3.5,duncati01
126,Mike Dunleavy,SG,30,IND,61,1683,14.6,.593,.488,.240,1.9,16.2,9.1,10.1,1.2,1.3,10.7,16.9,,2.6,1.9,4.5,.129,,1.1,0.4,1.6,1.5,dunlemi02
127,Ronald Dupree,SF,30,TOR,3,13,0.5,.250,.250,.000,0.0,28.0,13.7,10.7,0.0,0.0,0.0,13.8,,0.0,0.0,0.0,-0.094,,-7.3,-2.7,-10.0,0.0,duprero01
128,Kevin Durant,SF,22,OKC,78,3038,23.6,.589,.269,.439,2.3,17.7,10.3,13.2,1.5,1.8,10.6,30.6,,8.6,3.3,12.0,.189,,5.2,-0.3,4.9,5.3,duranke01
129,Devin Ebanks,SG,21,LAL,20,118,19.4,.507,.098,.451,14.9,11.1,13.0,2.8,1.8,3.2,8.9,25.9,,0.2,0.2,0.4,.144,,0.1,-2.1,-2.0,0.0,ebankde01
130,Wayne Ellington,SG,23,MIN,62,1181,8.6,.488,.305,.134,2.4,7.9,5.1,9.4,1.2,0.2,11.2,17.1,,0.1,0.1,0.3,.010,,-2.3,-1.3,-3.5,-0.5,ellinwa01
131,Monta Ellis,SG,25,GSW,80,3227,18.6,.536,.235,.268,1.5,8.5,4.9,23.4,2.6,0.5,12.3,28.1,,4.3,1.7,6.0,.089,,1.7,-0.9,0.8,2.3,ellismo01
132,Francisco Elson,C,34,UTA,62,610,8.9,.529,.000,.274,6.9,16.0,11.4,7.9,1.8,1.9,20.2,11.9,,0.1,0.5,0.6,.046,,-3.8,0.3,-3.5,-0.2,elsonfr01
133,Melvin Ely,C,32,DEN,30,366,8.3,.573,.000,.412,8.8,14.4,11.7,5.3,0.5,2.3,18.9,9.0,,0.3,0.3,0.6,.083,,-2.9,-0.3,-3.2,-0.1,elyme01
134,Semih Erden,C,24,TOT,41,595,10.3,.593,.000,.541,7.9,15.8,12.1,5.1,1.3,3.1,19.8,13.7,,0.3,1.1,1.4,.115,,-4.6,1.6,-3.0,-0.1,erdense01
134,Semih Erden,C,24,BOS,37,531,10.8,.621,.000,.557,7.6,16.6,12.4,5.5,1.3,3.1,20.9,13.8,,0.4,1.0,1.4,.128,,-4.3,2.0,-2.3,0.0,erdense01
134,Semih Erden,C,24,CLE,4,64,6.2,.391,.000,.429,10.5,9.2,9.9,2.3,1.6,3.6,10.7,13.2,,0.0,0.0,0.0,.002,,-6.8,-1.4,-8.2,-0.1,erdense01
135,Jeremy Evans,SF,23,UTA,49,463,18.8,.678,.009,.322,9.3,16.1,12.6,8.5,1.9,3.0,12.6,14.9,,1.2,0.4,1.6,.167,,1.5,0.6,2.1,0.5,evansje01
136,Maurice Evans,SF,32,TOT,73,1549,9.1,.513,.394,.137,3.9,8.0,5.9,4.5,1.1,0.7,6.8,14.2,,1.0,0.7,1.7,.054,,-2.2,-1.0,-3.2,-0.5,evansma01
136,Maurice Evans,SF,32,ATL,47,837,7.5,.492,.443,.139,3.3,8.7,6.0,5.4,1.0,0.5,6.6,13.0,,0.3,0.6,0.9,.050,,-3.1,-0.5,-3.7,-0.4,evansma01
136,Maurice Evans,SF,32,WAS,26,712,10.9,.531,.350,.135,4.5,7.1,5.8,3.4,1.3,1.0,7.1,15.8,,0.7,0.2,0.9,.058,,-1.1,-1.6,-2.7,-0.1,evansma01
137,Reggie Evans,PF,30,TOR,30,798,12.4,.466,.010,.854,17.2,34.4,25.6,6.4,1.9,0.6,21.6,10.1,,0.5,0.8,1.3,.077,,-0.9,-0.6,-1.5,0.1,evansre01
138,Tyreke Evans,SG,21,SAC,57,2107,14.4,.482,.159,.285,2.4,12.7,7.4,24.9,2.0,1.0,14.9,25.3,,-0.1,1.7,1.6,.036,,-0.1,0.2,0.0,1.1,evansty01
139,Patrick Ewing,SF,26,NOH,7,19,0.6,.222,.400,.800,6.4,6.4,6.4,14.2,0.0,4.4,12.9,19.5,,-0.1,0.0,-0.1,-0.158,,-5.6,-3.4,-9.1,0.0,ewingpa02
140,Christian Eyenga,SF,21,CLE,44,947,9.0,.476,.297,.092,3.2,12.0,7.5,6.2,1.9,2.3,12.9,17.5,,-0.8,0.5,-0.3,-0.016,,-3.4,-0.6,-4.0,-0.5,eyengch01
141,Jordan Farmar,PG,24,NJN,73,1796,14.1,.504,.467,.154,1.5,10.1,5.7,34.9,1.8,0.3,16.7,21.6,,0.8,1.0,1.9,.050,,0.8,-1.3,-0.4,0.7,farmajo01
142,Derrick Favors,PF,19,TOT,78,1535,13.9,.542,.000,.416,12.9,19.1,16.0,4.2,1.0,3.5,13.5,17.1,,1.5,1.4,2.9,.091,,-2.6,-0.6,-3.2,-0.5,favorde01
142,Derrick Favors,PF,19,NJN,56,1091,12.6,.540,.000,.420,13.3,19.1,16.1,3.2,0.9,2.9,14.6,16.3,,0.9,1.0,1.9,.083,,-3.2,-0.7,-3.9,-0.5,favorde01
142,Derrick Favors,PF,19,UTA,22,444,16.8,.545,.000,.407,12.1,19.2,15.6,6.7,1.3,4.9,11.3,19.2,,0.6,0.4,1.0,.110,,-1.2,-0.4,-1.6,0.0,favorde01
143,Raymond Felton,PG-SG,26,TOT,75,2737,16.6,.524,.327,.240,2.0,9.2,5.6,35.8,2.3,0.3,16.6,21.6,,3.6,1.8,5.4,.094,,1.6,-1.0,0.6,1.8,feltora01
143,Raymond Felton,PG,26,NYK,54,2074,17.3,.524,.335,.226,2.2,8.6,5.3,37.3,2.3,0.4,16.7,22.6,,2.9,1.2,4.0,.093,,1.9,-1.5,0.4,1.3,feltora01
143,Raymond Felton,SG,26,DEN,21,663,14.7,.523,.299,.294,1.4,11.3,6.5,31.1,2.1,0.0,16.3,18.5,,0.7,0.6,1.3,.097,,0.4,0.6,1.0,0.5,feltora01
144,Rudy Fernández,SG,25,POR,78,1821,13.4,.522,.628,.254,2.4,9.5,5.8,16.9,2.6,0.6,12.1,18.7,,2.0,1.8,3.8,.100,,0.1,0.8,0.9,1.3,fernaru01
145,Kyrylo Fesenko,C,24,UTA,53,456,5.8,.441,.010,.460,8.9,19.8,14.3,5.9,0.5,2.9,17.2,14.6,,-0.4,0.3,-0.1,-0.011,,-6.5,-0.9,-7.4,-0.6,fesenky01
146,Landry Fields,SG,22,NYK,82,2541,13.5,.598,.364,.244,4.7,18.9,11.7,9.0,1.6,0.5,13.8,13.5,,3.4,1.8,5.3,.100,,0.6,-0.4,0.2,1.4,fieldla01
147,Derek Fisher,PG,36,LAL,82,2297,8.9,.486,.301,.195,0.7,6.6,3.7,14.0,2.3,0.3,10.9,12.8,,1.2,2.5,3.7,.078,,-3.2,1.3,-2.0,0.0,fishede01
148,Jonny Flynn,PG,21,MIN,53,983,7.1,.444,.338,.142,1.3,7.5,4.3,27.6,1.7,0.2,26.4,18.5,,-1.6,0.2,-1.3,-0.064,,-3.9,-2.4,-6.3,-1.1,flynnjo01
149,Gary Forbes,SF,25,DEN,63,791,11.7,.524,.212,.319,4.2,12.5,8.5,9.7,1.5,0.6,12.9,20.1,,0.3,0.7,0.9,.055,,-2.0,-0.8,-2.9,-0.2,forbega01
150,T.J. Ford,PG,27,IND,41,773,9.9,.434,.136,.203,2.5,9.1,5.8,28.4,2.3,0.8,19.7,18.3,,-0.7,0.8,0.2,.011,,-3.3,0.4,-2.9,-0.2,fordtj01
151,Jeff Foster,C,34,IND,56,940,14.3,.497,.018,.287,19.1,22.3,20.7,7.3,1.3,2.4,12.1,10.1,,1.6,1.4,3.0,.152,,-0.6,0.1,-0.5,0.4,fosteje01
152,Randy Foye,SG,27,LAC,63,1551,11.4,.516,.409,.281,1.0,6.7,3.9,17.5,1.6,1.1,13.7,19.9,,0.9,0.8,1.7,.051,,-1.1,-0.7,-1.8,0.1,foyera01
153,Channing Frye,PF,27,PHO,77,2541,12.8,.557,.530,.129,3.0,20.4,11.7,5.7,0.9,2.3,7.7,16.9,,2.7,2.1,4.7,.090,,-0.3,0.0,-0.3,1.1,fryech01
154,Dan Gadzuric,C-PF,32,TOT,42,463,9.9,.419,.008,.209,17.2,16.4,16.8,4.5,1.4,4.8,17.1,16.5,,-0.3,0.4,0.1,.014,,-5.7,-1.3,-7.0,-0.6,gadzuda01
154,Dan Gadzuric,C,32,GSW,28,297,10.2,.419,.011,.159,19.8,12.9,16.4,5.3,1.7,4.6,18.2,17.1,,-0.2,0.2,0.1,.013,,-5.4,-1.3,-6.8,-0.4,gadzuda01
154,Dan Gadzuric,PF,32,NJN,14,166,9.1,.417,.000,.317,12.5,22.7,17.4,2.9,1.0,5.1,14.6,15.3,,-0.2,0.2,0.1,.015,,-6.2,-1.2,-7.3,-0.2,gadzuda01
155,Sundiata Gaines,PG,24,TOT,24,301,11.3,.459,.362,.343,4.9,10.0,7.4,22.8,2.8,0.3,18.3,22.1,,-0.3,0.2,-0.1,-0.015,,-2.8,-0.1,-2.9,-0.1,gainesu01
155,Sundiata Gaines,PG,24,MIN,8,65,4.9,.398,.273,.455,1.7,8.8,5.1,13.7,2.3,0.0,18.5,21.2,,-0.2,0.0,-0.1,-0.102,,-6.5,-1.8,-8.3,-0.1,gainesu01
155,Sundiata Gaines,PG,24,TOR,6,90,9.3,.465,.429,.171,2.6,8.1,5.3,19.5,2.3,0.8,17.5,22.7,,-0.1,0.0,-0.1,-0.050,,-2.5,-0.2,-2.7,0.0,gainesu01
155,Sundiata Gaines,PG,24,NJN,10,146,15.3,.484,.354,.417,7.9,11.7,9.7,28.9,3.3,0.0,18.6,22.2,,0.0,0.1,0.1,.046,,-1.3,0.7,-0.5,0.1,gainesu01
156,Danilo Gallinari,PF-SF,22,TOT,62,2104,15.7,.597,.458,.611,3.2,13.4,8.3,7.4,1.2,0.9,9.3,18.9,,4.9,1.2,6.1,.139,,1.5,-0.8,0.7,1.4,gallida01
156,Danilo Gallinari,PF,22,NYK,48,1671,15.6,.600,.470,.570,3.3,12.5,7.8,7.4,1.1,0.8,8.4,18.5,,4.2,0.7,4.9,.140,,1.4,-1.3,0.1,0.9,gallida01
156,Danilo Gallinari,SF,22,DEN,14,433,15.9,.587,.412,.771,3.0,16.8,10.1,7.5,1.5,1.6,12.5,20.6,,0.7,0.5,1.2,.133,,1.7,1.3,3.0,0.5,gallida01
157,Francisco García,SF,29,SAC,58,1386,13.5,.551,.472,.160,1.9,9.2,5.5,8.0,1.9,2.6,8.1,17.3,,1.9,1.1,3.0,.104,,0.4,0.6,1.0,1.0,garcifr01
158,Kevin Garnett*,PF,34,BOS,71,2220,20.6,.575,.006,.264,4.9,28.7,17.5,13.5,2.3,2.0,11.1,22.3,,3.4,5.6,9.0,.194,,1.8,2.9,4.7,3.8,garneke01
159,Marc Gasol,C,26,MEM,81,2586,16.8,.580,.010,.425,7.1,19.4,13.1,11.6,1.5,4.3,15.1,16.9,,4.0,3.9,7.9,.146,,0.3,2.0,2.3,2.8,gasolma01
160,Pau Gasol*,C,30,LAL,82,3037,23.3,.589,.003,.384,10.3,20.5,15.6,15.1,0.8,3.3,9.8,21.8,,10.0,4.7,14.7,.232,,3.9,0.9,4.8,5.2,gasolpa01
161,Rudy Gay,SF,24,MEM,54,2152,17.8,.548,.166,.277,4.5,14.2,9.3,11.6,2.2,2.2,12.2,23.3,,2.7,2.9,5.5,.123,,1.9,0.8,2.8,2.6,gayru01
162,Alonzo Gee,SG,23,TOT,56,1118,10.8,.544,.193,.348,6.2,12.7,9.3,5.4,1.8,1.2,15.3,14.5,,0.5,0.6,1.0,.045,,-2.1,-0.4,-2.5,-0.1,geeal01
162,Alonzo Gee,SG,23,SAS,5,18,-2.1,.333,.000,.000,13.2,6.3,9.7,0.0,0.0,7.9,50.0,15.3,,-0.1,0.0,-0.1,-0.175,,-8.5,-0.7,-9.2,0.0,geeal01
162,Alonzo Gee,SG,23,WAS,11,127,9.9,.496,.074,.444,9.5,10.3,9.9,5.9,2.8,0.0,19.9,14.0,,0.0,0.1,0.1,.023,,-2.6,-0.2,-2.8,0.0,geeal01
162,Alonzo Gee,SG,23,CLE,40,973,11.1,.552,.209,.342,5.6,13.1,9.3,5.5,1.7,1.3,14.0,14.6,,0.6,0.5,1.0,.052,,-1.9,-0.4,-2.3,-0.1,geeal01
163,Paul George,SG,20,IND,61,1265,13.0,.542,.349,.256,3.3,16.3,9.8,8.3,2.5,1.5,13.7,17.8,,0.5,1.9,2.4,.091,,-1.6,1.4,-0.1,0.6,georgpa01
164,Daniel Gibson,SG,24,CLE,67,1865,13.2,.533,.444,.247,1.4,9.7,5.5,18.3,1.3,0.9,9.9,19.7,,2.0,0.4,2.4,.062,,0.3,-0.7,-0.4,0.8,gibsoda01
165,Taj Gibson,PF,25,CHI,80,1742,14.3,.502,.016,.295,11.2,19.4,15.4,5.3,1.2,4.6,11.1,16.8,,1.4,3.8,5.2,.143,,-2.2,1.4,-0.9,0.5,gibsota01
166,Manu Ginóbili*,SG,33,SAS,80,2426,21.7,.581,.433,.403,2.1,11.8,7.1,26.4,2.6,0.8,12.7,26.0,,6.6,3.2,9.9,.195,,4.1,1.3,5.4,4.5,ginobma01
167,Ryan Gomes,SF,28,LAC,76,2095,9.0,.504,.418,.168,3.4,10.7,7.1,8.5,1.5,0.4,9.2,12.7,,1.3,1.2,2.5,.057,,-2.1,0.0,-2.1,-0.1,gomesry01
168,Drew Gooden,PF,29,MIL,35,860,15.9,.487,.055,.282,9.6,22.9,16.1,10.3,1.3,1.6,10.2,24.6,,0.3,1.5,1.8,.101,,-1.2,0.2,-1.0,0.2,goodedr01
169,Ben Gordon,SG,27,DET,82,2131,12.4,.548,.345,.208,2.2,9.3,5.6,13.2,1.2,0.6,14.4,21.5,,1.3,0.3,1.7,.037,,-0.6,-1.9,-2.5,-0.3,gordobe01
170,Eric Gordon,SG,22,LAC,56,2112,18.5,.566,.307,.367,2.5,6.6,4.5,20.7,1.7,0.7,12.0,26.5,,4.2,1.1,5.3,.120,,3.0,-1.0,2.0,2.2,gordoer01
171,Marcin Gortat,C,26,TOT,80,2032,17.8,.594,.007,.320,8.5,27.4,18.0,5.5,0.9,3.3,10.5,17.1,,3.7,2.7,6.4,.152,,0.2,0.7,0.9,1.5,gortama01
171,Marcin Gortat,C,26,ORL,25,396,13.7,.562,.000,.222,11.5,23.0,17.4,6.8,0.9,4.1,16.0,12.4,,0.5,0.8,1.3,.157,,-1.9,2.2,0.3,0.2,gortama01
171,Marcin Gortat,C,26,PHO,55,1636,18.8,.598,.008,.335,7.8,28.5,18.1,5.2,0.9,3.2,9.7,18.3,,3.2,1.9,5.1,.151,,0.7,0.3,1.0,1.2,gortama01
172,Joey Graham,SF,28,CLE,39,586,7.7,.518,.168,.201,1.5,15.3,8.2,5.2,0.5,0.9,12.6,17.2,,-0.2,0.1,0.0,-0.004,,-4.5,-1.3,-5.8,-0.6,grahajo01
173,Stephen Graham,SG,28,NJN,59,959,4.4,.457,.105,.190,2.0,13.4,7.6,6.5,0.8,0.1,14.9,12.3,,-0.7,0.4,-0.3,-0.014,,-5.8,-1.0,-6.8,-1.2,grahast01
174,Danny Granger,SF,27,IND,79,2763,17.8,.554,.323,.370,3.5,13.5,8.5,13.0,1.6,1.6,12.3,26.7,,3.7,3.2,6.9,.120,,2.2,-0.1,2.1,2.9,grangda01
175,Aaron Gray,C,26,NOH,41,531,11.0,.566,.000,.343,13.4,25.8,19.6,4.7,1.1,1.9,21.9,13.1,,0.3,0.8,1.1,.100,,-3.9,-0.2,-4.0,-0.3,grayaa01
176,Danny Green,SG,23,SAS,8,92,13.2,.586,.543,.000,3.9,14.8,9.5,3.6,1.1,0.8,12.5,20.0,,0.0,0.1,0.1,.076,,0.1,-0.7,-0.6,0.0,greenda02
177,Jeff Green,PF-SF,24,TOT,75,2427,12.9,.538,.257,.298,3.7,13.5,8.8,7.2,1.1,1.1,9.6,19.5,,2.4,2.4,4.8,.095,,-0.6,-0.5,-1.1,0.5,greenje02
177,Jeff Green,PF,24,OKC,49,1815,12.9,.533,.298,.293,3.8,13.5,8.8,7.9,1.1,0.8,9.8,19.3,,1.9,1.4,3.3,.087,,-0.3,-0.9,-1.2,0.3,greenje02
177,Jeff Green,SF,24,BOS,26,612,12.9,.553,.134,.312,3.4,13.3,8.6,5.1,1.1,2.0,9.1,19.8,,0.5,1.0,1.5,.118,,-1.5,0.8,-0.7,0.2,greenje02
178,Willie Green,SG,29,NOH,77,1674,10.8,.515,.255,.164,1.6,10.2,5.9,7.6,1.2,0.6,9.3,20.5,,0.3,1.5,1.8,.052,,-2.1,-0.7,-2.8,-0.3,greenwi01
179,Donté Greene,SF,22,SAC,69,1127,9.7,.482,.399,.168,4.8,10.2,7.4,6.5,1.6,1.3,12.6,18.2,,-0.2,0.8,0.5,.022,,-1.8,-0.4,-2.2,-0.1,greendo01
180,Orien Greene,SG,28,NJN,3,5,33.0,.521,.000,1.000,0.0,0.0,0.0,37.8,10.7,0.0,0.0,26.7,,0.0,0.0,0.0,.293,,6.0,9.1,15.1,0.0,greenor01
181,Blake Griffin,PF,21,LAC,82,3112,21.9,.549,.017,.505,10.2,26.9,18.6,18.7,1.0,1.1,11.7,27.3,,6.5,3.4,9.8,.152,,3.0,-0.3,2.6,3.6,griffbl01
182,Hamed Haddadi,C,25,MEM,31,168,19.7,.550,.017,.397,16.9,31.6,24.2,4.8,0.6,6.3,13.9,21.2,,0.3,0.3,0.6,.164,,-1.1,0.0,-1.1,0.0,haddaha01
183,Richard Hamilton,SG,32,DET,55,1498,15.8,.520,.215,.256,1.9,8.7,5.1,19.8,1.4,0.2,10.5,26.0,,1.6,0.2,1.8,.059,,0.6,-2.2,-1.6,0.1,hamilri01
184,Tyler Hansbrough,PF,25,IND,70,1535,16.4,.529,.003,.413,10.6,15.9,13.2,4.7,1.2,0.7,9.5,23.1,,2.2,1.6,3.8,.118,,-0.6,-1.3,-1.9,0.0,hansbty01
185,Luke Harangody,PF,23,TOT,49,640,10.1,.444,.320,.126,7.5,18.9,13.2,7.6,1.2,2.0,6.9,16.8,,-0.1,0.7,0.6,.048,,-3.3,-0.4,-3.7,-0.3,haranlu01
185,Luke Harangody,PF,23,BOS,28,241,8.7,.423,.141,.113,9.2,18.3,14.0,6.4,0.9,2.3,6.3,15.8,,-0.1,0.4,0.4,.075,,-4.9,-0.2,-5.2,-0.2,haranlu01
185,Luke Harangody,PF,23,CLE,21,399,11.0,.455,.415,.133,6.4,19.3,12.7,8.3,1.4,1.9,7.1,17.5,,0.0,0.3,0.3,.032,,-2.3,-0.5,-2.8,-0.1,haranlu01
186,James Harden,SG,21,OKC,82,2189,16.4,.598,.474,.501,2.3,11.0,6.8,12.8,2.2,0.8,11.3,19.5,,5.0,2.1,7.1,.156,,1.3,0.6,1.9,2.2,hardeja01
187,Al Harrington,PF,30,DEN,73,1665,12.3,.527,.486,.173,5.4,17.2,11.5,9.6,1.2,0.5,12.7,22.3,,0.6,1.5,2.1,.060,,-0.6,-1.1,-1.7,0.1,harrial01
188,Devin Harris,PG,27,TOT,71,2254,17.2,.545,.221,.494,0.9,8.2,4.5,38.2,1.7,0.2,17.3,24.6,,3.2,1.0,4.2,.089,,1.9,-1.3,0.6,1.5,harride01
188,Devin Harris,PG,27,NJN,54,1724,17.6,.543,.180,.502,0.7,8.3,4.4,41.2,1.8,0.2,17.5,24.4,,2.6,0.9,3.4,.096,,2.0,-0.8,1.2,1.4,harride01
188,Devin Harris,PG,27,UTA,17,530,15.7,.552,.348,.473,1.4,7.8,4.6,28.3,1.3,0.3,16.8,25.2,,0.7,0.1,0.8,.068,,1.5,-3.0,-1.5,0.1,harride01
189,Manny Harris,SG,21,CLE,54,933,10.4,.486,.318,.322,4.3,13.2,8.6,14.8,1.7,0.6,16.0,19.1,,-0.4,0.4,0.0,.002,,-2.3,-1.2,-3.5,-0.4,harrima01
190,Mike Harris,PF,27,HOU,4,16,17.9,.515,.000,.667,14.1,21.3,17.7,10.2,0.0,4.3,11.4,24.2,,0.0,0.0,0.0,.102,,-2.3,-0.2,-2.4,0.0,harrimi01
191,Udonis Haslem,PF,30,MIA,13,345,12.7,.549,.000,.233,10.6,25.0,18.2,2.7,1.1,0.7,12.9,14.8,,0.4,0.6,0.9,.130,,-1.7,-0.5,-2.3,0.0,hasleud01
192,Spencer Hawes,C,22,PHI,81,1718,12.8,.481,.065,.155,8.7,22.5,15.6,11.2,0.9,3.1,13.8,18.9,,-0.3,2.6,2.4,.066,,-2.5,0.7,-1.9,0.0,hawessp01
193,Chuck Hayes,C,27,HOU,74,2079,16.2,.554,.004,.307,11.9,20.7,16.3,14.3,1.9,1.6,14.1,13.0,,3.9,2.4,6.3,.146,,0.6,1.3,1.9,2.1,hayesch01
194,Gordon Hayward,SF,20,UTA,72,1218,10.7,.578,.253,.331,4.0,9.8,6.9,10.2,1.3,1.3,17.3,15.3,,0.8,0.4,1.2,.048,,-1.2,-1.1,-2.2,-0.1,haywago01
195,Lazar Hayward,SF,24,MIN,42,419,10.8,.464,.390,.273,5.9,12.8,9.3,10.3,1.4,1.3,9.9,19.5,,0.1,0.2,0.3,.035,,-1.6,-1.3,-2.9,-0.1,haywala01
196,Brendan Haywood,C,31,DAL,72,1331,11.7,.532,.004,.794,11.8,20.9,16.5,2.1,0.6,4.2,14.5,12.4,,0.8,2.1,2.9,.104,,-2.5,0.6,-1.9,0.0,haywobr01
197,Luther Head,PG,28,SAC,36,586,11.7,.538,.390,.305,3.0,8.8,5.8,17.7,0.9,1.1,14.7,16.1,,0.6,0.2,0.9,.073,,0.0,-0.7,-0.7,0.2,headlu01
198,Gerald Henderson,SG,23,CHA,68,1661,13.2,.509,.063,.286,3.5,11.6,7.5,10.7,1.6,1.6,9.1,19.9,,0.9,1.4,2.4,.068,,-1.6,-0.2,-1.8,0.1,hendege02
199,Xavier Henry,SG,19,MEM,38,527,7.0,.451,.106,.325,2.0,6.4,4.2,5.0,1.1,0.5,6.6,16.8,,-0.1,0.3,0.2,.021,,-4.5,-0.8,-5.3,-0.4,henryxa01
200,Roy Hibbert,C,24,IND,81,2244,15.9,.507,.004,.309,9.1,21.0,15.1,12.8,0.7,4.6,15.5,23.6,,0.3,3.3,3.6,.077,,-1.8,0.7,-1.1,0.5,hibbero01
201,J.J. Hickson,C,22,CLE,80,2256,15.6,.503,.005,.392,10.8,25.0,17.7,7.5,1.1,1.8,13.6,25.5,,-0.2,1.7,1.5,.032,,-1.8,-2.1,-3.8,-1.1,hicksjj01
202,Nenê,C,28,DEN,75,2291,20.4,.657,.008,.615,7.5,20.8,14.4,10.4,1.8,2.4,13.9,18.8,,6.4,3.1,9.6,.201,,2.1,1.5,3.6,3.2,hilarne01
203,George Hill,PG,24,SAS,76,2148,14.6,.588,.322,.427,1.3,9.2,5.4,13.6,1.6,0.7,11.6,18.2,,4.0,2.1,6.1,.136,,0.2,0.6,0.8,1.5,hillge01
204,Grant Hill*,SF,38,PHO,80,2409,14.7,.563,.138,.312,3.7,12.5,8.1,13.0,1.4,1.1,12.5,20.1,,3.1,1.3,4.4,.087,,-0.2,-0.3,-0.5,0.9,hillgr01
205,Jordan Hill,C,23,HOU,72,1125,13.1,.521,.006,.241,12.9,18.0,15.4,4.0,0.6,3.2,13.7,17.7,,0.8,1.0,1.8,.079,,-2.9,-1.4,-4.3,-0.7,hilljo01
206,Kirk Hinrich,SG-PG,30,TOT,72,2157,12.3,.543,.302,.202,1.1,8.9,4.9,21.1,1.8,0.6,15.1,16.7,,1.8,1.2,3.0,.068,,-1.0,-0.2,-1.3,0.4,hinriki01
206,Kirk Hinrich,SG,30,WAS,48,1471,13.5,.548,.256,.240,1.0,9.3,5.0,22.7,1.9,0.5,14.8,17.1,,1.7,0.6,2.3,.076,,-0.7,-0.3,-1.0,0.4,hinriki01
206,Kirk Hinrich,PG,30,ATL,24,686,9.8,.530,.411,.114,1.2,8.0,4.7,17.9,1.5,0.8,16.0,16.0,,0.2,0.5,0.7,.050,,-1.8,0.0,-1.8,0.0,hinriki01
207,Jrue Holiday,PG,20,PHI,82,2901,15.4,.525,.222,.209,2.7,10.5,6.6,29.0,2.2,0.8,16.7,20.8,,2.2,3.5,5.7,.094,,0.4,0.4,0.8,2.0,holidjr01
208,Ryan Hollins,C,26,CLE,70,1182,10.7,.642,.000,.744,6.6,11.6,9.0,3.6,1.0,2.7,18.7,13.7,,1.3,0.5,1.8,.072,,-4.0,-0.3,-4.3,-0.7,holliry01
209,Al Horford,C,24,ATL,77,2704,20.7,.587,.004,.204,8.2,23.7,16.0,17.5,1.2,2.3,10.6,19.7,,6.4,3.7,10.1,.179,,2.5,1.1,3.6,3.9,horfoal01
210,Eddie House,SG,32,MIA,56,978,11.9,.535,.545,.125,1.2,9.5,5.6,10.0,1.7,0.2,7.9,17.6,,1.0,1.2,2.2,.108,,-0.5,0.2,-0.3,0.4,houseed01
211,Dwight Howard,C,25,ORL,78,2935,26.1,.616,.007,.877,12.6,30.6,21.8,6.8,1.9,4.9,16.2,27.2,,6.7,7.7,14.4,.235,,2.9,2.4,5.3,5.4,howardw01
212,Josh Howard,SF,30,WAS,18,409,9.2,.416,.179,.290,4.8,16.2,10.3,9.4,1.6,0.9,9.9,21.9,,-0.5,0.3,-0.2,-0.027,,-3.1,-0.7,-3.8,-0.2,howarjo01
213,Juwan Howard,PF,37,MIA,57,592,8.4,.495,.000,.280,7.7,16.3,12.2,5.8,0.9,0.5,15.1,13.1,,0.2,0.8,0.9,.074,,-3.5,0.0,-3.5,-0.2,howarju01
214,Lester Hudson,PG,26,WAS,11,73,6.0,.349,.625,.167,1.5,6.5,3.9,34.1,2.8,1.0,21.4,19.8,,-0.2,0.0,-0.1,-0.082,,-3.9,-0.4,-4.3,0.0,hudsole01
215,Kris Humphries,PF,25,NJN,74,2061,17.8,.555,.002,.328,12.5,32.2,22.1,7.0,0.9,3.0,13.4,17.3,,2.7,2.7,5.4,.125,,0.5,-0.1,0.4,1.3,humphkr01
216,Serge Ibaka,PF,21,OKC,82,2216,17.7,.579,.002,.298,11.7,20.8,16.4,1.6,0.7,6.5,9.2,15.7,,4.3,3.2,7.6,.164,,-0.2,0.7,0.5,1.4,ibakase01
217,Andre Iguodala,SF,27,PHI,67,2469,17.2,.530,.238,.395,2.8,15.2,9.0,26.4,2.1,1.2,13.4,19.2,,3.3,3.5,6.7,.130,,1.7,1.6,3.2,3.2,iguodan01
218,Zydrunas Ilgauskas,C,35,MIA,72,1145,12.8,.531,.003,.144,11.9,17.5,14.9,3.6,1.1,4.0,13.3,16.0,,1.0,1.9,2.9,.122,,-3.1,0.4,-2.7,-0.2,ilgauzy01
219,D.J. Mbenga,C,30,NOH,41,330,9.7,.518,.000,.367,12.8,18.9,15.9,2.7,1.0,6.8,27.0,11.3,,0.0,0.6,0.5,.076,,-4.7,1.8,-2.8,-0.1,mbengdj01
220,Ersan İlyasova,PF,23,MIL,60,1505,14.3,.516,.239,.205,7.9,20.7,14.1,6.6,1.8,1.3,10.2,19.1,,1.1,2.7,3.8,.121,,-1.2,0.6,-0.6,0.5,ilyaser01
221,Royal Ivey,SG,29,OKC,25,155,8.2,.527,.421,.053,1.6,10.2,6.0,6.8,2.0,0.5,11.4,12.8,,0.1,0.1,0.2,.060,,-3.2,0.8,-2.3,0.0,iveyro01
222,Jarrett Jack,SG-PG,27,TOT,83,1722,14.2,.503,.170,.336,1.4,10.9,6.1,23.3,1.7,0.3,13.1,23.0,,0.9,1.4,2.4,.066,,-0.3,-0.4,-0.7,0.5,jackja01
222,Jarrett Jack,PG,27,TOR,13,347,12.6,.492,.197,.377,2.0,12.6,7.2,25.9,2.1,0.0,19.3,22.8,,-0.1,0.1,0.0,.002,,-1.6,-1.0,-2.6,-0.1,jackja01
222,Jarrett Jack,SG,27,NOH,70,1375,14.6,.505,.163,.326,1.2,10.4,5.8,22.6,1.6,0.4,11.4,23.1,,1.0,1.3,2.4,.082,,0.0,-0.3,-0.3,0.6,jackja01
223,Darnell Jackson,PF,25,SAC,59,486,12.3,.521,.070,.310,11.2,10.8,11.0,4.6,1.2,0.4,11.4,18.0,,0.4,0.3,0.7,.069,,-1.9,-1.6,-3.5,-0.2,jacksda01
224,Stephen Jackson,SG,32,CHA,67,2405,14.6,.520,.339,.288,2.6,12.7,7.7,18.4,1.8,0.9,14.9,27.4,,-0.2,2.1,1.9,.039,,0.2,-0.7,-0.5,0.9,jacksst02
225,Damion James,SF,23,NJN,25,403,10.1,.477,.029,.272,4.8,20.5,12.5,8.1,2.1,2.3,17.8,16.2,,-0.4,0.5,0.1,.015,,-3.8,1.1,-2.6,-0.1,jamesda01
226,LeBron James,SF,26,MIA,79,3063,27.3,.594,.188,.446,3.3,18.7,11.4,34.9,2.1,1.3,13.8,31.5,,10.3,5.3,15.6,.244,,6.3,1.8,8.1,7.8,jamesle01
227,Antawn Jamison,PF,34,CLE,56,1842,16.8,.516,.300,.267,5.2,18.5,11.7,9.6,1.4,1.2,7.3,26.0,,1.5,1.1,2.6,.067,,1.3,-1.5,-0.1,0.9,jamisan01
228,Othyus Jeffers,SG,25,TOT,17,322,13.3,.546,.062,.708,8.5,15.4,11.9,9.3,2.7,0.0,14.1,13.6,,0.4,0.3,0.7,.097,,-1.6,0.0,-1.7,0.0,jeffeot01
228,Othyus Jeffers,SG,25,SAS,1,8,-0.5,.333,.000,.000,0.0,28.4,14.5,18.6,0.0,0.0,25.0,23.0,,0.0,0.0,0.0,-0.183,,-12.6,-1.8,-14.4,0.0,jeffeot01
228,Othyus Jeffers,SG,25,WAS,16,314,13.7,.553,.065,.742,8.8,15.1,11.8,9.0,2.8,0.0,13.6,13.4,,0.4,0.3,0.7,.104,,-1.4,0.0,-1.4,0.0,jeffeot01
229,Al Jefferson,C,26,UTA,82,2940,20.1,.528,.000,.219,9.6,23.2,16.3,9.2,0.8,4.2,6.8,24.2,,5.1,2.7,7.8,.128,,1.6,-1.0,0.6,1.9,jeffeal01
230,Richard Jefferson,SF,30,SAS,81,2459,12.4,.612,.478,.304,2.6,11.8,7.3,6.5,0.8,1.0,11.3,15.4,,3.7,2.1,5.9,.115,,0.5,-0.2,0.3,1.4,jefferi01
231,Jared Jeffries,PF,29,TOT,42,601,8.0,.375,.105,.337,11.7,10.3,11.0,8.1,2.6,2.0,17.5,8.8,,0.0,0.5,0.6,.045,,-2.8,0.5,-2.2,0.0,jeffrja01
231,Jared Jeffries,PF,29,HOU,18,138,9.5,.334,.167,.278,16.4,12.3,14.4,11.1,2.6,1.5,9.0,14.2,,0.0,0.1,0.1,.042,,-3.3,-0.5,-3.8,-0.1,jeffrja01
231,Jared Jeffries,PF,29,NYK,24,463,7.6,.403,.060,.380,10.3,9.7,10.0,7.2,2.6,2.2,22.6,7.2,,0.1,0.4,0.4,.046,,-2.6,0.9,-1.7,0.0,jeffrja01
232,Brandon Jennings,PG,21,MIL,63,2169,15.6,.493,.327,.266,2.2,10.6,6.3,25.9,2.3,0.8,12.4,25.5,,0.6,3.3,3.9,.086,,0.8,0.9,1.6,2.0,jennibr01
233,Eugene Jeter,PG,27,SAC,62,858,11.1,.460,.116,.158,1.2,8.3,4.6,28.4,1.7,0.2,15.5,16.5,,0.2,0.5,0.7,.037,,-2.2,-1.1,-3.3,-0.3,jetereu01
234,Yi Jianlian,PF,23,WAS,63,1112,10.1,.459,.037,.262,7.8,18.0,12.7,3.5,1.2,2.2,11.6,17.4,,-0.4,0.8,0.4,.016,,-3.7,-1.6,-5.3,-0.9,jianlyi01
235,Amir Johnson,PF,23,TOR,72,1853,17.6,.608,.002,.323,11.8,17.8,14.7,6.8,1.5,3.6,10.9,15.3,,4.4,1.2,5.6,.146,,0.3,0.0,0.3,1.1,johnsam01
236,Armon Johnson,PG,21,POR,38,277,9.3,.497,.119,.218,4.7,11.5,7.9,28.1,1.0,0.3,25.6,25.1,,-0.4,0.2,-0.3,-0.044,,-3.3,-1.9,-5.1,-0.2,johnsar02
237,Chris Johnson,C,25,TOT,14,138,10.2,.554,.000,.952,10.3,18.2,14.2,3.2,1.2,5.3,25.1,13.5,,0.0,0.2,0.2,.080,,-5.2,1.1,-4.2,-0.1,johnsch03
237,Chris Johnson,C,25,POR,10,106,10.3,.521,.000,1.000,12.2,19.3,15.6,2.8,1.5,4.7,23.6,15.0,,0.0,0.2,0.2,.069,,-5.9,0.6,-5.3,-0.1,johnsch03
237,Chris Johnson,C,25,BOS,4,32,9.9,.773,.000,.667,4.1,14.5,9.6,4.5,0.0,7.3,34.0,8.8,,0.0,0.1,0.1,.118,,-3.0,2.6,-0.4,0.0,johnsch03
238,James Johnson,SF,23,TOT,38,822,12.6,.505,.143,.300,5.2,15.4,10.2,16.4,2.1,3.4,19.3,18.2,,-0.1,0.8,0.6,.036,,-1.6,0.9,-0.6,0.3,johnsja01
238,James Johnson,SF,23,CHI,13,123,8.8,.449,.220,.317,5.9,16.7,11.4,18.1,3.5,5.6,27.8,24.2,,-0.4,0.3,0.0,-0.014,,-6.8,3.4,-3.4,-0.1,johnsja01
238,James Johnson,SF,23,TOR,25,699,13.2,.517,.128,.296,5.1,15.1,10.0,16.1,1.8,3.0,17.2,17.1,,0.2,0.4,0.6,.044,,-0.7,0.5,-0.2,0.3,johnsja01
239,Joe Johnson,SG,29,ATL,72,2554,16.4,.517,.258,.209,2.8,10.9,6.9,24.0,1.0,0.2,10.3,26.3,,2.5,1.8,4.2,.080,,1.2,-1.5,-0.3,1.1,johnsjo02
240,Trey Johnson,SG,26,TOT,8,94,8.3,.455,.091,.303,2.5,6.5,4.4,17.4,0.5,0.8,11.8,20.2,,0.0,0.0,0.0,-0.009,,-4.1,-2.3,-6.4,-0.1,johnstr01
240,Trey Johnson,SG,26,TOR,7,81,7.0,.418,.100,.267,2.9,7.5,5.1,20.2,0.6,0.9,13.0,21.3,,-0.1,0.0,-0.1,-0.048,,-4.7,-2.3,-7.0,-0.1,johnstr01
240,Trey Johnson,SG,26,LAL,1,13,16.2,.773,.000,.667,0.0,0.0,0.0,0.0,0.0,0.0,0.0,13.6,,0.1,0.0,0.1,.230,,-0.6,-1.8,-2.4,0.0,johnstr01
241,Wesley Johnson,SG,23,MIN,79,2069,10.2,.491,.424,.135,2.7,10.4,6.4,11.0,1.4,2.0,11.6,16.8,,0.4,0.9,1.3,.030,,-1.3,-0.4,-1.7,0.2,johnswe01
242,Dahntay Jones,SG,30,IND,45,589,13.7,.558,.182,.421,0.8,11.4,6.1,9.5,1.7,0.9,10.9,21.4,,0.6,0.6,1.2,.102,,-1.7,0.5,-1.2,0.1,jonesda02
243,Dominique Jones,SG,22,DAL,18,135,10.6,.400,.089,.378,5.4,15.9,10.8,20.8,1.9,1.7,16.0,21.7,,-0.2,0.2,0.0,.007,,-2.5,1.6,-0.9,0.0,jonesdo02
244,James Jones,SF,30,MIA,81,1549,11.1,.629,.829,.208,1.9,9.9,6.1,4.1,1.0,1.0,5.3,12.0,,3.0,1.7,4.7,.145,,0.7,0.3,1.0,1.2,jonesja02
245,Solomon Jones,C,26,IND,39,528,8.5,.469,.008,.512,9.5,14.2,11.9,8.5,1.2,3.0,19.1,15.4,,-0.2,0.6,0.5,.042,,-5.3,0.8,-4.5,-0.3,jonesso01
246,DeAndre Jordan,C,22,LAC,80,2047,14.8,.648,.003,.636,11.9,20.9,16.5,3.2,1.0,5.4,18.8,11.7,,2.6,2.6,5.2,.122,,-1.7,1.0,-0.7,0.7,jordade01
247,Chris Kaman,C,28,LAC,32,838,15.7,.495,.000,.152,7.2,24.1,15.7,10.0,1.0,4.5,12.6,24.4,,-0.2,1.1,0.8,.047,,-1.7,0.3,-1.4,0.1,kamanch01
248,Jason Kapono,SF,29,PHI,24,112,1.6,.277,.286,.071,3.1,8.2,5.7,5.0,0.9,0.7,6.5,12.7,,-0.3,0.1,-0.2,-0.070,,-5.7,-1.7,-7.4,-0.2,kaponja01
249,Jason Kidd*,PG,37,DAL,80,2653,14.4,.500,.656,.129,1.6,13.4,7.7,35.4,2.7,0.8,22.1,14.3,,2.5,3.9,6.4,.116,,0.9,2.0,2.8,3.3,kiddja01
250,Andrei Kirilenko,SF,29,UTA,64,1999,16.6,.567,.181,.498,6.0,13.8,9.9,14.9,2.1,3.0,15.0,17.8,,2.9,1.7,4.5,.109,,1.7,0.5,2.2,2.1,kirilan01
251,Linas Kleiza,SF,26,TOR,39,1032,10.1,.502,.323,.160,4.1,16.5,10.2,6.2,1.0,0.5,13.0,21.7,,-0.5,0.2,-0.3,-0.012,,-2.4,-2.3,-4.7,-0.7,kleizli01
252,Kyle Korver,SG,29,CHI,82,1649,13.0,.572,.519,.156,0.9,9.5,5.3,12.1,1.1,0.9,9.2,18.3,,2.7,2.4,5.1,.149,,0.4,0.7,1.1,1.3,korveky01
253,Kosta Koufos,C,21,TOT,50,434,12.6,.474,.013,.287,14.6,19.1,16.8,2.5,1.1,4.4,15.5,19.9,,-0.2,0.4,0.2,.027,,-3.9,-1.6,-5.5,-0.4,koufoko01
253,Kosta Koufos,C,21,MIN,39,336,10.4,.447,.019,.222,13.5,18.7,16.0,3.2,1.2,4.5,17.4,18.2,,-0.3,0.3,0.0,-0.004,,-4.7,-1.2,-5.9,-0.3,koufoko01
253,Kosta Koufos,C,21,DEN,11,98,20.3,.536,.000,.452,18.2,20.6,19.4,0.0,1.0,3.9,10.6,25.6,,0.1,0.1,0.3,.133,,-1.3,-2.8,-4.1,-0.1,koufoko01
254,Nenad Krstić,C,27,TOT,71,1571,13.1,.557,.000,.323,9.9,15.4,12.7,2.8,0.9,1.2,9.8,16.9,,2.3,1.7,4.0,.122,,-1.4,-1.0,-2.5,-0.2,krstine01
254,Nenad Krstić,C,27,OKC,47,1018,12.5,.534,.000,.216,9.2,14.4,11.9,3.0,0.9,1.2,9.0,16.4,,1.2,0.8,2.0,.096,,-1.5,-1.4,-2.8,-0.2,krstine01
254,Nenad Krstić,C,27,BOS,24,553,14.3,.598,.000,.544,11.1,17.0,14.2,2.3,0.8,1.1,11.2,17.8,,1.0,0.9,2.0,.170,,-1.4,-0.3,-1.8,0.0,krstine01
255,Carl Landry,PF,27,TOT,76,2008,14.8,.555,.006,.419,9.3,10.8,10.0,5.2,1.0,1.2,11.8,20.5,,2.8,1.3,4.1,.098,,-0.5,-1.3,-1.9,0.1,landrca01
255,Carl Landry,PF,27,SAC,53,1406,14.7,.545,.006,.444,10.0,10.5,10.2,5.7,1.1,1.0,12.4,20.3,,1.8,0.7,2.5,.086,,-0.4,-1.4,-1.8,0.1,landrca01
255,Carl Landry,PF,27,NOH,23,602,15.2,.578,.005,.360,7.6,11.4,9.5,3.8,0.9,1.7,10.3,20.8,,1.0,0.6,1.6,.125,,-0.8,-1.2,-2.1,0.0,landrca01
256,Acie Law,PG,26,TOT,51,726,9.9,.502,.194,.344,1.9,8.2,5.0,16.3,2.2,0.0,16.7,15.7,,0.1,0.3,0.4,.027,,-3.5,-0.5,-4.0,-0.4,lawac01
256,Acie Law,PG,26,MEM,11,94,0.4,.256,.316,.526,3.8,10.3,7.0,19.3,2.2,0.0,29.9,16.0,,-0.4,0.1,-0.3,-0.138,,-8.3,-0.9,-9.2,-0.2,lawac01
256,Acie Law,PG,26,GSW,40,632,11.3,.532,.180,.323,1.6,7.9,4.7,15.9,2.2,0.0,14.7,15.6,,0.5,0.2,0.7,.052,,-2.7,-0.5,-3.2,-0.2,lawac01
257,Gani Lawal,PF,22,PHO,1,2,-9.1,,,,0.0,0.0,0.0,0.0,0.0,0.0,,0.0,,0.0,0.0,0.0,-0.009,,-16.9,1.9,-15.0,0.0,lawalga01
258,Ty Lawson,PG,23,DEN,80,2103,17.9,.593,.249,.327,3.8,7.6,5.7,28.3,1.9,0.1,14.8,19.6,,5.1,1.6,6.7,.153,,2.4,-0.3,2.1,2.2,lawsoty01
259,Courtney Lee,SG,25,HOU,81,1723,12.6,.534,.302,.208,3.3,10.4,6.9,8.9,1.7,0.7,9.8,17.9,,1.6,1.1,2.7,.076,,-0.7,-0.5,-1.1,0.4,leeco01
260,David Lee,PF,27,GSW,73,2634,17.8,.549,.003,.273,9.1,21.9,15.4,14.0,1.4,0.9,13.4,21.2,,4.1,2.0,6.0,.110,,0.5,-0.9,-0.4,1.1,leeda02
261,Rashard Lewis,SF-PF,31,TOT,57,1824,12.0,.535,.419,.165,4.4,14.0,9.1,8.1,1.5,1.3,12.2,17.6,,1.2,1.9,3.0,.079,,-0.7,0.3,-0.4,0.7,lewisra02
261,Rashard Lewis,PF,31,ORL,25,810,11.0,.524,.444,.167,3.4,11.7,7.6,5.9,1.4,1.0,10.8,18.6,,0.3,1.2,1.5,.091,,-1.0,0.6,-0.5,0.3,lewisra02
261,Rashard Lewis,SF,31,WAS,32,1014,12.8,.544,.397,.163,5.2,15.9,10.4,9.9,1.5,1.5,13.5,16.8,,0.8,0.7,1.5,.070,,-0.4,0.0,-0.3,0.4,lewisra02
262,Jeremy Lin,PG,22,GSW,29,285,14.8,.458,.069,.347,4.7,8.9,6.8,20.4,5.9,2.4,17.8,15.6,,0.0,0.4,0.5,.078,,-2.1,4.4,2.2,0.3,linje01
263,Shaun Livingston,PG,25,CHA,73,1261,14.3,.530,.010,.315,2.8,11.6,7.2,22.5,2.0,1.9,16.3,20.1,,0.7,1.2,1.9,.073,,-1.0,1.0,0.0,0.7,livinsh01
264,Brook Lopez,C,22,NJN,82,2889,19.3,.549,.001,.374,7.8,12.3,10.0,8.8,0.9,3.2,10.4,27.3,,4.4,1.9,6.3,.105,,1.4,-0.9,0.6,1.9,lopezbr01
265,Robin Lopez,C,22,PHO,67,991,13.9,.539,.000,.280,9.5,15.6,12.6,1.3,0.9,3.4,10.7,20.4,,0.8,0.8,1.5,.074,,-3.1,-1.0,-4.1,-0.5,lopezro01
266,Kevin Love,PF,22,MIN,73,2611,24.3,.593,.206,.486,13.7,34.2,23.6,11.8,0.9,0.8,11.1,22.9,,8.9,2.5,11.4,.210,,5.7,-1.3,4.4,4.2,loveke01
267,Kyle Lowry,PG,24,HOU,75,2563,16.5,.550,.424,.310,3.9,9.7,6.8,29.4,2.0,0.6,14.7,18.6,,5.1,1.8,7.0,.130,,2.0,0.0,2.0,2.6,lowryky01
268,John Lucas III,PG,28,CHI,2,10,-0.1,.258,.333,.667,0.0,0.0,0.0,15.0,0.0,0.0,0.0,17.8,,0.0,0.0,0.0,-0.121,,-6.3,-3.3,-9.6,0.0,lucasjo02
269,Corey Maggette,SF,31,MIL,67,1401,15.8,.573,.140,.581,3.6,16.8,10.0,11.3,0.8,0.3,15.3,27.7,,1.5,1.9,3.4,.115,,-0.6,-0.2,-0.8,0.5,maggeco01
270,Jamaal Magloire,C,32,MIA,18,158,12.7,.585,.000,.818,13.6,31.2,22.9,2.8,1.3,1.0,14.3,10.3,,0.3,0.3,0.6,.172,,-1.5,0.9,-0.6,0.1,magloja01
271,Ian Mahinmi,C,24,DAL,56,488,13.7,.645,.020,.837,10.7,17.8,14.4,2.5,1.5,2.3,15.7,15.3,,1.0,0.8,1.8,.177,,-3.3,1.1,-2.1,0.0,mahinia01
272,Shawn Marion,SF,32,DAL,80,2253,17.0,.551,.040,.197,9.1,19.2,14.3,8.3,1.6,1.7,12.5,21.5,,2.3,3.4,5.6,.120,,-0.1,0.4,0.3,1.3,mariosh01
273,Sean Marks,C,35,POR,29,208,4.9,.473,.045,.182,9.0,14.8,11.8,2.9,0.8,2.0,18.8,13.1,,-0.1,0.2,0.1,.019,,-7.3,-0.8,-8.1,-0.3,marksse01
274,Cartier Martin,SF,26,WAS,52,542,11.7,.524,.544,.220,4.1,11.8,7.8,5.2,1.7,0.8,7.4,17.6,,0.5,0.3,0.8,.071,,0.2,-0.8,-0.6,0.2,martica01
275,Kenyon Martin,PF,33,DEN,48,1233,14.1,.526,.025,.199,6.5,20.9,13.9,13.6,1.8,2.2,13.0,16.4,,1.0,1.6,2.7,.104,,-0.8,1.7,0.9,0.9,martike01
276,Kevin Martin,SG,27,HOU,80,2603,21.4,.601,.362,.528,1.2,10.0,5.6,13.0,1.6,0.4,10.5,29.6,,8.0,1.5,9.5,.175,,4.3,-1.0,3.4,3.5,martike02
277,Roger Mason,SG,30,NYK,26,319,7.1,.461,.571,.130,1.8,13.7,7.7,8.8,0.9,0.5,6.9,12.2,,0.1,0.1,0.2,.029,,-2.4,-1.2,-3.6,-0.1,masonro01
278,Wesley Matthews,SG,24,POR,82,2758,15.5,.582,.386,.322,2.0,9.7,5.7,10.2,2.0,0.3,11.0,21.3,,5.0,2.3,7.2,.126,,1.0,-0.1,0.9,2.0,matthwe02
279,Jason Maxiell,PF,27,DET,57,930,9.4,.510,.000,.524,8.3,14.7,11.4,2.7,1.4,1.8,15.9,13.9,,0.0,0.4,0.5,.024,,-3.3,-1.1,-4.4,-0.6,maxieja01
280,Eric Maynor,PG,23,OKC,82,1200,11.7,.485,.288,.177,2.5,9.1,5.9,30.3,1.5,0.4,17.7,16.5,,0.7,0.8,1.5,.061,,-0.8,-1.1,-1.8,0.1,maynoer01
281,O.J. Mayo,SG,23,MEM,71,1869,12.6,.499,.353,.175,2.2,8.7,5.4,12.1,2.0,1.1,11.0,21.8,,0.5,1.9,2.4,.062,,-0.4,-0.1,-0.6,0.7,mayooj01
282,Luc Mbah a Moute,PF,24,MIL,79,2093,11.5,.518,.016,.439,9.2,14.3,11.7,5.3,1.8,1.1,13.1,13.1,,1.5,3.3,4.8,.109,,-2.3,1.1,-1.3,0.4,mbahalu01
283,Antonio McDyess,PF,36,SAS,73,1387,12.8,.516,.003,.224,10.5,22.3,16.5,9.0,1.3,2.0,16.0,14.9,,1.0,2.1,3.0,.105,,-1.8,1.1,-0.7,0.4,mcdyean01
284,JaVale McGee,C,23,WAS,79,2193,17.4,.566,.005,.381,11.2,22.2,16.5,2.8,1.0,6.7,12.6,16.3,,2.7,2.5,5.3,.115,,-0.7,0.4,-0.4,0.9,mcgeeja01
285,Tracy McGrady*,SG,31,DET,72,1686,14.9,.503,.171,.251,3.4,15.4,9.1,23.6,2.1,1.6,15.2,18.6,,1.0,1.1,2.1,.061,,0.1,0.5,0.6,1.1,mcgratr01
286,Dominic McGuire,SF,25,CHA,52,760,10.4,.437,.011,.214,10.0,21.8,15.9,9.0,0.7,3.5,11.2,13.8,,0.1,0.9,0.9,.059,,-3.3,0.3,-2.9,-0.2,mcguido01
287,Josh McRoberts,PF,23,IND,72,1597,16.0,.608,.155,.308,7.6,18.8,13.3,15.0,1.5,2.6,17.5,14.7,,2.6,2.2,4.9,.147,,0.6,1.7,2.3,1.7,mcrobjo01
288,Jodie Meeks,SG,23,PHI,74,2062,12.5,.600,.611,.298,1.2,8.4,4.8,5.7,1.6,0.1,8.5,15.7,,3.2,1.9,5.1,.120,,0.1,0.1,0.2,1.1,meeksjo01
289,Pops Mensah-Bonsu,PF,27,NOH,7,35,-0.1,.333,.000,.000,10.4,28.0,19.1,8.0,0.0,0.0,40.0,6.8,,0.0,0.0,0.0,.013,,-9.1,0.7,-8.4,-0.1,mensapo01
290,C.J. Miles,SF,23,UTA,78,1969,14.4,.507,.377,.218,3.3,12.4,7.8,11.7,2.0,1.6,8.6,25.1,,1.2,1.3,2.5,.061,,-0.1,-0.9,-1.0,0.5,milescj01
291,Darko Miličić,C,25,MIN,69,1686,12.2,.482,.000,.199,8.5,15.4,11.8,9.9,1.6,6.3,19.4,19.7,,-1.5,1.7,0.2,.007,,-3.9,1.3,-2.7,-0.3,milicda01
292,Andre Miller,PG,34,POR,81,2650,17.8,.529,.044,.346,4.3,9.9,7.0,35.7,2.3,0.4,16.8,20.6,,4.6,2.4,7.0,.127,,1.5,0.1,1.6,2.4,millean02
293,Brad Miller,C,34,HOU,60,1015,16.3,.566,.361,.318,4.9,19.9,12.4,21.4,1.4,1.4,13.8,17.0,,2.0,1.0,3.0,.142,,1.7,1.1,2.8,1.2,millebr01
294,Mike Miller,SG,30,MIA,41,838,9.7,.525,.584,.168,5.7,19.5,13.0,9.1,1.3,0.2,15.9,14.4,,0.4,1.2,1.6,.090,,-1.5,0.1,-1.4,0.1,millemi01
295,Patty Mills,PG,22,POR,64,783,13.0,.506,.405,.143,2.8,5.2,4.0,24.3,1.9,0.1,15.1,24.5,,0.2,0.5,0.7,.044,,-0.1,-1.4,-1.5,0.1,millspa02
296,Paul Millsap,PF,25,UTA,76,2605,19.8,.578,.023,.342,7.5,19.4,13.4,12.6,2.1,2.2,11.3,22.6,,5.2,2.5,7.7,.143,,1.6,0.3,1.9,2.5,millspa01
297,Yao Ming*,C,30,HOU,5,91,19.8,.579,.000,.432,8.7,24.9,16.8,7.3,0.0,6.1,13.7,24.8,,0.2,0.1,0.3,.147,,0.1,1.1,1.2,0.1,mingya01
298,Nazr Mohammed,C,33,TOT,75,1280,15.9,.538,.002,.250,13.2,21.2,17.2,3.3,1.2,3.5,12.3,20.6,,1.0,1.6,2.7,.100,,-2.0,-0.8,-2.8,-0.3,mohamna01
298,Nazr Mohammed,C,33,CHA,51,851,15.9,.520,.003,.278,13.3,22.6,17.9,3.7,0.9,4.4,12.5,22.4,,0.3,1.1,1.4,.080,,-2.4,-0.8,-3.2,-0.3,mohamna01
298,Nazr Mohammed,C,33,OKC,24,429,16.0,.583,.000,.183,13.0,18.5,15.8,2.4,1.9,1.7,11.8,17.0,,0.7,0.5,1.2,.139,,-1.3,-0.8,-2.1,0.0,mohamna01
299,Greg Monroe,C,20,DET,80,2222,18.0,.575,.002,.424,13.0,20.4,16.5,7.5,2.3,1.6,11.0,15.4,,4.7,1.9,6.6,.143,,0.9,-0.5,0.4,1.4,monrogr01
300,Jamario Moon,SF,30,TOT,59,1042,10.1,.499,.496,.069,2.5,16.0,9.1,7.8,1.4,2.4,7.9,12.0,,0.4,0.7,1.1,.050,,-1.5,0.5,-1.1,0.2,moonja01
300,Jamario Moon,SF,30,CLE,40,764,10.7,.488,.503,.058,2.0,16.1,8.9,9.3,1.7,2.7,8.1,12.5,,0.2,0.5,0.7,.043,,-1.4,0.6,-0.8,0.2,moonja01
300,Jamario Moon,SF,30,LAC,19,278,8.4,.535,.475,.102,3.8,15.9,9.9,3.8,0.6,1.7,7.5,10.7,,0.2,0.2,0.4,.068,,-1.8,0.0,-1.9,0.0,moonja01
301,Anthony Morrow,SG,25,NJN,58,1856,12.1,.573,.419,.173,2.3,8.8,5.5,6.3,0.5,0.3,7.5,18.0,,2.6,0.4,3.0,.078,,0.3,-1.3,-1.0,0.5,morroan01
302,Timofey Mozgov,C,24,TOT,45,524,10.8,.523,.000,.391,10.0,16.4,13.2,4.2,1.4,3.5,18.3,16.2,,0.1,0.5,0.6,.053,,-4.3,-0.4,-4.7,-0.3,mozgoti01
302,Timofey Mozgov,C,24,NYK,34,458,10.3,.514,.000,.393,10.1,15.8,13.0,4.8,1.5,3.7,19.6,15.8,,0.0,0.4,0.4,.044,,-4.5,-0.3,-4.8,-0.3,mozgoti01
302,Timofey Mozgov,C,24,DEN,11,66,14.4,.571,.000,.381,9.0,20.4,14.9,0.0,0.8,2.3,10.9,18.6,,0.1,0.1,0.2,.112,,-2.8,-0.7,-3.5,0.0,mozgoti01
303,Byron Mullens,PF,21,OKC,13,85,3.5,.366,.000,.500,8.6,24.0,16.5,0.0,1.2,2.6,19.0,22.5,,-0.3,0.1,-0.2,-0.113,,-9.2,-2.5,-11.7,-0.2,mulleby01
304,Troy Murphy,PF,30,TOT,35,466,8.0,.428,.289,.263,5.8,23.4,14.5,7.6,1.7,0.5,13.6,14.8,,-0.4,0.7,0.3,.029,,-3.9,0.8,-3.1,-0.1,murphtr01
304,Troy Murphy,PF,30,NJN,18,288,6.7,.389,.303,.224,4.4,27.0,15.4,9.2,1.3,0.5,13.5,15.6,,-0.4,0.3,-0.1,-0.022,,-4.5,0.3,-4.2,-0.2,murphtr01
304,Troy Murphy,PF,30,BOS,17,178,10.1,.503,.263,.342,8.1,17.6,13.1,5.0,2.4,0.4,13.8,13.7,,0.1,0.4,0.4,.111,,-2.8,1.5,-1.3,0.0,murphtr01
305,Hamady N'Diaye,C,24,WAS,16,80,5.3,.681,.000,2.400,2.8,7.4,5.0,0.0,1.3,4.8,22.6,7.3,,0.0,0.0,0.1,.046,,-6.9,0.6,-6.3,-0.1,ndiayha01
306,Eduardo Nájera,PF,34,CHA,31,372,5.5,.449,.472,.153,4.5,9.8,7.2,8.2,1.6,1.3,14.5,11.3,,-0.1,0.3,0.2,.020,,-4.5,0.9,-3.6,-0.2,najered01
307,Steve Nash*,PG,36,PHO,75,2497,20.8,.601,.253,.307,1.8,10.2,6.0,53.1,1.0,0.1,22.4,21.4,,7.3,0.7,7.9,.153,,4.7,-1.5,3.2,3.3,nashst01
308,Gary Neal,SG,26,SAS,80,1685,13.1,.578,.487,.165,1.5,11.8,6.8,9.1,0.8,0.2,10.3,20.6,,2.1,1.4,3.5,.099,,0.5,-0.8,-0.3,0.7,nealga01
309,Jameer Nelson,PG,28,ORL,76,2319,15.4,.548,.354,.193,1.9,9.3,5.7,33.7,1.7,0.1,17.6,22.0,,3.4,3.2,6.6,.136,,1.0,0.1,1.1,1.8,nelsoja01
310,Joakim Noah,C,25,CHI,48,1576,18.8,.579,.002,.468,13.9,22.8,18.5,10.7,1.6,3.5,15.7,16.8,,3.1,3.6,6.7,.205,,0.8,2.1,2.9,1.9,noahjo01
311,Andrés Nocioni,SF,31,PHI,54,931,10.1,.538,.426,.220,2.4,18.6,10.5,7.4,0.8,1.2,13.4,17.4,,0.2,1.1,1.3,.067,,-2.2,-0.3,-2.5,-0.1,nocioan01
312,Steve Novak,SF,27,TOT,30,215,17.8,.737,.687,.119,2.2,12.6,7.6,2.2,0.2,1.7,5.4,16.0,,0.7,0.2,0.9,.196,,5.1,-0.4,4.8,0.4,novakst01
312,Steve Novak,SF,27,DAL,7,18,19.6,.688,.500,.000,0.0,31.3,16.2,0.0,0.0,0.0,0.0,20.8,,0.1,0.0,0.1,.205,,5.1,0.7,5.8,0.0,novakst01
312,Steve Novak,SF,27,SAS,23,197,17.7,.744,.712,.136,2.4,10.9,6.8,2.4,0.3,1.8,6.0,15.5,,0.6,0.2,0.8,.195,,5.1,-0.5,4.7,0.3,novakst01
313,Dirk Nowitzki*,PF,32,DAL,73,2504,23.4,.612,.142,.376,2.4,20.8,12.0,14.2,0.8,1.4,9.1,28.2,,7.8,3.3,11.1,.213,,4.3,0.8,5.1,4.5,nowitdi01
314,Jermaine O'Neal,C,32,BOS,24,431,9.2,.504,.009,.394,7.6,17.0,12.6,4.3,0.2,5.4,17.4,17.2,,-0.2,0.8,0.6,.065,,-5.4,1.3,-4.2,-0.2,onealje01
315,Shaquille O'Neal*,C,38,BOS,37,752,17.4,.659,.000,.652,8.3,20.1,14.6,5.9,1.1,4.4,17.8,20.1,,1.1,1.6,2.7,.174,,-1.7,2.0,0.3,0.4,onealsh01
316,Fabricio Oberto,C,35,POR,5,45,0.8,.595,.000,.400,7.8,11.4,9.5,0.0,0.0,0.0,33.8,9.2,,0.0,0.0,0.0,-0.012,,-8.7,-1.6,-10.3,-0.1,obertfa01
317,Lamar Odom,PF,31,LAL,82,2639,19.4,.589,.199,.275,7.8,22.2,15.2,15.5,0.9,1.8,12.2,19.7,,6.1,4.0,10.1,.184,,2.8,0.8,3.5,3.7,odomla01
318,Emeka Okafor,C,28,NOH,72,2287,16.0,.584,.002,.492,12.2,24.3,18.2,3.0,0.9,4.6,15.7,15.8,,2.7,3.8,6.5,.136,,-0.9,0.5,-0.4,0.9,okafoem01
319,Mehmet Okur,C,31,UTA,13,168,12.6,.452,.258,.323,6.4,15.2,10.8,17.7,1.3,1.9,9.0,21.2,,0.1,0.1,0.2,.048,,-1.3,-1.5,-2.8,0.0,okurme01
320,Travis Outlaw,SF,26,NJN,82,2358,8.8,.469,.345,.234,2.6,14.0,8.1,5.8,0.8,1.2,8.1,17.3,,-0.4,1.2,0.8,.016,,-2.4,-1.1,-3.5,-0.9,outlatr01
321,Larry Owens,SF,28,TOT,12,143,11.2,.556,.406,.281,0.8,11.4,6.0,8.4,3.2,2.7,12.2,12.7,,0.1,0.2,0.2,.083,,-1.8,2.4,0.6,0.1,owensla01
321,Larry Owens,SF,28,SAS,7,31,11.9,.580,.500,.667,0.0,14.6,7.5,4.6,3.4,0.0,0.0,11.5,,0.0,0.0,0.1,.151,,-1.8,3.9,2.2,0.0,owensla01
321,Larry Owens,SF,28,WAS,5,112,11.0,.550,.385,.192,1.0,10.6,5.6,9.5,3.2,3.4,15.1,13.1,,0.0,0.1,0.1,.064,,-1.8,1.9,0.1,0.1,owensla01
322,Zaza Pachulia,C,26,ATL,79,1244,12.4,.562,.000,.772,11.6,20.6,16.1,7.0,1.5,1.3,18.2,14.5,,1.5,1.6,3.1,.118,,-2.8,0.1,-2.8,-0.2,pachuza01
323,Anthony Parker,SF,35,CLE,72,2091,10.5,.505,.411,.172,1.8,10.5,6.0,16.7,1.7,0.4,11.9,14.6,,0.9,0.6,1.5,.034,,-1.7,-0.3,-2.0,0.0,parkean01
324,Tony Parker*,PG,28,SAS,78,2528,20.4,.569,.065,.283,1.4,9.3,5.5,35.2,1.9,0.1,14.3,25.5,,5.8,2.4,8.2,.156,,2.3,-0.4,1.8,2.4,parketo01
325,Patrick Patterson,PF,21,HOU,52,868,16.7,.574,.007,.157,11.2,14.9,13.1,7.6,1.0,3.0,9.8,16.1,,1.7,0.7,2.4,.134,,0.4,-0.1,0.3,0.5,pattepa01
326,Chris Paul,PG,25,NOH,80,2880,23.7,.578,.197,.414,1.6,12.3,6.9,45.8,3.5,0.1,13.9,21.1,,9.5,4.4,13.9,.232,,4.4,2.8,7.1,6.7,paulch01
327,Sasha Pavlović,SF-SG,27,TOT,31,362,6.0,.497,.431,.139,0.4,9.9,5.3,6.4,1.5,1.6,13.6,11.6,,-0.2,0.5,0.3,.042,,-4.2,1.2,-3.0,-0.1,pavloal01
327,Sasha Pavlović,SF,27,DAL,10,163,7.8,.551,.457,.143,0.0,8.3,4.3,6.3,1.6,1.4,11.8,12.1,,0.0,0.2,0.2,.067,,-2.8,1.2,-1.6,0.0,pavloal01
327,Sasha Pavlović,SG,27,NOH,4,50,2.9,.182,.455,.000,0.0,14.7,7.3,17.1,0.0,6.7,8.3,11.4,,-0.1,0.1,-0.1,-0.065,,-5.7,1.1,-4.5,0.0,pavloal01
327,Sasha Pavlović,SG,27,BOS,17,149,5.1,.550,.385,.192,0.9,10.1,5.8,2.9,1.8,0.0,17.5,11.0,,-0.1,0.2,0.2,.051,,-5.3,1.2,-4.1,-0.1,pavloal01
328,Nikola Peković,C,25,MIN,65,887,11.2,.573,.000,.433,11.0,13.2,12.1,4.8,1.0,3.0,22.5,19.4,,0.2,0.5,0.6,.035,,-4.8,-0.9,-5.7,-0.8,pekovni01
329,Kendrick Perkins,C,26,TOT,29,742,9.6,.538,.000,.554,10.4,26.2,18.7,5.2,0.6,2.6,25.7,13.7,,-0.2,1.2,1.0,.063,,-3.6,0.6,-3.0,-0.2,perkike01
329,Kendrick Perkins,C,26,BOS,12,313,10.2,.568,.000,.678,9.6,27.5,19.1,4.8,0.3,2.5,24.6,15.6,,-0.1,0.6,0.6,.088,,-3.6,1.1,-2.5,0.0,perkike01
329,Kendrick Perkins,C,26,OKC,17,429,9.1,.511,.000,.451,11.0,25.3,18.4,5.4,0.8,2.7,26.7,12.3,,-0.1,0.6,0.4,.046,,-3.6,0.3,-3.4,-0.1,perkike01
330,Morris Peterson,SG,33,OKC,4,23,1.7,.400,.200,.000,0.0,14.8,7.6,6.4,0.0,0.0,0.0,9.9,,0.0,0.0,0.0,.015,,-8.7,-1.0,-9.8,0.0,petermo01
331,Johan Petro,C,25,NJN,77,893,9.9,.452,.014,.097,8.0,20.4,14.0,8.4,2.0,2.9,13.2,18.1,,-0.7,1.1,0.4,.024,,-5.5,0.9,-4.7,-0.6,petrojo01
332,Paul Pierce*,SF,33,BOS,80,2774,19.7,.620,.291,.440,1.6,16.6,9.5,16.1,1.5,1.4,12.3,24.0,,6.5,5.1,11.6,.201,,3.0,1.6,4.6,4.6,piercpa01
333,Mickaël Piétrus,SG-SF,28,TOT,57,1107,9.8,.526,.647,.156,1.6,11.5,6.6,4.6,1.3,1.4,9.1,17.6,,0.3,1.0,1.3,.055,,-1.2,0.2,-1.0,0.3,pietrmi01
333,Mickaël Piétrus,SF,28,ORL,19,418,8.3,.540,.757,.052,1.7,12.0,7.0,3.8,1.3,0.6,10.6,14.6,,0.1,0.6,0.7,.082,,-1.3,0.8,-0.5,0.2,pietrmi01
333,Mickaël Piétrus,SG,28,PHO,38,689,10.8,.519,.596,.204,1.5,11.2,6.4,5.0,1.4,1.9,8.4,19.5,,0.1,0.4,0.6,.039,,-1.1,-0.1,-1.2,0.1,pietrmi01
334,Dexter Pittman,C,22,MIA,2,11,-6.4,.333,.000,.000,11.5,20.4,16.2,0.0,0.0,0.0,40.0,21.3,,-0.1,0.0,-0.1,-0.246,,-15.1,-2.8,-17.9,0.0,pittmde01
335,Quincy Pondexter,SF,22,NOH,66,734,8.5,.482,.278,.189,3.8,10.8,7.3,5.9,1.3,1.1,7.6,13.7,,0.2,0.7,0.9,.060,,-2.4,0.1,-2.3,-0.1,pondequ01
336,James Posey,SF,34,IND,49,839,7.5,.485,.880,.062,1.3,18.0,9.7,6.1,1.4,0.5,8.8,14.3,,0.0,1.0,1.0,.056,,-2.6,0.5,-2.0,0.0,poseyja01
337,Leon Powe,C-PF,27,TOT,30,328,15.0,.524,.017,.605,8.3,14.2,11.2,3.6,1.6,0.9,7.4,22.4,,0.4,0.2,0.6,.090,,-1.7,-1.7,-3.4,-0.1,powele01
337,Leon Powe,PF,27,CLE,14,187,12.9,.497,.000,.441,9.6,13.9,11.7,1.9,1.9,1.2,6.6,18.3,,0.1,0.1,0.2,.051,,-1.8,-1.5,-3.3,-0.1,powele01
337,Leon Powe,C,27,MEM,16,141,17.8,.548,.033,.767,6.7,14.5,10.6,6.0,1.1,0.6,8.0,27.9,,0.3,0.1,0.4,.142,,-1.7,-1.9,-3.5,-0.1,powele01
338,Josh Powell,PF,28,ATL,54,653,8.0,.492,.005,.216,9.1,15.8,12.5,5.5,0.4,0.6,18.9,20.4,,-0.7,0.5,-0.2,-0.012,,-5.0,-2.3,-7.3,-0.9,poweljo01
339,A.J. Price,PG,24,IND,50,795,10.7,.454,.466,.253,2.3,7.8,5.0,22.7,1.8,0.1,13.0,22.7,,-0.4,0.7,0.3,.020,,-1.9,-1.1,-2.9,-0.2,priceaj01
340,Ronnie Price,SG,27,UTA,59,717,5.5,.434,.329,.186,3.7,6.6,5.1,11.7,3.1,0.6,19.5,18.0,,-1.2,0.5,-0.7,-0.048,,-6.2,-0.1,-6.3,-0.8,pricero01
341,Tayshaun Prince,SF,30,DET,78,2562,15.1,.511,.098,.168,3.6,12.6,7.9,14.4,0.6,1.3,7.1,21.0,,2.9,0.4,3.3,.062,,1.0,-1.8,-0.8,0.7,princta01
342,Joel Przybilla,C,31,TOT,36,519,6.2,.573,.000,.614,8.4,26.4,17.1,3.6,0.5,2.4,34.2,7.7,,-0.1,0.6,0.5,.046,,-5.4,0.6,-4.8,-0.4,przybjo01
342,Joel Przybilla,C,31,POR,31,445,7.2,.623,.000,.676,7.4,26.7,16.6,4.2,0.6,2.6,33.3,6.9,,0.1,0.6,0.6,.066,,-4.6,1.0,-3.7,-0.2,przybjo01
342,Joel Przybilla,C,31,CHA,5,74,0.3,.383,.000,.400,14.6,24.7,19.6,0.0,0.0,1.1,37.3,11.9,,-0.2,0.1,-0.1,-0.074,,-9.9,-1.9,-11.8,-0.2,przybjo01
343,Chris Quinn,PG,27,SAS,41,292,7.5,.428,.407,.088,1.2,8.5,5.0,21.1,0.9,0.2,11.3,16.8,,-0.1,0.2,0.1,.024,,-3.4,-0.9,-4.3,-0.2,quinnch01
344,Vladimir Radmanović,PF,30,GSW,74,1169,12.6,.562,.544,.107,6.1,14.7,10.3,9.6,1.9,2.9,14.6,14.7,,1.2,0.9,2.1,.086,,-0.5,0.4,-0.1,0.6,radmavl01
345,Anthony Randolph,C-PF,21,TOT,40,590,16.2,.505,.015,.326,8.0,22.7,15.2,9.8,1.9,3.1,14.9,25.8,,-0.2,0.6,0.5,.038,,-1.8,-0.4,-2.2,0.0,randoan01
345,Anthony Randolph,PF,21,NYK,17,127,7.6,.348,.089,.267,9.8,26.3,18.0,8.1,1.6,4.6,16.6,21.1,,-0.4,0.2,-0.2,-0.074,,-5.9,-0.7,-6.5,-0.1,randoan01
345,Anthony Randolph,C,21,MIN,23,463,18.5,.537,.000,.338,7.5,21.7,14.4,10.3,1.9,2.6,14.6,27.1,,0.2,0.5,0.7,.069,,-0.7,-0.3,-1.0,0.1,randoan01
346,Zach Randolph,PF,29,MEM,75,2724,22.6,.552,.036,.333,14.2,26.0,20.1,10.2,1.2,0.7,10.0,25.0,,6.8,3.7,10.5,.185,,3.8,-1.2,2.6,3.2,randoza01
347,Theo Ratliff,C,37,LAL,10,71,4.4,.145,.000,.333,9.9,10.8,10.4,5.5,1.5,5.4,30.4,6.3,,-0.1,0.1,0.0,.000,,-4.9,1.4,-3.5,0.0,ratlith01
348,Andy Rautins,SG,24,NYK,5,24,-1.2,.508,.571,.286,0.0,4.8,2.4,18.7,2.1,0.0,47.0,27.5,,-0.2,0.0,-0.2,-0.314,,-8.0,-5.2,-13.2,-0.1,rautian01
349,Michael Redd,SG,31,MIL,10,134,9.7,.470,.378,.089,0.0,7.1,3.5,15.6,0.8,0.6,7.9,17.7,,0.0,0.1,0.1,.048,,-2.6,-1.4,-4.0,-0.1,reddmi01
350,J.J. Redick,SG,26,ORL,59,1513,12.8,.589,.490,.286,0.5,8.1,4.4,11.0,1.0,0.2,9.5,17.0,,2.7,1.8,4.5,.142,,0.4,0.7,1.1,1.2,redicjj01
351,Jason Richardson,SG,30,TOT,80,2715,15.0,.555,.454,.151,2.9,11.1,7.1,9.2,1.8,0.4,7.8,20.6,,3.6,3.3,6.9,.123,,1.2,0.5,1.7,2.5,richaja01
351,Jason Richardson,SG,30,PHO,25,796,19.1,.574,.380,.185,4.8,11.3,8.0,7.9,1.7,0.3,6.7,25.5,,1.5,0.4,1.9,.117,,3.2,-1.4,1.7,0.7,richaja01
351,Jason Richardson,SG,30,ORL,55,1919,13.2,.543,.496,.130,2.1,11.0,6.7,9.7,1.8,0.4,8.4,18.6,,2.1,2.9,5.0,.125,,0.4,1.3,1.6,1.7,richaja01
352,Quentin Richardson,SF,30,ORL,57,955,8.1,.454,.573,.173,4.9,16.6,10.9,6.1,1.4,0.4,10.7,14.9,,-0.2,1.5,1.3,.067,,-2.4,0.9,-1.5,0.1,richaqu01
353,Luke Ridnour,PG,29,MIN,71,2159,15.0,.567,.270,.201,1.9,8.6,5.1,28.1,2.1,0.4,17.6,17.8,,3.2,0.8,4.0,.089,,0.7,-0.7,0.0,1.1,ridnolu01
354,Nate Robinson,PG,26,TOT,59,1013,10.0,.507,.532,.117,1.9,8.6,5.5,17.8,1.5,0.3,14.7,21.9,,-0.4,1.5,1.1,.051,,-2.5,-0.1,-2.6,-0.2,robinna01
354,Nate Robinson,PG,26,BOS,55,983,10.2,.512,.532,.111,2.0,8.7,5.6,17.4,1.6,0.3,14.8,21.7,,-0.3,1.5,1.1,.054,,-2.3,0.0,-2.3,-0.1,robinna01
354,Nate Robinson,PG,26,OKC,4,30,3.3,.388,.533,.267,0.0,3.8,2.0,31.6,0.0,0.0,10.7,28.4,,0.0,0.0,0.0,-0.063,,-7.8,-5.1,-12.9,-0.1,robinna01
355,Rajon Rondo,PG,24,BOS,68,2527,17.1,.495,.064,.197,4.5,9.7,7.2,47.1,3.2,0.3,24.3,18.3,,1.8,4.8,6.6,.126,,1.6,1.4,3.1,3.2,rondora01
356,Derrick Rose,PG,22,CHI,81,3026,23.5,.550,.241,.348,3.2,9.4,6.4,38.7,1.5,1.3,13.1,32.2,,8.3,4.8,13.1,.208,,6.3,0.5,6.8,6.7,rosede01
357,Quinton Ross,SF,29,NJN,36,353,3.7,.437,.051,.237,3.3,6.9,5.0,4.3,0.5,1.3,9.7,9.5,,-0.1,0.1,0.0,-0.007,,-5.3,-0.8,-6.2,-0.4,rossqu01
358,Brandon Roy,SG,26,POR,47,1310,13.9,.491,.218,.264,2.5,9.1,5.6,16.8,1.5,0.8,8.6,22.8,,1.2,0.9,2.1,.077,,0.2,-0.4,-0.2,0.6,roybr01
359,Brandon Rush,SG,25,IND,67,1754,10.6,.540,.433,.206,2.1,11.6,6.9,5.6,1.2,1.5,10.9,15.9,,0.9,1.7,2.6,.070,,-0.9,0.0,-0.8,0.5,rushbr01
360,John Salmons,SG,31,MIL,73,2554,12.8,.510,.244,.267,1.2,11.2,6.1,17.5,1.5,0.9,12.0,20.9,,0.9,3.4,4.3,.081,,-0.9,0.7,-0.3,1.1,salmojo01
361,Samardo Samuels,PF,22,CLE,37,701,11.7,.498,.012,.456,12.0,14.0,13.0,4.2,1.1,2.0,15.5,22.1,,-0.3,0.3,0.0,.002,,-3.6,-2.2,-5.8,-0.7,samuesa01
362,Larry Sanders,C,22,MIL,60,872,11.0,.448,.000,.187,7.7,16.3,11.9,3.2,1.3,6.5,11.6,17.6,,-0.7,1.8,1.0,.057,,-5.2,1.7,-3.5,-0.3,sandela01
363,Brian Scalabrine,PF,32,CHI,18,88,6.5,.526,.263,.000,1.4,9.1,5.3,10.4,1.8,3.5,20.8,12.5,,0.0,0.2,0.1,.071,,-6.5,2.7,-3.8,0.0,scalabr01
364,Luis Scola,PF,30,HOU,74,2412,18.4,.538,.003,.257,6.9,21.6,14.2,13.7,1.0,1.3,10.5,25.7,,3.3,2.2,5.5,.110,,0.4,-0.8,-0.4,1.0,scolalu01
365,Thabo Sefolosha,SG,26,OKC,79,2049,10.4,.545,.306,.237,3.8,15.5,9.9,7.9,2.5,1.4,13.0,9.4,,1.6,2.5,4.1,.097,,-1.3,1.9,0.6,1.3,sefolth01
366,Kevin Séraphin,PF,21,WAS,58,635,8.4,.479,.000,.211,13.9,13.4,13.7,2.4,1.4,3.4,20.7,14.1,,-0.2,0.5,0.2,.017,,-5.8,-1.0,-6.9,-0.8,serapke01
367,Ramon Sessions,PG,24,CLE,81,2133,19.0,.559,.019,.545,2.4,11.6,6.9,35.0,1.5,0.3,15.6,24.2,,3.8,0.6,4.4,.099,,1.8,-1.4,0.3,1.3,sessira01
368,Mustafa Shakur,PG,26,WAS,22,159,6.8,.389,.169,.254,4.8,11.2,7.9,24.9,1.6,1.4,21.5,23.2,,-0.5,0.1,-0.4,-0.112,,-4.7,-1.9,-6.6,-0.2,shakumu01
369,Garret Siler,C,24,PHO,21,101,13.5,.553,.000,.710,18.3,13.7,16.0,4.7,0.5,2.9,19.7,22.6,,0.1,0.1,0.1,.054,,-3.5,-2.3,-5.8,-0.1,silerga01
370,Bobby Simmons,SF,30,SAS,2,16,-5.5,.000,1.000,.000,0.0,0.0,0.0,15.7,0.0,0.0,0.0,8.6,,0.0,0.0,0.0,-0.138,,-8.9,-2.9,-11.8,0.0,simmobo01
371,Brian Skinner,C,34,MIL,2,6,0.0,,,,0.0,0.0,0.0,0.0,0.0,0.0,,0.0,,0.0,0.0,0.0,.023,,-3.8,-0.6,-4.3,0.0,skinnbr01
372,Craig Smith,PF,27,LAC,48,586,15.4,.592,.027,.362,8.7,14.7,11.7,9.1,1.4,0.9,13.2,19.1,,1.0,0.4,1.5,.120,,-0.8,-0.3,-1.1,0.1,smithcr01
373,Ish Smith,PG,22,TOT,43,442,7.6,.406,.087,.183,1.8,10.3,6.1,25.5,2.1,0.3,21.5,15.9,,-0.5,0.4,-0.1,-0.016,,-4.5,-0.5,-5.0,-0.3,smithis01
373,Ish Smith,PG,22,HOU,28,329,8.8,.423,.096,.120,2.1,12.4,7.2,27.8,2.0,0.4,22.9,15.2,,-0.2,0.3,0.0,.002,,-3.7,-0.1,-3.8,-0.1,smithis01
373,Ish Smith,PG,22,MEM,15,113,4.3,.366,.063,.344,1.0,4.3,2.6,18.8,2.3,0.0,17.8,17.9,,-0.3,0.1,-0.2,-0.066,,-7.0,-1.5,-8.5,-0.2,smithis01
374,J.R. Smith,SF,25,DEN,79,1968,16.4,.550,.406,.282,2.7,15.8,9.4,14.2,2.3,0.6,10.2,22.2,,2.6,2.3,5.0,.121,,1.1,0.6,1.7,1.9,smithjr01
375,Jason Smith,C,24,NOH,77,1102,10.8,.490,.007,.228,9.8,16.9,13.3,5.3,1.3,2.4,13.6,16.9,,0.2,1.4,1.6,.070,,-3.6,0.1,-3.5,-0.4,smithja02
376,Joe Smith,PF,35,TOT,16,69,-0.1,.237,.000,.125,5.1,28.9,17.3,8.0,0.0,4.4,22.9,14.5,,-0.3,0.1,-0.1,-0.099,,-10.1,0.8,-9.2,-0.1,smithjo02
376,Joe Smith,PF,35,NJN,4,25,-3.9,.250,.000,.000,4.6,9.7,7.1,5.8,0.0,0.0,33.3,11.1,,-0.1,0.0,-0.1,-0.159,,-8.6,-1.5,-10.1,-0.1,smithjo02
376,Joe Smith,PF,35,LAL,12,44,2.1,.233,.000,.167,5.3,39.9,23.2,9.2,0.0,6.9,18.9,16.5,,-0.2,0.1,-0.1,-0.065,,-10.9,2.2,-8.7,-0.1,smithjo02
377,Josh Smith,PF,25,ATL,77,2645,19.2,.540,.148,.304,6.2,23.7,15.0,17.1,2.0,3.5,14.3,24.7,,1.9,4.5,6.4,.116,,1.0,1.7,2.8,3.2,smithjo03
378,Darius Songaila,C,32,PHI,10,71,1.2,.477,.000,.267,3.2,13.0,8.1,4.1,0.0,0.0,19.3,13.5,,-0.1,0.1,0.0,-0.019,,-8.9,-1.4,-10.3,-0.1,songada01
379,Marreese Speights,C,23,PHI,64,734,15.3,.532,.014,.251,10.1,22.9,16.5,7.0,0.6,2.0,11.0,22.8,,0.7,1.0,1.7,.110,,-2.2,-0.8,-3.0,-0.2,speigma01
380,Tiago Splitter,C,26,SAS,60,738,16.0,.550,.005,.733,11.6,19.8,15.8,5.3,2.0,1.6,11.2,17.7,,1.1,1.1,2.3,.149,,-1.3,0.5,-0.8,0.2,splitti01
381,Jerry Stackhouse,SG,36,MIA,7,50,6.0,.398,.333,.583,2.5,13.4,8.3,8.5,0.0,3.1,11.7,16.0,,-0.1,0.1,0.0,.005,,-4.5,-1.7,-6.2,-0.1,stackje01
382,Lance Stephenson,SG,20,IND,12,115,5.5,.410,.128,.359,1.0,16.3,8.7,28.3,1.8,0.0,26.2,23.5,,-0.4,0.1,-0.2,-0.093,,-6.5,-0.6,-7.2,-0.2,stephla01
383,DeShawn Stevenson,SG,29,DAL,72,1158,9.8,.549,.755,.130,2.1,8.4,5.4,10.0,1.0,0.3,11.2,15.9,,0.8,1.0,1.8,.074,,-0.1,-0.3,-0.4,0.5,stevede01
384,Peja Stojaković,SF,33,TOT,33,617,15.2,.588,.599,.110,2.8,11.3,7.1,7.7,1.1,0.2,6.7,19.4,,1.1,0.6,1.6,.126,,2.5,-0.4,2.1,0.6,stojape01
384,Peja Stojaković,SF,33,NOH,6,89,16.7,.624,.758,.212,0.0,8.3,4.1,11.5,1.2,0.0,10.0,21.5,,0.2,0.1,0.3,.144,,4.8,-1.0,3.8,0.1,stojape01
384,Peja Stojaković,SF,33,TOR,2,22,34.0,.919,.600,.200,0.0,16.6,8.1,9.5,0.0,0.0,15.5,26.2,,0.1,0.0,0.1,.242,,15.3,0.1,15.5,0.1,stojape01
384,Peja Stojaković,SF,33,DAL,25,506,14.1,.563,.571,.087,3.4,11.6,7.6,7.0,1.1,0.3,5.4,18.7,,0.7,0.5,1.2,.118,,1.5,-0.3,1.3,0.4,stojape01
385,Amar'e Stoudemire,C,28,NYK,78,2870,22.7,.565,.016,.403,7.8,17.6,12.7,13.2,1.2,3.8,12.5,30.9,,5.4,2.6,8.0,.134,,2.0,-0.6,1.4,2.4,stoudam01
386,Rodney Stuckey,PG,24,DET,70,2183,18.4,.544,.109,.461,3.7,8.6,6.0,27.5,1.9,0.4,13.5,24.5,,4.4,0.6,5.0,.111,,1.5,-1.4,0.2,1.2,stuckro01
387,DaJuan Summers,SF,23,DET,22,199,4.4,.476,.304,.290,1.2,6.4,3.7,1.6,0.8,0.4,14.3,21.3,,-0.3,0.0,-0.3,-0.083,,-5.7,-3.8,-9.5,-0.4,summeda01
388,Pape Sy,SF,22,ATL,3,21,9.2,.478,.167,.500,11.6,5.7,8.6,14.5,2.6,0.0,29.1,23.3,,0.0,0.0,0.0,-0.047,,-3.5,-2.5,-6.0,0.0,sypa01
389,Jermaine Taylor,SG,24,TOT,34,483,12.2,.535,.230,.143,6.0,8.7,7.3,11.1,1.5,0.7,18.1,22.9,,-0.1,0.3,0.1,.014,,-1.4,-2.2,-3.6,-0.2,tayloje02
389,Jermaine Taylor,SG,24,HOU,8,77,13.3,.563,.156,.188,1.5,11.8,6.6,4.4,1.3,1.8,14.8,23.3,,0.0,0.1,0.0,.027,,-0.7,-1.0,-1.8,0.0,tayloje02
389,Jermaine Taylor,SG,24,SAC,26,406,12.0,.530,.244,.134,6.8,8.1,7.4,12.4,1.5,0.5,18.7,22.8,,-0.1,0.2,0.1,.011,,-1.5,-2.4,-3.9,-0.2,tayloje02
390,Jeff Teague,PG,22,ATL,70,963,14.6,.521,.158,.319,1.4,11.3,6.4,23.3,2.5,2.0,15.6,20.3,,0.4,1.2,1.7,.083,,-0.8,1.3,0.5,0.6,teaguje01
391,Sebastian Telfair,PG,25,MIN,37,711,10.5,.497,.324,.249,2.6,5.9,4.2,24.2,1.7,0.3,19.3,19.9,,0.0,0.2,0.1,.008,,-1.9,-1.6,-3.5,-0.3,telfase01
392,Garrett Temple,PG-SG,24,TOT,24,230,4.7,.378,.544,.250,0.5,11.6,6.0,21.9,2.6,2.1,23.4,20.1,,-0.7,0.3,-0.4,-0.085,,-6.2,-0.2,-6.4,-0.3,templga01
392,Garrett Temple,SG,24,SAS,3,21,0.6,.170,.200,.400,5.7,5.4,5.5,12.7,2.5,3.4,14.5,15.1,,-0.1,0.0,-0.1,-0.135,,-6.2,0.8,-5.4,0.0,templga01
392,Garrett Temple,SG,24,MIL,9,83,3.1,.373,.476,.190,0.0,8.6,4.2,11.6,0.6,0.9,8.1,14.0,,-0.1,0.1,0.0,-0.019,,-6.4,0.0,-6.4,-0.1,templga01
392,Garrett Temple,PG,24,CHA,12,126,6.4,.406,.619,.262,0.0,14.5,7.2,30.2,3.8,2.6,29.9,24.9,,-0.5,0.2,-0.3,-0.119,,-6.2,-0.4,-6.6,-0.1,templga01
393,Jason Terry,SG,33,DAL,82,2564,15.9,.545,.322,.196,1.1,5.7,3.5,22.2,1.9,0.4,12.4,24.7,,2.8,2.5,5.3,.100,,1.0,-0.1,0.9,1.9,terryja01
394,Hasheem Thabeet,C,23,TOT,47,373,4.7,.478,.000,.875,7.6,16.5,12.0,1.4,1.3,3.5,23.5,8.7,,-0.2,0.5,0.3,.043,,-6.5,0.9,-5.7,-0.3,thabeha01
394,Hasheem Thabeet,C,23,MEM,45,369,4.9,.487,.000,.897,7.7,16.7,12.1,1.4,1.3,3.3,23.8,8.7,,-0.1,0.5,0.3,.045,,-6.3,0.8,-5.5,-0.3,thabeha01
394,Hasheem Thabeet,C,23,HOU,2,4,-13.6,.000,.000,.000,0.0,0.0,0.0,0.0,0.0,17.4,0.0,11.0,,0.0,0.0,0.0,-0.179,,-23.1,3.2,-19.9,0.0,thabeha01
395,Etan Thomas,C,32,ATL,13,82,15.1,.580,.000,.714,8.9,24.8,16.9,3.9,0.7,3.7,15.3,18.9,,0.1,0.1,0.2,.130,,-1.9,0.3,-1.7,0.0,thomaet01
396,Kurt Thomas,PF,38,CHI,52,1178,10.0,.527,.005,.172,7.7,21.9,15.0,7.4,1.4,2.7,17.3,9.4,,0.7,2.6,3.2,.131,,-3.4,2.8,-0.6,0.4,thomaku01
397,Tyrus Thomas,C,24,CHA,41,861,18.2,.536,.009,.411,9.1,22.5,15.8,6.2,1.9,6.2,14.3,24.9,,0.4,1.5,1.8,.103,,-1.8,1.2,-0.6,0.3,thomaty01
398,Jason Thompson,PF,24,SAC,75,1748,13.6,.533,.006,.375,9.1,20.7,14.8,7.9,0.8,1.8,13.7,17.9,,1.4,1.5,2.9,.079,,-1.7,-0.5,-2.2,-0.1,thompja02
399,Al Thornton,SF-PF,27,TOT,71,1383,11.7,.531,.060,.329,4.5,13.4,8.8,7.2,1.3,0.7,11.5,17.8,,1.0,0.6,1.6,.054,,-2.4,-1.0,-3.3,-0.4,thornal01
399,Al Thornton,SF,27,WAS,49,1069,11.8,.525,.076,.327,4.7,12.2,8.3,7.7,1.3,0.6,10.5,17.3,,0.9,0.4,1.3,.058,,-1.8,-0.9,-2.7,-0.2,thornal01
399,Al Thornton,PF,27,GSW,22,314,11.3,.549,.010,.337,3.5,17.4,10.3,5.3,1.1,0.7,14.3,19.6,,0.1,0.2,0.3,.042,,-4.1,-1.3,-5.5,-0.3,thornal01
400,Marcus Thornton,SG,23,TOT,73,1775,16.5,.525,.297,.228,4.0,13.3,8.6,13.2,1.9,0.4,9.5,24.9,,1.9,1.6,3.5,.095,,1.4,-0.4,1.0,1.3,thornma01
400,Marcus Thornton,SG,23,NOH,46,745,14.0,.494,.278,.198,4.1,17.4,10.7,10.3,1.4,0.4,9.2,25.6,,0.0,0.9,0.9,.057,,0.2,-0.5,-0.3,0.3,thornma01
400,Marcus Thornton,SG,23,SAC,27,1030,18.2,.547,.311,.249,3.9,10.3,7.0,15.3,2.2,0.4,9.6,24.4,,1.9,0.8,2.6,.123,,2.3,-0.4,1.9,1.0,thornma01
401,Anthony Tolliver,SF,25,MIN,65,1362,13.3,.585,.367,.419,7.3,17.0,12.0,8.9,1.0,1.6,11.7,13.1,,2.6,0.7,3.3,.115,,0.1,0.0,0.0,0.7,tollian01
402,Ronny Turiaf,C,28,NYK,64,1141,13.6,.648,.000,.601,6.4,14.4,10.4,11.5,1.5,4.7,16.6,9.6,,2.1,1.1,3.2,.134,,-0.8,2.2,1.4,1.0,turiaro01
403,Hedo Türkoğlu,SF-PF,31,TOT,81,2540,13.4,.555,.429,.216,2.1,14.0,8.2,21.5,1.5,1.0,14.3,16.7,,3.4,3.4,6.8,.129,,0.3,1.4,1.7,2.3,turkohe01
403,Hedo Türkoğlu,PF,31,PHO,25,630,13.1,.567,.503,.187,3.7,14.7,9.2,13.7,1.5,1.6,12.9,17.2,,0.8,0.4,1.2,.092,,0.5,0.3,0.8,0.4,turkohe01
403,Hedo Türkoğlu,SF,31,ORL,56,1910,13.6,.550,.403,.227,1.6,13.8,7.8,24.0,1.5,0.8,14.8,16.6,,2.7,3.0,5.6,.142,,0.2,1.8,2.0,1.9,turkohe01
404,Evan Turner,SG,22,PHI,78,1797,10.8,.484,.083,.236,2.7,16.9,9.8,13.4,1.4,0.6,12.0,17.0,,0.0,2.2,2.3,.060,,-2.6,0.4,-2.2,-0.1,turneev01
405,Ekpe Udoh,C,23,GSW,58,1030,9.7,.472,.000,.288,8.6,11.4,10.0,5.4,1.1,6.4,16.1,12.8,,0.0,0.7,0.7,.032,,-4.4,0.6,-3.8,-0.5,udohek01
406,Ime Udoka,SF,33,SAS,20,130,5.3,.285,.381,.381,4.6,12.2,8.5,13.2,3.2,0.5,16.9,10.4,,-0.2,0.2,0.0,.008,,-5.9,2.8,-3.1,0.0,udokaim01
407,Beno Udrih,PG,28,SAC,79,2734,15.7,.587,.221,.277,1.7,9.6,5.5,22.1,1.7,0.2,13.2,16.9,,5.6,1.6,7.2,.126,,0.5,0.0,0.5,1.7,udrihbe01
408,Ben Uzoh,PG,22,NJN,42,438,14.7,.468,.056,.389,7.9,8.6,8.2,26.7,1.6,1.4,12.9,20.5,,0.2,0.2,0.5,.054,,0.4,-1.0,-0.6,0.2,uzohbe01
409,Anderson Varejão,C,28,CLE,31,994,15.2,.560,.009,.375,11.0,24.1,17.4,7.4,1.4,2.9,13.7,13.3,,1.3,0.9,2.2,.105,,-0.9,0.1,-0.8,0.3,varejan01
410,Greivis Vásquez,PG,24,MEM,70,860,9.4,.493,.369,.189,1.7,8.6,5.1,25.3,1.3,0.4,21.7,16.9,,-0.1,0.7,0.5,.030,,-2.4,-0.9,-3.3,-0.3,vasqugr01
411,Charlie Villanueva,PF,26,DET,76,1666,15.9,.553,.456,.164,3.5,18.8,10.8,5.0,1.4,2.0,8.0,23.1,,2.1,1.0,3.1,.091,,1.0,-1.4,-0.4,0.7,villach01
412,Sasha Vujačić,SG,26,TOT,67,1648,12.3,.515,.440,.161,2.1,11.5,6.7,13.7,1.7,0.2,9.4,19.8,,1.1,1.0,2.1,.061,,-1.0,-0.5,-1.5,0.2,vujacsa01
412,Sasha Vujačić,SG,26,LAL,11,54,3.4,.419,.304,.087,2.2,6.1,4.2,14.5,1.0,0.0,17.3,24.4,,-0.1,0.0,-0.1,-0.082,,-7.2,-3.3,-10.5,-0.1,vujacsa01
412,Sasha Vujačić,SG,26,NJN,56,1594,12.6,.518,.446,.164,2.1,11.7,6.7,13.6,1.8,0.2,9.0,19.6,,1.2,1.0,2.2,.066,,-0.8,-0.4,-1.2,0.3,vujacsa01
413,Dwyane Wade*,SG,29,MIA,76,2823,25.6,.581,.149,.471,5.5,14.4,10.2,23.5,2.1,2.4,12.4,31.6,,8.1,4.7,12.8,.218,,5.5,1.1,6.6,6.1,wadedw01
414,Von Wafer,SG,25,BOS,58,553,10.6,.524,.421,.239,1.7,8.8,5.5,9.8,1.7,0.7,10.2,17.0,,0.2,0.9,1.1,.092,,-2.3,0.9,-1.4,0.1,wafervo01
415,Henry Walker,SG,23,NYK,61,784,11.3,.583,.648,.186,2.3,15.6,8.9,6.6,1.3,0.6,12.7,16.6,,0.7,0.4,1.1,.069,,-0.6,-1.2,-1.8,0.0,walkebi01
416,John Wall,PG,20,WAS,69,2606,15.8,.494,.118,.404,1.5,12.8,6.9,36.0,2.4,1.0,18.6,23.8,,0.3,1.9,2.2,.041,,0.0,-0.8,-0.8,0.8,walljo01
417,Ben Wallace*,C,36,DET,54,1238,12.3,.442,.013,.383,12.2,22.9,17.3,8.1,2.3,3.5,20.2,8.2,,0.5,1.4,1.9,.072,,-1.3,1.3,0.0,0.6,wallabe01
418,Gerald Wallace,SF-PF,28,TOT,71,2693,16.2,.548,.219,.439,4.9,21.0,12.8,10.9,2.1,1.9,13.0,20.3,,2.6,3.6,6.2,.111,,0.4,1.1,1.5,2.4,wallage01
418,Gerald Wallace,SF,28,CHA,48,1872,15.0,.530,.182,.488,4.6,21.0,12.7,10.5,1.7,2.1,12.4,20.2,,1.3,2.3,3.6,.092,,-0.3,0.7,0.4,1.1,wallage01
418,Gerald Wallace,PF,28,POR,23,821,18.9,.590,.297,.335,5.6,21.2,13.0,11.9,3.1,1.5,14.4,20.5,,1.3,1.3,2.6,.153,,1.9,2.1,3.9,1.2,wallage01
419,Luke Walton,SF,30,LAL,54,484,5.1,.378,.293,.086,2.2,13.1,7.8,18.0,1.0,0.6,20.5,14.3,,-0.7,0.5,-0.2,-0.016,,-4.8,-0.2,-5.0,-0.4,waltolu01
420,Willie Warren,PG,21,LAC,19,134,10.8,.480,.429,.229,0.9,9.5,5.2,30.4,2.3,0.0,17.2,15.5,,0.1,0.1,0.2,.065,,-2.4,-0.3,-2.7,0.0,warrewi01
421,Hakim Warrick,PF,28,PHO,80,1416,16.5,.581,.025,.659,7.2,17.0,12.1,7.6,1.1,0.5,12.1,20.9,,2.6,0.8,3.4,.116,,0.1,-1.0,-1.0,0.3,warriha01
422,C.J. Watson,PG,26,CHI,82,1091,12.8,.466,.284,.236,1.8,8.1,5.0,26.9,2.7,0.8,14.4,21.4,,0.2,2.0,2.1,.093,,-1.4,1.1,-0.3,0.5,watsocj01
423,Earl Watson,PG,31,UTA,80,1567,10.2,.500,.349,.267,4.0,10.1,7.0,25.7,2.1,0.9,25.3,13.4,,0.2,0.8,1.0,.030,,-1.9,-0.3,-2.1,-0.1,watsoea01
424,Kyle Weaver,SG,24,UTA,5,69,11.3,.491,.280,.320,3.5,14.1,8.7,15.8,1.5,2.4,19.7,23.6,,-0.1,0.0,0.0,-0.018,,-1.5,-1.2,-2.7,0.0,weaveky01
425,Martell Webster,SF,24,MIN,46,1094,12.4,.575,.388,.359,3.6,11.6,7.5,7.5,1.3,0.6,12.8,17.6,,1.4,0.3,1.8,.077,,-0.4,-0.9,-1.3,0.2,webstma02
426,Sonny Weems,SF,24,TOR,59,1413,10.2,.492,.119,.183,3.2,9.8,6.4,11.6,1.2,0.1,13.4,20.3,,-0.4,0.0,-0.4,-0.013,,-2.5,-2.2,-4.6,-0.9,weemsso01
427,David West,PF,30,NOH,70,2451,20.4,.558,.009,.314,7.6,18.7,13.1,12.7,1.5,2.1,10.7,25.8,,4.4,3.4,7.8,.152,,2.2,0.6,2.8,3.0,westda01
428,Delonte West,PG,27,BOS,24,453,12.3,.533,.275,.125,1.7,8.0,5.0,22.0,2.3,1.7,19.2,16.6,,0.1,0.8,0.9,.093,,-0.5,2.3,1.8,0.4,westde01
429,Mario West,SG,26,NJN,6,116,9.1,.474,.190,.238,2.0,9.4,5.6,13.2,3.2,0.0,7.9,10.1,,0.1,0.1,0.2,.069,,-5.5,1.3,-4.2,-0.1,westma02
430,Russell Westbrook,PG,22,OKC,82,2847,23.6,.538,.074,.454,5.2,10.3,7.8,42.7,2.8,0.8,15.9,31.6,,6.3,3.1,9.4,.159,,4.3,-0.1,4.2,4.4,westbru01
431,D.J. White,C-PF,24,TOT,47,685,15.3,.542,.009,.292,7.6,20.0,13.8,4.9,0.9,2.3,5.4,17.7,,1.1,0.7,1.8,.128,,-0.6,-0.5,-1.1,0.2,whitedj01
431,D.J. White,PF,24,OKC,23,219,10.1,.468,.000,.154,6.6,20.7,13.9,2.9,1.4,2.7,9.2,15.8,,0.0,0.3,0.3,.056,,-3.9,0.2,-3.7,-0.1,whitedj01
431,D.J. White,C,24,CHA,24,466,17.7,.571,.013,.351,8.0,19.6,13.8,5.8,0.7,2.1,3.8,18.6,,1.1,0.4,1.6,.161,,1.0,-0.9,0.1,0.2,whitedj01
432,Hassan Whiteside,C,21,SAC,1,2,-17.9,,,,0.0,0.0,0.0,0.0,0.0,0.0,,0.0,,0.0,0.0,0.0,.007,,-27.9,0.0,-27.9,0.0,whiteha01
433,Chris Wilcox,PF,28,DET,57,995,18.0,.587,.003,.276,11.2,22.7,16.7,7.4,1.6,1.4,10.6,18.9,,2.0,0.8,2.8,.133,,-0.3,-1.1,-1.4,0.2,wilcoch01
434,Damien Wilkins,SF,31,ATL,52,676,11.4,.557,.073,.409,4.1,11.9,8.0,9.3,2.1,1.0,11.5,12.8,,0.7,0.8,1.5,.104,,-2.4,1.4,-1.0,0.2,wilkida02
435,Deron Williams,PG,26,TOT,65,2465,21.1,.566,.325,.423,1.9,10.9,6.3,45.9,1.7,0.5,16.6,25.8,,6.2,1.1,7.3,.142,,4.3,-1.3,3.0,3.1,willide01
435,Deron Williams,PG,26,UTA,53,2009,22.1,.587,.320,.439,1.9,10.5,6.2,43.6,1.7,0.5,16.3,26.2,,5.9,0.8,6.7,.159,,5.0,-1.2,3.7,2.9,willide01
435,Deron Williams,PG,26,NJN,12,456,17.0,.463,.349,.343,2.0,12.5,7.1,55.9,1.8,0.5,18.1,24.2,,0.3,0.3,0.6,.066,,1.4,-1.5,-0.1,0.2,willide01
436,Jason Williams,PG,35,TOT,27,295,8.4,.403,.567,.000,1.2,10.6,6.0,25.1,2.0,0.3,21.2,13.2,,-0.2,0.4,0.2,.031,,-2.3,0.7,-1.6,0.0,willija02
436,Jason Williams,PG,35,ORL,16,171,8.5,.434,.605,.000,2.1,12.6,7.5,21.0,2.5,0.0,22.4,13.3,,-0.1,0.3,0.2,.053,,-2.6,2.3,-0.3,0.1,willija02
436,Jason Williams,PG,35,MEM,11,124,8.2,.362,.517,.000,0.0,7.8,3.9,30.8,1.3,0.7,19.4,13.1,,-0.1,0.1,0.0,.000,,-1.8,-1.5,-3.3,0.0,willija02
437,Jawad Williams,SF,27,CLE,26,391,4.8,.396,.357,.095,2.0,12.4,7.1,9.0,1.2,0.6,10.9,17.1,,-0.6,0.1,-0.5,-0.067,,-5.5,-1.4,-6.8,-0.5,willija04
438,Lou Williams,SG,24,PHI,75,1747,18.9,.540,.318,.448,2.1,7.7,4.9,24.1,1.4,0.7,9.7,27.8,,3.5,1.6,5.1,.141,,3.0,-0.7,2.3,1.9,willilo02
439,Marvin Williams,SF,24,ATL,65,1865,13.5,.551,.205,.324,4.4,15.7,10.1,7.6,1.0,0.9,9.2,17.2,,2.3,1.7,4.0,.102,,-0.3,-0.5,-0.8,0.6,willima02
440,Mo Williams,PG,28,TOT,58,1788,13.9,.503,.334,.242,1.3,8.7,5.0,36.9,1.5,0.4,17.5,24.7,,0.4,0.6,1.0,.026,,-0.1,-2.2,-2.4,-0.2,willima01
440,Mo Williams,PG,28,CLE,36,1065,13.8,.471,.294,.221,1.6,9.1,5.2,42.8,1.6,0.7,17.2,26.0,,-0.4,0.3,-0.1,-0.005,,-0.3,-2.5,-2.8,-0.2,willima01
440,Mo Williams,PG,28,LAC,22,723,14.0,.556,.403,.280,1.0,8.0,4.5,28.2,1.4,0.0,18.0,22.7,,0.8,0.3,1.1,.073,,0.1,-1.9,-1.8,0.1,willima01
441,Reggie Williams,SF,24,GSW,80,1626,14.9,.585,.421,.234,3.1,12.2,7.5,11.4,0.9,0.1,8.3,18.7,,3.4,0.3,3.7,.109,,1.6,-1.8,-0.2,0.7,willire02
442,Shawne Williams,PF,24,NYK,64,1323,12.2,.558,.551,.127,5.1,15.6,10.3,5.3,1.5,2.8,10.2,15.2,,1.4,1.1,2.5,.089,,-0.5,-0.2,-0.7,0.4,willish03
443,Shelden Williams,PF,27,TOT,59,911,12.3,.522,.000,.341,12.0,22.3,17.3,5.1,1.3,2.1,14.5,14.5,,0.9,1.1,1.9,.102,,-2.3,-0.4,-2.7,-0.2,willish02
443,Shelden Williams,PF,27,DEN,42,713,11.3,.492,.000,.254,12.3,23.4,18.0,3.9,1.3,2.3,15.5,14.9,,0.2,0.9,1.2,.078,,-2.8,-0.3,-3.1,-0.2,willish02
443,Shelden Williams,PF,27,NYK,17,198,15.9,.638,.000,.744,10.9,18.0,14.4,9.5,1.3,1.5,10.4,13.0,,0.6,0.1,0.8,.188,,-0.7,-0.8,-1.5,0.0,willish02
444,Terrence Williams,SG,23,TOT,21,290,6.9,.427,.191,.183,1.6,19.3,10.3,22.0,1.6,0.0,21.0,24.7,,-0.8,0.2,-0.6,-0.096,,-5.3,-0.8,-6.0,-0.3,willite01
444,Terrence Williams,SG,23,NJN,10,206,6.2,.433,.164,.137,1.7,19.5,10.3,25.6,1.3,0.0,24.4,23.1,,-0.6,0.1,-0.4,-0.102,,-5.1,-0.3,-5.4,-0.2,willite01
444,Terrence Williams,SG,23,HOU,11,84,8.6,.416,.238,.262,1.3,18.9,10.1,13.2,2.4,0.0,14.6,28.8,,-0.2,0.1,-0.1,-0.080,,-5.7,-1.9,-7.6,-0.1,willite01
445,Metta World Peace,SF,31,LAL,82,2410,11.2,.485,.354,.207,4.9,7.6,6.3,10.7,2.7,1.1,11.1,15.3,,1.2,3.2,4.4,.088,,-1.4,1.5,0.2,1.3,artesro01
446,Antoine Wright,SG,26,SAC,7,31,-4.8,.125,.500,.000,7.2,3.8,5.5,0.0,1.6,0.0,11.1,12.6,,-0.1,0.0,-0.1,-0.179,,-11.2,-3.2,-14.3,-0.1,wrighan01
447,Brandan Wright,PF,23,TOT,37,379,15.9,.540,.000,.265,9.2,18.2,13.6,5.1,1.5,3.4,9.7,17.2,,0.4,0.4,0.8,.099,,-0.8,-0.6,-1.4,0.1,wrighbr03
447,Brandan Wright,PF,23,GSW,21,195,16.2,.600,.000,.222,8.0,16.1,11.9,4.1,0.8,3.9,12.6,17.9,,0.3,0.1,0.4,.091,,-0.6,-0.9,-1.5,0.0,wrighbr03
447,Brandan Wright,PF,23,NJN,16,184,15.5,.472,.000,.315,10.6,20.5,15.4,6.2,2.3,2.9,6.1,16.5,,0.2,0.2,0.4,.107,,-1.1,-0.3,-1.4,0.0,wrighbr03
448,Dorell Wright,SF,25,GSW,82,3147,15.0,.539,.450,.199,3.1,12.6,7.8,11.6,2.0,1.5,9.6,19.3,,3.9,1.8,5.8,.088,,1.3,-0.5,0.8,2.2,wrighdo01
449,Julian Wright,SF,23,TOR,52,766,12.1,.525,.063,.269,7.1,11.3,9.1,11.0,2.6,2.0,19.4,13.0,,0.2,0.4,0.6,.038,,-0.7,0.7,0.0,0.4,wrighju01
450,Nick Young,SG,25,WAS,64,2034,14.5,.538,.290,.244,1.4,8.6,4.9,6.6,1.1,0.6,8.0,24.4,,2.3,0.4,2.8,.065,,0.6,-1.8,-1.3,0.4,youngni01
451,Sam Young,SF,25,MEM,78,1577,12.5,.525,.101,.235,3.0,11.2,7.1,6.9,2.3,1.2,10.1,17.3,,1.1,1.8,2.9,.088,,-1.6,0.7,-0.9,0.5,youngsa01
452,Thaddeus Young,PF,22,PHI,82,2135,18.4,.566,.026,.205,8.3,15.2,11.7,6.7,2.2,0.9,9.7,22.1,,3.2,3.0,6.2,.139,,0.8,0.3,1.0,1.6,youngth01