Rk,Player,Pos,Age,Tm,G,MP,PER,TS%,3PAr,FTr,ORB%,DRB%,TRB%,AST%,STL%,BLK%,TOV%,USG%,,OWS,DWS,WS,WS/48,,OBPM,DBPM,BPM,VORP,Player-additional
1,Precious Achiuwa,PF-C,24,TOT,59,1360,14.9,.546,.217,.232,12.8,19.5,16.1,8.4,1.5,3.9,13.4,16.4,,1.0,1.9,2.9,.103,,-1.6,0.4,-1.2,0.3,achiupr01
1,Precious Achiuwa,C,24,TOR,25,437,14.9,.512,.276,.247,12.3,22.0,17.0,14.2,1.8,2.4,13.3,21.2,,0.0,0.5,0.5,.053,,-1.5,-0.1,-1.6,0.0,achiupr01
1,Precious Achiuwa,PF,24,NYK,34,923,14.8,.570,.175,.221,13.1,18.4,15.7,5.6,1.4,4.5,13.5,14.2,,1.0,1.5,2.4,.126,,-1.7,0.7,-1.0,0.2,achiupr01
2,Bam Adebayo,C,26,MIA,56,1933,19.5,.565,.019,.404,7.4,26.9,17.1,18.9,1.6,2.8,11.7,25.6,,1.9,3.3,5.2,.130,,0.4,1.4,1.8,1.9,adebaba01
3,Ochai Agbaji,SG,23,TOT,66,1296,7.4,.505,.529,.096,4.1,9.6,6.9,6.1,1.3,2.4,11.6,13.0,,-0.3,0.5,0.2,.008,,-3.5,-0.8,-4.3,-0.7,agbajoc01
3,Ochai Agbaji,SG,23,UTA,51,1003,8.1,.531,.570,.080,3.9,9.9,6.9,6.0,1.3,2.6,11.7,12.1,,0.1,0.4,0.5,.023,,-2.6,-0.4,-3.0,-0.3,agbajoc01
3,Ochai Agbaji,SG,23,TOR,15,293,5.2,.436,.419,.140,5.1,8.4,6.7,6.2,1.2,1.8,11.6,16.3,,-0.4,0.1,-0.3,-0.044,,-6.5,-2.1,-8.7,-0.5,agbajoc01
4,Santi Aldama,PF,23,MEM,54,1391,12.6,.530,.520,.149,4.8,19.4,11.9,13.4,1.3,2.9,10.6,18.6,,0.0,1.8,1.7,.059,,-1.0,0.4,-0.6,0.5,aldamsa01
5,Nickeil Alexander-Walker,SG,25,MIN,66,1544,10.7,.575,.620,.127,2.3,7.3,5.0,14.9,1.7,2.0,12.5,14.3,,1.1,2.4,3.5,.108,,-1.2,1.6,0.4,0.9,alexani01
6,Grayson Allen,SG,28,PHO,61,2054,13.5,.690,.652,.220,2.2,10.1,6.4,12.0,1.3,1.7,11.9,13.9,,3.8,1.7,5.5,.129,,0.9,0.1,1.1,1.6,allengr01
7,Jarrett Allen,C,25,CLE,61,1934,21.6,.657,.008,.399,12.0,25.2,18.8,12.8,1.1,3.3,11.7,19.3,,5.2,3.5,8.7,.215,,1.8,1.3,3.1,2.5,allenja01
8,Jose Alvarado,PG,25,NOP,45,774,13.0,.541,.579,.155,2.3,11.1,6.8,15.1,3.2,1.8,10.5,18.0,,0.3,1.2,1.6,.097,,-1.6,1.9,0.4,0.5,alvarjo01
9,Kyle Anderson,PF,30,MIN,63,1411,12.3,.523,.115,.332,4.1,13.2,8.9,24.8,1.7,2.0,17.2,14.3,,1.0,2.5,3.4,.117,,-1.6,2.5,0.9,1.0,anderky01
10,Giannis Antetokounmpo,PF,29,MIL,64,2240,30.0,.656,.095,.601,8.0,26.5,17.5,32.1,1.7,2.4,12.8,33.0,,8.6,3.2,11.7,.252,,6.7,2.2,8.9,6.2,antetgi01
11,Thanasis Antetokounmpo,PF,31,MIL,28,133,4.1,.484,.038,.077,5.1,4.0,4.5,12.2,1.8,2.5,30.9,12.6,,-0.2,0.1,-0.1,-0.031,,-7.7,-0.2,-7.9,-0.2,antetth01
12,Cole Anthony,PG,23,ORL,66,1512,14.2,.541,.347,.329,4.1,15.9,10.0,19.9,1.7,1.8,13.1,23.5,,0.7,2.2,2.9,.091,,-1.2,0.7,-0.5,0.6,anthoco01
13,OG Anunoby,SF,26,TOT,43,1465,13.4,.607,.472,.172,3.0,10.9,6.9,9.4,1.9,1.7,11.1,17.7,,1.3,1.4,2.6,.086,,-0.7,0.5,-0.2,0.7,anunoog01
13,OG Anunoby,SF,26,TOR,27,900,12.5,.598,.508,.143,2.9,10.2,6.4,11.2,1.5,1.3,11.2,18.2,,0.6,0.5,1.1,.057,,-0.9,-0.6,-1.6,0.1,anunoog01
13,OG Anunoby,SF,26,NYK,16,565,14.8,.623,.408,.223,3.3,12.0,7.7,6.4,2.5,2.5,10.9,16.8,,0.7,0.8,1.5,.131,,-0.3,2.4,2.1,0.6,anunoog01
14,Ryan Arcidiacono,PG,29,NYK,20,45,-1.9,.000,1.000,.000,0.0,19.8,9.9,10.4,2.2,0.0,25.0,7.6,,-0.1,0.1,-0.1,-0.086,,-11.7,2.0,-9.7,-0.1,arcidry01
15,Deni Avdija,SF,23,WAS,63,1830,14.8,.600,.285,.320,4.1,21.7,12.6,17.6,1.3,1.2,14.9,19.8,,1.4,1.2,2.5,.067,,-0.8,-0.2,-1.0,0.5,avdijde01
16,Deandre Ayton,C,25,POR,44,1416,18.5,.595,.004,.115,10.7,29.5,19.6,8.7,1.6,2.2,12.0,19.8,,1.5,1.8,3.3,.112,,0.2,-0.2,0.0,0.7,aytonde01
17,Udoka Azubuike,C,24,PHO,14,107,13.6,.652,.000,.500,12.2,20.9,16.8,3.8,0.5,5.0,13.0,12.4,,0.1,0.1,0.3,.121,,-2.5,0.0,-2.5,0.0,azubuud01
18,Ibou Badji,C,21,POR,18,203,8.4,.620,.000,.526,10.0,17.2,13.4,8.5,0.5,8.9,37.4,7.9,,0.0,0.2,0.2,.050,,-7.7,2.2,-5.5,-0.2,badjiib01
19,Marvin Bagley III,C,24,TOT,44,932,18.8,.616,.047,.331,13.6,18.4,15.9,8.8,0.9,2.5,11.4,21.0,,1.7,0.5,2.2,.114,,0.5,-1.6,-1.0,0.2,baglema01
19,Marvin Bagley III,C,24,DET,26,478,18.0,.638,.033,.337,10.6,17.1,13.8,8.8,0.5,2.5,12.2,20.9,,0.9,0.2,1.1,.111,,0.4,-1.6,-1.2,0.1,baglema01
19,Marvin Bagley III,C,24,WAS,18,454,19.7,.594,.061,.324,16.7,19.6,18.1,8.8,1.2,2.5,10.5,21.1,,0.8,0.3,1.1,.117,,0.7,-1.6,-0.9,0.1,baglema01
20,Amari Bailey,PG,19,CHO,4,16,2.0,.317,.429,.286,13.4,0.0,6.9,8.8,0.0,0.0,11.3,24.3,,-0.1,0.0,-0.1,-0.209,,-6.7,-6.2,-12.9,0.0,baileam01
21,Patrick Baldwin Jr.,SF,21,WAS,23,187,8.5,.494,.569,.224,5.0,27.1,15.7,6.1,1.0,1.7,11.2,16.1,,-0.1,0.1,0.0,.004,,-4.4,-1.4,-5.8,-0.2,baldwpa01
22,LaMelo Ball,PG,22,CHO,22,711,20.7,.561,.466,.246,4.4,13.7,8.8,42.8,2.8,0.5,15.0,34.0,,0.5,0.6,1.1,.077,,3.6,-0.4,3.2,0.9,ballla01
23,Mo Bamba,C,25,PHI,44,517,14.6,.553,.275,.232,12.4,23.1,17.6,8.2,1.3,7.2,16.5,15.6,,0.3,0.8,1.1,.102,,-2.9,0.8,-2.1,0.0,bambamo01
24,Paolo Banchero,PF,21,ORL,65,2270,17.5,.550,.235,.405,3.6,19.2,11.4,25.0,1.4,1.5,13.1,29.7,,1.1,3.2,4.3,.091,,1.4,0.1,1.4,2.0,banchpa01
25,Desmond Bane,SG,25,MEM,37,1277,19.0,.597,.460,.201,2.8,12.0,7.3,28.7,1.5,1.5,11.6,28.9,,1.6,1.3,2.9,.108,,3.4,0.1,3.5,1.8,banede01
26,Dalano Banton,PG,24,TOT,39,532,12.8,.507,.366,.295,6.0,14.8,10.2,16.5,1.4,1.5,11.7,23.4,,0.0,0.5,0.5,.044,,-1.3,-0.7,-2.0,0.0,bantoda01
26,Dalano Banton,PG,24,BOS,24,171,9.8,.468,.314,.392,7.9,13.7,11.0,14.0,1.4,1.5,14.3,17.7,,0.0,0.2,0.2,.064,,-4.8,0.6,-4.2,-0.1,bantoda01
26,Dalano Banton,PG,24,POR,15,361,14.2,.519,.381,.267,5.0,15.3,9.9,17.7,1.4,1.5,10.9,26.1,,0.0,0.3,0.3,.035,,0.3,-1.3,-1.0,0.1,bantoda01
27,Dominick Barlow,PF,20,SAS,29,374,15.6,.559,.087,.385,12.0,18.2,15.1,11.4,1.4,3.1,5.4,14.5,,0.7,0.3,1.0,.132,,-1.3,-0.2,-1.5,0.1,barlodo01
28,Harrison Barnes,PF,31,SAC,65,1906,12.0,.632,.544,.253,2.8,8.2,5.5,5.1,1.1,0.5,6.4,15.1,,2.8,1.0,3.8,.095,,-0.4,-1.3,-1.8,0.1,barneha02
29,Scottie Barnes,SG,22,TOR,60,2094,19.4,.566,.314,.266,7.2,18.8,12.9,25.7,1.7,3.7,13.6,24.8,,2.4,2.2,4.6,.104,,2.8,0.9,3.7,3.0,barnesc01
30,RJ Barrett,SG,23,TOT,53,1675,15.8,.576,.296,.322,3.0,15.5,9.2,15.9,0.8,1.1,10.6,25.7,,1.4,1.3,2.7,.078,,0.5,-1.4,-0.9,0.5,barrerj01
30,RJ Barrett,SG,23,NYK,26,766,14.3,.536,.335,.320,2.7,13.4,8.0,12.9,0.8,1.1,9.6,27.4,,0.4,0.8,1.2,.072,,-0.4,-1.6,-2.0,0.0,barrerj01
30,RJ Barrett,SG,23,TOR,27,909,17.1,.615,.258,.325,3.2,17.3,10.1,18.5,0.9,1.1,11.6,24.3,,1.0,0.5,1.6,.083,,1.2,-1.2,0.0,0.5,barrerj01
31,Charles Bassey,C,23,SAS,19,205,17.7,.739,.025,.150,12.0,28.4,20.1,14.0,1.8,7.0,26.0,11.8,,0.3,0.3,0.6,.149,,-1.9,3.0,1.2,0.2,bassech01
32,Emoni Bates,SF,20,CLE,11,88,3.5,.370,.750,.125,1.3,12.4,6.9,8.9,0.6,2.0,5.6,17.8,,-0.2,0.1,-0.1,-0.048,,-5.8,-1.9,-7.7,-0.1,batesem01
33,Keita Bates-Diop,SF,28,TOT,50,654,11.4,.531,.416,.241,5.6,12.6,9.3,7.4,1.8,3.0,7.6,13.1,,0.5,0.7,1.2,.086,,-1.5,0.3,-1.2,0.1,bateske01
33,Keita Bates-Diop,SF,28,PHO,39,597,11.3,.525,.427,.240,6.0,12.7,9.5,7.4,1.8,3.0,7.3,12.9,,0.4,0.7,1.1,.087,,-1.5,0.3,-1.3,0.1,bateske01
33,Keita Bates-Diop,SF,28,BRK,11,57,12.9,.591,.313,.250,1.9,12.0,6.7,7.4,1.7,3.2,10.1,15.0,,0.0,0.1,0.1,.082,,-1.2,0.3,-0.9,0.0,bateske01
34,Nicolas Batum,PF,35,TOT,45,1094,10.6,.615,.714,.104,5.3,12.6,8.9,11.1,1.4,2.5,12.4,8.5,,1.4,1.0,2.4,.106,,-1.0,0.7,-0.3,0.5,batumni01
34,Nicolas Batum,PF,35,LAC,3,54,9.8,.500,.875,.000,0.0,14.2,7.4,11.1,2.7,6.6,11.1,7.3,,0.0,0.1,0.1,.092,,-1.5,4.3,2.8,0.1,batumni01
34,Nicolas Batum,PF,35,PHI,42,1040,10.6,.620,.707,.109,5.5,12.5,8.9,11.1,1.4,2.3,12.5,8.6,,1.4,1.0,2.3,.107,,-1.0,0.5,-0.5,0.4,batumni01
35,Darius Bazley,PF,23,PHI,3,10,-1.6,.000,.000,.000,0.0,11.3,5.5,23.1,0.0,0.0,50.0,8.6,,0.0,0.0,0.0,-0.147,,-7.7,-0.8,-8.5,0.0,bazleda01
36,Bradley Beal,SG,30,PHO,38,1248,15.6,.587,.306,.201,3.3,10.4,7.1,21.8,1.4,0.8,13.4,24.0,,1.2,1.0,2.3,.087,,-0.2,-1.0,-1.2,0.3,bealbr01
37,Malik Beasley,SG,27,MIL,64,1900,10.9,.619,.747,.049,2.3,11.6,7.1,6.3,1.3,0.3,7.2,14.4,,1.8,1.4,3.2,.082,,-0.6,-0.7,-1.3,0.3,beaslma01
38,MarJon Beauchamp,SF,23,MIL,45,589,9.0,.583,.458,.181,4.2,13.4,8.9,6.6,1.0,0.9,13.9,14.2,,0.2,0.4,0.6,.048,,-2.6,-1.0,-3.7,-0.2,beaucma01
39,Jules Bernard,SG,24,WAS,9,39,11.0,.491,.647,.176,8.0,8.5,8.2,17.9,1.2,2.1,9.8,21.9,,0.0,0.0,0.0,-0.002,,-2.2,-1.6,-3.8,0.0,bernaju01
40,Dāvis Bertāns,PF,31,TOT,29,368,12.6,.571,.881,.164,2.1,10.2,6.0,9.3,1.9,1.5,4.6,17.9,,0.4,0.3,0.7,.086,,0.3,-0.2,0.1,0.2,bertada01
40,Dāvis Bertāns,PF,31,OKC,15,91,17.3,.675,.923,.577,2.6,9.4,6.1,12.1,1.6,3.0,3.0,16.0,,0.3,0.1,0.4,.228,,3.2,0.8,3.9,0.1,bertada01
40,Dāvis Bertāns,PF,31,CHO,14,277,11.1,.540,.870,.065,1.9,10.4,6.0,8.4,2.0,1.0,5.1,18.5,,0.1,0.2,0.2,.040,,-0.7,-0.5,-1.2,0.1,bertada01
41,Patrick Beverley,PG,35,TOT,62,1205,11.3,.535,.473,.240,3.6,14.0,8.8,19.2,1.5,1.9,14.6,14.6,,0.8,1.2,1.9,.077,,-1.8,0.3,-1.5,0.1,beverpa01
41,Patrick Beverley,PG,35,PHI,47,919,11.6,.547,.452,.261,3.5,14.1,8.7,20.9,1.3,1.8,15.4,14.9,,0.7,0.8,1.5,.080,,-1.5,-0.1,-1.5,0.1,beverpa01
41,Patrick Beverley,PG,35,MIL,15,286,10.0,.496,.539,.171,3.9,13.8,9.0,14.0,2.2,2.3,11.9,13.9,,0.1,0.3,0.4,.066,,-3.0,1.6,-1.5,0.0,beverpa01
42,Saddiq Bey,SF,24,ATL,63,2062,13.0,.549,.514,.291,8.4,13.3,10.7,5.9,1.2,0.5,6.4,16.8,,2.8,0.7,3.5,.081,,0.1,-2.0,-1.9,0.0,beysa01
43,Goga Bitadze,C,24,ORL,53,907,17.8,.634,.062,.407,13.2,21.7,17.4,11.7,1.6,7.2,14.9,12.9,,1.7,1.8,3.5,.187,,-0.6,2.9,2.3,1.0,bitadgo01
44,Onuralp Bitim,SG,24,CHI,11,151,8.5,.559,.581,.093,3.6,9.9,6.7,6.4,0.7,0.7,10.0,14.5,,0.0,0.1,0.1,.037,,-2.4,-1.2,-3.5,-0.1,bitimon01
45,Bismack Biyombo,C,31,TOT,35,750,9.6,.555,.000,.390,8.6,20.7,14.5,10.0,0.7,4.3,21.7,10.6,,0.1,1.0,1.1,.067,,-5.0,1.5,-3.5,-0.3,biyombi01
45,Bismack Biyombo,C,31,MEM,30,718,9.9,.560,.000,.387,8.5,21.2,14.7,10.2,0.7,4.4,21.4,10.7,,0.1,0.9,1.0,.070,,-4.8,1.6,-3.2,-0.2,biyombi01
45,Bismack Biyombo,C,31,OKC,5,32,3.0,.410,.000,.500,10.9,10.0,10.5,7.0,0.0,2.9,29.1,9.3,,0.0,0.0,0.0,.011,,-8.2,-1.3,-9.5,-0.1,biyombi01
46,Anthony Black,PG,20,ORL,60,1090,8.3,.557,.380,.328,3.3,11.2,7.2,10.8,1.5,1.6,16.6,12.6,,0.1,1.4,1.5,.067,,-3.9,0.9,-3.0,-0.3,blackan01
47,Leaky Black,SF,24,CHO,22,218,10.0,.554,.385,.359,3.9,15.9,9.7,10.9,1.1,2.5,10.0,10.1,,0.2,0.1,0.3,.068,,-3.2,-0.2,-3.4,-0.1,blackle01
48,Bogdan Bogdanović,SG,31,ATL,63,1868,14.6,.562,.596,.135,2.2,10.3,6.1,14.7,2.1,0.9,8.3,22.4,,2.0,1.0,3.0,.077,,0.8,-0.6,0.3,1.1,bogdabo01
49,Bojan Bogdanović,PF-SF,34,TOT,41,1216,12.8,.585,.499,.240,1.6,10.0,5.7,10.6,1.1,0.4,11.8,24.3,,0.4,0.6,1.0,.039,,-0.5,-2.3,-2.8,-0.3,bogdabo02
49,Bojan Bogdanović,PF,34,DET,28,921,14.0,.600,.487,.245,1.5,10.0,5.7,11.9,1.2,0.4,11.8,24.5,,0.5,0.3,0.8,.043,,0.3,-2.4,-2.1,0.0,bogdabo02
49,Bojan Bogdanović,SF,34,NYK,13,295,9.2,.536,.538,.223,1.9,9.8,5.8,6.5,0.9,0.3,11.7,23.5,,-0.1,0.3,0.2,.026,,-3.1,-1.9,-5.0,-0.2,bogdabo02
50,Bol Bol,PF,24,PHO,29,324,19.4,.668,.304,.096,10.3,24.0,17.5,5.1,0.9,4.9,8.4,17.4,,0.7,0.5,1.1,.170,,1.4,0.5,1.9,0.3,bolbo01
51,Marques Bolden,C,25,TOT,4,16,-5.1,.000,.000,.000,0.0,20.6,10.3,0.0,0.0,0.0,50.0,5.5,,-0.1,0.0,0.0,-0.138,,-12.4,-2.9,-15.3,-0.1,boldema01
51,Marques Bolden,C,25,MIL,2,3,3.1,,,,0.0,71.1,36.5,0.0,0.0,0.0,,0.0,,0.0,0.0,0.0,.101,,-7.7,2.3,-5.4,0.0,boldema01
51,Marques Bolden,C,25,CHO,2,13,-7.0,.000,.000,.000,0.0,8.9,4.3,0.0,0.0,0.0,50.0,6.7,,-0.1,0.0,-0.1,-0.193,,-13.4,-4.1,-17.5,0.0,boldema01
52,Devin Booker,PG,27,PHO,53,1900,22.2,.608,.302,.354,2.4,11.4,7.2,31.5,1.2,1.0,10.0,30.1,,5.6,1.5,7.1,.180,,4.1,-1.0,3.1,2.5,bookede01
53,Brandon Boston Jr.,SF,22,LAC,22,164,9.8,.483,.316,.228,7.2,8.0,7.6,5.3,0.6,2.7,7.5,25.1,,-0.1,0.1,0.0,-0.005,,-5.1,-3.6,-8.7,-0.3,bostobr01
54,Chris Boucher,PF,31,TOR,50,705,16.0,.625,.433,.424,9.4,23.0,16.1,4.5,1.0,3.0,9.8,17.3,,1.2,0.7,1.8,.124,,-0.4,-1.3,-1.7,0.1,bouchch01
55,James Bouknight,SG,23,CHO,14,81,15.9,.597,.732,.049,1.3,11.4,6.2,12.1,0.6,1.1,4.6,23.7,,0.1,0.0,0.1,.068,,4.3,-2.1,2.1,0.1,bouknja01
56,Jamaree Bouyea,PG,24,POR,6,57,-4.8,.238,.381,.000,3.7,16.9,9.9,19.4,0.0,0.0,27.6,21.7,,-0.4,0.0,-0.4,-0.297,,-13.0,-4.8,-17.9,-0.2,bouyeja01
57,Malaki Branham,PG,20,SAS,62,1278,8.8,.523,.412,.096,1.8,8.4,5.1,15.0,0.9,0.5,12.4,19.6,,-0.7,0.4,-0.4,-0.014,,-3.5,-2.3,-5.8,-1.3,branhma01
58,Christian Braun,SG,22,DEN,67,1289,11.6,.550,.331,.296,5.0,15.3,10.3,9.3,1.2,1.9,9.4,15.8,,0.9,1.5,2.4,.089,,-2.2,-0.2,-2.4,-0.1,braunch01
59,Mikal Bridges,SF,27,BRK,66,2330,15.4,.563,.425,.270,2.4,12.7,7.3,16.3,1.4,1.0,10.1,25.2,,1.8,1.7,3.5,.071,,0.9,-1.1,-0.2,1.0,bridgmi01
60,Miles Bridges,SF,25,CHO,56,2103,15.5,.554,.368,.172,2.8,20.2,11.2,14.4,1.3,1.2,9.4,24.8,,0.5,1.5,2.0,.045,,0.1,-1.0,-0.9,0.6,bridgmi02
61,Oshae Brissett,SF,25,BOS,43,466,13.5,.551,.389,.522,10.4,17.3,14.0,8.9,1.7,0.8,8.6,14.1,,0.7,0.7,1.5,.150,,-1.4,0.8,-0.6,0.2,brissos01
62,Izaiah Brockington,PG,24,NOP,1,3,26.5,.400,.200,.000,37.4,36.3,36.8,0.0,0.0,0.0,0.0,72.0,,0.0,0.0,0.0,-0.169,,-9.0,-8.5,-17.6,0.0,brockiz01
63,Malcolm Brogdon,PG,31,POR,39,1121,17.0,.560,.401,.234,2.7,12.9,7.5,30.9,1.2,0.6,9.9,23.1,,2.0,0.6,2.6,.111,,2.7,-0.7,2.0,1.1,brogdma01
64,Armoni Brooks,PG,25,BRK,10,104,8.2,.448,.696,.043,7.1,12.0,9.5,6.8,0.5,0.9,6.0,20.7,,-0.1,0.0,0.0,-0.020,,-2.1,-3.7,-5.8,-0.1,brookar01
65,Dillon Brooks,SF,28,HOU,57,1783,9.6,.560,.470,.200,2.6,9.4,6.0,7.6,1.4,0.4,10.1,17.5,,0.6,1.8,2.4,.064,,-3.1,0.0,-3.1,-0.5,brookdi01
66,Bruce Brown,SG-PG,27,TOT,55,1563,11.7,.556,.293,.232,3.1,14.9,8.9,12.5,1.5,0.9,10.4,16.3,,1.1,1.0,2.0,.062,,-2.3,-0.7,-3.0,-0.4,brownbr01
66,Bruce Brown,SG,27,IND,33,981,12.1,.568,.322,.261,2.9,15.0,8.9,12.5,1.7,0.6,10.5,16.7,,0.8,0.6,1.4,.069,,-1.8,-0.6,-2.4,-0.1,brownbr01
66,Bruce Brown,PG,27,TOR,22,582,10.9,.534,.242,.180,3.5,14.6,8.9,12.6,1.3,1.3,10.3,15.7,,0.2,0.4,0.6,.051,,-3.3,-0.9,-4.2,-0.3,brownbr01
67,Charlie Brown Jr.,SG,26,NYK,8,37,-3.2,.300,.700,.000,3.0,3.0,3.0,0.0,0.0,5.0,16.7,13.9,,-0.1,0.0,-0.1,-0.119,,-10.4,-3.3,-13.6,-0.1,brownch02
68,Greg Brown III,PF,22,DAL,6,40,10.4,.501,.273,.818,8.2,16.5,12.4,12.9,0.0,8.8,21.1,20.3,,0.0,0.0,0.0,-0.008,,-4.8,0.5,-4.4,0.0,browngr01
69,Jaylen Brown,SF,27,BOS,60,2004,18.9,.583,.328,.242,3.9,13.4,8.9,17.5,1.6,1.3,10.3,28.7,,2.6,2.8,5.4,.130,,1.2,0.0,1.1,1.6,brownja02
70,Kendall Brown,SG,20,IND,8,28,10.1,.579,.167,1.000,8.1,0.0,4.1,8.3,0.0,0.0,0.0,12.9,,0.1,0.0,0.1,.108,,-1.9,-2.5,-4.4,0.0,brownke03
71,Kobe Brown,PF,24,LAC,35,289,5.5,.477,.619,.032,4.1,13.7,9.0,7.3,1.0,0.9,9.9,10.7,,0.0,0.2,0.2,.035,,-4.7,0.0,-4.6,-0.2,brownko01
72,Moses Brown,C,24,POR,14,116,12.7,.445,.000,.206,20.2,34.2,26.8,5.1,0.9,3.1,13.9,15.8,,0.0,0.1,0.1,.042,,-4.8,-2.3,-7.1,-0.2,brownmo01
73,Troy Brown Jr.,SF,24,TOT,44,495,10.9,.583,.692,.168,3.8,15.8,10.1,11.6,0.9,0.4,12.0,15.4,,0.4,0.6,1.0,.100,,-0.8,0.3,-0.4,0.2,browntr01
73,Troy Brown Jr.,SF,24,MIN,37,410,11.6,.603,.712,.186,4.1,15.2,10.0,11.8,1.0,0.4,12.4,15.6,,0.4,0.6,1.0,.121,,-0.2,0.6,0.4,0.3,browntr01
73,Troy Brown Jr.,SF,24,DET,7,85,7.1,.483,.600,.080,2.6,18.8,10.5,10.8,0.6,0.0,10.4,14.4,,0.0,0.0,0.0,.002,,-3.5,-1.1,-4.5,-0.1,browntr01
74,Jalen Brunson,PG,27,NYK,61,2145,22.1,.591,.326,.310,1.8,9.7,5.7,32.1,1.3,0.5,9.7,31.2,,6.2,2.1,8.3,.185,,5.5,-0.3,5.2,3.9,brunsja01
75,Thomas Bryant,C,26,MIA,29,306,15.8,.610,.097,.290,10.2,22.8,16.4,8.0,1.0,2.9,12.5,17.4,,0.4,0.4,0.8,.132,,-1.8,-0.2,-2.0,0.0,bryanth01
76,Kobe Bufkin,SG,20,ATL,9,89,8.8,.426,.459,.108,2.3,15.1,8.5,22.6,1.6,1.0,11.4,20.3,,-0.1,0.0,0.0,-0.023,,-3.5,-0.3,-3.8,0.0,bufkiko01
77,Reggie Bullock,SF,32,HOU,28,253,7.8,.567,.786,.018,1.3,15.2,8.2,5.7,1.3,0.7,9.6,10.5,,0.1,0.3,0.4,.070,,-2.7,0.5,-2.2,0.0,bullore01
78,Alec Burks,SG,32,TOT,57,1100,13.1,.546,.587,.295,2.2,11.3,6.7,10.3,1.0,0.9,6.8,24.2,,0.8,0.5,1.4,.059,,-0.1,-2.2,-2.3,-0.1,burksal01
78,Alec Burks,SG,32,DET,43,901,14.9,.581,.608,.330,1.9,11.9,6.8,11.0,1.1,1.0,6.4,23.3,,1.4,0.4,1.7,.092,,1.3,-1.7,-0.4,0.4,burksal01
78,Alec Burks,SG,32,NYK,14,199,4.8,.411,.509,.170,3.3,9.0,6.1,7.4,0.5,0.5,8.4,28.3,,-0.5,0.1,-0.4,-0.090,,-6.2,-4.4,-10.6,-0.4,burksal01
79,Jared Butler,SG,23,WAS,24,202,16.5,.621,.411,.233,1.0,9.3,5.0,34.2,2.3,0.8,16.6,20.1,,0.3,0.1,0.4,.101,,0.1,-0.5,-0.4,0.1,butleja02
80,Jimmy Butler,PF,34,MIA,47,1605,22.3,.623,.169,.578,6.3,11.8,9.1,22.4,2.0,1.0,9.2,24.6,,4.9,2.0,6.9,.208,,4.1,0.6,4.7,2.7,butleji01
81,Jamal Cain,PF,24,MIA,17,226,11.3,.531,.377,.333,6.4,9.6,8.0,2.5,2.2,1.7,5.9,16.5,,0.1,0.3,0.4,.083,,-2.9,0.2,-2.7,0.0,cainja01
82,Kentavious Caldwell-Pope,SG,30,DEN,61,1929,10.4,.586,.497,.213,1.5,6.5,4.1,9.4,2.2,1.2,10.4,13.1,,1.5,2.0,3.6,.089,,-2.4,0.6,-1.8,0.1,caldwke01
83,Toumani Camara,PF,23,POR,63,1537,10.4,.536,.392,.244,8.5,14.7,11.4,6.9,2.0,1.7,14.8,13.9,,0.3,1.4,1.7,.053,,-3.3,0.1,-3.2,-0.5,camarto01
84,Clint Capela,C,29,ATL,58,1475,20.5,.585,.000,.329,19.3,25.6,22.3,6.1,1.0,5.1,9.0,17.1,,3.5,1.5,4.9,.160,,0.9,-1.2,-0.4,0.6,capelca01
85,Jevon Carter,PG,28,CHI,63,860,8.5,.494,.627,.022,1.0,5.6,3.2,12.1,1.9,1.7,8.9,17.8,,-0.4,0.6,0.2,.011,,-3.4,-0.4,-3.8,-0.4,carteje01
86,Wendell Carter Jr.,C,24,ORL,40,1050,16.2,.640,.377,.346,9.3,21.9,15.5,9.3,0.9,2.0,12.0,17.3,,1.9,1.5,3.4,.155,,0.8,0.1,0.9,0.8,cartewe01
87,D.J. Carton,SG,23,TOR,4,36,9.5,.539,.500,.625,6.0,6.2,6.1,10.4,1.3,0.0,8.9,13.3,,0.0,0.0,0.1,.068,,-4.3,-1.1,-5.4,0.0,cartodj01
88,Alex Caruso,SG,29,CHI,58,1606,14.3,.606,.611,.189,3.5,11.9,7.6,15.2,2.8,4.0,14.2,15.0,,1.7,2.1,3.7,.112,,0.0,2.4,2.3,1.7,carusal01
89,Colin Castleton,C,23,LAL,7,36,18.6,.765,.000,.400,13.0,14.8,13.9,11.8,0.0,0.0,7.8,15.4,,0.2,0.0,0.2,.232,,-0.1,-1.8,-2.0,0.0,castlco01
90,Malcolm Cazalon,SG,22,DET,1,3,0.0,,,,0.0,0.0,0.0,0.0,0.0,0.0,,0.0,,0.0,0.0,0.0,-0.012,,-6.0,-3.1,-9.1,0.0,cazalma01
91,Julian Champagnie,SF,22,SAS,59,1042,10.9,.568,.720,.215,3.5,12.5,8.0,9.5,1.6,2.4,10.7,14.3,,0.5,0.8,1.2,.057,,-1.5,-0.4,-1.9,0.0,champju02
92,Justin Champagnie,SF,22,WAS,4,19,13.8,.500,.545,.000,0.0,5.8,2.8,8.3,2.5,8.5,8.3,26.5,,0.0,0.0,0.0,-0.056,,-1.7,0.4,-1.3,0.0,champju01
93,Max Christie,SG,20,LAL,53,833,8.1,.551,.495,.206,1.7,14.3,8.3,8.0,1.0,1.7,13.3,13.3,,-0.1,0.7,0.5,.029,,-3.4,-0.5,-3.9,-0.4,chrisma02
94,Sidy Cissoko,SF,19,SAS,6,32,5.4,.387,.667,.667,0.0,20.6,10.2,0.0,4.4,0.0,11.4,11.5,,-0.1,0.0,0.0,-0.012,,-9.2,0.4,-8.8,-0.1,cissosi01
95,Jordan Clarkson,SG,31,UTA,54,1649,12.8,.524,.379,.242,3.3,8.9,6.1,24.0,1.0,0.3,13.6,26.1,,0.3,0.2,0.5,.015,,-1.2,-3.1,-4.2,-0.9,clarkjo01
96,Nic Claxton,C,24,BRK,56,1659,19.1,.635,.008,.317,9.4,27.3,18.1,10.4,1.0,6.5,11.2,15.8,,3.0,2.5,5.5,.160,,0.1,1.5,1.6,1.5,claxtni01
97,Noah Clowney,PF,19,BRK,9,82,15.6,.703,.222,.333,7.7,12.5,10.0,13.5,1.2,1.1,12.7,12.4,,0.2,0.1,0.3,.159,,-0.2,-0.8,-0.9,0.0,clownno01
98,Amir Coffey,SF,26,LAC,54,1027,10.8,.654,.509,.222,2.2,8.9,5.6,6.8,1.4,0.7,8.5,12.0,,1.5,0.7,2.2,.103,,-1.3,-0.2,-1.5,0.1,coffeam01
99,John Collins,PF,26,UTA,62,1754,16.5,.609,.315,.228,9.0,24.1,16.6,6.1,0.9,3.0,10.9,19.8,,2.4,1.3,3.7,.101,,-0.1,-1.4,-1.6,0.2,collijo01
100,Zach Collins,C,26,SAS,55,1257,13.6,.561,.305,.255,8.1,17.2,12.6,18.6,1.0,2.7,16.5,22.3,,0.1,1.0,1.1,.041,,-2.3,-0.5,-2.8,-0.3,colliza01
101,Mike Conley,PG,36,MIN,61,1762,15.2,.611,.632,.163,2.0,9.2,5.8,29.1,1.8,0.6,11.8,15.1,,4.0,2.7,6.6,.181,,1.7,1.5,3.2,2.3,conlemi01
102,Pat Connaughton,SF,31,MIL,61,1332,10.0,.608,.704,.165,3.3,12.7,8.1,10.9,1.2,0.9,11.4,10.4,,1.5,1.0,2.5,.090,,-1.1,0.1,-1.0,0.3,connapa01
103,Bilal Coulibaly,SF,19,WAS,62,1685,8.8,.542,.430,.291,3.3,12.7,7.9,8.1,1.5,2.3,15.1,14.0,,-0.5,0.9,0.3,.009,,-3.8,-0.5,-4.3,-1.0,coulibi01
104,Ricky Council IV,SG,22,PHI,22,202,17.2,.566,.235,.706,6.4,15.1,10.7,5.2,0.5,0.5,3.5,24.6,,0.4,0.1,0.5,.128,,0.7,-2.4,-1.7,0.0,councri01
105,Robert Covington,SF-PF,33,TOT,29,488,13.5,.580,.571,.265,6.9,15.2,11.0,6.2,3.9,3.4,9.1,10.6,,0.6,0.8,1.4,.140,,-1.0,3.1,2.1,0.5,covinro01
105,Robert Covington,PF,33,LAC,3,69,10.6,.455,.889,.222,3.4,9.5,6.6,12.0,4.3,2.6,0.0,6.3,,0.1,0.1,0.2,.125,,-2.3,4.5,2.2,0.1,covinro01
105,Robert Covington,SF,33,PHI,26,419,14.0,.593,.539,.270,7.5,16.2,11.7,5.3,3.9,3.5,9.9,11.3,,0.5,0.7,1.2,.143,,-0.8,2.9,2.1,0.4,covinro01
106,Torrey Craig,SF,33,CHI,38,786,11.0,.565,.622,.165,8.2,16.5,12.2,6.9,1.3,2.1,10.6,12.6,,0.7,0.7,1.5,.089,,-1.8,-0.3,-2.1,0.0,craigto01
107,Jae Crowder,PF,33,MIL,36,858,8.7,.546,.626,.137,2.6,12.9,7.9,7.4,1.7,0.7,7.4,10.9,,0.4,0.8,1.2,.068,,-2.7,0.3,-2.3,-0.1,crowdja01
108,Jalen Crutcher,PG,24,NOP,1,3,-12.5,.000,.000,.000,0.0,0.0,0.0,0.0,0.0,0.0,0.0,14.4,,0.0,0.0,0.0,-0.327,,-18.2,-7.8,-26.0,0.0,crutcja01
109,Cade Cunningham,PG,22,DET,56,1885,16.5,.548,.297,.238,1.7,12.6,7.1,36.1,1.2,0.9,14.6,29.9,,0.8,0.8,1.7,.042,,1.7,-1.8,-0.1,0.9,cunnica01
110,Seth Curry,SG,33,TOT,44,616,9.8,.519,.529,.152,3.2,9.0,6.1,9.6,1.7,0.9,8.8,16.7,,0.1,0.4,0.5,.036,,-2.5,-0.7,-3.2,-0.2,curryse01
110,Seth Curry,SG,33,DAL,36,457,8.6,.502,.552,.131,3.6,8.9,6.2,8.4,1.8,0.6,9.4,15.8,,-0.1,0.3,0.2,.026,,-3.0,-1.0,-4.0,-0.2,curryse01
110,Seth Curry,SG,33,CHO,8,159,13.5,.560,.475,.203,2.0,9.5,5.6,13.1,1.5,1.7,7.2,19.1,,0.1,0.1,0.2,.063,,-1.2,0.1,-1.2,0.0,curryse01
111,Stephen Curry,PG,35,GSW,59,1936,20.5,.618,.613,.237,1.7,12.6,7.1,24.0,1.1,1.0,12.0,31.5,,3.9,1.5,5.4,.135,,6.1,-1.2,4.9,3.3,curryst01
112,Dyson Daniels,PG,20,NOP,52,1139,11.5,.518,.430,.195,5.0,13.4,9.3,15.1,3.1,1.8,15.8,12.5,,0.4,1.8,2.2,.095,,-2.2,2.6,0.4,0.7,daniedy01
113,Anthony Davis,C,30,LAL,63,2264,25.5,.616,.071,.404,10.0,27.7,19.3,15.8,1.6,5.9,9.1,26.6,,5.8,3.8,9.6,.204,,3.3,1.6,4.9,3.9,davisan02
114,Johnny Davis,SG,21,WAS,35,337,4.0,.381,.213,.138,4.3,10.5,7.3,4.8,1.4,1.0,7.4,13.4,,-0.5,0.1,-0.4,-0.062,,-7.0,-2.3,-9.2,-0.6,davisjo06
115,JD Davison,SG,21,BOS,5,9,22.9,.868,1.000,1.000,12.5,22.7,17.8,0.0,0.0,0.0,0.0,13.9,,0.1,0.0,0.1,.360,,5.0,1.3,6.2,0.0,davisjd01
116,Dexter Dennis,SG,24,DAL,4,30,18.2,.541,.421,.158,3.7,29.2,16.5,23.4,0.0,2.9,12.9,33.2,,0.0,0.0,0.0,-0.003,,1.9,-0.2,1.7,0.0,dennide01
117,DeMar DeRozan,SF,34,CHI,65,2452,19.3,.583,.175,.455,1.7,11.4,6.4,21.7,1.4,1.6,7.1,25.1,,5.8,1.8,7.6,.149,,1.9,-0.3,1.7,2.2,derozde01
118,Moussa Diabaté,C,22,LAC,11,64,24.6,.576,.000,.737,27.6,15.4,21.3,8.5,3.9,1.4,7.4,18.6,,0.2,0.1,0.3,.251,,3.9,-0.5,3.4,0.1,diabamo01
119,Mamadi Diakite,PF,27,SAS,3,16,30.4,.785,.000,1.200,6.7,13.7,10.2,20.1,0.0,5.2,0.0,20.1,,0.1,0.0,0.1,.340,,7.9,3.6,11.5,0.1,diakima01
120,Hamidou Diallo,SG,25,WAS,2,5,33.0,.500,.000,.000,41.6,0.0,21.4,28.7,18.6,0.0,33.3,25.2,,0.0,0.0,0.0,.199,,2.6,15.9,18.5,0.0,diallha01
121,Gradey Dick,SG,20,TOR,46,839,9.3,.550,.580,.102,2.9,9.4,6.1,8.9,1.4,0.1,9.5,16.1,,0.2,0.4,0.6,.033,,-3.1,-1.5,-4.6,-0.5,dickgr01
122,Ousmane Dieng,PF,20,OKC,30,338,9.7,.545,.641,.155,3.4,12.4,8.1,12.2,0.7,0.8,12.7,16.2,,0.1,0.3,0.4,.058,,-2.0,-1.2,-3.2,-0.1,diengou01
123,Spencer Dinwiddie,PG,30,TOT,61,1783,11.9,.523,.563,.306,1.6,9.2,5.3,24.9,1.2,0.7,10.5,17.1,,1.8,1.0,2.8,.076,,-1.2,-0.8,-2.0,0.0,dinwisp01
123,Spencer Dinwiddie,PG,30,BRK,48,1474,13.3,.530,.557,.321,1.9,10.2,5.9,27.1,1.3,0.6,9.8,18.5,,1.9,0.9,2.8,.092,,-0.4,-0.8,-1.2,0.3,dinwisp01
123,Spencer Dinwiddie,PG,30,LAL,13,309,4.7,.462,.610,.186,0.4,4.5,2.5,14.7,0.9,1.1,15.8,10.6,,-0.1,0.1,0.0,-0.001,,-5.3,-0.7,-6.0,-0.3,dinwisp01
124,Donte DiVincenzo,SG,27,NYK,65,1745,15.9,.589,.698,.112,3.3,11.2,7.3,14.7,2.4,1.4,10.1,21.6,,2.5,2.4,4.8,.133,,2.3,1.1,3.4,2.4,divindo01
125,Luka Dončić,PG,24,DAL,58,2168,28.7,.622,.437,.377,2.3,24.0,13.2,44.6,1.8,1.3,12.6,36.1,,7.5,2.6,10.1,.223,,8.6,1.4,10.0,6.6,doncilu01
126,Luguentz Dort,SF,24,OKC,64,1825,11.3,.600,.597,.205,4.1,10.0,7.2,5.9,1.6,2.1,8.5,15.0,,1.9,2.1,3.9,.103,,-1.2,-0.1,-1.3,0.3,dortlu01
127,Ayo Dosunmu,SG,24,CHI,65,1808,12.4,.586,.430,.143,2.8,8.7,5.7,15.1,1.5,1.8,12.0,16.7,,1.6,1.3,2.9,.076,,-1.2,-0.2,-1.4,0.3,dosunay01
128,Jeff Dowtin,PG,26,PHI,4,57,13.1,.727,.727,.000,0.0,7.9,3.9,18.5,2.6,1.6,21.4,10.6,,0.1,0.1,0.1,.110,,-0.2,1.2,1.0,0.0,dowtije01
129,Henri Drell,SF,23,CHI,1,3,44.6,.500,.500,.000,36.3,0.0,18.6,100.0,0.0,0.0,0.0,29.3,,0.0,0.0,0.0,.475,,23.0,2.4,25.4,0.0,drellhe01
130,Andre Drummond,C,30,CHI,67,1140,22.2,.566,.007,.436,21.2,36.5,28.7,4.3,2.7,3.8,13.0,21.4,,1.5,2.3,3.8,.159,,0.2,-0.6,-0.4,0.5,drumman01
131,Chris Duarte,SF,26,SAC,45,588,8.6,.526,.583,.178,3.8,13.6,8.6,7.8,2.0,0.8,10.2,14.2,,0.1,0.5,0.6,.051,,-3.4,0.3,-3.1,-0.2,duartch01
132,Kris Dunn,PG,29,UTA,57,1053,13.2,.560,.355,.095,4.3,12.2,8.3,27.9,2.7,2.0,20.6,13.6,,1.0,0.8,1.9,.085,,-1.2,1.5,0.3,0.6,dunnkr01
133,Kevin Durant,PF,35,PHO,60,2234,22.1,.631,.271,.325,1.7,17.6,10.1,23.9,1.1,2.9,13.0,29.6,,4.6,2.5,7.1,.152,,4.6,0.1,4.8,3.8,duranke01
134,Jalen Duren,C,20,DET,51,1523,19.0,.665,.006,.303,12.3,33.0,22.5,13.1,0.8,2.3,16.6,17.9,,2.9,1.5,4.4,.137,,0.2,0.1,0.4,0.9,durenja01
135,Tari Eason,PF,22,HOU,22,480,17.1,.528,.265,.175,10.2,23.9,17.0,8.4,3.1,3.6,8.9,19.8,,0.2,1.0,1.3,.127,,-0.6,2.1,1.5,0.4,easonta01
136,Anthony Edwards,SG,22,MIN,63,2214,19.7,.578,.337,.326,2.0,14.4,8.5,24.3,1.8,1.4,12.0,32.5,,2.3,3.8,6.1,.132,,2.9,0.7,3.6,3.1,edwaran01
137,Kessler Edwards,SF,23,SAC,41,194,9.4,.530,.611,.111,2.9,14.9,8.7,5.8,1.2,1.9,1.7,12.7,,0.1,0.2,0.3,.073,,-2.0,-0.4,-2.4,0.0,edwarke02
138,Keon Ellis,SG,24,SAC,40,510,11.2,.605,.763,.161,3.5,9.5,6.4,12.3,2.5,2.6,14.3,12.3,,0.5,0.6,1.0,.098,,-1.3,1.7,0.4,0.3,elliske01
139,Joel Embiid,C,29,PHI,34,1157,34.6,.645,.149,.534,8.3,28.8,18.4,32.3,1.7,4.7,11.9,39.3,,4.8,1.9,6.7,.279,,8.8,3.0,11.9,4.1,embiijo01
140,Drew Eubanks,C,26,PHO,61,959,15.0,.665,.014,.381,10.5,19.9,15.5,7.2,1.2,4.6,18.0,13.5,,1.3,1.3,2.6,.131,,-1.7,0.7,-1.1,0.2,eubandr01
141,Tosan Evbuomwan,SF,22,TOT,7,91,8.0,.472,.500,.000,9.4,10.0,9.7,8.9,0.5,1.0,5.3,9.0,,0.0,0.1,0.1,.050,,-3.1,-1.4,-4.5,-0.1,evbuoto01
141,Tosan Evbuomwan,SF,22,MEM,4,74,5.7,.333,.533,.000,11.6,9.2,10.4,11.0,0.0,1.3,6.3,9.3,,0.0,0.0,0.0,.020,,-4.2,-2.3,-6.5,-0.1,evbuoto01
141,Tosan Evbuomwan,SF,22,DET,3,17,18.3,1.167,.333,.000,0.0,13.4,6.6,0.0,2.8,0.0,0.0,7.5,,0.1,0.0,0.1,.182,,1.5,2.5,4.0,0.0,evbuoto01
142,Dante Exum,PG,28,DAL,41,787,15.4,.653,.321,.265,2.8,12.3,7.5,20.5,1.2,0.6,11.8,16.1,,1.8,0.5,2.3,.140,,0.5,-0.5,0.0,0.4,exumda01
143,Bruno Fernando,C,25,ATL,29,374,14.9,.584,.031,.449,10.0,24.6,17.0,7.2,2.2,4.7,15.8,15.4,,0.3,0.5,0.7,.096,,-3.3,1.1,-2.2,0.0,fernabr01
144,Dorian Finney-Smith,PF,30,BRK,57,1618,10.3,.552,.673,.081,6.3,12.0,9.1,7.6,1.3,1.9,9.8,13.6,,1.0,1.3,2.2,.067,,-1.5,-0.3,-1.8,0.1,finnedo01
145,Adam Flagler,SG,24,OKC,1,6,-13.7,.000,1.000,.000,0.0,0.0,0.0,18.0,0.0,0.0,0.0,21.7,,-0.1,0.0,-0.1,-0.451,,-18.0,-9.0,-27.0,0.0,flaglad01
146,Malachi Flynn,PG,25,TOT,55,609,9.7,.521,.549,.192,2.3,12.3,7.2,19.3,1.7,0.9,16.7,17.6,,-0.2,0.4,0.3,.022,,-3.3,-0.2,-3.4,-0.2,flynnma01
146,Malachi Flynn,PG,25,TOR,31,474,10.0,.535,.584,.161,2.9,12.2,7.5,20.0,1.8,1.1,18.4,16.2,,0.0,0.3,0.3,.030,,-2.8,0.1,-2.7,-0.1,flynnma01
146,Malachi Flynn,PG,25,NYK,14,60,12.4,.557,.565,.478,0.0,11.1,5.6,14.3,0.8,0.0,9.7,22.1,,0.1,0.1,0.1,.096,,-1.8,-0.8,-2.6,0.0,flynnma01
146,Malachi Flynn,PG,25,DET,10,75,5.9,.432,.394,.121,0.0,13.7,6.7,18.9,1.9,0.0,14.7,23.0,,-0.2,0.0,-0.1,-0.093,,-7.1,-1.7,-8.7,-0.1,flynnma01
147,Simone Fontecchio,SF,28,TOT,65,1609,12.0,.601,.610,.121,4.3,12.1,8.2,8.5,1.3,1.1,10.7,16.4,,1.5,0.6,2.1,.063,,0.0,-0.9,-1.0,0.4,fontesi01
147,Simone Fontecchio,SF,28,UTA,50,1160,11.1,.592,.651,.112,5.0,11.7,8.3,8.5,1.2,1.4,12.0,15.3,,0.9,0.4,1.3,.055,,-0.4,-1.2,-1.6,0.1,fontesi01
147,Simone Fontecchio,SF,28,DET,15,449,14.4,.619,.528,.140,2.4,13.2,7.7,8.6,1.5,0.6,8.3,19.4,,0.5,0.2,0.8,.082,,0.9,-0.3,0.6,0.3,fontesi01
148,Jordan Ford,PG,25,SAC,6,22,16.6,.761,.429,.286,0.0,10.5,5.1,12.4,0.0,0.0,11.3,17.2,,0.1,0.0,0.1,.150,,3.3,-1.3,2.0,0.0,fordjo01
149,Trent Forrest,SG,25,ATL,28,287,8.1,.433,.113,.226,2.2,10.9,6.4,24.5,1.2,0.6,15.0,11.5,,0.1,0.1,0.2,.026,,-4.1,-0.4,-4.6,-0.2,forretr01
150,Evan Fournier,SG,31,TOT,17,261,10.4,.496,.654,.173,1.3,12.2,6.6,11.8,3.0,0.6,8.2,19.8,,-0.1,0.2,0.2,.031,,-3.5,0.9,-2.6,0.0,fournev01
150,Evan Fournier,SG,31,NYK,3,39,2.2,.287,.750,.100,0.0,11.4,5.7,10.3,5.2,0.0,4.6,24.1,,-0.2,0.1,-0.1,-0.104,,-12.0,0.4,-11.6,-0.1,fournev01
150,Evan Fournier,SG,31,DET,14,222,11.8,.544,.631,.190,1.5,12.3,6.8,12.0,2.6,0.8,9.0,19.0,,0.1,0.2,0.3,.055,,-2.0,1.0,-1.0,0.1,fournev01
151,De'Aaron Fox,PG,26,SAC,57,2032,20.2,.570,.359,.290,2.8,11.0,6.8,24.8,2.6,1.0,10.1,31.4,,2.6,2.0,4.6,.109,,2.4,-0.6,1.8,2.0,foxde01
152,Javon Freeman-Liberty,PG,24,TOR,7,71,10.9,.566,.421,.474,3.0,15.7,9.2,12.7,0.0,2.4,11.6,15.6,,0.1,0.0,0.1,.065,,-3.1,-1.7,-4.8,0.0,freemja01
153,Alex Fudge,SF,20,LAL,4,14,-1.9,.291,.333,.333,16.7,0.0,8.0,0.0,0.0,0.0,12.7,24.4,,-0.1,0.0,-0.1,-0.228,,-9.9,-8.2,-18.2,-0.1,fudgeal01
154,Markelle Fultz,PG,25,ORL,29,639,13.1,.496,.044,.118,6.9,11.1,9.0,20.7,2.4,1.5,12.7,18.7,,0.0,0.9,1.0,.074,,-2.2,1.6,-0.7,0.2,fultzma01
155,Andrew Funk,SG,24,CHI,1,1,0.0,,,,0.0,0.0,0.0,0.0,0.0,0.0,,0.0,,0.0,0.0,0.0,-0.003,,-7.2,-3.8,-11.0,0.0,funkan01
156,Wenyen Gabriel,PF,26,MEM,4,67,2.8,.371,.278,.278,9.6,25.5,17.3,6.5,1.5,2.8,28.4,18.2,,-0.3,0.1,-0.2,-0.130,,-10.6,-1.5,-12.1,-0.2,gabriwe01
157,Daniel Gafford,C-PF,25,TOT,60,1485,21.3,.723,.000,.398,12.1,22.5,17.2,7.6,1.7,7.0,11.7,14.6,,4.1,1.9,6.0,.194,,0.3,1.3,1.7,1.4,gaffoda01
157,Daniel Gafford,C,25,WAS,45,1192,19.8,.707,.000,.405,11.4,21.2,16.2,8.0,1.7,6.6,11.7,13.8,,3.0,1.3,4.3,.174,,-0.3,1.1,0.8,0.8,gaffoda01
157,Daniel Gafford,PF,25,DAL,15,293,27.4,.775,.000,.376,14.6,27.7,21.2,6.2,1.6,8.7,11.4,17.9,,1.1,0.5,1.7,.273,,3.1,2.2,5.3,0.5,gaffoda01
158,Danilo Gallinari,PF-SF,35,TOT,43,569,13.6,.599,.497,.514,3.4,15.7,9.4,11.9,0.8,0.7,7.3,17.2,,1.0,0.2,1.2,.100,,-0.6,-1.3,-1.9,0.0,gallida01
158,Danilo Gallinari,PF,35,WAS,26,385,13.3,.581,.489,.427,3.2,18.3,10.6,10.7,0.7,0.6,7.2,18.3,,0.5,0.1,0.6,.076,,-0.9,-1.9,-2.7,-0.1,gallida01
158,Danilo Gallinari,SF,35,DET,6,90,23.1,.799,.545,1.091,2.4,15.2,8.7,18.2,1.1,1.9,3.0,15.7,,0.5,0.1,0.6,.300,,5.9,1.1,7.0,0.2,gallida01
158,Danilo Gallinari,SF,35,MIL,11,94,5.6,.455,.500,.455,4.8,5.7,5.2,10.3,1.0,0.0,13.2,13.9,,0.0,0.0,0.0,.006,,-5.8,-1.1,-6.8,-0.1,gallida01
159,Darius Garland,PG,24,CLE,42,1393,15.4,.582,.417,.238,1.5,6.5,4.1,28.7,1.9,0.3,16.4,25.8,,0.9,1.7,2.5,.087,,0.8,-0.9,-0.1,0.7,garlada01
160,Usman Garuba,PF,21,GSW,3,8,6.1,.000,.000,.000,13.5,0.0,6.7,13.9,6.0,0.0,0.0,5.2,,0.0,0.0,0.0,.071,,-6.5,3.6,-2.9,0.0,garubus01
161,Luka Garza,C,25,MIN,15,50,19.5,.567,.400,.533,19.3,12.9,15.9,10.1,0.0,0.0,7.5,35.3,,0.1,0.1,0.2,.174,,-1.0,-3.3,-4.3,0.0,garzalu01
162,Kaiser Gates,SF,27,NOP,1,7,-19.7,.000,.500,.000,0.0,15.6,7.9,0.0,0.0,0.0,0.0,24.7,,-0.1,0.0,-0.1,-0.547,,-18.5,-10.1,-28.6,-0.1,gateska01
163,Keyonte George,PG,20,UTA,59,1529,11.8,.550,.549,.278,1.0,10.8,6.0,23.8,0.9,0.4,15.6,22.0,,0.7,0.2,0.9,.028,,-0.5,-2.5,-2.9,-0.3,georgke01
164,Paul George,PF,33,LAC,60,2049,18.5,.601,.485,.223,1.7,15.4,8.8,16.4,2.2,1.2,10.1,26.4,,3.1,2.3,5.5,.128,,2.3,0.2,2.5,2.3,georgpa01
165,Taj Gibson,PF,38,NYK,16,165,3.2,.335,.261,.087,6.7,12.2,9.4,6.7,0.6,3.4,17.3,7.5,,-0.1,0.2,0.1,.022,,-7.0,0.0,-7.0,-0.2,gibsota01
166,Josh Giddey,SG,21,OKC,65,1600,15.5,.530,.287,.130,6.5,20.4,13.8,24.4,1.4,2.0,15.5,22.7,,0.5,2.3,2.8,.084,,0.3,0.2,0.5,1.0,giddejo01
167,Harry Giles,C,25,TOT,20,88,16.1,.522,.261,.283,14.4,19.3,16.8,11.7,0.6,3.1,10.4,28.3,,0.0,0.1,0.1,.040,,-2.0,-2.1,-4.1,0.0,gilesha01
167,Harry Giles,C,25,BRK,16,81,18.3,.543,.250,.295,15.7,19.7,17.6,12.7,0.6,3.4,10.8,29.7,,0.0,0.1,0.1,.068,,-1.1,-1.8,-2.8,0.0,gilesha01
167,Harry Giles,C,25,LAL,4,7,-8.8,.000,.500,.000,0.0,15.2,8.0,0.0,0.0,0.0,0.0,12.4,,0.0,0.0,0.0,-0.288,,-12.6,-6.4,-19.0,0.0,gilesha01
168,Shai Gilgeous-Alexander,PG,25,OKC,65,2239,30.5,.646,.175,.442,2.9,14.9,9.1,30.6,2.9,2.5,8.2,33.0,,10.0,3.7,13.7,.294,,7.3,2.6,9.9,6.7,gilgesh01
169,Anthony Gill,PF,31,WAS,36,184,11.9,.550,.245,.377,7.9,15.6,11.6,10.0,1.8,3.1,19.5,17.5,,-0.1,0.1,0.1,.015,,-3.1,-1.1,-4.2,-0.1,gillan01
170,Collin Gillespie,PG,24,DEN,19,161,11.3,.639,.533,.178,0.7,7.4,4.2,12.8,3.1,0.0,17.1,15.9,,0.1,0.2,0.3,.085,,-3.6,1.3,-2.3,0.0,gilleco01
171,Jacob Gilyard,PG,25,MEM,37,654,11.6,.597,.833,.014,1.3,6.1,3.6,28.6,2.0,0.7,16.7,11.5,,0.8,0.6,1.4,.106,,-1.5,0.2,-1.3,0.1,gilyaja01
172,Rudy Gobert,C,31,MIN,63,2137,18.9,.667,.006,.616,13.2,29.0,21.5,5.2,0.9,5.6,12.9,15.3,,4.5,4.9,9.4,.212,,0.0,1.7,1.7,2.0,goberru01
173,Jordan Goodwin,PG,25,TOT,48,782,11.8,.455,.399,.151,7.9,14.6,11.3,20.2,2.2,2.1,13.0,18.3,,-0.2,1.0,0.8,.048,,-2.1,0.7,-1.4,0.1,goodwjo01
173,Jordan Goodwin,PG,25,PHO,40,558,12.4,.481,.415,.150,8.5,14.7,11.8,18.8,2.0,1.4,12.4,18.1,,0.2,0.6,0.8,.070,,-1.3,0.4,-1.0,0.1,goodwjo01
173,Jordan Goodwin,PG,25,MEM,8,224,10.1,.390,.359,.154,6.2,14.2,10.1,23.8,2.8,3.7,14.4,18.7,,-0.4,0.4,0.0,-0.006,,-3.9,1.4,-2.5,0.0,goodwjo01
174,Aaron Gordon,PF,28,DEN,61,1911,16.5,.608,.191,.360,8.4,14.1,11.3,14.1,1.3,1.6,11.3,17.8,,3.4,2.1,5.5,.139,,0.8,0.0,0.8,1.4,gordoaa01
175,Eric Gordon,SG,35,PHO,54,1590,11.1,.585,.637,.110,1.1,6.3,3.9,10.2,1.5,1.4,10.3,16.8,,1.0,1.2,2.1,.064,,-1.0,-0.7,-1.8,0.1,gordoer01
176,Devonte' Graham,PG,28,SAS,14,115,13.5,.558,.714,.229,1.9,15.3,8.5,22.0,1.6,0.7,7.2,15.2,,0.2,0.1,0.2,.103,,-0.9,0.1,-0.8,0.0,grahade01
177,Jerami Grant,PF,29,POR,54,1830,15.4,.573,.325,.367,2.2,10.1,5.9,13.8,1.2,1.7,10.5,25.7,,1.7,1.1,2.7,.071,,0.9,-1.1,-0.2,0.8,grantje01
178,A.J. Green,SG,24,MIL,44,446,11.4,.617,.858,.090,1.5,10.8,6.3,8.1,0.4,0.4,4.2,16.2,,0.7,0.2,0.9,.096,,0.4,-2.0,-1.6,0.0,greenaj01
179,Danny Green,SG,36,PHI,2,18,0.7,.000,.500,.000,0.0,12.5,6.1,6.4,2.7,0.0,0.0,4.8,,0.0,0.0,0.0,-0.040,,-7.3,0.7,-6.7,0.0,greenda02
180,Draymond Green,PF,33,GSW,40,1061,14.4,.594,.350,.220,5.3,23.0,14.2,29.0,1.5,3.1,24.8,15.9,,1.0,1.4,2.4,.110,,-0.6,2.9,2.2,1.1,greendr01
181,Jalen Green,SG,21,HOU,66,2047,13.8,.532,.438,.268,1.5,15.3,8.3,16.7,1.1,0.9,11.1,27.0,,-0.4,2.4,2.0,.047,,-0.4,-0.8,-1.2,0.4,greenja05
182,Jeff Green,PF,37,HOU,62,1003,10.2,.585,.360,.484,3.7,9.9,6.8,7.2,0.5,2.4,11.8,15.0,,0.8,1.0,1.7,.083,,-2.5,-0.1,-2.6,-0.2,greenje02
183,Josh Green,SG,23,DAL,54,1436,10.3,.604,.499,.155,2.9,10.4,6.7,11.1,1.5,0.6,13.1,13.0,,1.2,0.9,2.1,.071,,-1.9,-0.4,-2.4,-0.1,greenjo02
184,AJ Griffin,SF,20,ATL,18,132,1.8,.403,.733,.044,1.6,10.2,5.7,3.8,0.4,0.7,11.6,16.2,,-0.3,0.0,-0.3,-0.096,,-5.4,-3.3,-8.7,-0.2,griffaj01
185,Quentin Grimes,SG,23,TOT,51,1025,8.8,.516,.732,.137,1.6,9.3,5.4,8.7,1.7,0.6,7.5,15.7,,0.3,1.0,1.3,.063,,-2.7,0.4,-2.3,-0.1,grimequ01
185,Quentin Grimes,SG,23,NYK,45,910,9.5,.543,.741,.119,1.7,9.1,5.4,7.9,1.7,0.3,6.5,15.2,,0.7,0.9,1.6,.084,,-2.0,0.5,-1.5,0.1,grimequ01
185,Quentin Grimes,SG,23,DET,6,115,3.9,.342,.667,.262,1.0,10.9,5.8,15.5,2.1,2.9,13.0,19.8,,-0.3,0.1,-0.3,-0.106,,-7.7,-0.4,-8.1,-0.2,grimequ01
186,Mouhamadou Gueye,PF,25,TOR,2,10,17.6,.250,.000,.000,32.2,22.3,27.4,0.0,0.0,26.1,0.0,17.1,,0.0,0.0,0.0,.063,,-3.9,1.1,-2.8,0.0,gueyemo01
187,Mouhamed Gueye,PF,21,ATL,2,4,-0.6,.000,1.000,.000,0.0,0.0,0.0,0.0,11.9,0.0,0.0,10.3,,0.0,0.0,0.0,-0.110,,-12.6,3.6,-9.0,0.0,gueyemo02
188,Rui Hachimura,PF,25,LAL,53,1362,14.0,.613,.343,.200,3.5,12.1,8.0,5.9,1.3,1.0,6.6,18.7,,1.4,1.0,2.4,.086,,-0.8,-1.2,-2.0,0.0,hachiru01
189,Ashton Hagans,PG,24,POR,13,215,7.8,.511,.298,.234,4.0,12.8,8.1,22.7,1.6,3.0,28.8,14.4,,-0.2,0.2,0.0,-0.003,,-4.7,1.0,-3.7,-0.1,haganas01
190,Tyrese Haliburton,PG,23,IND,54,1745,23.6,.609,.498,.218,1.9,11.7,6.8,47.6,1.5,1.6,12.3,25.1,,6.2,0.9,7.1,.196,,7.6,-0.8,6.8,3.9,halibty01
191,R.J. Hampton,PG,22,MIA,8,76,0.9,.336,.571,.143,2.9,6.0,4.5,13.6,0.0,0.0,16.8,10.5,,-0.1,0.0,-0.1,-0.042,,-8.2,-1.5,-9.6,-0.1,hamptrj01
192,Tim Hardaway Jr.,SF,31,DAL,64,1801,12.7,.553,.610,.183,1.2,12.1,6.7,8.6,0.9,0.2,6.1,23.3,,1.0,0.9,1.9,.050,,-0.1,-2.5,-2.7,-0.3,hardati02
193,James Harden,PG,34,LAC,59,2044,19.1,.632,.592,.433,1.6,14.7,8.4,32.4,1.5,2.3,16.0,20.8,,5.4,2.1,7.5,.175,,4.2,0.5,4.7,3.5,hardeja01
194,Jaden Hardy,SG,21,DAL,59,834,11.7,.518,.477,.152,2.0,11.7,6.8,15.7,1.0,0.4,9.4,24.7,,-0.2,0.5,0.3,.016,,-1.4,-2.4,-3.8,-0.4,hardyja02
195,Ron Harper Jr.,PF,23,TOR,1,4,0.0,,,,0.0,0.0,0.0,28.2,0.0,0.0,,0.0,,0.0,0.0,0.0,.094,,-11.7,3.0,-8.7,0.0,harpero02
196,Gary Harris,SG,29,ORL,43,1001,10.4,.605,.678,.172,2.1,6.1,4.1,9.7,1.9,1.2,8.2,12.2,,1.1,1.2,2.3,.112,,-1.7,1.2,-0.5,0.4,harriga01
197,Joe Harris,SG,32,DET,16,170,4.6,.489,.769,.051,1.9,6.7,4.3,7.5,0.8,1.0,9.1,10.9,,0.0,0.0,0.0,.001,,-4.7,-1.1,-5.8,-0.2,harrijo01
198,Kevon Harris,SG,26,ORL,2,6,11.1,.667,.000,.000,0.0,39.3,19.5,33.1,0.0,0.0,25.0,29.1,,0.0,0.0,0.0,.037,,-15.5,-0.3,-15.9,0.0,harrike01
199,Tobias Harris,PF,31,PHI,60,2029,16.4,.578,.264,.230,3.5,17.1,10.2,13.9,1.5,1.5,8.2,20.5,,2.8,2.1,4.9,.115,,1.0,-0.2,0.7,1.4,harrito02
200,Shaquille Harrison,SG,30,MEM,3,6,15.8,.500,.000,.000,0.0,37.9,18.4,0.0,0.0,15.5,0.0,14.4,,0.0,0.0,0.0,.091,,-0.7,5.3,4.6,0.0,harrish01
201,Josh Hart,SF,28,NYK,65,2083,11.5,.520,.417,.160,5.2,22.5,13.8,15.2,1.4,0.9,13.8,13.6,,1.2,2.9,4.2,.096,,-1.5,1.5,0.0,1.1,hartjo01
202,Isaiah Hartenstein,C,25,NYK,60,1492,17.4,.647,.011,.422,14.6,22.6,18.6,11.8,2.1,3.9,17.4,11.1,,3.2,2.7,5.9,.190,,-0.1,2.5,2.4,1.7,harteis01
203,Sam Hauser,SF,26,BOS,65,1374,12.1,.636,.859,.042,3.0,13.4,8.5,5.6,1.0,1.3,6.4,13.9,,2.0,1.7,3.7,.129,,0.8,0.2,1.0,1.1,hausesa01
204,Jordan Hawkins,SG,21,NOP,56,1079,10.6,.542,.653,.178,2.9,11.4,7.2,8.2,0.8,0.5,7.5,20.2,,0.5,0.9,1.4,.062,,-0.9,-1.7,-2.6,-0.2,hawkijo01
205,Jaxson Hayes,C,23,LAL,56,640,13.6,.703,.063,.453,8.9,15.7,12.4,4.9,1.9,3.0,15.9,12.4,,1.0,0.8,1.7,.129,,-3.1,1.0,-2.1,0.0,hayesja02
206,Killian Hayes,PG,22,DET,42,1008,10.4,.474,.261,.177,1.2,12.2,6.6,27.1,1.7,1.7,14.3,14.9,,0.0,0.6,0.7,.032,,-2.9,0.3,-2.6,-0.2,hayeski01
207,Gordon Hayward,SF,33,TOT,37,1005,13.0,.537,.202,.284,3.6,13.5,8.4,20.2,1.6,1.1,12.9,19.2,,0.4,0.7,1.1,.051,,-1.7,-0.5,-2.2,0.0,haywago01
207,Gordon Hayward,SF,33,CHO,25,798,14.1,.544,.205,.273,3.3,13.3,8.1,22.0,1.7,1.4,13.3,21.0,,0.2,0.5,0.7,.044,,-1.3,-0.6,-1.9,0.0,haywago01
207,Gordon Hayward,SF,33,OKC,12,207,8.9,.490,.182,.364,4.5,14.0,9.4,13.2,1.2,0.0,10.5,12.0,,0.1,0.2,0.3,.074,,-3.3,0.0,-3.3,-0.1,haywago01
208,Scoot Henderson,PG,19,POR,47,1263,8.7,.479,.336,.283,3.4,9.7,6.4,27.3,1.1,0.7,18.2,25.6,,-1.8,0.6,-1.2,-0.047,,-4.1,-2.4,-6.5,-1.4,hendesc01
209,Taylor Hendricks,PF,20,UTA,24,420,10.5,.532,.577,.106,7.6,18.7,13.2,4.1,1.6,3.4,11.7,14.4,,0.1,0.3,0.4,.046,,-3.0,-1.0,-4.0,-0.2,hendrita01
210,Tyler Herro,SG,24,MIA,36,1209,15.4,.549,.452,.122,1.7,16.3,8.9,22.0,1.2,0.2,10.1,27.9,,0.0,1.3,1.4,.055,,1.4,-0.8,0.6,0.8,herroty01
211,Buddy Hield,SF-SG,31,TOT,68,1828,13.2,.582,.675,.062,2.7,11.0,6.8,15.3,1.6,1.6,10.6,18.9,,1.6,1.2,2.8,.073,,1.1,-0.6,0.5,1.2,hieldbu01
211,Buddy Hield,SF,31,IND,52,1336,13.0,.586,.691,.064,2.9,11.4,7.1,13.0,1.5,1.8,10.4,18.6,,1.1,0.7,1.8,.066,,0.9,-0.8,0.1,0.7,hieldbu01
211,Buddy Hield,SG,31,PHI,16,492,13.8,.571,.634,.057,2.2,10.1,6.1,21.3,1.8,1.1,11.2,19.6,,0.5,0.4,0.9,.092,,1.5,0.1,1.6,0.4,hieldbu01
212,Haywood Highsmith,PF,27,MIA,50,962,9.9,.560,.599,.115,4.5,10.8,7.6,6.7,2.2,2.5,9.8,12.2,,0.4,1.3,1.8,.088,,-2.6,1.3,-1.3,0.2,highsha01
213,Nate Hinton,SG,24,HOU,11,58,19.1,.698,.550,.250,5.5,16.6,11.0,15.1,1.7,3.2,8.3,17.7,,0.2,0.1,0.3,.229,,3.4,2.1,5.4,0.1,hintona01
214,D'Moi Hodge,SG,25,LAL,7,41,6.1,.441,.800,.133,0.0,0.0,0.0,15.7,1.2,2.1,5.9,17.8,,0.0,0.0,0.0,-0.024,,-3.8,-2.6,-6.4,0.0,hodgedm01
215,Aaron Holiday,PG,27,HOU,63,1030,10.9,.578,.527,.141,1.7,8.9,5.3,14.9,1.5,0.4,11.5,16.5,,0.8,1.1,1.9,.087,,-2.0,0.4,-1.6,0.1,holidaa01
216,Jrue Holiday,PG,33,BOS,60,1995,14.8,.606,.461,.119,4.2,12.9,8.8,19.6,1.4,2.0,14.6,16.2,,3.2,2.7,5.9,.142,,1.2,1.2,2.4,2.3,holidjr01
217,Justin Holiday,SG,34,DEN,43,629,9.8,.608,.703,.029,1.1,8.1,4.7,9.7,2.1,0.8,6.7,10.4,,0.7,0.7,1.3,.103,,-2.5,1.0,-1.5,0.1,holidju01
218,Richaun Holmes,C-PF,30,TOT,33,383,14.5,.606,.010,.323,13.3,20.1,16.6,6.6,1.0,2.9,12.4,14.3,,0.6,0.3,0.9,.118,,-2.1,-0.5,-2.5,-0.1,holmeri01
218,Richaun Holmes,C,30,DAL,23,237,13.9,.572,.000,.356,15.3,20.8,18.1,8.3,0.6,3.3,15.0,14.5,,0.3,0.2,0.5,.111,,-2.3,-0.7,-3.0,-0.1,holmeri01
218,Richaun Holmes,PF,30,WAS,10,146,15.6,.658,.025,.275,10.0,18.8,14.3,3.7,1.6,2.2,8.2,14.1,,0.3,0.1,0.4,.130,,-1.7,-0.1,-1.8,0.0,holmeri01
219,Chet Holmgren,C,21,OKC,66,1992,20.6,.638,.366,.267,6.1,22.2,14.5,12.5,1.0,7.5,10.7,21.1,,4.0,3.5,7.6,.182,,2.2,1.7,3.9,3.0,holmgch01
220,Jalen Hood-Schifino,SG,20,LAL,21,109,-1.5,.316,.333,.444,2.1,10.8,6.6,9.1,1.3,1.6,14.3,25.0,,-0.6,0.1,-0.5,-0.227,,-12.4,-3.7,-16.2,-0.4,hoodsja01
221,Al Horford,C,37,BOS,55,1476,14.6,.633,.625,.070,5.3,20.0,13.0,12.6,1.1,3.3,9.7,11.5,,2.8,2.4,5.2,.170,,1.4,2.3,3.7,2.1,horfoal01
222,Talen Horton-Tucker,PG,23,UTA,43,841,13.6,.503,.385,.244,2.6,11.0,6.9,26.6,2.2,1.7,11.8,23.4,,0.3,0.5,0.9,.049,,-0.7,-0.1,-0.8,0.2,hortota01
223,Danuel House Jr.,SF,30,PHI,34,509,8.5,.575,.476,.438,3.4,9.3,6.3,7.1,1.4,0.9,13.2,12.2,,0.3,0.4,0.6,.061,,-3.4,-0.6,-4.0,-0.3,houseda01
224,Caleb Houstan,SF,21,ORL,50,701,8.2,.582,.931,.137,4.0,8.7,6.3,5.2,0.8,0.4,7.5,12.5,,0.6,0.7,1.3,.087,,-1.4,-0.6,-2.0,0.0,houstca01
225,Jett Howard,SF,20,ORL,13,49,7.8,.484,.773,.182,2.4,9.6,6.0,9.1,0.0,1.9,7.8,22.9,,0.0,0.0,0.0,-0.002,,-1.4,-2.3,-3.7,0.0,howarje01
226,Kevin Huerter,SG,25,SAC,62,1544,12.4,.567,.609,.084,2.7,13.8,8.1,14.0,1.3,1.3,8.3,17.4,,1.5,1.2,2.7,.084,,-0.3,-0.5,-0.9,0.4,huertke01
227,Jay Huff,C,25,DEN,14,36,16.6,.738,.667,.167,3.2,27.2,15.5,3.8,1.4,0.0,7.2,16.8,,0.1,0.1,0.1,.188,,0.1,-0.5,-0.5,0.0,huffja01
228,De'Andre Hunter,SF,26,ATL,42,1198,13.6,.619,.442,.312,2.0,12.3,7.0,6.4,1.3,1.0,9.9,20.1,,1.5,0.5,2.0,.080,,-0.4,-1.3,-1.7,0.1,huntede01
229,Matthew Hurt,PF,23,MEM,8,113,8.4,.453,.588,.088,8.5,7.0,7.8,5.2,1.3,2.5,5.4,14.3,,0.0,0.1,0.1,.033,,-3.1,-0.6,-3.7,-0.1,hurtma01
230,Bones Hyland,PG,23,LAC,28,411,9.9,.487,.536,.088,1.1,7.5,4.4,23.0,2.4,0.7,14.5,23.5,,-0.4,0.4,0.0,.000,,-3.1,-0.9,-4.0,-0.2,hylanbo01
231,Joe Ingles,SF,36,ORL,53,916,10.8,.595,.695,.132,2.2,12.0,7.0,23.0,1.8,0.4,19.0,11.8,,1.0,1.2,2.1,.111,,-1.5,1.3,-0.2,0.4,inglejo01
232,Brandon Ingram,SF,26,NOP,60,1991,18.3,.580,.237,.315,2.3,14.4,8.4,27.1,1.2,1.7,12.4,27.1,,2.9,2.3,5.2,.124,,1.6,-0.2,1.4,1.7,ingrabr01
233,Kyrie Irving,SG,31,DAL,45,1539,22.2,.602,.363,.182,2.4,13.8,8.1,24.4,1.7,1.2,7.5,28.5,,3.8,1.3,5.0,.157,,5.1,-0.3,4.8,2.7,irvinky01
234,Jonathan Isaac,PF,26,ORL,46,695,18.7,.596,.374,.302,9.5,24.1,16.7,4.0,2.2,7.4,8.4,17.2,,1.0,1.5,2.5,.173,,1.0,2.2,3.2,0.9,isaacjo01
235,Jaden Ivey,SG,21,DET,62,1775,12.7,.544,.377,.342,4.8,9.0,6.8,19.4,1.3,1.7,15.0,24.4,,0.0,0.8,0.8,.021,,-1.4,-1.6,-3.0,-0.4,iveyja01
236,Andre Jackson Jr.,SG,22,MIL,49,511,9.1,.623,.449,.124,8.6,12.3,10.5,11.2,1.3,0.7,19.7,9.8,,0.6,0.4,1.0,.095,,-3.1,-0.1,-3.2,-0.2,jacksan01
237,GG Jackson II,PF,19,MEM,33,722,13.6,.557,.505,.297,5.5,12.8,9.0,6.0,0.9,2.4,9.6,24.2,,0.0,0.7,0.7,.046,,-0.6,-1.9,-2.4,-0.1,jacksgg01
238,Isaiah Jackson,C,22,IND,48,648,21.3,.689,.020,.455,12.9,21.5,17.2,8.1,2.2,6.2,12.6,17.9,,1.8,0.9,2.6,.195,,-0.1,1.5,1.4,0.6,jacksis01
239,Jaren Jackson Jr.,C,24,MEM,57,1824,17.2,.556,.326,.370,4.2,15.5,9.6,12.1,1.7,4.6,10.6,30.4,,0.0,2.6,2.6,.068,,-0.2,0.4,0.3,1.0,jacksja02
240,Justin Jackson,SF,28,MIN,2,1,0.0,,,,0.0,0.0,0.0,0.0,0.0,0.0,,0.0,,0.0,0.0,0.0,.035,,-6.4,-1.1,-7.6,0.0,jacksju01
241,Reggie Jackson,PG,33,DEN,67,1474,11.7,.524,.370,.110,1.9,7.7,4.9,22.7,1.1,0.6,11.5,21.4,,0.5,1.2,1.6,.053,,-1.8,-1.4,-3.2,-0.5,jacksre01
242,Trayce Jackson-Davis,PF,23,GSW,52,726,21.8,.697,.000,.423,13.5,19.6,16.6,10.5,1.1,5.8,11.4,17.1,,2.1,1.0,3.1,.203,,1.3,1.1,2.4,0.8,jackstr02
243,LeBron James,PF,39,LAL,58,2040,23.0,.617,.300,.302,2.7,19.2,11.4,36.2,1.7,1.4,13.8,29.2,,4.0,2.2,6.3,.148,,5.3,0.8,6.1,4.2,jamesle01
244,Jaime Jaquez Jr.,SF,22,MIA,60,1758,12.9,.578,.280,.250,4.6,11.0,7.7,13.1,1.9,0.7,12.5,18.8,,1.1,2.1,3.2,.087,,-2.3,0.2,-2.0,0.0,jaqueja01
245,DeJon Jarreau,SG,26,MEM,3,66,11.1,.391,.200,.200,1.6,32.7,16.7,32.4,3.7,0.0,18.7,17.5,,-0.1,0.1,0.0,.027,,-5.6,3.4,-2.2,0.0,jarrede01
246,DaQuan Jeffries,SG,26,NYK,13,34,2.1,.370,.500,.143,0.0,16.4,8.2,8.4,0.0,0.0,6.3,20.1,,-0.1,0.0,-0.1,-0.089,,-7.1,-2.6,-9.6,-0.1,jeffrda01
247,Trey Jemison,C,24,TOT,15,290,12.4,.636,.000,.208,11.1,12.5,11.8,5.9,1.0,4.8,19.5,14.5,,0.2,0.3,0.5,.086,,-5.0,-0.2,-5.2,-0.2,jemistr01
247,Trey Jemison,C,24,WAS,2,1,-35.9,,,,0.0,100.0,53.5,0.0,0.0,0.0,100.0,42.0,,0.0,0.0,0.0,-1.196,,-30.3,-3.6,-33.9,0.0,jemistr01
247,Trey Jemison,C,24,MEM,13,289,12.6,.636,.000,.208,11.1,12.2,11.6,5.9,1.0,4.8,18.6,14.4,,0.2,0.3,0.5,.090,,-4.9,-0.2,-5.1,-0.2,jemistr01
248,Ty Jerome,SG,26,CLE,2,15,7.6,.500,.250,.000,7.5,0.0,3.7,27.1,0.0,0.0,20.0,14.6,,0.0,0.0,0.0,.048,,-4.2,-0.6,-4.7,0.0,jeromty01
249,Isaiah Joe,SG,24,OKC,62,1140,13.0,.623,.730,.104,2.5,10.9,6.9,7.8,1.6,1.4,8.6,16.8,,1.3,1.3,2.6,.108,,0.9,-0.3,0.5,0.7,joeis01
250,Cameron Johnson,PF,27,BRK,50,1388,14.8,.588,.564,.167,3.8,13.9,8.7,13.2,1.5,0.9,7.9,19.7,,1.9,1.1,3.0,.103,,1.3,-0.5,0.8,1.0,johnsca02
251,Jalen Johnson,SF,22,ATL,49,1665,15.9,.587,.281,.217,4.0,23.9,13.6,14.5,1.6,2.3,11.5,18.6,,1.9,1.5,3.3,.096,,0.1,0.6,0.7,1.1,johnsja05
252,James Johnson,PF,36,IND,6,32,10.6,.436,.167,.333,3.5,10.7,7.1,20.7,5.9,2.5,22.5,11.6,,0.0,0.1,0.0,.073,,-5.4,4.4,-1.1,0.0,johnsja01
253,Keldon Johnson,SF,24,SAS,62,1833,14.3,.560,.416,.243,5.0,15.3,10.1,14.6,1.2,0.9,9.5,22.3,,1.2,1.1,2.3,.061,,-0.4,-1.6,-1.9,0.0,johnske04
254,Keon Johnson,SG,21,BRK,4,51,15.2,.598,.474,.526,6.2,4.5,5.4,8.2,2.9,1.8,14.6,23.2,,0.1,0.0,0.1,.099,,0.3,-0.9,-0.6,0.0,johnske07
255,Keyontae Johnson,SF,23,OKC,9,66,1.6,.344,.188,.000,7.0,9.7,8.5,7.1,0.7,0.0,20.0,13.1,,-0.1,0.1,-0.1,-0.069,,-7.6,-2.3,-9.9,-0.1,johnske08
256,Nikola Jokić,C,28,DEN,65,2227,31.3,.652,.166,.311,9.7,29.6,19.9,42.9,1.8,2.3,12.8,29.2,,10.0,4.0,14.0,.301,,9.2,4.3,13.6,8.8,jokicni01
257,Colby Jones,SG,21,SAC,19,126,6.7,.388,.271,.104,8.8,14.7,11.7,11.3,1.5,0.7,9.1,18.7,,-0.2,0.1,-0.1,-0.032,,-6.0,-1.2,-7.2,-0.2,jonesco02
258,Damian Jones,C,28,CLE,30,219,15.0,.647,.167,.296,7.7,18.0,12.9,8.2,1.6,4.5,15.3,14.4,,0.3,0.4,0.7,.148,,-2.2,2.1,0.0,0.1,jonesda03
259,Derrick Jones Jr.,SF,26,DAL,62,1464,12.1,.607,.495,.260,5.0,10.6,7.8,5.3,1.5,2.4,10.8,14.9,,1.3,1.1,2.5,.081,,-0.9,-0.5,-1.5,0.2,jonesde02
260,Herbert Jones,SF,25,NOP,61,1791,13.7,.648,.454,.257,3.9,9.5,6.8,11.3,2.2,2.8,12.5,14.3,,2.8,2.4,5.2,.139,,-0.5,1.5,1.0,1.4,joneshe01
261,Mason Jones,SG,25,SAC,1,13,7.5,.129,.667,.667,8.5,26.7,17.4,33.7,0.0,0.0,0.0,12.7,,0.0,0.0,0.0,-0.021,,-3.9,-0.3,-4.2,0.0,jonesma05
262,Tre Jones,PG,24,SAS,62,1652,14.7,.594,.313,.219,2.7,11.2,6.9,31.2,1.8,0.4,15.4,15.1,,2.7,0.9,3.6,.105,,-0.5,-0.3,-0.8,0.5,jonestr01
263,Tyus Jones,PG,27,WAS,66,1933,16.4,.578,.384,.060,1.1,9.1,5.0,34.4,1.7,0.8,8.8,16.3,,3.8,0.6,4.4,.109,,1.5,-0.9,0.6,1.3,jonesty01
264,DeAndre Jordan,C,35,DEN,29,327,16.1,.605,.000,.645,16.8,27.9,22.5,7.9,0.8,3.4,16.3,15.5,,0.5,0.5,1.0,.142,,-1.9,-0.4,-2.2,0.0,jordade01
265,Cory Joseph,PG,32,GSW,26,296,6.1,.470,.656,.109,2.2,8.7,5.5,17.3,0.7,0.9,15.2,11.2,,0.0,0.2,0.2,.032,,-4.1,-0.7,-4.8,-0.2,josepco01
266,Nikola Jović,PF,20,MIA,32,564,11.4,.562,.538,.206,3.8,22.9,13.2,15.1,1.3,1.9,15.1,16.2,,0.1,0.8,0.9,.080,,-2.2,1.5,-0.7,0.2,jovicni01
267,Johnny Juzang,SG,22,UTA,7,81,8.4,.532,.710,.000,2.7,10.8,6.8,6.8,0.0,0.0,6.1,16.9,,0.0,0.0,0.0,.009,,-2.7,-4.1,-6.8,-0.1,juzanjo01
268,Luke Kennard,SG,27,MEM,35,876,13.6,.650,.754,.157,1.3,11.4,6.2,19.4,1.0,0.1,12.6,16.9,,1.3,0.7,2.0,.110,,0.9,-0.7,0.2,0.5,kennalu01
269,Walker Kessler,C,22,UTA,54,1258,18.3,.649,.062,.263,12.6,22.9,17.8,5.3,1.0,10.0,13.8,13.2,,1.9,1.6,3.5,.135,,-0.4,1.5,1.1,1.0,kesslwa01
270,Braxton Key,SF,26,DEN,17,55,13.0,.456,.250,.375,6.2,21.7,14.2,18.0,1.8,1.5,5.1,15.6,,0.0,0.1,0.1,.111,,-1.7,1.0,-0.7,0.0,keybr01
271,Corey Kispert,SF,24,WAS,64,1492,12.9,.617,.614,.200,1.5,10.5,5.9,10.7,0.9,0.6,10.0,20.2,,1.1,0.2,1.4,.044,,-0.1,-2.1,-2.2,-0.1,kispeco01
272,Maxi Kleber,C,32,DAL,30,630,7.6,.534,.609,.300,3.1,14.8,9.0,8.8,0.8,2.8,13.8,9.8,,0.2,0.5,0.7,.051,,-3.1,0.3,-2.8,-0.1,klebima01
273,Kevin Knox,SF,24,DET,31,560,9.8,.570,.505,.118,3.5,11.6,7.5,5.8,1.1,1.1,10.1,16.4,,0.2,0.2,0.4,.033,,-2.8,-1.8,-4.6,-0.4,knoxke01
274,John Konchar,SF,27,MEM,51,1048,11.5,.538,.574,.105,6.5,18.3,12.3,12.9,2.1,4.3,17.1,9.9,,0.5,1.6,2.1,.095,,-2.5,2.3,-0.2,0.5,konchjo01
275,Furkan Korkmaz,SG,26,PHI,35,300,9.2,.519,.526,.263,1.4,9.8,5.5,10.9,2.3,0.9,10.5,13.6,,0.0,0.3,0.3,.052,,-3.1,0.4,-2.8,-0.1,korkmfu01
276,Luke Kornet,C,28,BOS,48,723,19.3,.731,.000,.272,13.7,14.2,14.0,8.4,1.2,5.7,9.6,11.2,,2.4,1.2,3.6,.241,,1.3,2.1,3.4,1.0,kornelu01
277,Vit Krejci,PG,23,ATL,6,110,6.0,.419,.765,.118,1.9,3.1,2.5,12.9,2.2,1.6,10.1,7.5,,0.0,0.0,0.1,.026,,-5.2,0.7,-4.5,-0.1,krejcvi01
278,Jonathan Kuminga,PF,21,GSW,64,1667,17.0,.600,.196,.366,5.4,14.4,9.9,12.0,1.3,1.7,11.1,24.2,,2.2,1.6,3.8,.110,,0.1,-0.4,-0.3,0.7,kuminjo01
279,Kyle Kuzma,PF,28,WAS,64,2063,16.3,.552,.353,.187,3.1,19.0,10.8,20.6,0.8,1.8,11.6,30.1,,-0.6,1.0,0.4,.010,,0.8,-1.7,-0.9,0.6,kuzmaky01
280,Jock Landale,C,28,HOU,40,405,13.7,.515,.223,.320,14.4,12.4,13.4,11.6,1.3,3.6,11.3,13.9,,0.5,0.5,1.1,.126,,-1.5,0.5,-1.0,0.1,landajo01
281,Jake LaRavia,PF,22,MEM,22,390,11.2,.484,.483,.342,8.0,12.0,9.9,9.8,2.1,1.7,9.0,20.9,,-0.1,0.5,0.4,.044,,-3.3,-0.2,-3.5,-0.1,laravja01
282,Zach LaVine,SG,28,CHI,25,872,15.1,.578,.449,.274,1.0,15.9,8.3,17.1,1.2,0.9,11.0,23.8,,0.8,0.7,1.4,.079,,0.8,-0.7,0.1,0.4,lavinza01
283,A.J. Lawson,SG,23,DAL,32,244,12.7,.553,.457,.228,5.4,9.9,7.7,7.9,2.0,1.1,9.0,19.5,,0.1,0.2,0.3,.060,,-2.2,-1.3,-3.5,-0.1,lawsoaj01
284,Saben Lee,PG,24,PHO,21,178,13.2,.477,.302,.736,6.0,13.2,9.8,21.6,1.9,1.5,10.2,18.9,,0.1,0.2,0.3,.089,,-2.3,0.6,-1.7,0.0,leesa01
285,Alex Len,C,30,SAC,31,270,14.9,.592,.050,.350,13.9,21.8,17.8,12.8,1.8,5.0,21.5,13.9,,0.3,0.4,0.6,.115,,-2.7,1.6,-1.1,0.1,lenal01
286,Kawhi Leonard,SF,32,LAC,60,2056,23.4,.629,.293,.246,4.2,15.8,10.2,17.1,2.4,2.2,8.1,26.2,,5.6,2.6,8.2,.192,,5.1,0.9,5.9,4.1,leonaka01
287,Caris LeVert,SG,29,CLE,54,1520,14.2,.511,.416,.222,2.2,13.1,7.7,25.8,1.8,1.4,10.4,23.2,,0.6,2.2,2.8,.089,,-0.7,0.8,0.0,0.8,leverca01
288,Kira Lewis Jr.,PG,22,TOT,19,153,6.6,.391,.389,.204,3.7,7.1,5.4,17.7,1.9,0.6,12.0,18.8,,-0.2,0.2,-0.1,-0.025,,-6.0,-0.7,-6.7,-0.2,lewiski01
288,Kira Lewis Jr.,PG,22,NOP,15,144,5.7,.387,.385,.212,3.1,7.6,5.4,16.0,1.7,0.7,12.3,19.4,,-0.3,0.1,-0.1,-0.042,,-6.4,-1.0,-7.4,-0.2,lewiski01
288,Kira Lewis Jr.,PG,22,TOR,1,2,-7.3,,,,0.0,0.0,0.0,0.0,0.0,0.0,,0.0,,0.0,0.0,0.0,-0.005,,-22.2,-0.1,-22.2,0.0,lewiski01
288,Kira Lewis Jr.,PG,22,UTA,3,7,29.2,.500,.500,.000,15.8,0.0,7.8,57.9,6.9,0.0,0.0,11.9,,0.0,0.0,0.0,.321,,7.1,5.2,12.3,0.0,lewiski01
289,Maxwell Lewis,SF,21,LAL,24,77,-3.0,.292,.250,.000,1.5,2.8,2.2,4.5,1.2,0.0,36.8,10.7,,-0.3,0.0,-0.2,-0.154,,-9.7,-2.6,-12.3,-0.2,lewisma05
290,E.J. Liddell,PF,23,NOP,8,23,4.2,.291,.833,.333,0.0,23.7,12.0,5.1,4.2,8.5,22.5,16.7,,-0.1,0.1,0.0,-0.087,,-8.6,4.1,-4.6,0.0,liddeej01
291,Damian Lillard,PG,33,MIL,62,2171,19.9,.592,.493,.408,1.7,11.7,6.8,28.5,1.4,0.5,10.9,28.3,,5.1,1.7,6.7,.149,,3.5,-1.3,2.1,2.3,lillada01
292,Nassir Little,SF,23,PHO,36,430,9.6,.569,.569,.183,3.9,14.4,9.4,5.8,1.1,2.1,9.9,13.1,,0.2,0.4,0.7,.073,,-2.6,-0.4,-3.1,-0.1,littlna01
293,Dereck Lively II,C,19,DAL,48,1162,17.9,.734,.008,.269,11.6,19.8,15.7,6.4,1.4,5.2,13.7,12.4,,2.8,1.4,4.3,.176,,-0.3,0.5,0.2,0.7,livelde01
294,Isaiah Livers,PF,25,DET,23,469,5.1,.460,.664,.155,3.5,8.0,5.7,6.8,1.3,0.9,11.4,12.6,,-0.3,0.2,-0.1,-0.014,,-5.0,-1.5,-6.5,-0.5,liveris01
295,Chris Livingston,SF,20,MIL,16,69,5.8,.504,.188,.125,3.3,20.1,11.9,9.1,1.4,0.0,19.2,13.0,,-0.1,0.1,0.0,.012,,-7.4,-0.8,-8.1,-0.1,livinch01
296,Kenneth Lofton Jr.,PF,21,TOT,17,108,6.0,.413,.279,.349,2.0,16.8,9.2,19.9,1.4,2.6,13.9,23.0,,-0.3,0.1,-0.2,-0.068,,-6.9,0.1,-6.8,-0.1,loftoke01
296,Kenneth Lofton Jr.,PF,21,MEM,15,99,8.4,.447,.270,.405,2.2,14.9,8.4,21.7,1.5,2.8,12.1,21.6,,-0.1,0.1,0.0,-0.010,,-5.4,0.9,-4.5,-0.1,loftoke01
296,Kenneth Lofton Jr.,PF,21,PHI,2,9,-19.9,.167,.333,.000,0.0,37.6,18.4,0.0,0.0,0.0,25.0,38.2,,-0.1,0.0,-0.1,-0.707,,-23.3,-9.4,-32.7,-0.1,loftoke01
297,Kevon Looney,C,27,GSW,62,1050,14.8,.620,.005,.350,13.0,24.2,18.6,14.9,1.1,1.9,16.2,10.8,,2.1,1.3,3.4,.157,,-0.8,1.4,0.6,0.7,looneke01
298,Brook Lopez,C,35,MIL,64,1994,14.7,.598,.532,.169,5.4,13.2,9.4,7.2,0.9,6.9,8.1,15.7,,2.4,2.4,4.8,.116,,0.1,0.9,1.0,1.5,lopezbr01
299,Robin Lopez,C,35,MIL,16,65,6.5,.453,.421,.105,5.2,3.3,4.2,7.8,0.7,3.9,9.1,14.5,,0.0,0.0,0.0,.007,,-4.7,-1.4,-6.1,-0.1,lopezro01
300,Kevin Love,PF,35,MIA,47,822,18.7,.606,.695,.341,6.8,33.6,20.1,19.3,1.0,1.1,9.8,21.0,,1.7,1.3,3.0,.178,,2.9,1.0,4.0,1.2,loveke01
301,Kyle Lowry,PG,37,TOT,47,1322,10.9,.583,.652,.187,2.5,11.0,6.7,20.2,1.8,1.2,17.1,13.3,,1.1,1.5,2.6,.094,,-2.0,1.0,-1.0,0.3,lowryky01
301,Kyle Lowry,PG,37,MIA,37,1037,10.8,.582,.665,.174,2.7,11.5,7.0,19.5,1.9,1.4,16.9,13.4,,0.7,1.3,2.0,.094,,-2.0,1.2,-0.9,0.3,lowryky01
301,Kyle Lowry,PG,37,PHI,10,285,11.3,.589,.603,.238,1.9,9.5,5.6,22.8,1.7,0.3,17.7,12.8,,0.3,0.2,0.5,.092,,-1.8,0.2,-1.6,0.0,lowryky01
302,Seth Lundy,SF,23,ATL,9,52,0.1,.373,.765,.235,2.0,12.9,7.3,0.0,0.0,0.0,5.1,15.7,,-0.1,0.0,-0.1,-0.090,,-7.8,-5.0,-12.8,-0.1,lundyse01
303,Trey Lyles,PF,28,SAC,49,968,11.5,.602,.687,.240,5.5,20.1,12.6,7.2,0.6,1.3,9.7,14.1,,1.1,0.7,1.8,.090,,-0.6,-1.0,-1.6,0.1,lylestr01
304,Théo Maledon,PG,22,TOT,17,213,3.2,.385,.429,.214,2.0,10.8,6.3,17.7,1.6,0.0,19.0,19.4,,-0.6,0.1,-0.5,-0.117,,-8.4,-2.1,-10.5,-0.5,maledth01
304,Théo Maledon,PG,22,CHO,13,200,3.9,.379,.455,.182,2.1,11.0,6.4,18.9,1.7,0.0,17.4,18.9,,-0.5,0.1,-0.4,-0.105,,-7.8,-1.8,-9.6,-0.4,maledth01
304,Théo Maledon,PG,22,PHO,4,13,-8.0,.470,.000,.750,0.0,8.2,4.3,0.0,0.0,0.0,36.1,27.6,,-0.1,0.0,-0.1,-0.295,,-17.6,-6.1,-23.7,-0.1,maledth01
305,Sandro Mamukelashvili,C,24,SAS,37,235,15.3,.527,.461,.224,11.4,18.7,15.0,18.7,1.2,2.9,8.7,16.4,,0.3,0.2,0.5,.109,,-0.4,-0.1,-0.5,0.1,mamuksa01
306,Terance Mann,SG,27,LAC,60,1519,11.1,.589,.436,.179,5.7,9.4,7.6,8.8,1.1,0.8,8.0,13.3,,2.1,1.0,3.0,.096,,-1.1,-0.8,-1.9,0.1,mannte01
307,Tre Mann,PG,22,TOT,26,520,13.4,.558,.407,.156,2.3,17.2,9.6,21.4,2.3,0.0,14.0,17.4,,0.3,0.5,0.8,.070,,-1.9,1.1,-0.8,0.2,manntr01
307,Tre Mann,PG,22,OKC,13,119,14.2,.606,.475,.025,3.9,18.0,11.2,22.2,1.2,0.0,18.2,18.0,,0.1,0.1,0.3,.101,,0.4,-0.3,0.0,0.1,manntr01
307,Tre Mann,PG,22,CHO,13,401,13.1,.543,.386,.197,1.9,17.0,9.1,21.2,2.6,0.0,12.7,17.2,,0.2,0.3,0.5,.061,,-2.5,1.6,-1.0,0.1,manntr01
308,Boban Marjanović,C,35,HOU,9,48,16.2,.486,.095,.286,13.3,35.7,24.5,12.9,0.0,1.9,7.8,22.7,,0.0,0.1,0.1,.088,,-1.7,-1.6,-3.4,0.0,marjabo01
309,Lauri Markkanen,PF,26,UTA,51,1677,21.5,.634,.500,.306,7.6,19.9,13.8,9.5,1.3,1.3,6.7,24.7,,5.0,1.0,5.9,.170,,5.1,-1.5,3.6,2.4,markkla01
310,Naji Marshall,SF,26,NOP,54,1021,13.0,.576,.418,.270,5.3,15.7,10.6,14.1,1.9,1.1,14.4,16.8,,0.9,1.4,2.2,.104,,-1.1,0.4,-0.7,0.3,marshna01
311,Caleb Martin,SF,28,MIA,49,1339,11.8,.559,.390,.182,5.1,14.2,9.6,11.4,1.3,1.5,11.1,17.3,,0.6,1.6,2.2,.079,,-1.6,0.0,-1.6,0.1,martica02
312,Cody Martin,SF,28,CHO,28,753,9.2,.460,.400,.153,2.7,13.8,8.0,19.0,2.1,2.2,16.1,15.9,,-0.7,0.6,-0.1,-0.007,,-4.2,0.6,-3.6,-0.3,martico01
313,KJ Martin,SF,23,TOT,49,565,9.3,.569,.165,.248,4.6,13.0,8.7,8.4,1.7,1.1,14.0,13.1,,0.2,0.5,0.7,.062,,-4.4,0.0,-4.4,-0.3,martike04
313,KJ Martin,SF,23,LAC,2,31,6.9,.460,.500,.200,3.8,7.1,5.5,4.2,3.2,2.9,15.5,18.2,,-0.1,0.0,0.0,-0.034,,-6.9,0.7,-6.2,0.0,martike04
313,KJ Martin,SF,23,PHI,47,534,9.4,.578,.138,.252,4.7,13.3,8.9,8.6,1.7,1.0,13.9,12.8,,0.2,0.5,0.7,.067,,-4.3,0.0,-4.3,-0.3,martike04
314,Garrison Mathews,SG,27,ATL,50,670,7.2,.655,.901,.153,2.2,9.2,5.6,4.4,0.9,0.7,9.7,9.5,,0.7,0.1,0.8,.059,,-3.0,-0.8,-3.8,-0.3,mathega01
315,Bennedict Mathurin,SF,21,IND,59,1538,12.9,.562,.323,.338,4.4,12.9,8.7,9.9,1.1,0.7,11.3,23.4,,0.7,0.6,1.3,.041,,-1.3,-2.3,-3.5,-0.6,mathube01
316,Wesley Matthews,SG,37,ATL,26,285,7.0,.495,.738,.361,1.5,12.2,6.6,6.4,1.7,2.5,7.8,11.1,,0.0,0.2,0.2,.035,,-3.9,0.0,-3.9,-0.1,matthwe02
317,Tyrese Maxey,PG,23,PHI,57,2121,20.0,.576,.402,.274,1.6,9.6,5.5,26.8,1.3,1.2,7.1,28.0,,4.8,1.5,6.3,.144,,4.3,-1.3,3.0,2.7,maxeyty01
318,Skylar Mays,PG-SG,26,TOT,33,421,12.0,.468,.346,.109,2.6,9.3,5.8,29.4,2.1,0.9,10.4,18.5,,0.1,0.3,0.4,.045,,-1.9,-0.2,-2.1,0.0,mayssk01
318,Skylar Mays,PG,26,POR,21,356,11.9,.457,.355,.123,2.7,9.4,5.9,31.8,1.9,0.8,11.0,19.6,,0.0,0.2,0.3,.034,,-1.8,-0.5,-2.3,0.0,mayssk01
318,Skylar Mays,SG,26,LAL,12,65,12.5,.556,.278,.000,1.8,8.2,5.1,16.1,2.9,1.3,5.3,12.7,,0.1,0.1,0.1,.102,,-2.5,1.5,-0.9,0.0,mayssk01
319,Miles McBride,PG,23,NYK,53,802,12.8,.566,.551,.095,2.5,5.8,4.2,13.0,2.1,0.6,6.4,17.6,,1.1,0.9,2.0,.121,,-1.1,0.7,-0.3,0.3,mcbrimi01
320,CJ McCollum,PG,32,NOP,50,1560,17.0,.582,.537,.146,1.9,13.1,7.6,20.2,1.5,2.3,9.1,23.7,,2.2,1.9,4.1,.126,,2.3,0.1,2.4,1.7,mccolcj01
321,T.J. McConnell,PG,31,IND,56,994,20.2,.579,.065,.132,3.3,13.9,8.6,41.2,2.9,0.5,15.5,22.0,,2.0,0.8,2.9,.138,,2.2,0.4,2.6,1.2,mccontj01
322,Jaden McDaniels,SF,23,MIN,56,1633,9.2,.572,.399,.116,3.2,8.0,5.8,6.9,1.5,1.6,11.9,15.5,,0.2,2.4,2.7,.079,,-3.3,0.9,-2.4,-0.2,mcdanja02
323,Jalen McDaniels,SF,26,TOR,38,365,5.5,.423,.454,.185,3.5,14.1,8.7,7.9,2.1,1.0,13.0,18.9,,-0.8,0.3,-0.5,-0.062,,-7.2,-1.1,-8.3,-0.6,mcdanja01
324,Doug McDermott,SF,32,TOT,52,766,8.9,.596,.808,.079,1.3,6.0,3.6,10.7,0.7,0.2,9.2,15.0,,0.4,0.1,0.5,.033,,-1.5,-2.2,-3.6,-0.3,mcderdo01
324,Doug McDermott,SF,32,SAS,46,700,9.5,.620,.805,.079,1.2,6.3,3.7,11.1,0.7,0.2,9.7,14.8,,0.5,0.1,0.7,.045,,-1.0,-2.0,-3.0,-0.2,mcderdo01
324,Doug McDermott,SF,32,IND,6,66,2.0,.382,.833,.083,1.7,3.5,2.6,7.0,0.0,0.0,3.9,16.4,,-0.1,0.0,-0.1,-0.087,,-5.9,-4.3,-10.3,-0.1,mcderdo01
325,JaVale McGee,C,36,SAC,40,315,18.8,.640,.043,.368,13.0,27.5,20.1,7.0,1.5,5.4,19.1,22.7,,0.2,0.5,0.7,.101,,-1.7,0.5,-1.2,0.1,mcgeeja01
326,Bryce McGowens,SG,21,CHO,50,789,9.2,.575,.454,.356,2.2,11.0,6.4,8.0,1.2,0.8,10.4,13.9,,0.4,0.3,0.7,.043,,-3.9,-0.8,-4.7,-0.5,mcgowbr01
327,Jordan McLaughlin,PG,27,MIN,40,377,15.4,.567,.598,.103,3.5,10.8,7.4,25.4,3.7,1.6,12.1,13.5,,0.6,0.8,1.4,.179,,0.8,4.3,5.2,0.7,mclaujo01
328,De'Anthony Melton,SG,25,PHI,36,1002,13.4,.540,.595,.227,2.9,12.4,7.6,15.1,2.7,1.5,9.2,18.1,,0.8,1.2,2.0,.094,,-0.6,1.0,0.4,0.6,meltode01
329,Nathan Mensah,C,25,CHO,25,307,5.0,.496,.000,.429,10.1,13.6,11.8,3.7,1.0,4.2,29.6,6.7,,0.0,0.2,0.2,.026,,-8.8,-0.1,-8.9,-0.5,mensana01
330,Sam Merrill,SG,27,CLE,48,800,13.7,.600,.889,.049,2.5,9.8,6.2,14.5,1.0,0.2,4.0,17.8,,1.5,0.8,2.3,.140,,1.6,-0.4,1.2,0.7,merrisa01
331,Chimezie Metu,C,26,PHO,37,447,13.9,.621,.392,.331,6.4,20.5,13.8,5.8,2.1,1.8,15.3,17.0,,0.4,0.6,1.0,.105,,-1.6,0.2,-1.4,0.1,metuch01
332,Vasilije Micić,PG,30,TOT,46,776,11.2,.538,.411,.220,1.4,6.9,4.2,30.2,1.3,0.5,19.4,18.8,,0.1,0.4,0.5,.032,,-2.1,-1.7,-3.8,-0.4,micicva01
332,Vasilije Micić,PG,30,OKC,30,361,8.0,.498,.495,.209,0.3,6.8,3.7,25.6,1.2,0.8,22.6,15.4,,-0.1,0.3,0.2,.020,,-3.9,-1.5,-5.4,-0.3,micicva01
332,Vasilije Micić,PG,30,CHO,16,415,14.0,.560,.361,.226,2.3,7.0,4.6,34.2,1.3,0.2,17.4,21.8,,0.3,0.1,0.4,.042,,-0.6,-1.8,-2.4,0.0,micicva01
333,Khris Middleton,SF,32,MIL,43,1129,16.9,.590,.388,.191,2.6,14.9,8.9,28.0,1.6,1.0,14.2,23.9,,1.5,1.1,2.5,.108,,1.0,-0.2,0.8,0.8,middlkh01
334,Brandon Miller,SF,21,CHO,60,1928,12.6,.542,.439,.150,2.8,12.2,7.3,11.9,1.5,1.6,10.1,23.5,,-0.4,1.0,0.6,.016,,-1.4,-1.4,-2.7,-0.3,millebr02
335,Jordan Miller,SF,24,LAC,7,26,15.2,.658,.222,.222,13.6,8.4,10.9,0.0,0.0,0.0,9.2,18.3,,0.1,0.0,0.1,.124,,1.0,-4.4,-3.3,0.0,millejo02
336,Leonard Miller,SF,20,MIN,8,28,23.6,.682,.273,.000,8.6,38.4,24.3,17.8,1.8,3.2,8.3,18.9,,0.1,0.1,0.2,.262,,2.3,4.2,6.5,0.1,millele01
337,Dariq Whitehead,SF,19,BRK,2,24,4.8,.255,.600,.400,0.0,19.0,9.1,15.4,0.0,3.8,0.0,10.6,,0.0,0.0,0.0,-0.030,,-5.5,-2.4,-8.0,0.0,whiteda01
338,Patty Mills,PG,35,TOT,23,261,6.5,.487,.640,.000,2.0,9.5,5.6,9.6,2.2,0.3,13.8,14.1,,-0.2,0.2,0.0,-0.004,,-4.7,0.4,-4.2,-0.1,millspa02
338,Patty Mills,PG,35,ATL,19,202,6.5,.500,.667,.000,2.6,8.3,5.3,8.7,2.1,0.4,13.6,12.1,,-0.1,0.1,0.0,.009,,-4.3,0.3,-4.0,-0.1,millspa02
338,Patty Mills,PG,35,MIA,4,59,6.4,.458,.583,.000,0.0,13.6,6.7,12.6,2.5,0.0,14.3,21.1,,-0.1,0.1,-0.1,-0.049,,-6.1,0.8,-5.3,0.0,millspa02
339,Shake Milton,SG,27,TOT,44,559,8.9,.494,.335,.261,2.9,10.7,7.0,13.9,1.6,0.9,12.9,18.8,,-0.3,0.8,0.5,.042,,-4.4,0.5,-3.8,-0.3,miltosh01
339,Shake Milton,SG,27,MIN,38,491,8.3,.496,.331,.275,1.7,9.6,5.9,14.1,1.6,0.9,13.5,18.6,,-0.3,0.7,0.4,.043,,-4.8,0.6,-4.2,-0.3,miltosh01
339,Shake Milton,SG,27,DET,4,63,14.4,.494,.346,.115,12.2,19.9,16.0,13.8,1.5,1.3,9.9,20.3,,0.0,0.0,0.1,.047,,0.3,0.1,0.4,0.0,miltosh01
339,Shake Milton,SG,27,NYK,2,5,-2.1,.347,.500,1.000,0.0,0.0,0.0,0.0,0.0,0.0,0.0,24.7,,0.0,0.0,0.0,-0.087,,-15.6,-4.2,-19.8,0.0,miltosh01
340,Justin Minaya,SF,24,POR,23,190,4.6,.350,.657,.229,6.7,8.8,7.7,6.2,1.6,2.4,13.5,10.0,,-0.2,0.1,-0.1,-0.020,,-5.2,-0.8,-6.1,-0.2,minayju01
341,Josh Minott,SF,21,MIN,23,66,16.4,.530,.280,.560,5.5,16.3,11.2,8.6,2.2,5.4,6.0,22.1,,0.1,0.1,0.2,.156,,-1.8,2.3,0.5,0.0,minotjo01
342,Davion Mitchell,PG,25,SAC,55,752,8.5,.554,.514,.129,1.3,7.8,4.5,15.9,0.7,0.4,12.6,14.4,,0.4,0.3,0.7,.045,,-3.0,-1.2,-4.2,-0.4,mitchda01
343,Donovan Mitchell,SG,27,CLE,48,1706,22.8,.602,.447,.295,2.8,13.8,8.4,28.7,2.5,1.3,11.2,31.9,,3.5,2.8,6.3,.176,,5.1,1.4,6.5,3.7,mitchdo01
344,Evan Mobley,PF,22,CLE,38,1183,19.6,.615,.082,.293,8.8,27.3,18.2,14.8,1.4,4.4,13.2,20.6,,1.8,2.4,4.2,.171,,0.3,2.3,2.6,1.4,mobleev01
345,Isaiah Mobley,PF,24,CLE,6,51,6.2,.462,.538,.000,0.0,12.8,6.5,15.2,1.0,0.0,7.1,12.0,,0.0,0.1,0.1,.053,,-4.9,-0.9,-5.7,0.0,mobleis01
346,Malik Monk,SG,25,SAC,64,1678,16.4,.572,.481,.226,1.7,11.4,6.4,29.1,1.2,2.0,13.3,25.7,,1.9,1.3,3.2,.091,,2.0,-1.0,1.0,1.2,monkma01
347,Moses Moody,SG,21,GSW,51,906,13.5,.564,.466,.212,6.6,12.5,9.6,5.8,1.9,2.3,8.9,18.6,,0.7,1.0,1.7,.089,,-0.7,0.2,-0.5,0.4,moodymo01
348,Xavier Moon,SG,29,LAC,4,18,5.9,.667,.333,.000,0.0,12.2,6.3,21.4,0.0,0.0,40.0,12.2,,0.0,0.0,0.0,-0.015,,-3.8,-1.3,-5.0,0.0,moonxa01
349,Taze Moore,SG,25,POR,3,10,14.3,.600,.400,.000,0.0,0.0,0.0,19.6,4.9,0.0,16.7,25.6,,0.0,0.0,0.0,.023,,-4.7,1.7,-3.0,0.0,mooreta02
350,Wendell Moore Jr.,SG,22,MIN,16,48,7.9,.500,.400,.000,0.0,13.4,7.1,5.6,5.1,1.8,23.1,11.9,,-0.1,0.1,0.0,.045,,-7.2,5.4,-1.8,0.0,moorewe01
351,Ja Morant,PG,24,MEM,9,318,20.5,.570,.300,.376,2.0,15.7,8.7,42.4,1.1,1.5,12.0,30.6,,0.5,0.3,0.8,.125,,2.7,0.4,3.1,0.4,moranja01
352,Marcus Morris,PF,34,PHI,37,637,10.5,.559,.439,.176,3.1,16.1,9.5,5.6,1.0,1.6,7.9,16.2,,0.3,0.6,0.9,.068,,-2.3,-1.2,-3.5,-0.2,morrima03
353,Markieff Morris,PF,34,DAL,20,168,6.9,.493,.615,.077,2.6,17.0,9.8,8.3,1.4,0.5,15.7,16.2,,-0.2,0.1,0.0,-0.014,,-3.8,-1.5,-5.3,-0.1,morrima02
354,Monte Morris,PG,28,TOT,17,241,11.9,.452,.400,.100,2.4,11.0,6.8,23.1,1.6,1.1,4.1,17.6,,0.1,0.3,0.4,.081,,-1.7,0.5,-1.3,0.0,morrimo01
354,Monte Morris,PG,28,DET,6,68,8.3,.398,.333,.061,3.2,16.7,9.9,17.1,0.7,1.2,5.6,22.3,,-0.1,0.0,-0.1,-0.062,,-4.7,-2.3,-6.9,-0.1,morrimo01
354,Monte Morris,PG,28,MIN,11,173,13.3,.483,.439,.123,2.1,8.7,5.6,25.5,2.0,1.0,3.2,15.8,,0.2,0.3,0.5,.137,,-0.6,1.5,0.9,0.1,morrimo01
355,Trey Murphy III,SF,23,NOP,41,1119,16.0,.605,.729,.211,2.6,14.2,8.5,9.8,1.4,1.8,4.1,18.9,,2.1,1.4,3.5,.149,,2.4,-0.1,2.3,1.2,murphtr02
356,Dejounte Murray,SG,27,ATL,63,2232,17.6,.561,.363,.196,2.2,14.2,8.0,25.1,1.8,0.8,10.7,25.9,,2.9,1.2,4.1,.087,,2.1,-0.8,1.4,1.9,murrade01
357,Jamal Murray,PG,26,DEN,51,1631,20.1,.581,.346,.185,2.5,11.5,7.1,31.0,1.4,1.7,10.4,27.4,,3.1,1.7,4.8,.143,,4.1,-0.6,3.5,2.3,murraja01
358,Keegan Murray,SF,23,SAC,60,1981,13.1,.576,.508,.138,4.2,14.2,9.1,6.6,1.6,1.9,6.4,17.7,,1.9,1.8,3.7,.090,,-0.7,-0.6,-1.3,0.4,murrake02
359,Kris Murray,SF,23,POR,46,809,9.0,.487,.498,.172,5.8,12.9,9.2,9.1,2.2,1.3,13.5,13.7,,-0.3,0.7,0.4,.027,,-3.4,0.2,-3.2,-0.2,murrakr01
360,Mike Muscala,C,32,TOT,41,529,7.7,.472,.643,.168,6.4,16.1,11.2,7.9,0.7,1.9,10.5,13.7,,-0.2,0.2,0.1,.006,,-3.7,-1.5,-5.2,-0.4,muscami01
360,Mike Muscala,C,32,WAS,24,338,7.6,.481,.567,.222,6.8,17.3,11.9,8.1,0.7,1.7,13.9,14.3,,-0.2,0.1,-0.1,-0.007,,-4.5,-1.8,-6.3,-0.4,muscami01
360,Mike Muscala,C,32,DET,13,171,8.8,.492,.773,.091,6.4,12.6,9.5,7.5,0.8,2.5,4.2,11.8,,0.1,0.1,0.2,.050,,-1.6,-0.5,-2.1,0.0,muscami01
360,Mike Muscala,C,32,OKC,4,20,-0.7,.278,.778,.000,0.0,26.8,13.9,6.1,0.0,0.0,0.0,19.5,,-0.1,0.0,-0.1,-0.135,,-9.2,-4.3,-13.5,-0.1,muscami01
361,Svi Mykhailiuk,SF,26,BOS,27,207,8.4,.483,.797,.081,4.4,8.9,6.7,8.7,1.9,0.0,9.5,17.7,,-0.1,0.3,0.2,.040,,-3.5,-0.4,-3.9,-0.1,mykhasv01
362,Larry Nance Jr.,C,31,NOP,48,908,15.0,.664,.277,.271,8.6,20.6,14.7,11.2,2.5,1.9,16.8,11.3,,1.5,1.6,3.0,.161,,-0.3,2.4,2.0,0.9,nancela02
363,Pete Nance,PF,23,CLE,3,7,-9.1,.000,.000,.000,0.0,15.6,7.9,0.0,0.0,0.0,0.0,12.5,,0.0,0.0,0.0,-0.255,,-13.2,-5.9,-19.1,0.0,nancepe01
364,Andrew Nembhard,PG,24,IND,53,1270,11.3,.559,.311,.103,2.8,7.0,4.9,21.6,1.9,0.3,16.9,17.0,,0.6,0.5,1.1,.043,,-1.8,-0.7,-2.5,-0.2,nembhan01
365,Aaron Nesmith,SF,24,IND,58,1581,13.2,.639,.529,.222,3.5,12.4,7.9,6.5,1.7,2.0,8.6,16.2,,2.2,1.0,3.2,.097,,0.0,-0.2,-0.2,0.7,nesmiaa01
366,Georges Niang,PF,30,CLE,66,1440,9.8,.572,.622,.096,1.6,16.4,9.1,7.9,0.7,0.9,9.1,17.4,,0.4,1.8,2.2,.074,,-2.6,-0.1,-2.7,-0.2,niangge01
367,Daishen Nix,PG,21,MIN,12,39,12.3,.506,.700,.200,0.0,2.8,1.5,7.9,5.1,0.0,8.4,26.8,,-0.1,0.1,0.0,.019,,-3.1,2.2,-1.0,0.0,nixda01
368,Zeke Nnaji,PF,23,DEN,52,512,12.3,.516,.157,.440,12.7,11.5,12.1,7.3,1.3,6.1,14.4,15.9,,0.2,0.7,0.9,.088,,-4.0,0.1,-3.9,-0.2,nnajize01
369,Jaylen Nowell,SG,24,MEM,9,156,6.6,.453,.418,.055,2.1,8.0,4.9,15.7,0.9,0.0,8.2,17.0,,-0.1,0.1,0.0,-0.006,,-5.9,-1.4,-7.4,-0.2,nowelja01
370,Markquis Nowell,SG,24,TOR,1,4,55.4,.532,.000,2.000,53.6,0.0,27.4,56.4,12.1,0.0,0.0,20.1,,0.0,0.0,0.1,.675,,29.0,14.4,43.4,0.0,nowelma01
371,Frank Ntilikina,PG,25,CHO,5,43,0.0,.253,.889,.222,2.5,13.4,7.8,11.4,0.0,0.0,9.2,11.1,,-0.1,0.0,-0.1,-0.094,,-10.1,-3.4,-13.5,-0.1,ntilila01
372,Jusuf Nurkić,C,29,PHO,63,1724,17.8,.569,.160,.408,12.8,31.6,22.7,19.2,1.7,3.4,18.4,19.7,,1.7,3.1,4.8,.133,,-0.9,1.7,0.8,1.2,nurkiju01
373,Jordan Nwora,SF,25,TOT,38,434,13.5,.541,.461,.178,4.6,17.4,10.9,11.9,2.0,1.2,10.8,22.5,,0.0,0.4,0.4,.046,,-1.3,-1.5,-2.8,-0.1,nworajo01
373,Jordan Nwora,SF,25,IND,18,183,12.2,.541,.439,.134,5.0,15.6,10.3,12.8,1.5,0.4,12.1,22.6,,0.0,0.1,0.1,.025,,-1.9,-2.2,-4.1,-0.1,nworajo01
373,Jordan Nwora,SF,25,TOR,20,251,14.5,.541,.477,.211,4.3,18.7,11.3,11.3,2.3,1.7,9.8,22.5,,0.1,0.3,0.3,.061,,-0.9,-0.9,-1.8,0.0,nworajo01
374,Royce O'Neale,SF,30,TOT,64,1627,10.5,.531,.795,.070,3.3,17.7,10.4,15.3,1.5,2.1,12.0,13.7,,0.8,1.7,2.5,.073,,-1.4,1.2,-0.2,0.7,onealro01
374,Royce O'Neale,SF,30,BRK,49,1202,10.3,.544,.815,.068,3.3,17.3,10.1,15.2,1.3,2.2,13.2,13.8,,0.5,1.2,1.7,.067,,-1.5,0.8,-0.7,0.4,onealro01
374,Royce O'Neale,SF,30,PHO,15,425,11.0,.496,.739,.078,3.1,18.8,11.4,15.6,2.1,1.7,8.5,13.2,,0.2,0.6,0.8,.090,,-1.1,2.1,1.0,0.3,onealro01
375,Chuma Okeke,SF,25,ORL,39,397,7.8,.485,.731,.048,5.3,16.6,10.9,6.1,1.0,1.6,10.2,13.0,,-0.1,0.5,0.4,.048,,-2.5,-0.1,-2.6,-0.1,okekech01
376,Josh Okogie,SG,25,PHO,54,926,12.0,.549,.457,.503,9.1,8.9,9.0,8.5,2.5,2.1,12.0,12.9,,1.0,1.0,2.0,.103,,-1.4,0.9,-0.5,0.3,okogijo01
377,Onyeka Okongwu,C,23,ATL,53,1367,16.7,.675,.185,.328,10.9,18.5,14.6,7.1,0.8,3.8,10.1,13.5,,3.4,0.9,4.3,.150,,-0.1,-0.5,-0.6,0.5,okongon01
378,Isaac Okoro,SF,23,CLE,57,1551,12.4,.608,.441,.292,4.4,8.4,6.4,10.0,1.7,1.8,9.0,14.2,,2.1,2.0,4.1,.126,,-1.3,1.3,0.0,0.8,okorois01
379,Kelly Olynyk,C,32,TOT,65,1379,17.3,.653,.325,.364,7.1,19.1,13.1,27.1,2.1,1.5,19.8,16.9,,2.9,1.2,4.1,.142,,0.9,1.5,2.3,1.5,olynyke01
379,Kelly Olynyk,C,32,UTA,50,1019,17.2,.677,.326,.368,6.8,20.4,13.7,29.0,1.7,1.0,21.3,15.5,,2.4,0.7,3.2,.150,,1.3,1.4,2.7,1.2,olynyke01
379,Kelly Olynyk,C,32,TOR,15,360,17.7,.603,.323,.354,7.7,15.2,11.4,21.5,3.1,2.7,16.5,20.8,,0.5,0.4,0.9,.122,,-0.3,1.6,1.3,0.3,olynyke01
380,Eugene Omoruyi,SF,26,WAS,34,250,17.8,.552,.233,.284,11.2,17.6,14.3,14.3,3.9,0.3,10.9,24.6,,0.2,0.3,0.5,.087,,-1.8,0.4,-1.4,0.0,omorueu01
381,Cedi Osman,SF,28,SAS,63,1099,11.2,.593,.571,.150,2.2,13.4,7.7,13.4,1.4,0.7,10.6,15.2,,0.8,0.6,1.4,.062,,-1.8,-0.5,-2.3,-0.1,osmande01
382,Kelly Oubre Jr.,SF,28,PHI,53,1557,12.9,.535,.376,.272,4.9,12.8,8.8,6.1,1.9,1.5,7.4,21.5,,0.5,1.6,2.1,.064,,-1.7,-0.9,-2.7,-0.3,oubreke01
383,Chris Paul,PG,38,GSW,41,1112,15.0,.544,.476,.146,1.4,14.0,7.7,33.8,2.3,0.2,11.9,14.9,,2.2,1.2,3.4,.146,,0.2,1.4,1.6,1.0,paulch01
384,Cameron Payne,PG,29,TOT,62,1010,12.6,.573,.545,.179,1.4,7.7,4.6,21.2,1.3,0.6,10.9,18.7,,1.2,0.7,1.9,.089,,-0.6,-0.8,-1.4,0.1,payneca01
384,Cameron Payne,PG,29,MIL,47,702,12.6,.603,.590,.198,0.8,8.7,4.8,20.6,1.5,0.4,11.4,16.7,,1.1,0.5,1.6,.106,,-1.0,-0.5,-1.5,0.1,payneca01
384,Cameron Payne,PG,29,PHI,15,308,12.6,.526,.475,.149,2.8,5.5,4.1,22.6,1.0,1.2,10.2,23.3,,0.2,0.2,0.3,.051,,0.2,-1.5,-1.3,0.1,payneca01
385,Gary Payton II,SG,31,GSW,30,465,13.9,.584,.323,.108,8.6,11.5,10.1,8.9,3.1,1.9,11.1,13.8,,0.5,0.6,1.2,.119,,-1.5,2.4,0.9,0.3,paytoga02
386,Drew Peterson,PF,24,BOS,1,3,43.8,1.500,1.000,.000,0.0,0.0,0.0,58.3,0.0,0.0,0.0,14.5,,0.0,0.0,0.0,.749,,28.5,13.5,41.9,0.0,peterdr01
387,Filip Petrušev,C,23,TOT,3,10,5.1,.521,.000,1.000,0.0,11.3,5.5,0.0,0.0,0.0,0.0,12.3,,0.0,0.0,0.0,.023,,-4.7,-3.3,-8.0,0.0,petrufi01
387,Filip Petrušev,C,23,PHI,1,3,4.0,,,,0.0,37.6,18.4,0.0,0.0,0.0,,0.0,,0.0,0.0,0.0,.056,,-3.0,-2.0,-5.0,0.0,petrufi01
387,Filip Petrušev,C,23,SAC,2,7,5.5,.521,.000,1.000,0.0,0.0,0.0,0.0,0.0,0.0,0.0,17.5,,0.0,0.0,0.0,.009,,-5.4,-3.9,-9.3,0.0,petrufi01
388,Julian Phillips,SF,20,CHI,40,323,7.0,.521,.494,.247,4.0,8.5,6.2,5.3,1.1,2.2,10.5,13.0,,0.0,0.2,0.2,.031,,-4.8,-0.5,-5.3,-0.3,phillju01
389,Jalen Pickett,SG,24,DEN,21,108,7.2,.535,.733,.133,1.1,10.1,5.7,17.2,1.4,0.0,20.1,16.1,,0.0,0.1,0.0,.021,,-4.0,-1.1,-5.0,-0.1,pickeja02
390,Scotty Pippen Jr.,PG,23,MEM,9,208,16.5,.603,.373,.343,4.6,12.0,8.2,34.6,2.4,2.2,18.9,19.7,,0.3,0.3,0.6,.129,,0.7,1.8,2.4,0.2,pippesc02
391,Mason Plumlee,C,33,LAC,32,497,16.7,.662,.009,.689,10.2,28.5,19.7,10.4,1.0,2.2,14.8,14.3,,1.1,0.7,1.7,.166,,-0.3,0.5,0.2,0.3,plumlma01
392,Brandin Podziemski,SG,20,GSW,57,1538,13.1,.535,.397,.150,6.2,16.9,11.5,19.5,1.6,0.7,12.3,16.1,,1.5,1.6,3.1,.096,,-0.5,0.5,0.0,0.8,podzibr01
393,Jakob Poeltl,C,28,TOR,50,1319,18.8,.653,.000,.283,11.9,24.0,17.8,13.8,1.3,5.0,15.3,16.2,,2.4,1.6,3.9,.144,,-0.4,1.1,0.7,0.9,poeltja01
394,Aleksej Pokusevski,PF,22,TOT,14,121,9.4,.440,.500,.167,5.5,15.7,10.6,14.4,1.6,4.6,15.3,16.4,,-0.1,0.1,0.0,.003,,-3.7,0.6,-3.1,0.0,pokusal01
394,Aleksej Pokusevski,PF,22,OKC,10,60,2.5,.338,.688,.250,3.9,14.3,9.3,9.7,0.8,1.5,14.5,15.0,,-0.1,0.1,-0.1,-0.065,,-7.7,-2.3,-10.0,-0.1,pokusal01
394,Aleksej Pokusevski,PF,22,CHO,4,61,16.3,.527,.350,.100,7.0,17.1,11.8,19.0,2.4,7.6,16.1,17.8,,0.0,0.1,0.1,.069,,0.2,3.5,3.7,0.1,pokusal01
395,Jordan Poole,SG,24,WAS,64,1875,11.1,.522,.473,.194,1.3,8.2,4.7,18.7,1.8,1.0,12.7,26.0,,-1.8,0.7,-1.1,-0.028,,-3.0,-1.9,-4.9,-1.4,poolejo01
396,Craig Porter Jr.,PG,23,CLE,42,572,15.8,.569,.141,.248,4.0,14.9,9.5,26.2,1.6,1.9,14.9,20.6,,0.6,0.9,1.4,.120,,-0.6,1.3,0.7,0.4,portecr01
397,Jontay Porter,PF,24,TOR,23,314,14.2,.510,.589,.168,6.5,18.1,12.2,20.2,2.6,5.0,14.3,16.2,,0.2,0.4,0.6,.089,,-1.0,2.0,1.0,0.2,portejo01
398,Michael Porter Jr.,SF,25,DEN,66,2087,15.6,.603,.521,.095,4.8,19.6,12.4,6.5,0.8,1.9,7.3,20.6,,2.5,2.4,5.0,.114,,1.3,-1.2,0.1,1.1,portemi01
399,Otto Porter Jr.,SF,30,TOR,15,174,8.7,.568,.697,.091,3.7,14.8,9.1,5.7,1.4,2.5,5.5,8.9,,0.1,0.1,0.3,.076,,-3.6,0.4,-3.2,-0.1,porteot01
400,Bobby Portis,PF,28,MIL,67,1605,16.4,.575,.282,.155,7.4,24.3,16.1,7.2,1.4,1.3,8.2,22.3,,1.5,1.9,3.4,.103,,-0.6,-1.1,-1.7,0.1,portibo01
401,Kristaps Porziņģis,C,28,BOS,46,1370,23.0,.654,.396,.422,6.2,18.5,12.7,9.7,1.0,5.4,9.3,25.1,,4.0,2.4,6.4,.225,,3.6,1.5,5.1,2.4,porzikr01
402,Micah Potter,PF,25,UTA,4,34,22.9,1.126,.625,.125,3.3,22.5,12.9,4.3,0.0,0.0,0.0,10.3,,0.2,0.0,0.2,.231,,7.9,-1.1,6.8,0.1,pottemi01
403,Dwight Powell,C,32,DAL,54,755,14.7,.734,.020,.857,12.2,14.8,13.5,12.5,1.5,2.2,17.7,9.3,,2.1,0.7,2.8,.178,,-0.8,0.7,0.0,0.4,poweldw01
404,Norman Powell,SG,30,LAC,65,1687,14.0,.629,.505,.220,0.9,10.3,5.8,5.9,1.1,1.1,7.6,20.2,,2.4,1.2,3.5,.100,,0.5,-1.2,-0.7,0.6,powelno01
405,Jason Preston,PG,24,UTA,2,14,1.9,.333,.000,.000,15.8,7.8,11.8,17.6,0.0,0.0,40.0,14.8,,0.0,0.0,0.0,-0.143,,-7.0,-6.1,-13.1,0.0,prestja01
406,Joshua Primo,SG,21,LAC,2,10,-12.8,.333,.333,.000,11.8,0.0,5.7,0.0,0.0,9.0,57.1,30.7,,-0.1,0.0,-0.1,-0.583,,-16.8,-8.3,-25.1,-0.1,primojo01
407,Taurean Prince,PF,29,LAL,64,1809,8.7,.576,.638,.115,1.0,10.3,5.8,7.3,1.4,1.4,10.0,13.4,,0.2,1.4,1.6,.042,,-2.7,-0.1,-2.8,-0.4,princta02
408,Payton Pritchard,PG,26,BOS,66,1352,13.3,.577,.660,.089,4.7,11.5,8.3,17.1,1.1,0.4,9.0,16.0,,2.3,1.5,3.9,.137,,0.3,0.1,0.4,0.8,pritcpa01
409,Olivier-Maxence Prosper,PF,21,DAL,33,260,10.4,.467,.459,.459,7.6,18.6,13.1,9.1,0.9,1.0,5.3,15.4,,0.1,0.2,0.3,.059,,-2.4,-1.3,-3.7,-0.1,prospol01
410,Trevelin Queen,SG,26,ORL,13,163,8.3,.462,.447,.316,2.1,11.6,6.8,14.7,2.1,2.9,13.9,13.4,,-0.1,0.2,0.2,.054,,-4.8,1.4,-3.4,-0.1,queentr01
411,Neemias Queta,C,24,BOS,24,285,19.6,.629,.000,.272,17.8,20.8,19.3,5.7,1.7,4.6,9.0,15.2,,0.8,0.6,1.4,.229,,-0.9,0.7,-0.3,0.1,quetane01
412,Immanuel Quickley,PG-SG,24,TOT,61,1762,16.3,.574,.482,.254,0.9,13.0,6.8,23.3,1.2,0.5,8.5,23.2,,3.0,1.3,4.3,.116,,1.8,-0.8,1.0,1.3,quickim01
412,Immanuel Quickley,SG,24,NYK,30,720,17.0,.598,.484,.281,0.8,11.1,5.9,16.1,1.1,0.4,7.6,24.3,,1.6,0.7,2.3,.151,,2.6,-0.2,2.4,0.8,quickim01
412,Immanuel Quickley,PG,24,TOR,31,1042,15.7,.555,.481,.234,0.9,14.3,7.5,28.2,1.3,0.5,9.1,22.5,,1.4,0.6,2.0,.093,,1.3,-1.3,0.0,0.5,quickim01
413,Lester Quinones,SG,23,GSW,30,358,9.4,.527,.613,.210,6.0,14.1,10.1,11.0,0.8,0.5,11.0,17.0,,0.2,0.3,0.4,.057,,-2.6,-1.0,-3.6,-0.1,quinole01
414,Jahmi'us Ramsey,SG,22,TOR,3,43,12.8,.454,.467,.400,7.5,28.6,17.8,6.0,2.2,0.0,0.0,17.5,,0.0,0.1,0.1,.080,,-3.3,-1.0,-4.3,0.0,ramseja01
415,Julius Randle,PF,29,NYK,46,1630,18.8,.569,.292,.361,6.7,22.2,14.4,23.1,0.8,0.7,14.1,29.7,,1.9,2.0,3.9,.115,,2.1,-0.3,1.8,1.6,randlju01
416,Duop Reath,C,27,POR,52,928,15.4,.584,.500,.202,9.0,14.7,11.7,9.2,1.3,2.8,9.6,20.6,,1.2,0.8,2.0,.102,,0.0,-0.7,-0.8,0.3,reathdu01
417,Austin Reaves,SG,25,LAL,67,2125,15.9,.625,.435,.289,2.4,11.6,7.2,24.1,1.3,0.6,14.4,20.4,,3.4,1.5,4.8,.109,,1.0,-0.6,0.4,1.3,reaveau01
418,Cam Reddish,SF,24,LAL,40,886,8.3,.521,.470,.221,2.9,8.3,5.7,6.6,2.4,1.2,11.5,13.2,,-0.2,0.8,0.6,.032,,-3.9,0.9,-3.0,-0.2,reddica01
419,Paul Reed,C,24,PHI,66,1251,17.3,.585,.124,.151,13.2,20.7,16.8,9.6,1.9,4.6,10.6,15.5,,2.1,1.8,3.9,.152,,-0.4,0.6,0.2,0.7,reedpa01
420,Naz Reid,C,24,MIN,66,1548,15.8,.602,.480,.171,4.9,18.0,11.8,7.6,1.4,3.3,10.5,22.2,,1.2,3.0,4.1,.128,,0.5,1.1,1.6,1.4,reidna01
421,Jared Rhoden,SG,24,DET,6,42,10.1,.631,.364,.182,2.6,10.8,6.7,13.2,0.0,4.0,20.2,15.0,,0.0,0.0,0.0,.035,,-2.3,0.1,-2.1,0.0,rhodeja01
422,Nick Richards,C,26,CHO,57,1511,16.7,.708,.003,.498,10.9,24.2,17.3,4.4,0.7,4.3,13.8,13.2,,3.1,1.3,4.5,.142,,-1.7,-0.5,-2.3,-0.1,richani01
423,Josh Richardson,SG,30,MIA,43,1103,11.4,.573,.548,.156,1.8,10.7,6.2,13.8,1.1,1.2,8.9,16.4,,0.9,1.1,2.0,.088,,-1.4,-0.1,-1.4,0.2,richajo01
424,Duncan Robinson,SF,29,MIA,61,1736,12.7,.616,.692,.132,0.8,9.3,5.0,15.8,1.2,0.8,11.5,19.2,,1.6,1.7,3.3,.092,,-0.2,-0.5,-0.6,0.6,robindu01
425,Jerome Robinson,SG,26,GSW,17,65,6.2,.408,.560,.400,1.7,6.6,4.1,9.9,0.0,4.2,3.3,19.5,,-0.1,0.0,0.0,-0.023,,-4.5,-1.9,-6.4,-0.1,robinje01
426,Mitchell Robinson,C,25,NYK,21,613,16.2,.567,.000,.388,20.2,18.9,19.6,3.2,2.6,4.1,15.5,9.5,,0.9,1.1,2.0,.158,,-0.3,1.0,0.7,0.4,robinmi01
427,Orlando Robinson,C,23,MIA,28,276,13.4,.587,.209,.358,9.7,22.8,16.2,14.9,1.3,2.5,18.0,15.2,,0.3,0.4,0.7,.119,,-2.6,0.6,-2.0,0.0,robinor01
428,Jeremiah Robinson-Earl,PF,23,NOP,28,266,12.7,.606,.423,.211,7.6,17.2,12.5,6.4,1.7,1.5,13.4,14.5,,0.3,0.4,0.6,.110,,-1.2,0.2,-1.0,0.1,robinje02
429,David Roddy,PF,22,TOT,58,1155,8.6,.486,.406,.170,4.8,15.0,9.8,10.1,1.1,0.9,11.7,18.2,,-1.0,1.1,0.1,.004,,-4.1,-1.1,-5.1,-0.9,roddyda01
429,David Roddy,PF,22,MEM,48,1114,8.7,.485,.404,.174,4.9,15.2,9.9,10.4,1.1,0.9,11.5,18.2,,-0.9,1.1,0.1,.006,,-4.0,-1.0,-5.0,-0.8,roddyda01
429,David Roddy,PF,22,PHO,10,41,4.6,.518,.467,.067,2.9,10.4,6.9,0.0,0.0,0.0,16.3,19.4,,-0.1,0.0,-0.1,-0.070,,-6.1,-3.1,-9.2,-0.1,roddyda01
430,Ryan Rollins,PG,21,WAS,10,66,22.6,.631,.120,.680,3.2,15.0,8.9,23.8,5.6,3.7,17.7,25.1,,0.1,0.1,0.2,.142,,0.5,4.4,4.9,0.1,rolliry01
431,Derrick Rose,PG,35,MEM,24,399,13.1,.540,.248,.164,1.9,10.8,6.2,32.5,1.0,0.5,14.9,22.5,,0.1,0.3,0.4,.047,,-1.4,-1.4,-2.8,-0.1,rosede01
432,Terry Rozier,SG-PG,29,TOT,49,1667,17.3,.553,.400,.224,2.0,11.8,6.8,29.3,1.4,1.0,9.3,25.8,,1.9,1.2,3.1,.088,,2.1,-0.9,1.2,1.3,roziete01
432,Terry Rozier,SG,29,CHO,30,1065,19.1,.574,.423,.235,1.7,10.9,6.1,31.0,1.5,1.0,9.7,27.6,,1.6,0.5,2.1,.094,,3.7,-1.4,2.2,1.1,roziete01
432,Terry Rozier,PG,29,MIA,19,602,14.0,.506,.353,.202,2.6,13.5,8.0,26.3,1.4,0.8,8.5,22.6,,0.3,0.7,1.0,.078,,-0.7,0.1,-0.6,0.2,roziete01
433,Rayan Rupert,SG,19,POR,23,211,8.0,.475,.453,.156,6.6,13.1,9.6,14.2,1.2,0.0,13.9,16.0,,-0.1,0.1,0.0,.011,,-3.7,-2.0,-5.7,-0.2,ruperra01
434,D'Angelo Russell,PG,27,LAL,62,1981,16.4,.593,.476,.177,1.5,8.5,5.1,28.0,1.3,1.4,11.7,23.1,,2.7,1.3,4.0,.098,,1.9,-1.0,0.9,1.5,russeda01
435,Matt Ryan,SF,26,NOP,20,354,10.1,.667,.817,.135,1.9,10.2,6.1,6.0,0.8,0.3,14.0,15.6,,0.3,0.3,0.6,.082,,-0.5,-1.1,-1.6,0.0,ryanma01
436,Domantas Sabonis,C,27,SAC,65,2330,23.9,.654,.081,.360,10.7,32.6,21.4,34.3,1.3,1.4,17.6,22.1,,7.5,2.8,10.3,.213,,4.5,2.4,6.9,5.2,sabondo01
437,Luka Šamanić,PF,24,UTA,33,237,8.6,.482,.421,.284,5.6,23.9,14.8,5.2,0.4,2.2,12.3,21.4,,-0.2,0.1,-0.1,-0.021,,-5.0,-2.7,-7.7,-0.3,samanlu01
438,Jermaine Samuels,SF,25,HOU,11,53,15.2,.758,.182,.182,4.0,18.2,11.1,5.4,0.9,1.7,0.0,9.5,,0.1,0.1,0.2,.192,,-0.2,1.2,1.0,0.0,samueje01
439,Adama Sanogo,PF,21,CHI,3,11,32.6,.926,.000,1.000,19.8,41.7,30.5,0.0,0.0,0.0,18.8,21.2,,0.1,0.0,0.1,.278,,9.1,1.6,10.7,0.0,sanogad01
440,Gui Santos,PF,21,GSW,17,147,15.3,.647,.462,.385,11.0,21.1,16.1,9.8,1.0,1.2,13.3,15.0,,0.3,0.2,0.5,.158,,-0.1,-0.1,-0.3,0.1,santogu01
441,Dario Šarić,C,29,GSW,61,1074,15.2,.599,.509,.234,7.1,20.5,13.8,18.1,1.3,0.8,15.0,19.2,,1.5,1.2,2.7,.121,,0.6,0.4,1.0,0.8,saricda01
442,Olivier Sarr,C,24,OKC,14,95,15.2,.664,.316,.789,12.2,28.2,20.5,2.6,0.0,6.8,10.5,13.1,,0.2,0.2,0.4,.189,,-2.6,0.0,-2.6,0.0,sarrol01
443,Marcus Sasser,PG,23,DET,57,941,12.7,.563,.473,.121,0.8,10.5,5.6,25.9,1.7,0.7,14.0,19.5,,0.6,0.5,1.1,.055,,-1.0,-0.7,-1.7,0.1,sassema01
444,Admiral Schofield,PF,26,ORL,17,58,2.3,.419,.647,.118,4.0,16.2,10.1,11.7,0.0,0.0,18.3,16.4,,-0.1,0.1,-0.1,-0.055,,-6.1,-1.7,-7.8,-0.1,schofad01
445,Dennis Schröder,PG,30,TOT,66,2011,13.6,.563,.399,.244,1.4,8.6,4.9,27.6,1.3,0.5,13.0,19.9,,2.2,0.9,3.1,.074,,-0.4,-1.3,-1.8,0.1,schrode01
445,Dennis Schröder,PG,30,TOR,51,1559,13.9,.559,.394,.267,1.5,8.5,4.9,27.6,1.4,0.4,11.7,19.4,,2.0,0.7,2.6,.082,,-0.6,-1.2,-1.8,0.1,schrode01
445,Dennis Schröder,PG,30,BRK,15,452,12.7,.577,.417,.171,1.2,9.1,5.0,27.8,0.9,0.6,16.8,21.6,,0.2,0.2,0.4,.048,,0.1,-1.9,-1.7,0.0,schrode01
446,Dereon Seabron,SG,23,NOP,6,55,9.2,.448,.154,.462,2.0,11.9,7.0,11.1,1.8,1.8,0.0,12.3,,0.0,0.1,0.1,.089,,-2.6,1.3,-1.3,0.0,seabrde01
447,Alperen Sengun,C,21,HOU,63,2046,22.0,.585,.113,.358,9.5,21.3,15.4,25.5,1.8,2.1,12.5,27.0,,3.7,3.3,7.0,.165,,3.0,1.8,4.7,3.5,sengual01
448,Brice Sensabaugh,SF,20,UTA,16,222,8.2,.566,.486,.181,2.5,13.8,8.2,9.8,0.9,0.0,17.9,17.7,,-0.1,0.0,0.0,-0.007,,-4.0,-2.6,-6.6,-0.3,sensabr01
449,Collin Sexton,SG,25,UTA,66,1688,20.3,.612,.326,.376,3.8,7.4,5.6,28.8,1.5,0.7,11.6,27.4,,4.6,0.4,5.0,.143,,3.8,-1.7,2.2,1.8,sextoco01
450,Landry Shamet,SG,26,WAS,46,726,10.4,.556,.573,.168,2.3,7.0,4.6,10.1,1.6,1.1,9.3,18.8,,0.1,0.2,0.3,.018,,-2.8,-1.4,-4.1,-0.4,shamela01
451,Day'Ron Sharpe,C,22,BRK,49,759,20.7,.610,.051,.464,17.6,28.6,22.9,14.1,1.4,4.3,15.2,19.1,,1.6,1.1,2.7,.171,,0.2,0.6,0.8,0.5,sharpda01
452,Shaedon Sharpe,SG,20,POR,32,1059,11.4,.524,.415,.274,4.2,13.4,8.5,13.8,1.3,1.0,12.9,22.5,,-0.2,0.7,0.5,.022,,-2.0,-0.9,-2.9,-0.2,sharpsh01
453,Ben Sheppard,SG,22,IND,42,518,8.8,.548,.690,.131,2.0,11.9,6.9,6.8,1.9,0.3,4.4,13.0,,0.4,0.3,0.6,.060,,-3.1,-0.1,-3.1,-0.1,sheppbe01
454,Pascal Siakam,PF,29,TOT,65,2208,19.1,.602,.215,.314,5.1,16.9,10.9,20.2,1.1,0.8,9.3,24.5,,4.3,1.3,5.6,.121,,2.4,-0.5,1.9,2.2,siakapa01
454,Pascal Siakam,PF,29,TOR,39,1354,18.7,.600,.233,.358,4.3,15.8,9.9,21.7,1.1,0.6,10.3,25.3,,2.4,0.8,3.1,.112,,2.1,-0.8,1.3,1.2,siakapa01
454,Pascal Siakam,PF,29,IND,26,854,19.6,.606,.188,.244,6.5,18.6,12.5,17.8,1.2,1.0,7.6,23.2,,1.9,0.5,2.4,.137,,2.9,-0.2,2.7,1.0,siakapa01
455,Ben Simmons,PG,27,BRK,15,359,16.2,.571,.000,.203,9.1,27.9,18.2,32.6,1.6,2.3,25.1,12.9,,0.5,0.5,1.0,.132,,-0.4,3.0,2.6,0.4,simmobe01
456,Anfernee Simons,SG,24,POR,42,1457,15.9,.567,.478,.217,1.6,11.0,6.1,27.2,0.7,0.2,12.1,28.4,,1.5,0.6,2.0,.068,,2.7,-2.5,0.1,0.8,simonan01
457,Jericho Sims,C,25,NYK,38,517,11.9,.744,.000,.392,10.9,17.2,14.1,5.5,0.7,3.1,17.9,6.0,,0.9,0.6,1.5,.141,,-1.9,0.8,-1.1,0.1,simsje01
458,Dmytro Skapintsev,C,25,NYK,2,2,-19.3,.000,.000,.000,0.0,0.0,0.0,0.0,0.0,0.0,0.0,21.5,,0.0,0.0,0.0,-0.476,,-16.2,-9.8,-26.1,0.0,skapidm01
459,Jalen Slawson,SF,24,SAC,6,20,5.1,.667,.333,.000,0.0,28.9,14.1,12.3,0.0,4.5,40.0,10.7,,0.0,0.0,0.0,-0.004,,-7.8,1.5,-6.3,0.0,slawsja01
460,Javonte Smart,PG,24,PHI,1,1,0.0,,,,0.0,0.0,0.0,0.0,0.0,0.0,,0.0,,0.0,0.0,0.0,.000,,-6.1,-2.2,-8.3,0.0,smartja01
461,Marcus Smart,PG,29,MEM,20,605,11.8,.552,.565,.236,1.1,8.8,4.8,22.8,3.3,0.8,19.2,23.1,,-0.5,0.8,0.3,.021,,-3.4,1.0,-2.3,0.0,smartma01
462,Dennis Smith Jr.,PG,26,BRK,50,984,13.4,.503,.321,.176,5.3,12.6,8.8,26.6,3.0,1.1,14.9,17.7,,0.5,1.2,1.6,.080,,-2.3,1.7,-0.6,0.3,smithde03
463,Dru Smith,SG,26,MIA,9,131,12.8,.576,.515,.061,5.1,7.0,6.0,15.0,3.4,2.2,12.9,13.2,,0.1,0.2,0.3,.120,,-1.9,3.1,1.2,0.1,smithdr01
464,Ish Smith,PG,35,CHO,43,741,6.7,.435,.051,.025,1.6,10.1,5.7,26.2,1.1,0.5,22.7,12.2,,-0.6,0.2,-0.3,-0.021,,-5.7,-1.2,-6.9,-0.9,smithis01
465,Jabari Smith Jr.,PF,20,HOU,61,1954,13.4,.565,.444,.220,6.5,22.0,14.2,6.6,1.1,2.1,9.3,17.3,,1.6,2.9,4.4,.109,,-1.0,0.4,-0.6,0.7,smithja05
466,Jalen Smith,C,23,IND,47,834,20.6,.707,.367,.273,10.5,25.4,17.9,8.4,0.6,2.8,9.9,19.2,,2.4,0.7,3.1,.178,,3.2,-0.7,2.5,0.9,smithja04
467,Nick Smith Jr.,SG,19,CHO,41,622,7.8,.513,.509,.056,2.9,7.8,5.3,11.9,0.6,1.0,12.1,19.2,,-0.4,0.1,-0.3,-0.026,,-3.3,-2.5,-5.8,-0.6,smithni01
468,Terquavion Smith,PG,21,PHI,12,69,18.2,.557,.775,.075,0.0,3.3,1.6,22.9,5.0,0.0,8.8,28.2,,0.0,0.1,0.1,.099,,3.4,0.8,4.2,0.1,smithte01
469,Jeremy Sochan,PF,20,SAS,67,1981,11.4,.521,.279,.186,6.6,16.3,11.4,16.2,1.2,1.4,14.4,18.6,,-0.2,1.3,1.1,.026,,-2.7,-1.0,-3.7,-0.8,sochaje01
470,Pat Spencer,PG,27,GSW,2,3,9.6,,,,0.0,0.0,0.0,37.2,0.0,0.0,,0.0,,0.0,0.0,0.0,.143,,-0.3,-1.4,-1.7,0.0,spencpa01
471,Jaden Springer,SG-PG,21,TOT,40,399,10.1,.468,.310,.270,7.6,9.6,8.6,12.1,3.2,2.5,16.1,18.1,,-0.3,0.5,0.2,.026,,-4.8,0.8,-4.1,-0.2,sprinja01
471,Jaden Springer,SG,21,PHI,32,377,10.6,.481,.314,.288,7.2,9.9,8.5,12.5,3.3,2.7,16.4,18.1,,-0.3,0.5,0.3,.033,,-4.4,0.9,-3.5,-0.1,sprinja01
471,Jaden Springer,PG,21,BOS,8,22,1.3,.250,.250,.000,15.4,4.6,9.7,5.6,2.2,0.0,11.1,17.7,,-0.1,0.0,0.0,-0.093,,-11.6,-1.9,-13.6,-0.1,sprinja01
472,Lamar Stevens,PF,26,TOT,31,382,14.0,.536,.156,.219,7.5,18.5,12.9,6.5,1.7,3.8,11.6,22.4,,-0.1,0.6,0.5,.057,,-2.8,-0.1,-2.9,-0.1,stevela01
472,Lamar Stevens,PF,26,BOS,19,122,14.4,.532,.178,.244,11.1,15.9,13.6,8.9,2.4,3.6,15.3,20.9,,0.0,0.2,0.2,.094,,-3.0,0.9,-2.0,0.0,stevela01
472,Lamar Stevens,PF,26,MEM,12,260,13.8,.538,.148,.209,5.8,19.7,12.5,5.3,1.3,3.9,10.0,23.2,,-0.1,0.4,0.2,.040,,-2.7,-0.6,-3.3,-0.1,stevela01
473,Isaiah Stewart,PF,22,DET,44,1370,11.1,.596,.454,.230,5.8,18.4,12.0,7.1,0.6,2.3,13.9,14.6,,0.8,0.8,1.5,.053,,-1.7,-0.7,-2.3,-0.1,stewais01
474,Julian Strawther,SF,21,DEN,41,497,8.9,.488,.625,.125,0.9,10.5,5.8,11.0,1.7,1.2,7.5,20.0,,-0.2,0.5,0.3,.027,,-4.1,-1.1,-5.2,-0.4,strawju01
475,Max Strus,SF,27,CLE,60,1932,11.2,.544,.663,.124,3.1,13.1,8.2,16.2,1.4,1.3,11.9,17.3,,0.9,2.6,3.4,.085,,-1.4,0.7,-0.6,0.7,strusma01
476,Jalen Suggs,SG,22,ORL,60,1603,13.3,.594,.551,.190,3.0,11.2,7.1,14.3,2.6,2.0,15.5,20.0,,0.6,2.5,3.1,.094,,-1.1,1.4,0.2,0.9,suggsja01
477,Cole Swider,SF,24,MIA,11,55,5.3,.483,.760,.080,2.0,6.2,4.1,11.0,0.9,1.8,18.8,25.7,,-0.2,0.0,-0.1,-0.107,,-4.2,-2.7,-6.9,-0.1,swideco01
478,Jae'Sean Tate,SF,28,HOU,56,938,9.2,.533,.338,.162,6.2,14.4,10.3,8.2,2.0,1.3,12.1,11.3,,0.4,1.3,1.7,.088,,-3.8,1.7,-2.2,0.0,tateja01
479,Jayson Tatum,PF,25,BOS,63,2257,22.2,.605,.430,.340,2.8,21.1,12.4,21.0,1.3,1.4,10.2,30.1,,5.3,3.6,8.9,.190,,4.4,0.7,5.1,4.0,tatumja01
480,Terry Taylor,PF,24,CHI,26,172,9.0,.536,.250,.083,9.5,12.7,11.0,7.0,1.2,1.2,15.8,11.3,,0.1,0.1,0.2,.051,,-3.8,-0.2,-4.0,-0.1,taylote01
481,Garrett Temple,SG,37,TOR,16,69,8.4,.486,.429,.286,7.8,9.7,8.7,11.3,2.1,0.0,17.5,17.7,,-0.1,0.0,0.0,-0.007,,-4.6,-1.8,-6.4,-0.1,templga01
482,Dalen Terry,SG,21,CHI,44,431,8.8,.490,.527,.323,4.0,14.1,8.9,15.7,1.9,1.9,15.8,12.9,,0.0,0.4,0.4,.046,,-4.2,1.1,-3.1,-0.1,terryda01
483,Daniel Theis,C,31,TOT,51,862,14.0,.589,.227,.178,10.0,15.9,13.1,8.2,1.1,4.5,11.3,15.3,,1.1,1.0,2.1,.117,,-1.8,0.2,-1.7,0.1,theisda01
483,Daniel Theis,C,31,IND,1,8,-6.8,.250,.250,.000,0.0,0.0,0.0,0.0,0.0,0.0,0.0,20.9,,0.0,0.0,0.0,-0.264,,-13.2,-7.4,-20.6,0.0,theisda01
483,Daniel Theis,C,31,LAC,50,854,14.2,.595,.226,.181,10.1,16.0,13.2,8.3,1.1,4.5,11.5,15.2,,1.2,1.0,2.2,.121,,-1.7,0.2,-1.5,0.1,theisda01
484,Cam Thomas,SG,22,BRK,51,1531,15.4,.546,.324,.261,1.5,9.9,5.5,15.2,1.2,0.7,8.3,30.5,,0.5,0.9,1.4,.044,,0.1,-1.9,-1.8,0.1,thomaca02
485,Amen Thompson,SF,21,HOU,47,935,16.8,.561,.171,.326,9.8,20.9,15.3,16.7,3.0,3.1,16.2,18.5,,0.7,1.9,2.5,.129,,-1.2,2.8,1.6,0.8,thompam01
486,Ausar Thompson,SF,21,DET,63,1583,12.7,.522,.235,.248,8.9,19.6,14.2,10.5,2.1,3.1,13.6,16.4,,0.1,1.6,1.7,.053,,-2.8,0.7,-2.1,0.0,thompau01
487,Klay Thompson,SF,33,GSW,62,1836,12.7,.561,.604,.128,1.7,10.6,6.2,10.5,1.0,1.4,9.0,23.6,,0.9,1.3,2.2,.058,,0.2,-1.5,-1.3,0.3,thompkl01
488,Tristan Thompson,C,32,CLE,36,446,14.3,.600,.011,.447,15.0,19.8,17.4,12.2,0.9,2.2,17.0,13.3,,0.6,0.7,1.3,.140,,-1.8,0.8,-1.0,0.1,thomptr01
489,JT Thor,PF,21,CHO,51,632,7.2,.456,.444,.086,6.6,14.4,10.4,4.2,0.6,3.1,7.7,11.8,,-0.2,0.3,0.1,.007,,-4.4,-1.2,-5.6,-0.6,thorjt01
490,Matisse Thybulle,SF,26,POR,63,1475,10.5,.542,.726,.092,2.2,8.5,5.2,8.2,3.8,3.0,10.9,10.6,,0.4,1.9,2.3,.074,,-2.8,3.4,0.6,1.0,thybuma01
491,Xavier Tillman Sr.,C-PF,25,TOT,40,793,12.3,.463,.259,.194,8.4,16.4,12.3,11.6,2.7,4.4,10.3,15.3,,-0.3,1.4,1.1,.066,,-3.3,2.1,-1.2,0.2,tillmxa01
491,Xavier Tillman Sr.,C,25,MEM,34,700,11.8,.440,.249,.202,8.6,16.4,12.4,12.2,2.9,4.7,11.1,16.1,,-0.5,1.2,0.7,.046,,-3.8,2.2,-1.6,0.1,tillmxa01
491,Xavier Tillman Sr.,PF,25,BOS,6,93,16.1,.729,.368,.105,7.3,16.4,12.1,6.9,1.1,2.8,0.0,9.3,,0.3,0.1,0.4,.216,,0.7,1.3,2.0,0.1,tillmxa01
492,Jacob Toppin,SF,23,NYK,9,38,14.3,.658,.444,.222,8.7,11.7,10.2,11.0,0.0,2.5,9.2,12.3,,0.1,0.0,0.1,.162,,0.5,-1.2,-0.7,0.0,toppija01
493,Obi Toppin,PF,25,IND,67,1462,15.3,.662,.428,.181,5.4,14.9,10.1,8.8,1.1,1.9,10.0,16.5,,2.6,0.8,3.4,.113,,1.1,-0.7,0.4,0.9,toppiob01
494,Juan Toscano-Anderson,SF,30,SAC,11,53,2.5,.292,.333,.000,8.4,21.8,14.9,8.8,0.9,1.7,14.3,11.3,,-0.1,0.0,0.0,-0.030,,-8.7,-0.8,-9.5,-0.1,toscaju01
495,Karl-Anthony Towns,PF,28,MIN,60,1969,19.1,.628,.340,.307,5.6,22.5,14.5,14.8,1.1,1.8,13.8,27.4,,2.8,3.7,6.5,.158,,1.8,1.0,2.8,2.4,townska01
496,Gary Trent Jr.,SG,25,TOR,60,1645,11.2,.551,.564,.100,1.2,8.8,4.9,7.5,1.7,0.5,5.4,18.9,,0.5,0.9,1.3,.039,,-1.6,-1.3,-2.9,-0.4,trentga02
497,Oscar Tshiebwe,PF,24,IND,8,42,24.7,.553,.000,.400,21.6,21.8,21.7,6.5,2.2,1.9,0.0,23.5,,0.1,0.0,0.2,.215,,4.5,-2.2,2.2,0.0,tshieos01
498,P.J. Tucker,PF,38,TOT,20,319,5.5,.495,.781,.094,7.7,12.2,9.9,3.7,1.4,2.0,17.4,5.5,,0.1,0.3,0.4,.061,,-4.0,0.4,-3.6,-0.1,tuckepj01
498,P.J. Tucker,PF,38,PHI,3,66,4.7,.600,1.000,.000,1.6,22.2,11.7,0.0,2.2,2.8,28.6,4.6,,0.0,0.1,0.1,.048,,-5.2,1.1,-4.0,0.0,tuckepj01
498,P.J. Tucker,PF,38,LAC,17,253,5.8,.477,.741,.111,9.3,9.5,9.4,4.6,1.2,1.8,15.0,5.8,,0.2,0.2,0.3,.065,,-3.7,0.2,-3.4,-0.1,tuckepj01
499,Myles Turner,C,27,IND,63,1729,19.1,.625,.342,.360,6.4,22.8,14.6,6.3,0.9,5.3,9.7,23.5,,2.8,1.7,4.6,.126,,0.7,-0.2,0.5,1.1,turnemy01
500,Hunter Tyson,PF,23,DEN,11,32,-1.3,.364,.818,.000,3.6,27.2,15.7,3.8,0.0,0.0,15.4,17.7,,-0.1,0.0,-0.1,-0.101,,-10.7,-3.3,-14.0,-0.1,tysonhu01
501,Stanley Umude,SG,24,DET,21,232,11.9,.646,.621,.394,2.8,17.7,10.1,5.2,1.6,2.2,13.4,16.3,,0.2,0.2,0.4,.089,,-1.4,0.4,-1.0,0.1,umudest01
502,Jonas Valančiūnas,C,31,NOP,66,1628,20.3,.624,.168,.287,11.6,30.3,21.1,12.8,0.8,3.9,11.6,20.5,,3.6,2.8,6.4,.188,,1.1,0.6,1.7,1.5,valanjo01
503,Jarred Vanderbilt,PF,24,LAL,29,581,11.6,.578,.237,.316,8.2,17.8,13.2,7.8,3.0,0.7,17.7,11.8,,0.3,0.8,1.0,.086,,-3.0,1.3,-1.7,0.0,vandeja01
504,Fred VanVleet,PG,29,HOU,59,2174,16.2,.570,.582,.236,1.2,9.8,5.5,30.9,1.6,2.1,10.6,19.2,,4.0,2.6,6.6,.147,,2.4,0.8,3.2,2.9,vanvlfr01
505,Devin Vassell,SG,23,SAS,61,1988,15.8,.580,.433,.202,1.5,11.5,6.4,18.4,1.5,1.0,8.6,23.4,,1.8,1.1,3.0,.072,,1.1,-1.2,0.0,1.0,vassede01
506,Sasha Vezenkov,PF,28,SAC,35,440,13.6,.574,.606,.079,7.6,14.7,11.1,4.6,1.8,1.4,6.1,17.6,,0.4,0.4,0.9,.093,,0.0,-1.1,-1.1,0.1,vezenal01
507,Gabe Vincent,PG,27,LAL,5,127,6.0,.411,.531,.063,1.8,2.5,2.2,14.7,2.3,0.0,5.7,11.9,,-0.1,0.1,0.0,.009,,-5.5,1.4,-4.2,-0.1,vincega01
508,Nikola Vučević,C,33,CHI,62,2140,17.2,.531,.259,.095,8.9,25.9,17.2,15.4,1.0,2.3,8.6,23.6,,1.7,2.4,4.0,.090,,0.4,-0.7,-0.2,0.9,vucevni01
509,Dean Wade,PF,27,CLE,54,1108,10.2,.598,.871,.112,3.8,17.8,10.9,4.9,1.8,2.0,7.6,10.4,,0.9,1.8,2.7,.119,,-1.7,2.0,0.3,0.6,wadede01
510,Franz Wagner,SF,22,ORL,59,1943,17.3,.570,.310,.279,3.5,16.2,9.8,19.5,1.6,1.1,10.5,26.0,,2.2,2.7,4.9,.121,,0.9,0.3,1.2,1.6,wagnefr01
511,Moritz Wagner,C,26,ORL,65,1178,20.1,.668,.207,.391,9.7,19.3,14.4,10.8,1.3,1.4,12.9,22.7,,2.8,1.7,4.5,.183,,1.4,0.2,1.6,1.1,wagnemo01
512,Ish Wainright,SF,29,TOT,8,57,9.6,.462,.833,.083,6.3,22.7,13.9,2.2,2.6,1.6,7.4,20.2,,-0.1,0.1,0.0,.020,,-1.9,-0.1,-2.0,0.0,wainris01
512,Ish Wainright,SF,29,POR,7,46,10.2,.530,.889,.111,0.0,23.5,11.1,0.0,2.1,2.0,5.0,18.4,,0.0,0.1,0.1,.054,,-1.3,0.6,-0.7,0.0,wainris01
512,Ish Wainright,SF,29,PHO,1,11,7.2,.250,.667,.000,32.4,19.4,25.5,11.5,4.4,0.0,14.3,27.4,,0.0,0.0,0.0,-0.121,,-4.5,-3.1,-7.6,0.0,wainris01
513,Jabari Walker,SF,21,POR,57,1260,13.3,.551,.277,.327,9.8,24.0,16.5,5.9,1.4,1.5,10.8,16.6,,1.0,1.3,2.2,.085,,-2.5,-0.9,-3.3,-0.4,walkeja01
514,Jarace Walker,PF,20,IND,25,257,12.7,.527,.517,.101,4.9,16.9,10.9,13.1,2.4,2.8,11.4,17.1,,0.1,0.3,0.3,.064,,-0.3,0.7,0.4,0.2,walkeja02
515,Lonnie Walker IV,SG,25,BRK,45,809,14.7,.579,.552,.131,1.2,12.1,6.4,11.9,1.8,1.5,9.5,25.2,,0.3,0.7,1.0,.058,,0.7,-0.9,-0.2,0.4,walkelo01
516,Cason Wallace,SG,20,OKC,66,1349,11.9,.632,.547,.084,3.5,8.5,6.1,8.5,1.8,2.0,8.9,12.6,,1.7,1.5,3.3,.116,,-0.7,0.6,-0.1,0.6,wallaca01
517,Jordan Walsh,SF,19,BOS,4,33,3.9,.200,.600,.000,6.8,27.8,17.8,6.9,3.0,2.7,28.6,9.2,,-0.1,0.1,0.0,-0.001,,-9.2,3.7,-5.6,0.0,walshjo01
518,T.J. Warren,SF,30,MIN,4,64,5.2,.500,.368,.000,3.8,10.1,7.1,6.6,0.8,0.0,13.6,15.1,,-0.1,0.1,0.0,.018,,-6.7,-0.6,-7.3,-0.1,warretj01
519,P.J. Washington,PF,25,TOT,59,1761,12.1,.538,.498,.187,4.2,15.8,9.8,9.7,1.5,2.3,10.6,19.7,,-0.2,1.3,1.2,.032,,-2.0,-0.9,-2.9,-0.4,washipj01
519,P.J. Washington,PF,25,CHO,44,1286,12.9,.545,.479,.185,4.4,16.1,10.0,11.4,1.5,2.3,10.7,21.0,,0.0,0.9,0.9,.033,,-1.8,-1.1,-2.8,-0.3,washipj01
519,P.J. Washington,PF,25,DAL,15,475,9.7,.513,.561,.196,3.7,15.0,9.4,5.2,1.6,2.4,10.1,16.1,,-0.2,0.4,0.3,.028,,-2.7,-0.4,-3.1,-0.1,washipj01
520,TyTy Washington Jr.,PG,22,MIL,5,21,-3.2,.214,.429,.000,0.0,5.1,2.6,5.6,4.5,0.0,22.2,18.4,,-0.1,0.0,-0.1,-0.243,,-12.4,-0.8,-13.2,-0.1,washity02
521,Yuta Watanabe,SF,29,TOT,34,464,4.7,.474,.733,.147,2.8,10.0,6.5,4.2,1.3,1.3,13.3,13.2,,-0.5,0.4,-0.1,-0.010,,-5.4,-1.1,-6.5,-0.5,watanyu01
521,Yuta Watanabe,SF,29,PHO,29,382,5.4,.502,.773,.155,3.4,9.5,6.6,3.3,1.1,1.6,13.4,13.5,,-0.3,0.3,0.0,.004,,-4.7,-1.4,-6.0,-0.4,watanyu01
521,Yuta Watanabe,SF,29,MEM,5,82,1.5,.327,.526,.105,0.0,12.5,6.0,8.5,1.8,0.0,13.1,12.0,,-0.2,0.1,-0.1,-0.071,,-8.7,0.0,-8.6,-0.1,watanyu01
522,Lindy Waters III,SG,26,OKC,28,186,11.7,.644,.932,.000,1.3,14.4,8.1,10.3,0.5,2.0,9.2,15.2,,0.2,0.2,0.4,.109,,0.3,-0.8,-0.5,0.1,waterli01
523,Trendon Watford,PF,23,BRK,48,543,16.5,.611,.210,.255,7.6,18.0,12.6,15.4,1.4,2.2,13.3,20.4,,0.8,0.5,1.4,.121,,-0.5,0.4,-0.1,0.3,watfotr01
524,Peyton Watson,SF,21,DEN,65,1199,11.8,.549,.368,.238,3.9,13.7,8.9,7.2,1.4,4.5,10.5,16.6,,0.2,1.6,1.9,.076,,-2.7,0.5,-2.1,0.0,watsope01
525,Victor Wembanyama,C,20,SAS,59,1705,22.7,.565,.318,.304,8.0,30.8,19.3,19.4,2.1,9.8,15.9,31.6,,-0.6,3.3,2.7,.076,,1.5,2.8,4.3,2.7,wembavi01
526,Blake Wesley,SG,20,SAS,46,617,11.3,.555,.227,.373,2.3,8.2,5.2,27.3,1.7,1.0,16.3,14.2,,0.6,0.3,0.9,.069,,-3.6,-0.2,-3.7,-0.3,weslebl01
527,Russell Westbrook,PG,35,LAC,58,1313,16.1,.511,.243,.234,7.2,17.9,12.7,28.1,2.4,1.4,15.8,24.9,,0.2,1.7,1.9,.069,,-0.3,0.7,0.4,0.8,westbru01
528,Coby White,PG,23,CHI,66,2425,14.9,.580,.475,.221,1.7,12.9,7.2,21.3,1.0,0.7,11.6,22.7,,2.8,1.5,4.3,.085,,1.0,-1.1,-0.1,1.1,whiteco01
529,Derrick White,SG,29,BOS,62,2003,17.0,.614,.574,.183,2.4,10.9,6.9,20.8,1.6,3.5,11.4,18.6,,4.2,3.0,7.1,.171,,2.3,1.7,4.0,3.0,whitede01
530,Cam Whitmore,SF,19,HOU,38,678,16.9,.568,.462,.240,5.2,18.0,11.6,4.4,1.6,1.5,8.2,27.6,,0.2,1.0,1.2,.083,,1.0,-0.7,0.2,0.4,whitmca01
531,Aaron Wiggins,SG,25,OKC,63,915,14.8,.672,.368,.180,6.1,11.4,8.8,8.0,1.8,1.4,12.2,15.5,,1.5,1.1,2.6,.139,,0.3,0.0,0.3,0.5,wiggiaa01
532,Andrew Wiggins,SF,28,GSW,56,1501,12.0,.541,.308,.237,6.0,10.9,8.5,8.9,1.1,1.6,9.3,20.0,,0.8,1.2,2.0,.063,,-1.7,-1.2,-2.9,-0.3,wiggian01
533,Lindell Wigginton,PG,25,MIL,3,8,5.6,.510,.400,.400,0.0,0.0,0.0,0.0,0.0,0.0,14.5,37.0,,0.0,0.0,0.0,-0.156,,-14.6,-9.2,-23.8,0.0,wiggili01
534,Alondes Williams,SG,24,MIA,2,9,-17.0,.000,.667,.000,0.0,12.7,6.3,0.0,0.0,0.0,25.0,19.7,,-0.1,0.0,-0.1,-0.488,,-20.0,-7.1,-27.1,-0.1,willial06
535,Brandon Williams,PG,24,DAL,12,59,11.8,.447,.273,.500,5.6,7.4,6.5,26.5,0.8,1.5,10.1,21.6,,0.0,0.0,0.0,.022,,-1.1,-2.2,-3.3,0.0,willibr03
536,Grant Williams,PF,25,TOT,63,1735,9.6,.578,.595,.233,4.3,11.9,8.1,9.1,1.0,1.7,14.5,15.2,,0.6,1.0,1.7,.046,,-2.3,-0.6,-3.0,-0.4,willigr01
536,Grant Williams,PF,25,DAL,47,1242,8.3,.560,.662,.174,4.1,10.9,7.5,8.2,0.9,1.9,13.4,13.6,,0.4,0.8,1.1,.044,,-2.6,-0.8,-3.4,-0.4,willigr01
536,Grant Williams,PF,25,CHO,16,493,13.0,.613,.459,.352,5.0,14.5,9.6,11.3,1.3,1.3,16.4,19.5,,0.3,0.3,0.5,.052,,-1.7,-0.3,-2.0,0.0,willigr01
537,Jalen Williams,PF,22,OKC,59,1865,18.8,.624,.245,.228,1.9,11.9,7.1,20.6,1.6,1.7,10.0,23.4,,3.9,2.2,6.1,.156,,1.9,0.1,2.0,1.9,willija06
538,Jaylin Williams,C,21,OKC,54,675,12.1,.545,.640,.160,5.0,23.2,14.5,13.0,1.5,2.7,10.1,13.4,,0.6,1.1,1.7,.124,,-1.1,1.6,0.6,0.4,willija07
539,Jeenathan Williams,SG,24,HOU,13,80,13.2,.515,.100,.300,12.0,5.4,8.7,11.0,1.2,0.0,5.6,19.1,,0.1,0.1,0.2,.100,,-1.9,-1.0,-2.9,0.0,willije02
540,Kenrich Williams,PF,29,OKC,54,759,11.0,.549,.541,.051,6.4,16.0,11.4,10.9,1.7,0.7,9.1,12.6,,0.7,1.0,1.7,.107,,-1.5,0.3,-1.2,0.2,willike04
541,Mark Williams,C,22,CHO,19,508,22.4,.675,.000,.424,16.0,24.6,20.1,6.7,1.5,3.6,8.7,16.9,,1.6,0.5,2.1,.200,,1.5,-0.7,0.7,0.3,willima07
542,Patrick Williams,PF,22,CHI,43,1174,11.0,.553,.412,.184,4.3,11.7,7.9,7.8,1.7,2.9,12.8,16.6,,0.1,1.1,1.2,.048,,-2.3,-0.1,-2.3,-0.1,willipa01
543,Robert Williams,C,26,POR,6,119,17.2,.684,.000,.346,9.9,27.2,18.0,6.3,2.9,5.3,18.9,13.2,,0.2,0.2,0.4,.146,,-2.2,2.9,0.7,0.1,williro04
544,Vince Williams Jr.,SG,23,MEM,52,1436,12.8,.597,.551,.343,4.4,18.3,11.1,18.1,1.6,2.2,17.4,15.9,,1.0,1.8,2.9,.096,,-1.7,1.0,-0.7,0.5,willivi01
545,Ziaire Williams,SF,22,MEM,51,1038,9.3,.511,.500,.198,3.6,15.9,9.6,11.1,1.7,0.8,13.8,19.8,,-0.9,1.2,0.2,.011,,-4.1,-0.4,-4.5,-0.6,willizi02
546,Zion Williamson,PF,23,NOP,55,1697,23.3,.617,.017,.444,6.5,13.9,10.3,27.4,1.5,2.0,12.1,29.1,,4.2,2.1,6.3,.178,,3.9,0.5,4.4,2.8,willizi01
547,Jalen Wilson,PF,23,BRK,28,408,10.8,.538,.430,.252,8.3,12.0,10.1,10.5,0.8,0.2,8.5,13.7,,0.5,0.2,0.7,.084,,-1.7,-1.5,-3.2,-0.1,wilsoja03
548,Dylan Windler,SF,27,TOT,12,40,13.8,.682,.909,.000,0.0,13.6,6.9,23.3,0.0,0.0,0.0,11.9,,0.1,0.0,0.1,.177,,1.8,0.1,2.0,0.0,windldy01
548,Dylan Windler,SF,27,NYK,3,7,15.5,.750,1.000,.000,0.0,15.9,7.9,20.2,0.0,0.0,0.0,12.3,,0.0,0.0,0.0,.240,,3.6,3.9,7.5,0.0,windldy01
548,Dylan Windler,SF,27,LAL,8,28,15.9,.667,.889,.000,0.0,11.4,6.0,28.3,0.0,0.0,0.0,13.9,,0.1,0.0,0.1,.190,,3.7,-0.6,3.1,0.0,windldy01
548,Dylan Windler,SF,27,ATL,1,5,-0.5,,,,0.0,22.4,10.8,0.0,0.0,0.0,,0.0,,0.0,0.0,0.0,.014,,-11.0,-1.0,-12.0,0.0,windldy01
549,James Wiseman,C,22,DET,47,697,16.0,.671,.010,.294,11.6,23.4,17.4,7.4,0.5,3.6,15.1,15.6,,1.1,0.5,1.7,.115,,-1.9,-0.7,-2.5,-0.1,wisemja01
550,Christian Wood,PF,28,LAL,50,872,12.3,.568,.432,.356,5.2,26.3,16.2,7.4,0.9,3.3,14.1,17.7,,0.0,1.1,1.1,.060,,-2.7,-0.2,-2.9,-0.2,woodch01
551,Delon Wright,PG,31,TOT,36,512,14.2,.509,.321,.267,2.9,10.6,6.6,22.5,3.5,1.5,7.0,13.0,,0.6,0.5,1.1,.101,,-1.5,2.3,0.7,0.4,wrighde01
551,Delon Wright,PG,31,WAS,33,456,14.0,.497,.311,.238,3.0,11.1,6.9,22.7,3.6,1.4,7.5,13.4,,0.4,0.4,0.8,.088,,-1.9,2.2,0.4,0.3,wrighde01
551,Delon Wright,PG,31,MIA,3,56,15.8,.644,.444,.667,2.0,6.1,4.0,21.3,2.7,1.7,0.0,9.2,,0.2,0.1,0.2,.208,,1.0,2.6,3.6,0.1,wrighde01
552,Thaddeus Young,PF,35,TOT,26,382,15.8,.609,.064,.149,10.6,14.3,12.4,18.2,2.4,0.7,10.7,12.5,,0.8,0.3,1.1,.142,,-0.4,0.6,0.3,0.2,youngth01
552,Thaddeus Young,PF,35,TOR,23,350,16.0,.618,.069,.138,8.9,14.7,11.7,19.5,2.5,0.7,10.7,12.6,,0.7,0.3,1.0,.143,,-0.3,0.9,0.6,0.2,youngth01
552,Thaddeus Young,PF,35,PHO,3,32,13.8,.508,.000,.286,29.7,10.0,19.3,4.1,1.5,0.0,11.3,12.0,,0.1,0.0,0.1,.122,,-1.1,-2.7,-3.8,0.0,youngth01
553,Trae Young,PG,25,ATL,51,1862,20.2,.581,.464,.403,1.2,7.1,4.1,44.5,1.8,0.5,16.0,30.5,,3.8,0.6,4.4,.114,,4.8,-2.3,2.5,2.1,youngtr01
554,Omer Yurtseven,C,25,UTA,35,317,13.1,.547,.181,.160,15.7,27.9,21.8,6.9,0.8,3.9,19.9,16.5,,0.0,0.3,0.3,.044,,-3.0,-0.9,-3.9,-0.2,yurtsom01
555,Cody Zeller,C,31,NOP,39,301,12.8,.481,.050,.600,17.1,22.1,19.6,14.8,1.3,1.6,16.5,13.0,,0.3,0.4,0.8,.124,,-2.9,0.3,-2.6,0.0,zelleco01
556,Ivica Zubac,C,26,LAC,54,1428,18.6,.670,.000,.332,13.1,25.9,19.7,7.4,0.4,4.0,12.3,16.2,,3.4,1.8,5.2,.175,,0.5,-0.2,0.3,0.9,zubaciv01